MESURE_TME,CNTER_NM,AGE_FLAG_NM,MESURE_PLACE_FLAG_NM,MESURE_AGE_CO,INPT_FLAG_NM,COAW_FLAG_NM,MESURE_DAY,SEXDSTN_FLAG_CD,MESURE_IEM_001_VALUE,MESURE_IEM_002_VALUE,MESURE_IEM_003_VALUE,MESURE_IEM_004_VALUE,MESURE_IEM_005_VALUE,MESURE_IEM_006_VALUE,MESURE_IEM_007_VALUE,MESURE_IEM_008_VALUE,MESURE_IEM_009_VALUE,MESURE_IEM_010_VALUE,MESURE_IEM_012_VALUE,MESURE_IEM_013_VALUE,MESURE_IEM_014_VALUE,MESURE_IEM_015_VALUE,MESURE_IEM_016_VALUE,MESURE_IEM_017_VALUE,MESURE_IEM_018_VALUE,MESURE_IEM_019_VALUE,MESURE_IEM_020_VALUE,MESURE_IEM_021_VALUE,MESURE_IEM_022_VALUE,MESURE_IEM_023_VALUE,MESURE_IEM_024_VALUE,MESURE_IEM_025_VALUE,MESURE_IEM_026_VALUE,MESURE_IEM_027_VALUE,MESURE_IEM_028_VALUE,MESURE_IEM_029_VALUE,MESURE_IEM_030_VALUE,MESURE_IEM_031_VALUE,MESURE_IEM_032_VALUE,MESURE_IEM_033_VALUE,MESURE_IEM_034_VALUE,MESURE_IEM_035_VALUE,MESURE_IEM_036_VALUE,MESURE_IEM_037_VALUE,MESURE_IEM_038_VALUE,MESURE_IEM_039_VALUE,MESURE_IEM_040_VALUE,MESURE_IEM_041_VALUE,MESURE_IEM_042_VALUE,MESURE_IEM_043_VALUE,MESURE_IEM_044_VALUE,MESURE_IEM_050_VALUE,MESURE_IEM_051_VALUE,MESURE_IEM_052_VALUE
"4","KSPO아산","어르신","일반","67","관리자","3등급","20250201","M","170.5","84.1","29.5","100","71","146","42.2","46.9",,,"3.2",,,,,,"28.9",,,,,"25",,"139","5.1","21.3","55.8",,,,,,,,,,,,,,,,,,,"46.9"
"1","천안","성인","일반","21","관리자","3등급","20250201","F","159","53","30.8",,"92","141","34.9","36.4",,,"28.4",,,,,,"21.0","46","19",,"176",,,,,,"68.7",,"33.6",,,,,,,,,,"0.319",,,,,,,
"6","KSPO아산","성인","일반","61","관리자","참가","20250201","F","165.2","67.2","35.8","88.7","76","128","28.5","31.8",,,"16.9",,,,,,"24.6","20",,,,,,,,,"47.3",,,"87","128","161",,"27.0",,,,,"0.432","0.376",,,,,,
"1","천안","성인","일반","19","관리자","참가","20250201","M","171.4","65","20.6",,"73","132","38.2","37",,,"11.5",,,,,,"22.1","37","31",,"206",,,,,,"58.8",,"41.2",,,,,,,,,,"0.270",,,,,,,
"1","KSPO광주","성인","일반","19","관리자","참가","20250201","M","171.8","72.1","16.4","73.2","80","146","37.5","42.9",,,"25.4",,,,,,"24.4","33","10",,"213",,,,,,"59.5",,"35.2",,,,,,,,,,"0.368",,,,,,,
"4","KSPO광주","성인","일반","20","관리자","참가","20250201","M","170.7","71.3","30.6","81.8","95","157","36.3","42.2",,,"6.7",,,,,,"24.5","40","10",,"214",,,,,,"59.2",,"35.3",,,,,,,,,,"0.324",,,,,,,
"1","KSPO대구","성인","일반","19","관리자","참가","20250201","M","184.4","78.6","10.6","78.7","88","155","48.2","59.5",,,"19.2",,,,,,"23.1","37",,"10.4","254",,,,,,"75.7",,,,,,,,"128","43.9",,,,,,,,,,
"1","남구(부산)","성인","일반","19","관리자","참가","20250201","M","175.9","72.4","14.8",,"65","103","42.2","47.3",,,"-0.7",,,,,,"23.4","30",,"11.98","215",,,,,,"65.3",,,,,,,,"103","48.3",,,,,,,,,,
"1","남구(부산)","성인","일반","19","관리자","2등급","20250201","M","177.7","70.7","9.8",,"68","114","43.6","50.9",,,"20.8",,,,,,"22.4","50",,"9.52","235",,,,,,"72.0",,,,,,,,"89","50.8",,,,,,,,,,
"1","남구(부산)","성인","일반","25","관리자","1등급","20250201","F","159.8","52","23",,"70","117","31.6","33.6",,,"24.6",,,,,,"20.4","45",,,"154",,,,,,"64.6",,,,,,,,"118","38.0",,,"0.267",,,,,,,
"3","KSPO송파","성인","일반","28","관리자","1등급","20250201","M","169.9","69.3","21.2","83.8","89","138","40.3","48",,,"16.5",,,,,,"24.0","53","55","10.45",,,,,,,"69.3",,"45.5",,,,,,,,,,,"0.602",,,,,,
"4","연제","성인","일반","20","관리자","3등급","20250201","M","173.4","70.3","12.0",,"74","136","48.8","44.2",,,"15.2",,,,,,"23.4","44",,,,,,,,,"69.4",,,"95","123","139","175","45.2",,,,,"0.319","0.618",,,,,,
"6","동해","성인","일반","25","관리자","2등급","20250201","F","160.4","49.6","27.3",,"68","116","21.9","24.1",,,"21.9",,,,,,"19.3","30",,,"172",,,,,,"48.6",,,"89","110","139",,"39.8",,,,,"0.338",,,,,,,
"1","남원","청소년","일반","18","관리자","3등급","20250201","M","182.8","68","11.4","74.5","83","147","45.8","49.5","34",,"28.6","15.66","0.762","38.657","19","39.531","20.3",,,,,,,,,,"72.8",,,"95","115","129",,"50.7",,,,,,,,,,,,
"1","화성","성인","일반","60","관리자","3등급","20250201","M","176.8","74","15.9",,"75","150","38.7","41.4",,,"12.5",,,,,,"23.7","46","16","12.7","189",,,,,,"55.9",,"33.0",,,,,,,,,,,,,,,,,
"1","연제","성인","일반","25","관리자","참가","20250201","M","175.8","72.4","18.4",,"71","121","36","40.6",,,"4.5",,,,,,"23.4","49",,,"226",,,,,,"56.1",,,,,,,,"109","45.9",,,"0.313",,,,,,,
"3","KSPO아산","성인","일반","60","관리자","3등급","20250201","M","163.7","65.2","26.7","86","94","156","36.2","33.8",,,"18.3",,,,,,"24.3","21",,,"170",,,,,,"55.5",,,,,,,,"120","36.3",,,"0.309",,,,,,,
"1","KSPO대구","성인","일반","19","관리자","참가","20250201","M","174.9","67.2","15.3","80","99","147","43.9","46.5",,,"-12",,,,,,"22.0","41","30","11","228",,,,,,"69.2",,"40.6",,,,,,,,,,,,,,,,,
"1","KSPO광주","청소년","일반","18","관리자","2등급","20250201","M","175","67","15.4","73.5","78","129","40.6","44.4",,"50","20.3","18.58","0.607","49.128","8","49.496","21.9",,,,,,,,,,"66.3",,,"97","121","145",,"46.7",,,,,,,,,,,,
"1","천안","성인","일반","27","관리자","참가","20250201","M","180.1","75.9","29.1",,"72","129","31.4","36.9",,,"9.3",,,,,,"23.4","41",,"10.77","199",,,,,,"48.6",,,,,,,,"134","41.3",,,,,,,,,,
"6","남원","성인","일반","20","관리자","3등급","20250201","M","178.2","59.1","9.9","71","65","121","38.4","43.5",,,"17.2",,,,,,"18.6","46",,,,,,,,,"73.6",,,,,,,,"119","48.8",,,"0.297","0.626",,,,,,
"1","천안","성인","일반","25","관리자","2등급","20250201","F","162.5","56.2","22.4",,"86","133","25.4","25.6",,,"17.9",,,,,,"21.3","42",,"12.64","177",,,,,,"45.6",,,,,,,,"95","40.1",,,,,,,,,,
"6","남구(부산)","성인","일반","55","관리자","2등급","20250201","F","158.8","48.4","17",,"94","165","22.7","24.4",,,"16.8",,,,,,"19.2","32",,,,,,,,,"50.4",,,,,,,,"93","36.3",,,"0.284","0.428",,,,,,
"3","KSPO송파","성인","일반","62","관리자","3등급","20250201","M","165.2","59.2","17.4","76.4","69","117","36.7","36.8",,,"6.2",,,,,,"21.7","34",,,"185",,,,,,"62.2",,,,,,,,"109","38.9",,,"0.292",,,,,,,
"1","화성","성인","일반","57","관리자","참가","20250201","F","152.2","55.5","30.5",,"82","148","22.8","22",,,"6.3",,,,,,"24.0","14","12","13.8","155",,,,,,"41.1",,"29.5",,,,,,,,,,,,,,,,,
"1","남구(부산)","성인","일반","19","관리자","참가","20250201","M","180.4","85.2","24.9",,"82","147","49.4","55.4",,,"2.6",,,,,,"26.2","36",,,"245",,,,,,"65.0",,,"91","116","146","175","40.5",,,,,"0.276",,,,,,,
"1","KSPO송파","성인","일반","20","관리자","참가","20250201","M","174.3","82.1","27.4","96","99","153","40.5","45.7",,,"17.9",,,,,,"27.0","58","33","9.98",,,,,,,"55.7",,"39.0",,,,,,,,,,,"0.634",,,,,,
"1","KSPO대구","성인","일반","20","관리자","참가","20250201","M","175.2","68.6","17.7","81","74","146","42.3","51.7",,,"13.8",,,,,,"22.3","52","24","10.1","222",,,,,,"75.4",,"38.9",,,,,,,,,,,,,,,,,
"3","KSPO광주","성인","일반","20","관리자","3등급","20250201","F","167.2","52.3","25.1","66.4","59","95","19.9","24",,,"11.7",,,,,,"18.7","35",,,"151",,,,,,"45.9",,,"74","121","140",,"42.0",,,,,"0.376",,,,,,,
"1","동해","성인","일반","58","관리자","참가","20250201","M","162.3","66.5","26.2",,"68","139","35.5","35.1",,,"17",,,,,,"25.2","21",,"14.12",,,,,,,"53.4",,,"53","72","103","154","37.3",,,,,,"0.416",,,,,,
"1","화성","성인","일반","32","관리자","참가","20250201","F","150.7","50.2","31.5",,"82","101","17.1","19.2",,,"18.3",,,,,,"22.1","28",,,"155",,,,,,"38.2",,,"100","126","156",,"35.5",,,,,"0.432",,,,,,,
"1","동해","성인","일반","52","관리자","참가","20250201","F","152.6","68","40.9",,"72","123","24.9","25.3",,,"15.1",,,,,,"29.2","11",,,,,,,,,"37.2",,,"86","119","149",,"28.7",,,,,"0.367","0.408",,,,,,
"2","천안","성인","일반","27","관리자","3등급","20250201","F","161.3","49.6","26.2",,"63","94","23.5","27.8",,,"12.6",,,,,,"19.1","39","19","12.17","161",,,,,,"56.0",,"34.0",,,,,,,,,,,,,,,,,
"4","천안","청소년","일반","18","관리자","참가","20250201","M","170.7","81.8","26.2",,"79","137","51.1","52.7","28",,"18.3","18.39","0.539","44.986","15","45.676","28.1",,"50",,,,,,,,"64.4",,"41.6",,,,,,,,,,,,,,,,,
"3","KSPO아산","성인","일반","64","관리자","참가","20250201","M","162.3","74.2","31.7","95","83","153","42.5","45",,,"9.4",,,,,,"28.2","23",,,"185",,,,,,"60.6",,,,,,,,"133","31.3",,,"0.424",,,,,,,
"3","KSPO아산","성인","일반","64","관리자","참가","20250201","M","171.3","75","26.4","100","90","140","35.4","44.4",,,"-5.4",,,,,,"25.6","25","20",,"181",,,,,,"59.2",,"33.6",,,,,,,,,,"0.445",,,,,,,
"1","KSPO대구","성인","일반","20","관리자","참가","20250201","M","175.4","82.6","27.9","97.4","71","124","47.4","37",,,"6.2",,,,,,"26.8","28","32","10.2","214",,,,,,"57.4",,"38.7",,,,,,,,,,,,,,,,,
"1","KSPO대구","성인","일반","19","관리자","참가","20250201","M","175.4","64.1","13.7","75","79","120","36.7","38.2",,,"12.5",,,,,,"20.8","54","35","9.7","252",,,,,,"59.6",,"42.2",,,,,,,,,,,,,,,,,
"6","화성","어르신","일반","81","관리자","2등급","20250201","M","166.5","57.3","24.1",,"87","131","32.6","32.2",,,"9.4",,,,,,"20.7",,,,,"16",,"103","6.4","25.3","56.9",,,,,,,,,,,,,,,,,,,"32.6"
"5","KSPO대구","성인","일반","30","관리자","2등급","20250201","M","175.4","80.8","23.4","85.5","79","135","21.2","58.9",,,"15.3",,,,,,"26.3","56",,"10.9","202",,,,,,"72.9",,,,,,,,"95","44.8",,,,,,,,,,
"1","KSPO대구","성인","일반","24","관리자","3등급","20250201","F","161.8","45.4","23","60.5","72","104","21.2","19.8",,,"20.5",,,,,,"17.3","23",,"14.7","106",,,,,,"46.7",,,,,,,,"132","38.3",,,,,,,,,,
"1","연제","어르신","일반","65","관리자","3등급","20250201","M","162.4","70.9","27.4",,"98","147","30.7","34.1",,,"20.1",,,,,,"26.9",,,,,"33",,"139","3.6","13.8","48.1",,,,,,,,,,,,,,,,,,,"34.1"
"1","KSPO대구","성인","일반","24","관리자","3등급","20250201","F","172.8","56.7","22.8","66.7","85","133","27.4","30.6",,,"15.9",,,,,,"19.0","23",,,"159",,,,,,"54.0",,,,,,,,"143","35.3",,,"0.3",,,,,,,
"1","화성","성인","일반","26","관리자","3등급","20250201","M","175.4","75.5","23.9",,"92","124","39.8","40.3",,,"15.2",,,,,,"24.5","47","36","10.6","227",,,,,,"53.4",,"40.2",,,,,,,,,,,,,,,,,
"6","구미","성인","일반","31","관리자","1등급","20250201","M","181.4","85.5","23.9","93.5","91","140","55","53.7",,,"14.6",,,,,,"26.0","67","70",,"227",,,,,,"64.3",,"46.2",,,,,,,,,,"0.321",,,,,,,
"1","남구(부산)","어르신","일반","67","관리자","2등급","20250201","F","156.7","58","37.7",,"69","144","28.2","30.4",,,"20.2",,,,,,"23.6",,,,,"19",,"124","5.44","21.32","52.4",,,,,,,,,,,,,,,,,,,"30.4"
"3","남구(부산)","성인","일반","19","관리자","2등급","20250201","M","181.6","81.6","18.5",,"56","123","42.4","47.2",,,"14.1",,,,,,"24.7","53",,"9.76","250",,,,,,"57.8",,,,,,,,"92","48.3",,,,,,,,,,
"4","KSPO송파","성인","일반","60","관리자","참가","20250201","M","156.8","61.8","28.2","81.1","91","156","36.5","38.7",,,"8.1",,,,,,"25.1","16",,,,,,,,,"62.6",,,"80","111","136","167","35.3",,,,,"0.332","0.489",,,,,,
"2","KSPO송파","성인","일반","61","관리자","참가","20250201","M","181.3","100.3","31.6",,"78","118","44.5","46.4",,,"3.3",,,,,,"30.5","21",,"13.53","159",,,,,,"46.3",,,,,,,,"105","31.8",,,,,,,,,,
"2","남구(부산)","어르신","일반","70","관리자","2등급","20250201","M","165.3","77.6","32.2",,"80","145","37.1","38.7",,,"4.7",,,,,,"28.4",,,,,"22",,"118","5.41","22.11","49.9",,,,,,,,,,,,,,,,,,,"38.7"
"9","화성","어르신","일반","67","관리자","3등급","20250201","F","153.2","72.4","44.5",,"79","143","21.2","26.4",,,"12.8",,,,,,"30.8",,,,,"19",,"107","5.7","20.8","36.5",,,,,,,,,,,,,,,,,,,"26.4"
"7","화성","어르신","일반","81","관리자","3등급","20250201","M","166.2","42.9","13.6",,"82","132","20.5","22.2",,,"-1.9",,,,,,"15.5",,,,,"17",,"80","7.2","32.4","51.7",,,,,,,,,,,,,,,,,,,"22.2"
"1","KSPO아산","어르신","일반","70","관리자","2등급","20250201","M","162.6","73.3","35.4","94","85","140","33.8","38.2",,,"11.3",,,,,,"27.7",,,,,"32",,"143","4.8","20.4","52.1",,,,,,,,,,,,,,,,,,,"38.2"
"3","KSPO아산","성인","일반","19","관리자","1등급","20250201","M","177.5","58.3","11.9","66.6","75","139","42.3","31.2",,,"18.6",,,,,,"18.5","55","62",,"230",,,,,,"72.6",,"49.3",,,,,,,,,,"0.3",,,,,,,
"1","화성","성인","일반","30","관리자","3등급","20250201","F","160.2","50.3","28.7",,"61","91","22.2","21.7",,,"16.3",,,,,,"19.6","39",,,,,,,,,"44.1",,,"64","89","111",,"42.8",,,,,"0.341","0.44",,,,,,
"4","KSPO대구","성인","일반","43","관리자","참가","20250201","M","162.9","74.5","27.8","95","77","120","36.4","44.2",,,"14.4",,,,,,"28.1","34",,"12.4","178",,,,,,"59.3",,,"94","116","126","150","41.1",,,,,,,,,,,,
"1","천안","성인","일반","28","관리자","참가","20250201","F","170.2","66","29.9",,"71","124","25","28.3",,,"8.6",,,,,,"22.8","21",,"13.79","150",,,,,,"42.9",,,,,,,,"103","36.9",,,,,,,,,,
"3","연제","성인","일반","38","관리자","참가","20250201","M","172","57.3","10.5",,"77","115","31.8","36.9",,,"4.3",,,,,,"19.4","29",,"13.5",,,,,,,"64.4",,,"77","101","118","144","48.8",,,,,,"0.462",,,,,,
"2","KSPO송파","성인","일반","31","관리자","참가","20250201","M","170.4","66.8","25.7","83.5","86","156","37.6","39.5",,,"13.5",,,,,,"23.0","32",,,"195",,,,,,"59.1",,,,,,,,"115","44.4",,,"0.318",,,,,,,
"2","KSPO아산","성인","일반","37","관리자","1등급","20250201","F","164","57.4","18.7","72","68","114","28.7","37.7",,,"29.8",,,,,,"21.3","31","33",,"184",,,,,,"65.7",,"36.6",,,,,,,,,,"0.405",,,,,,,
"5","KSPO아산","성인","일반","22","관리자","2등급","20250201","M","176.6","79.9","15.1","82","88","142","50.3","52.6",,,"11.6",,,,,,"25.6","58","62","11.3","233",,,,,,"65.8",,"45.9",,,,,,,,,,,,,,,,,
"1","KSPO광주","성인","일반","50","관리자","1등급","20250201","M","172.8","51.1","15","69.1","69","125","33.5","34",,,"14.5",,,,,,"17.1","40",,,"198",,,,,,"66.5",,,"81","113","146","161","42.4",,,,,"0.378",,,,,,,
"4","연제","성인","일반","41","관리자","1등급","20250201","F","162.2","58.0","22.6",,"90","135","29","32.6",,,"21.2",,,,,,"22.0","37","24",,,,,,,,"56.2",,"33.6",,,,,,,,,,"0.371","0.463",,,,,,
"9","남구(부산)","성인","일반","49","관리자","참가","20250201","F","154.2","56.8","28.7",,"82","143","23.6","27",,,"-0.2",,,,,,"23.9","16",,,,,,,,,"47.5",,,,,,,,"137","29.5",,,"0.490","0.353",,,,,,
"19","남구(부산)","성인","일반","55","관리자","참가","20250201","F","146.1","58.3","43.5",,"73","115","14.8","22.1",,,"9.5",,,,,,"27.3","7",,,,,,,,,"37.9",,,,,,,,"106","31.1",,,"0.416","0.328",,,,,,
"1","남구(부산)","성인","일반","50","관리자","참가","20250201","F","156.7","64.8","33.9",,"77","128","27.6","31.6",,,"16.6",,,,,,"26.4","21",,,,,,,,,"48.8",,,,,,,,"148","26.3",,,"0.334","0.403",,,,,,
"16","남구(부산)","성인","일반","36","관리자","3등급","20250201","F","159.9","60.5","23.3",,"75","122","33.2","30",,,"12.7",,,,,,"23.7","23",,,,,,,,,"54.9",,,,,,,,"132","32.2",,,"0.326","0.452",,,,,,
"9","남구(부산)","성인","일반","30","관리자","3등급","20250201","F","154.8","56.5","31.1",,"59","106","23.2","22.6",,,"10.6",,,,,,"23.6","29",,,,,,,,,"41.1",,,,,,,,"86","39.4",,,"0.385","0.372",,,,,,
"1","남구(부산)","성인","일반","44","관리자","참가","20250201","F","161.2","76.1","35.7",,"82","132","31.1","32.5",,,"2.8",,,,,,"29.3","15",,,,,,,,,"42.7",,,,,,,,"105","30.3",,,"0.418","0.378",,,,,,
"1","KSPO대구","성인","일반","47","관리자","참가","20250201","F","167.1","79.1","33.9","99.4","99","153","32.1","31.2",,,"-5.4",,,,,,"28.3","19",,,"156",,,,,,"40.6",,,"90","109","145",,"27.7",,,,,"0.35",,,,,,,
"1","KSPO대구","성인","일반","22","관리자","참가","20250201","M","174","75.9","21.8","87.2","85","151","47.1","50.3",,,"18.2",,,,,,"25.1","29",,,"197",,,,,,"66.3",,,"94","124","160","188","38.5",,,,,"0.295",,,,,,,
"4","화성","어르신","일반","73","관리자","1등급","20250201","M","166.2","63.1","13.7",,"71","140","35.6","33",,,"14.2",,,,,,"22.8",,,,,"33",,"136","4.7","18.5","56.4",,,,,,,,,,,,,,,,,,,"35.6"
"3","화성","어르신","일반","65","관리자","2등급","20250201","F","155.8","58.2","27.1",,"88","154","23.2","22.5",,,"27.3",,,,,,"24.0",,,,,"30",,"122","4.6","19.5","39.9",,,,,,,,,,,,,,,,,,,"23.2"
"6","천안","어르신","일반","75","관리자","참가","20250201","F","146.1","44.3","29",,"71","157","18.2","21.4",,,"12.6",,,,,,"20.6",,,,,"15",,"60","7.63","35.44","48.3",,,,,,,,,,,,,,,,,,,"21.4"
"2","KSPO광주","성인","일반","28","관리자","1등급","20250201","F","162.2","52.7","22","63","61","105","28.3","29.7",,,"46",,,,,,"20.0","46",,"12.13",,,,,,,"56.4",,,"86","104","127",,"40.4",,,,,,"0.518",,,,,,
"1","KSPO아산","성인","일반","26","관리자","참가","20250201","F","159.7","74.5","47.3","93","90","142","19.4","24.6",,,"14.8",,,,,,"29.2","20","8","15.3",,,,,,,"33.0",,"26.6",,,,,,,,,,,"0.350",,,,,,
"3","KSPO아산","성인","일반","41","관리자","1등급","20250201","F","160.2","54.2","27.2","70","62","106","27.9","31.5",,,"21.6",,,,,,"21.1","30",,,,,,,,,"58.1",,,"62","89","110",,"40.1",,,,,"0.323","0.434",,,,,,
"2","KSPO송파","성인","일반","26","관리자","1등급","20250201","F","160.9","49.7","23.4","69.4","75","113","26","27.1",,,"29.3",,,,,,"19.2","41",,,"164",,,,,,"54.5",,,"74","103","129",,"41.4",,,,,"0.393",,,,,,,
"1","KSPO송파","성인","일반","20","관리자","3등급","20250201","M","179.8","79.9","18.2","84.7","84","132","42.9","42.2",,,"19.5",,,,,,"24.7","59","47","10.82","221",,,,,,"53.7",,"42.5",,,,,,,,,,,,,,,,,
"3","KSPO대구","성인","일반","34","관리자","3등급","20250201","M","172.2","75.3","20.2","88","94","139","43.9","44.5",,,"7.5",,,,,,"25.4","48","36","11","234",,,,,,"59.1",,"39.6",,,,,,,,,,,,,,,,,
"1","KSPO대구","성인","일반","27","관리자","2등급","20250201","F","170.9","68.4","28.5","74.3","78","118","29.5","31.7",,,"14.9",,,,,,"23.4","35",,,"168",,,,,,"46.3",,,"69","100","137",,"35.7",,,,,"0.395",,,,,,,
"1","KSPO대구","어르신","일반","66","관리자","참가","20250201","M","168.1","64.8","25.7","87.2","78","144","32.4","32.6",,,"-4.8",,,,,,"22.9",,,,,"16",,"93","5.2","24.5","50.3",,,,,,,,,,,,,,,,,,,"32.6"
"1","동해","어르신","일반","71","관리자","참가","20250201","F","154.9","69.2","39.2",,"62","107","28.1","24.1",,,"8.8",,,,,,"28.8",,,,,"31",,"129","5.49","23.35","40.6",,,,,,,,,,,,,,,,,,,"28.1"
"1","연제","성인","일반","25","관리자","1등급","20250201","M","162.3","57.9","12.5",,"87","146","33.4","38.8",,,"15.7",,,,,,"22.0","64",,,,,,,,,"67.0",,,"78","97","107","146","51.5",,,,,"0.296","0.594",,,,,,
"2","구미","성인","일반","40","관리자","참가","20250201","M","167.2","76.4","29.5","94.6","64","125","41.5","41.7",,,"8",,,,,,"27.3","48",,,,,,,,,"54.6",,,,,,,,"130","37.6",,,"0.358","0.541",,,,,,
"1","KSPO송파","성인","일반","25","관리자","참가","20250201","F","167.3","59","30.7","72","75","119","18.6","24.6",,,"5",,,,,,"21.1","19",,,,,,,,,"41.7",,,,,,,,"128","35.8",,,"0.365","0.427",,,,,,
"1","남구(부산)","어르신","일반","65","관리자","3등급","20250201","M","173.2","80.1","24.4",,"71","137","39.7","41.9",,,"5.2",,,,,,"26.7",,,,,"24",,"119","5.19","19.71","52.3",,,,,,,,,,,,,,,,,,,"41.9"
"1","남구(부산)","성인","일반","19","관리자","참가","20250201","M","180","100.5","23",,"79","136","54.8","54.4",,,"14.1",,,,,,"31.0","53",,,"223",,,,,,"54.5",,,,,,,,"117","40.3",,,"0.311",,,,,,,
"7","세종","성인","일반","54","관리자","참가","20250203","F","165.1","68.4","34.8","88.5","81","138","25.2","25.5",,,"11.5",,,,,,"25.1","12",,,"119",,,,,,"37.3",,,,,,,,"130","27.7",,,"0.351",,,,,,,
"1","서구(광주)","성인","일반","58","관리자","참가","20250203","F","152.3","55","35.9","77","63","119","23.1","22.9",,,"2.9",,,,,,"23.7","15",,"17.06","100",,,,,,"42.0",,,"74","100","116",,"35.7",,,,,,,,,,,,
"1","스포원(금정)","어르신","일반","65","관리자","3등급","20250203","M","171.4","79.4","28.8",,"88","159","35.2","47.5",,,"7.6",,,,,,"27.0",,,,,"17",,"108","5.5","23.5","59.8",,,,,,,,,,,,,,,,,,,"47.5"
"5","세종","성인","일반","63","관리자","2등급","20250203","F","160.5","63.3","36.5","86.5","79","134","28.5","30.6",,,"19.8",,,,,,"24.6","25",,,"85",,,,,,"48.3",,,"89","125","148",,"29.3",,,,,"0.312",,,,,,,
"1","스포원(금정)","성인","일반","25","관리자","참가","20250203","F","162.1","55.1","30.2",,"65","127","24","24.2",,,"10.8",,,,,,"21.0","20",,"13.4",,,,,,,"43.9",,,"76","104","149",,"36.6",,,,,,"0.422",,,,,,
"1","부천","어르신","일반","68","관리자","참가","20250203","M","160.6","68.3","35.1",,"79","155","23.1","26.7",,,"-1.8",,,,,,"26.5",,,,,"27",,"122","5.10","21.28","39.1",,,,,,,,,,,,,,,,,,,"26.7"
"2","나주","성인","일반","21","관리자","2등급","20250203","F","159.1","50.6","22.4","63.2","83","117","23.2","21.6",,,"19.8",,,,,,"20.0","44",,,"188",,,,,,"45.8",,,,,,,,"83","43.3",,,"0.326",,,,,,,
"1","부천","어르신","일반","72","관리자","참가","20250203","M","161.2","56.4","17.5",,"67","153","30.3","29.6",,,"-5.7",,,,,,"21.7",,,,,"20",,"92","5.97","26.09","53.7",,,,,,,,,,,,,,,,,,,"30.3"
"2","마포","어르신","일반","65","관리자","1등급","20250203","M","165.6","67.6","25.6","86","88","132","40.4","41.8",,,"15.2",,,,,,"24.7",,,,,"31",,"123","3.74","18.06","61.8",,,,,,,,,,,,,,,,,,,"41.8"
"1","동구(인천)","성인","일반","23","관리자","3등급","20250203","F","168.7","64.9","34",,"48","96","27.2","30.6",,,"16.1",,,,,,"22.8","37",,"13.31","151",,,,,,"47.1",,,"86","136","175",,"32.9",,,,,,,,,,,,
"1","포항","성인","일반","19","관리자","참가","20250203","M","177.3","70.2","18.5",,"92","156","37.5","38.1",,,"10.9",,,,,,"22.3","40",,,"220",,,,,,"54.3",,,"96","129","150","151","48.9",,,,,"0.319",,,,,,,
"1","의정부","성인","일반","33","관리자","참가","20250203","M","176.5","85.6","29.6","100.7","94","138","39.1","40.7",,,"-16.5",,,,,,"27.5","33","18",,"180",,,,,,"47.5",,"33.9",,,,,,,,,,"0.321",,,,,,,
"2","달서","성인","일반","53","관리자","2등급","20250203","F","152.8","45","24.1","70.1","88","134","22.1","24.9",,,"20.8",,,,,,"19.3","28",,,"155",,,,,,"55.3",,,,,,,,"136","31.7",,,"0.364",,,,,,,
"1","포항","청소년","일반","18","관리자","참가","20250203","M","171.8","72.5","23.3",,"78","138","27.5","34.5","22",,"2.9","18.03","0.539","49.531","21","50.497","24.6",,"36",,,,,,,,"47.6",,"40.7",,,,,,,,,,,,,,,,,
"2","진천","성인","일반","19","관리자","3등급","20250203","M","169.5","59.1","17.2","67.5","95","125","36.6","40.6",,,"15.2",,,,,,"20.6","47",,,"205",,,,,,"68.7",,,"91","119","143","174","47.1",,,,,"0.454",,,,,,,
"5","경산","성인","일반","20","관리자","2등급","20250203","F","155.3","50.3","22.2","63","81","133","27.7","27.9",,,"15",,,,,,"20.9","45",,"11.9",,,,,,,"55.5",,,,,,,,"110","39.9",,,,"0.477",,,,,,
"6","안산","어르신","일반","74","관리자","1등급","20250203","M","163.8","79.3","32.4","95","104","161","44.9","47.4",,,"10",,,,,,"29.6",,,,,"34",,"131","4.8","21.8","59.8",,,,,,,,,,,,,,,,,,,"47.4"
"2","안산","성인","일반","50","관리자","1등급","20250203","M","162.6","64.5","23.5","82","76","128","45.1","43.2",,,"14.4",,,,,,"24.4","45",,,"198",,,,,,"69.9",,,,,,,,"90","43.3",,,"0.384",,,,,,,
"4","오산","어르신","일반","67","관리자","1등급","20250203","F","154.4","53.2","33.1","78","81","144","21.7","23.2",,,"22.6",,,,,,"22.3",,,,,"24",,"121","5.03","19.22","43.6",,,,,,,,,,,,,,,,,,,"23.2"
"5","부천","어르신","일반","78","관리자","참가","20250203","M","162.9","73.6","36.9",,"59","154","25.4","27.7",,,"11.3",,,,,,"27.7",,,,,"33",,"112","5.16","21.43","37.6",,,,,,,,,,,,,,,,,,,"27.7"
"1","서대문","성인","일반","31","관리자","1등급","20250203","F","164.3","56.4","25.4",,"57","98","29.3","29.6",,,"23.1",,,,,,"20.9","42","28","11.62",,,,,,,"52.5",,"35.5",,,,,,,,,,,"0.491",,,,,,
"25","서대문","성인","일반","46","관리자","2등급","20250203","M","176.9","64.2","15.1",,"77","141","41.8","42.1",,,"10.7",,,,,,"20.5","43","81","9.27",,,,,,,"65.6",,"50.7",,,,,,,,,,,"0.594",,,,,,
"1","사상","성인","일반","24","관리자","참가","20250203","M","180.6","76.6","16.5","81.8","91","134","41","41.3",,,"13.9",,,,,,"23.5","28",,,"205",,,,,,"53.9",,,"115","128","144","174","42.1",,,,,"0.399",,,,,,,
"1","KSPO대구","성인","일반","36","관리자","참가","20250203","M","177.8","86.6","24.5","92","86","145","47.3","52.3",,,"1.8",,,,,,"27.4","40","30","11","206",,,,,,"60.4",,"36.3",,,,,,,,,,,,,,,,,
"2","KSPO대구","성인","일반","19","관리자","참가","20250203","M","170.3","85.6","32.9","90","78","136","38.5","43.7",,,"20.1",,,,,,"29.5","37",,"10","232",,,,,,"51.1",,,,,,,,"134","40.3",,,,,,,,,,
"3","오산","성인","일반","19","관리자","참가","20250203","M","185.4","94.6","21.4","97.9","87","139","47.1","48.3",,,"17.9",,,,,,"27.5","55","52",,,,,,,,"51.1",,"41.5",,,,,,,,,,"0.325","0.589",,,,,,
"1","중구(서울)","성인","일반","34","관리자","참가","20250203","M","173.9","77.4","28.9","97","84","134","41.5","43",,,"-11.5",,,,,,"25.6","34",,,,,,,,,"55.6",,,,,,,,"106","42.9",,,"0.439",,,,,,,
"2","오산","성인","일반","63","관리자","참가","20250203","M","167.8","73.7","31.1","92","79","127","36.1","36.6",,,"-4.2",,,,,,"26.2","17","16",,,,,,,,"49.7",,"33.0",,,,,,,,,,"0.388","0.390",,,,,,
"2","창원","성인","일반","23","관리자","참가","20250203","M","177.8","79","25","84","70","143","37.7","45.8",,,"3",,,,,,"25.0","55",,,,,,,,,"58.0",,,,,,,,"112","44.6",,,"0.275","0.501",,,,,,
"3","중구(서울)","성인","일반","20","관리자","3등급","20250203","M","172.7","62.8","10.5","71","69","119","47","49.1",,,"12.4",,,,,,"21.1","46",,,"243",,,,,,"78.2",,,,,,,,"115","48.1",,,,,,,,,,
"2","부천","성인","일반","63","관리자","참가","20250203","F","153","63.2","43.4",,"66","142","24.4","26.5",,,"15.4",,,,,,"27.0","27",,,"118",,,,,,"41.9",,,"98","123","140",,"29.6",,,,,"0.337",,,,,,,
"2","오산","성인","일반","19","관리자","2등급","20250203","M","187.2","78.4","15.7","83.4","81","147","43.2","46.4",,,"21.4",,,,,,"22.4","53",,,"223",,,,,,"59.2",,,,,,,,"117","45.7",,,"0.357",,,,,,,
"1","오산","성인","일반","19","관리자","3등급","20250203","M","174.4","73.3","20.3","87.7","78","147","48.5","19.3",,,"8",,,,,,"24.1","55","61",,"235",,,,,,"66.2",,"46.9",,,,,,,,,,"0.269",,,,,,,
"2","오산","성인","일반","23","관리자","2등급","20250203","M","167.77","65.7","19","84.7","76","131","40","45.3",,,"13.8",,,,,,"23.3","48",,,,,,,,,"68.9",,,"93","121","143","168","45.2",,,,,"0.324","0.527",,,,,,
"1","KSPO송파별관(어르신)","어르신","일반","70","관리자","1등급","20250203","M","169.6","75.4","22.3",,"81","153","39.9","40.4",,,"13.1",,,,,,"26.2",,,,,"35",,"122","4.52","19.19","53.6",,,,,,,,,,,,,,,,,,,"40.4"
"9","증평","성인","일반","21","관리자","2등급","20250203","F","156.3","49.1","25.3","72.8","83","123","25.3","27.7",,,"17.3",,,,,,"20.1","31",,,,,,,,,"56.4",,,,,,,,"115","39.5",,,"0.328","0.450",,,,,,
"3","증평","성인","일반","50","관리자","참가","20250203","F","160.0","53.8","29.4","76.6","66","114","21","21",,,"7.7",,,,,,"21.0","14",,,,,,,,,"39.0",,,,,,,,"101","35.1",,,"0.404","0.403",,,,,,
"1","동구(광주)","어르신","일반","67","관리자","참가","20250203","M","161.6","63","28","86","86","159","31","27.1",,,"11",,,,,,"24.1",,,,,"24",,"93","6.43","28.42","49.2",,,,,,,,,,,,,,,,,,,"31.0"
"1","강북","성인","일반","49","관리자","2등급","20250203","F","168.7","59.90","28.8","73.5","67","115","29.7","30.8",,,"14.9",,,,,,"21.0","29",,,"159",,,,,,"51.4",,,,,,,,"116","32.7",,,"0.330",,,,,,,
"2","전주","어르신","일반","77","관리자","1등급","20250203","F","155.5","48.5","19.9","69.7","73","135","20.1","21.9",,,"20.3",,,,,,"20.1",,,,,"22",,"110","5.03","20.43","45.2",,,,,,,,,,,,,,,,,,,"21.9"
"1","강북","성인","일반","54","관리자","3등급","20250203","F","153.9","55.40","30.9","80.5","78","130","23.7","24.8",,,"16.7",,,,,,"23.4","14",,,"137",,,,,,"44.8",,,"81","113","135",,"33.9",,,,,"0.464",,,,,,,
"3","진천","성인","일반","64","관리자","참가","20250203","M","172.7","65.5","22.8","83.7","94","155","33","37.7",,,"4.9",,,,,,"22.0","18",,,"104",,,,,,"57.6",,,"98","126","150","165","34.6",,,,,"0.51",,,,,,,
"1","오산","성인","일반","25","관리자","3등급","20250203","M","169.1","70.4","14.1","77","81","133","43.7","39.9",,,"6.5",,,,,,"24.6","50","52","12.08","195",,,,,,"62.1",,"44.9",,,,,,,,,,,,,,,,,
"3","KSPO대구","어르신","일반","75","관리자","참가","20250203","F","154.5","50.6","22.7","78","72","142","18.5","20.8",,,"-6",,,,,,"21.2",,,,,"16",,"85","6.18","31.96","41.1",,,,,,,,,,,,,,,,,,,"20.8"
"3","전주","성인","일반","51","관리자","1등급","20250203","F","164","52.2","19.4","71.6","76","122","22.7","26.9",,,"23",,,,,,"19.4","40",,,"138",,,,,,"51.5",,,"83","104","115",,"39.0",,,,,"0.387",,,,,,,
"4","창원","성인","일반","55","관리자","2등급","20250203","F","161.8","56.1","32.8","75","80","135","21.6","24.3",,,"21",,,,,,"21.4","26",,,"142",,,,,,"43.3",,,,,,,,"126","30.7",,,"0.387",,,,,,,
"1","창원","청소년","일반","18","관리자","3등급","20250203","M","173.6","63.6","19.3","70","77","143","34.4","40.6",,"46","12.5","18.53","0.563","51.930","17","52.712","21.1",,"48",,,,,,,,"63.8",,"44.9",,,,,,,,,,,,,,,,,
"2","서구(대전)","성인","일반","19","관리자","3등급","20250203","M","180","70.7","14.9",,"68","128","48.6","52.2",,,"16.2",,,,,,"21.8","56","45",,"209",,,,,,"73.8",,"43.5",,,,,,,,,,"0.282",,,,,,,
"1","달서","성인","일반","19","관리자","참가","20250203","M","172.7","69.46","18.6","78.5","82","134","37.1","44.8",,,"-1.8",,,,,,"23.3","31",,,"195",,,,,,"64.5",,,,,,,,"88","50.9",,,"0.351",,,,,,,
"1","사하","청소년","일반","17","관리자","2등급","20250203","M","173","61.2","15.6","76.5","95","150","47.9","52.3",,"48","14.8","19.67","0.564","47.03","12","47.582","20.4",,"53",,,,,,,,"85.5",,"46.2",,,,,,,,,,,,,,,,,
"1","천안","성인","일반","25","관리자","참가","20250203","M","174.8","58.5","19.8",,"53","137","34.5","32.9",,,"2",,,,,,"19.1","33","31",,,,,,,,"59.0",,"41.6",,,,,,,,,,"0.399","0.576",,,,,,
"1","화성","성인","일반","62","관리자","참가","20250203","M","167.7","84.7","33.9",,"98","163","33.2","37.3",,,"12.8",,,,,,"30.1","27",,,"184",,,,,,"44.0",,,"108","117","136",,"30.2",,,,,"0.312",,,,,,,
"1","포천","어르신","일반","77","관리자","2등급","20250203","M","168.3","64","19","83","75","159","32.2","33.6",,,"14.9",,,,,,"22.6",,,,,"17",,"112","4.78","23.03","52.5",,,,,,,,,,,,,,,,,,,"33.6"
"1","성동","어르신","일반","66","관리자","참가","20250203","M","173.4","72.3","25.3",,"71","157","38.7","38.5",,,"-16.6",,,,,,"24.0",,,,,"26",,"109","4.8","18.49","53.5",,,,,,,,,,,,,,,,,,,"38.7"
"2","화성","성인","일반","59","관리자","3등급","20250203","M","172.8","75.5","24.5",,"76","140","37.2","39.8",,,"11.8",,,,,,"25.3","25",,"12.5","192",,,,,,"52.7",,,,,,,,"95","38.7",,,,,,,,,,
"1","사천","성인","일반","20","관리자","2등급","20250203","M","178.9","81.3","12.4","78.7","80","120","51.3","66.9",,,"35",,,,,,"25.4","59",,,"269",,,,,,"82.3",,,,,,,,"105","46.0",,,"0.242",,,,,,,
"6","성남","어르신","일반","80","관리자","2등급","20250203","M","166.6","68.1","30.2",,"72","131","33.1","35.4",,,"10.5",,,,,,"24.5",,,,,"19",,"100","6.14","26.19","52.0",,,,,,,,,,,,,,,,,,,"35.4"
"4","성남","어르신","일반","65","관리자","참가","20250203","M","161.1","55","21.9",,"59","128","29.1","38.4",,,"10.2",,,,,,"21.2",,,,,"20",,"94","5.74","24.36","69.8",,,,,,,,,,,,,,,,,,,"38.4"
"1","사천","성인","일반","62","관리자","참가","20250203","M","176.5","80","21.7","89.9","78","124","48.2","47.8",,,"17.5",,,,,,"25.7","25",,,,,,,,,"60.3",,,,,,,,"123","33.1",,,"0.352","0.564",,,,,,
"2","서구(광주)","성인","일반","62","관리자","참가","20250203","M","160.9","65","27","92","85","134","32.2","37.8",,,"6.5",,,,,,"25.1","47",,,"173",,,,,,"58.2",,,,,,,,"109","37.3",,,"0.385",,,,,,,
"3","연제","성인","일반","45","관리자","2등급","20250203","M","165.7","72.7","28.1",,"99","148","36.8","43.9",,,"10.1",,,,,,"26.5","37",,,"200",,,,,,"60.4",,,,,,,,"115","39.2",,,"0.340",,,,,,,
"2","KSPO아산","성인","일반","19","관리자","참가","20250203","M","186.9","102.4","22","101","65","137","56.4","53.7",,,"15",,,,,,"29.3","45","32","11.74",,,,,,,"55.1",,"35.6",,,,,,,,,,,"0.554",,,,,,
"1","KSPO아산","성인","일반","30","관리자","참가","20250203","M","166.7","73.4","30.7","82.8","77","129","35.8","39.8",,,"12.8",,,,,,"26.4","31",,,,,,,,,"54.2",,,,,,,,"155","37.0",,,"0.394","0.539",,,,,,
"3","계룡","청소년","일반","18","관리자","3등급","20250203","M","179.2","70.7","18.3",,"77","134","39.7","39.8",,"45","9","17.37","0.564","60","3","60.138","22.0",,"38",,,,,,,,"56.3",,"42.5",,,,,,,,,,,,,,,,,
"2","서구(대전)","성인","일반","26","관리자","2등급","20250203","F","171.4","55.6","27.4",,"73","123","27.8","27.6",,,"17.9",,,,,,"18.9","33",,,"158",,,,,,"50.0",,,,,,,,"120","37.8",,,"0.353",,,,,,,
"4","양평","성인","일반","27","관리자","2등급","20250203","M","184","88.1","16.3",,"80","142","47.4","51.7",,,"11.8",,,,,,"26.0","45","54","11.44","246",,,,,,"58.7",,"42.3",,,,,,,,,,,,,,,,,
"3","북구(광주)","성인","일반","21","관리자","참가","20250203","M","173.5","78.4","18.4","85.9","74","134","45.9","46",,,"-5.4",,,,,,"26.0","35",,,,,,,,,"58.7",,,"84","105","123","160","45.1",,,,,"0.368","0.578",,,,,,
"1","춘천","성인","일반","23","관리자","참가","20250203","F","156.9","45.0","22.1","68.2","70","111","27","28.3",,,"10.7",,,,,,"18.3","11",,,,,,,,,"62.9",,,"95","137","157",,"40.0",,,,,"0.391","0.397",,,,,,
"1","포천","성인","일반","60","관리자","참가","20250203","F","156.3","49.2","27.2","66","86","140","25.6","27.4",,,"18.9",,,,,,"20.1","1",,,"115",,,,,,"55.7",,,,,,,,"145","28.6",,,"0.484",,,,,,,
"1","서대문","어르신","일반","70","관리자","2등급","20250203","F","161.3","56.9","34.1",,"66","123","21","22.8",,,"17.3",,,,,,"21.9",,,,,"22",,"119","5.58","24.66","40.1",,,,,,,,,,,,,,,,,,,"22.8"
"2","창원","성인","일반","25","관리자","3등급","20250203","F","155.9","50","25.2","69","57","108","21.6","23.6",,,"17.1",,,,,,"20.6","29",,,,,,,,,"47.2",,,,,,,,"120","37.9",,,"0.400","0.440",,,,,,
"2","서대문","성인","일반","19","관리자","2등급","20250203","M","182.7","86.5","20.9",,"59","118","53.6","46.9",,,"17.8",,,,,,"25.9","56","62",,,,,,,,"62.0",,"45.1",,,,,,,,,,"0.299","0.629",,,,,,
"1","전주","성인","일반","20","관리자","참가","20250203","M","179","80.3","17.7","84.3","77","125","40.3","41.3",,,"19.4",,,,,,"25.1","54","44","10.15","245",,,,,,"51.4",,"41.8",,,,,,,,,,,,,,,,,
"1","성동","성인","일반","57","관리자","참가","20250203","F","158.9","50.3","26.6",,"80","127","28.9","28.6",,,"25",,,,,,"19.9","7",,,"149",,,,,,"57.5",,,,,,,,"127","31.3",,,"0.341",,,,,,,
"1","충주","성인","일반","25","관리자","참가","20250203","M","183.2","130.7","40.4","130","82","152","40.7","36.4",,,"-20",,,,,,"38.9","12","8","16.64","99",,,,,,"31.1",,"25.5",,,,,,,,,,,,,,,,,
"1","동구(인천)","어르신","일반","75","관리자","3등급","20250203","M","168.3","71.5","34.1",,"90","159","26.8","31.2",,,"3.3",,,,,,"25.2",,,,,"20",,"100","6","24.22","43.6",,,,,,,,,,,,,,,,,,,"31.2"
"1","성동","성인","일반","51","관리자","참가","20250203","F","162.4","49","24.4",,"69","124","25.1","28.5",,,"10.3",,,,,,"18.6","33",,,"156",,,,,,"58.2",,,"71","99","126",,"37.6",,,,,"0.327",,,,,,,
"4","순천","성인","일반","61","관리자","3등급","20250203","M","173.6","74.7","26.7","92.5","83","125","45.2","43.8",,,"9.5",,,,,,"24.8","24",,,"138",,,,,,"60.5",,,,,,,,"114","35.6",,,"0.358",,,,,,,
"1","안산","성인","일반","27","관리자","참가","20250203","M","172.2","63.9","15.3","75","83","139","47.1","44.3",,,"11.7",,,,,,"21.5","48","27","10.4","230",,,,,,"73.7",,"39.8",,,,,,,,,,,,,,,,,
"2","성동","성인","일반","27","관리자","1등급","20250203","M","178.9","69.3","12",,"81","144","45.2","46.4",,,"16.4",,,,,,"21.7","53",,,"234",,,,,,"67.0",,,"85","118","131","152","48.6",,,,,"0.287",,,,,,,
"1","제주","성인","일반","19","관리자","참가","20250203","M","186.2","74.9","10.3","78.6","72","131","38.4","45.5",,,"18.1",,,,,,"21.6","29","42",,,,,,,,"60.7",,"42.0",,,,,,,,,,"0.303","0.577",,,,,,
"1","안산","성인","일반","20","관리자","3등급","20250203","M","182.4","78.7","16.0","76","83","138","47.7","49.5",,,"9.4",,,,,,"23.7","68","46","10.2","246",,,,,,"62.9",,"42.4",,,,,,,,,,,,,,,,,
"2","KSPO광주","성인","일반","64","관리자","3등급","20250203","F","141.5","45.9","32.4","78.5","89","146","22.4","25",,,"21.9",,,,,,"22.9","10","11",,"127",,,,,,"54.5",,"30.3",,,,,,,,,,"0.382",,,,,,,
"3","제주","성인","일반","24","관리자","3등급","20250203","M","173.4","73.4","17.1","86.4","87","146","37.7","44.9",,,"13",,,,,,"24.4","43","51",,"212",,,,,,"61.2",,"44.2",,,,,,,,,,"0.254",,,,,,,
"1","부천","성인","일반","19","관리자","3등급","20250203","M","175","65.7","8.9",,"68","138","39.2","42.5",,,"6.5",,,,,,"21.5","46","59","11.3","261",,,,,,"64.7",,"47.6",,,,,,,,,,,,,,,,,
"1","스포원(금정)","성인","일반","63","관리자","참가","20250203","F","155.6","46.6","27.4",,"74","148","23.1","31.3",,,"6.5",,,,,,"19.2","5","10",,,,,,,,"67.2",,"30.2",,,,,,,,,,"0.385","0.335",,,,,,
"1","창원","청소년","일반","18","관리자","참가","20250203","M","172","49.2","16.1","69","63","110","30.4","31.7","26",,"10.5","20.07","0.501","55.192","14","55.836","16.6",,"21",,,,,,,,"64.4",,"42.0",,,,,,,,,,,,,,,,,
"2","미추홀","어르신","일반","65","관리자","3등급","20250203","M","170.1","80.9","36","99","92","148","38.5","35.6",,,"23",,,,,,"28.0",,,,,"30",,"120","5.18","20.17","47.6",,,,,,,,,,,,,,,,,,,"38.5"
"1","부천","성인","일반","19","관리자","참가","20250203","M","172.6","69.7","23.0",,"77","120","38.2","39.6",,,"8.4",,,,,,"23.4","31","35",,"208",,,,,,"56.8",,"41.4",,,,,,,,,,"0.293",,,,,,,
"1","순천","성인","일반","37","관리자","참가","20250203","M","181","82.4","26.9","96.6","86","157","48.4","50.8",,,"11.2",,,,,,"25.2","44",,,"212",,,,,,"61.7",,,,,,,,"128","38.3",,,"0.323",,,,,,,
"1","스포원(금정)","성인","일반","19","관리자","참가","20250203","M","190.6","119.4","29.5",,"80","158","41.3","50.5",,,"9.8",,,,,,"32.9","38",,,"212",,,,,,"42.3",,,"74","109","136","180","33.5",,,,,"0.382",,,,,,,
"4","광주","어르신","출장","80","관리자","참가","20250203","F","153","54.3","30.9",,"60","122","13","16.7",,,"21",,,,,,"23.2",,,,,"14",,"88","8.1","40.43","30.8",,,,,,,,,,,,,,,,,,,"16.7"
"4","스포원(금정)","성인","일반","19","관리자","참가","20250203","M","174.1","72.7","20.9",,"69","137","53.9","48.8",,,"5",,,,,,"24.0","40",,,,,,,,,"74.1",,,"96","111","133","165","45.2",,,,,"0.311","0.597",,,,,,
"1","광주","어르신","출장","78","관리자","참가","20250203","F","158","74.5","47.7",,"99","153","18","20.1",,,"0",,,,,,"29.8",,,,,"15",,"91","7.72","34.31","27.0",,,,,,,,,,,,,,,,,,,"20.1"
"1","천안","성인","일반","19","관리자","참가","20250203","M","178.3","86.6","19.4",,"64","148","49.8","49.6",,,"13.3",,,,,,"27.2","47","36",,"237",,,,,,"57.5",,"39.1",,,,,,,,,,"0.324",,,,,,,
"1","마포","어르신","일반","65","관리자","1등급","20250203","M","172.5","82.7","28.6","92","96","191","50.5","51.5",,,"14.4",,,,,,"27.8",,,,,"27",,"128","4.01","16.68","62.3",,,,,,,,,,,,,,,,,,,"51.5"
"1","남구(울산)","어르신","일반","65","관리자","3등급","20250203","M","173.5","89.6","32.9","107.2","80","148","38.8","42.4",,,"2.9",,,,,,"29.8",,,,,"25",,"100","5.47","22.1","47.3",,,,,,,,,,,,,,,,,,,"42.4"
"6","마포","어르신","일반","86","관리자","1등급","20250203","M","160.2","64.7","26.2","91","76","156","39.9","39.6",,,"5.1",,,,,,"25.2",,,,,"32",,"107","4.28","20.12","61.7",,,,,,,,,,,,,,,,,,,"39.9"
"1","남구(울산)","어르신","일반","69","관리자","3등급","20250203","M","161.2","86.2","43.9","114.2","89","149","35.6","40.5",,,"11.1",,,,,,"33.2",,,,,"21",,"101","5.40","19.75","47.0",,,,,,,,,,,,,,,,,,,"40.5"
"6","광주","어르신","출장","73","관리자","참가","20250203","F","147","51.6","42",,"90","148","12.3","15.6",,,"10",,,,,,"23.9",,,,,"21",,"98","7.21","33.26","30.2",,,,,,,,,,,,,,,,,,,"15.6"
"3","광주","어르신","출장","75","관리자","2등급","20250203","F","149","54.7","38.3",,"71","135","19","17.8",,,"13",,,,,,"24.6",,,,,"18",,"103","5.63","27.56","34.7",,,,,,,,,,,,,,,,,,,"19.0"
"1","포항","성인","일반","20","관리자","참가","20250203","M","179.8","91.1","21.7",,"98","151","45","46.5",,,"10.2",,,,,,"28.2","48",,"10.56","220",,,,,,"51.0",,,,,,,,"106","43.7",,,,,,,,,,
"3","광주","어르신","출장","81","관리자","3등급","20250203","F","165","63.1","30.8",,"85","152","25.7","19.2",,,"16",,,,,,"23.2",,,,,"12",,"78","8.87","38.48","40.7",,,,,,,,,,,,,,,,,,,"25.7"
"2","순천","성인","일반","19","관리자","참가","20250203","M","173","77.6","26.8","92","84","123","40.9","45",,,"1.9",,,,,,"25.9","32",,,"213",,,,,,"58.0",,,,,,,,"120","44.4",,,"0.368",,,,,,,
"2","전주","성인","일반","58","관리자","3등급","20250203","F","153.1","45","22.1","68.9","81","142","16.4","16",,,"12.1",,,,,,"19.2","26",,,,,,,,,"36.4",,,,,,,,"75","38.2",,,"0.362","0.388",,,,,,
"2","연제","성인","일반","19","관리자","참가","20250203","M","171.3","67.7","20.6",,"72","133","45.5","43.6",,,"11.9",,,,,,"23.1","46","31",,"203",,,,,,"67.2",,"40.8",,,,,,,,,,"0.314",,,,,,,
"3","광주","어르신","출장","73","관리자","참가","20250203","F","155","49.4","29.1",,"87","134","16.5","15.2",,,"6",,,,,,"20.6",,,,,"20",,"120","6.67","28.20","33.4",,,,,,,,,,,,,,,,,,,"16.5"
"1","화성","어르신","일반","74","관리자","1등급","20250203","M","166.1","70.1","30.1",,"68","153","40.5","33.5",,,"12.8",,,,,,"25.4",,,,,"29",,"120","4.46","21","57.8",,,,,,,,,,,,,,,,,,,"40.5"
"3","서구(광주)","성인","일반","51","관리자","3등급","20250203","F","152.1","45.4","26.4","75.5","75","128","20.3","20.9",,,"22.7",,,,,,"19.6","15",,,,,,,,,"46.0",,,,,,,,"134","32.1",,,"0.340","0.412",,,,,,
"1","KSPO송파별관(어르신)","어르신","일반","65","관리자","2등급","20250203","M","170.1","69.8","27",,"84","151","33.2","38.3",,,"16.5",,,,,,"24.1",,,,,"29",,"144","4.97","19.36","54.9",,,,,,,,,,,,,,,,,,,"38.3"
"3","광주","어르신","출장","84","관리자","2등급","20250203","M","153","50.3","23.6",,"76","142","25.1","6.4",,,"7",,,,,,"21.5",,,,,"24",,"119","5.52","27.06","49.9",,,,,,,,,,,,,,,,,,,"25.1"
"4","순천","어르신","일반","66","관리자","1등급","20250203","M","165","70.8","31.7","87.9","88","157","39.3","36.4",,,"16.7",,,,,,"26.0",,,,,"29",,"131","4.44","20.62","55.5",,,,,,,,,,,,,,,,,,,"39.3"
"1","동작","성인","일반","23","관리자","참가","20250203","F","168.6","64.3","27.3","86","71","106","27.4","31.2",,,"6.4",,,,,,"22.6","17",,,"173",,,,,,"48.5",,,,,,,,"89","39.8",,,"0.37",,,,,,,
"2","화성","성인","일반","63","관리자","2등급","20250203","M","172.3","67.4","12.4",,"113","179","34.3","40.4",,,"8.2",,,,,,"22.7","32","22",,"224",,,,,,"59.9",,"35.2",,,,,,,,,,"0.318",,,,,,,
"6","KSPO송파별관(어르신)","어르신","일반","83","관리자","1등급","20250203","M","158.7","40.6","22.9",,"78","159","22.4","22.5",,,"8",,,,,,"16.1",,,,,"20",,"120","4.9","22.87","55.4",,,,,,,,,,,,,,,,,,,"22.5"
"3","광주","어르신","출장","73","관리자","참가","20250203","F","153","77.2","43.5",,"78","147","21.2","18.8",,,"2",,,,,,"33.0",,,,,"17",,"120","6.78","30.67","27.5",,,,,,,,,,,,,,,,,,,"21.2"
"1","부천","성인","일반","60","관리자","참가","20250203","M","175","78.6","22.8",,"75","119","42.9","50.2",,,"20.8",,,,,,"25.7","44",,,"200",,,,,,"63.9",,,,,,,,"130","32.8",,,"0.354",,,,,,,
"4","광주","어르신","출장","80","관리자","2등급","20250203","F","145","58.9","37.5",,"89","152","17.3","20.1",,,"10",,,,,,"28.0",,,,,"20",,"120","7.38","30.18","34.1",,,,,,,,,,,,,,,,,,,"20.1"
"4","광주","어르신","출장","74","관리자","참가","20250203","F","149","44.9","25.1",,"85","157","15.6","18",,,"13",,,,,,"20.2",,,,,"18",,"109","6.81","31.64","40.1",,,,,,,,,,,,,,,,,,,"18.0"
"1","순천","성인","일반","23","관리자","참가","20250203","M","188.4","80","16.6","87.2","89","147","47.3","51.3",,,"-7",,,,,,"22.5","55",,,"252",,,,,,"64.1",,,,,,,,"107","46.0",,,"0.297",,,,,,,
"2","사상","성인","일반","19","관리자","참가","20250203","M","171.4","75.7","28","79","84","121","40.1","47.7",,,"12.7",,,,,,"25.8","52","42",,"220",,,,,,"63.0",,"42.2",,,,,,,,,,"0.318",,,,,,,
"5","광주","어르신","출장","73","관리자","2등급","20250203","F","161","57.3","29",,"66","129","22.1","22.9",,,"23",,,,,,"22.1",,,,,"17",,"107","5.93","26.95","40.0",,,,,,,,,,,,,,,,,,,"22.9"
"2","광주","어르신","출장","78","관리자","참가","20250203","F","163","62.2","21.8",,"83","134","19.5","21.8",,,"0",,,,,,"23.4",,,,,"22",,"124","6.15","27.98","35.0",,,,,,,,,,,,,,,,,,,"21.8"
"4","광주","어르신","출장","74","관리자","3등급","20250203","F","160","67.1","38.1",,"99","150","20.9","22.2",,,"14.5",,,,,,"26.2",,,,,"21",,"113","5.81","25.39","33.1",,,,,,,,,,,,,,,,,,,"22.2"
"1","미추홀","성인","일반","20","관리자","참가","20250203","M","175.8","72.3","18.5","84.3","62","127","41.6","55.4",,,"2.3",,,,,,"23.4","49",,,"255",,,,,,"76.6",,,,,,,,"124","44.9",,,"0.356",,,,,,,
"2","미추홀","성인","일반","20","관리자","참가","20250203","M","176.9","74.1","21.9","88.4","91","139","43.5","43",,,"15",,,,,,"23.7","48",,"10.1","223",,,,,,"58.7",,,,,,,,"163","38.9",,,,,,,,,,
"4","광주","어르신","출장","71","관리자","3등급","20250203","F","155","56.9","38.3",,"78","126","18.6","18.6",,,"11",,,,,,"23.7",,,,,"20",,"106","5.38","22.74","32.7",,,,,,,,,,,,,,,,,,,"18.6"
"1","광주","어르신","출장","73","관리자","1등급","20250203","F","155","54.1","30.8",,"88","145","22.1","20.1",,,"22.3",,,,,,"22.5",,,,,"22",,"125","5.27","23.94","40.9",,,,,,,,,,,,,,,,,,,"22.1"
"3","미추홀","성인","일반","19","관리자","2등급","20250203","M","169.2","62.4","17","80.3","68","124","49.6","47.5",,,"20.3",,,,,,"21.8","48",,,"216",,,,,,"79.5",,,,,,,,"138","44.8",,,"0.309",,,,,,,
"1","안산","성인","일반","57","관리자","참가","20250203","F","145.6","57.1","41.2","82","65","123","21.3","21",,,"10",,,,,,"26.9","0",,"15.04","126",,,,,,"37.3",,,,,,,,"122","29.0",,,,,,,,,,
"4","광주","어르신","출장","67","관리자","참가","20250203","F","155","62.2","42.6",,"87","118","24","26.1",,,"2",,,,,,"25.9",,,,,"17",,"103","5.48","26.75","42.0",,,,,,,,,,,,,,,,,,,"26.1"
"4","광주","어르신","출장","74","관리자","3등급","20250203","F","155","49.1","32.1",,"71","137","20.7","20.6",,,"16",,,,,,"20.4",,,,,"22",,"129","6.52","27.97","42.2",,,,,,,,,,,,,,,,,,,"20.7"
"1","안산","성인","일반","57","관리자","참가","20250203","F","152.1","56.2","36","76","83","138","27.6","29.3",,,"23",,,,,,"24.3","1",,"15.41","148",,,,,,"52.1",,,,,,,,"140","27.6",,,,,,,,,,
"2","광주","어르신","출장","70","관리자","3등급","20250203","F","152","46.3","30.4",,"92","129","17.3","20.2",,,"18",,,,,,"20.0",,,,,"20",,"103","5.91","28.44","43.6",,,,,,,,,,,,,,,,,,,"20.2"
"4","광주","어르신","출장","83","관리자","2등급","20250203","F","154","54","29.7",,"59","131","16.9","16.8",,,"14.5",,,,,,"22.8",,,,,"21",,"96","6.76","27.4","31.3",,,,,,,,,,,,,,,,,,,"16.9"
"3","성남","어르신","일반","65","관리자","참가","20250203","M","170.9","89.0","38.7",,"83","136","43.9","44.4",,,"-3.9",,,,,,"30.5",,,,,"21",,"116","5.14","21.95","49.9",,,,,,,,,,,,,,,,,,,"44.4"
"6","성남","어르신","일반","70","관리자","2등급","20250203","F","157.1","64.2","41.0",,"67","134","22","22.8",,,"21.8",,,,,,"26.0",,,,,"19",,"100","5.39","22.54","35.5",,,,,,,,,,,,,,,,,,,"22.8"
"1","광주","어르신","출장","78","관리자","3등급","20250203","F","148","47.4","24.5",,"69","138","20.4","21.6",,,"14.6",,,,,,"21.6",,,,,"14",,"119","6.46","27.19","45.6",,,,,,,,,,,,,,,,,,,"21.6"
"2","광주","어르신","출장","68","관리자","참가","20250203","F","162","60.2","35",,"82","121","27.4","28.2",,,"27",,,,,,"22.9",,,,,"20",,"104","7.24","23.91","46.8",,,,,,,,,,,,,,,,,,,"28.2"
"2","광주","어르신","출장","75","관리자","2등급","20250203","F","154","50.8","26.2",,"72","139","19.2","14.6",,,"14",,,,,,"21.4",,,,,"20",,"112","6.82","30.81","37.8",,,,,,,,,,,,,,,,,,,"19.2"
"5","광주","어르신","출장","79","관리자","2등급","20250203","F","148","51.5","35.1",,"81","138","22.9","25",,,"16",,,,,,"23.5",,,,,"22",,"92","6.36","28.09","48.5",,,,,,,,,,,,,,,,,,,"25.0"
"1","양평","어르신","일반","67","관리자","3등급","20250203","M","178.3","80.1","29",,"56","146","36.9","33.2",,,"4.8",,,,,,"25.2",,,,,"22",,"101","5","23","46.1",,,,,,,,,,,,,,,,,,,"36.9"
"2","광주","어르신","출장","85","관리자","2등급","20250203","F","158","63.4","34.9",,"79","131","19.8","20",,,"17",,,,,,"25.4",,,,,"17",,"99","6.42","30.51","31.5",,,,,,,,,,,,,,,,,,,"20.0"
"3","광주","어르신","출장","72","관리자","참가","20250203","F","156","61","33.8",,"74","122","23.4","24.1",,,"7.8",,,,,,"25.1",,,,,"16",,"101","6.36","27.82","39.5",,,,,,,,,,,,,,,,,,,"24.1"
"6","광주","어르신","출장","78","관리자","참가","20250203","F","145","55.5","46.8",,"73","127","21.8","24.1",,,"11",,,,,,"26.4",,,,,"26",,"60","6.01","29.64","43.4",,,,,,,,,,,,,,,,,,,"24.1"
"1","창원","성인","일반","19","관리자","참가","20250203","M","178.9","79.3","15.9","78","74","149","39.4","47.9",,,"1.8",,,,,,"24.8","52",,,"231",,,,,,"60.4",,,,,,,,"138","41.8",,,"0.332",,,,,,,
"1","마포","어르신","일반","69","관리자","2등급","20250203","M","164.8","80.4","35.1","100","89","139","42.8","44.9",,,"12.6",,,,,,"29.6",,,,,"23",,"121","4.68","19.52","55.8",,,,,,,,,,,,,,,,,,,"44.9"
"1","KSPO송파","성인","일반","25","관리자","참가","20250203","M","171.6","63","14.6",,"67","112","36","30.4",,,"-7.9",,,,,,"21.4","30",,,"205",,,,,,"57.1",,,,,,,,"108","47.8",,,"0.365",,,,,,,
"2","동작","성인","일반","21","관리자","참가","20250203","M","187.8","87.3","26","91","85","138","43.7","43.9",,,"1.9",,,,,,"24.8","42","43",,"214",,,,,,"50.3",,"40.2",,,,,,,,,,"0.29",,,,,,,
"2","남구(울산)","어르신","일반","69","관리자","참가","20250203","M","177","99.3","41","127.7","85","149","51.5","53.9",,,"-10.5",,,,,,"31.7",,,,,"28",,"100","5.44","21.22","54.3",,,,,,,,,,,,,,,,,,,"53.9"
"2","강북","성인","일반","51","관리자","3등급","20250203","M","180.8","66.40","12.1","74","93","131","43.3","50.4",,,"18.6",,,,,,"20.3","44",,,"214",,,,,,"75.9",,,,,,,,"140","36.7",,,"0.369",,,,,,,
"1","KSPO송파","성인","일반","24","관리자","참가","20250203","F","153.9","49.6","27.8",,"73","115","22.2","21.5",,,"14.1",,,,,,"20.9","17",,,"136",,,,,,"44.8",,,,,,,,"145","34.9",,,"0.388",,,,,,,
"3","광주","어르신","출장","81","관리자","참가","20250203","F","160","59.4","33.2",,"69","148","17.4","14.5",,,"2",,,,,,"23.2",,,,,"17",,"105","8.92","42.62","29.3",,,,,,,,,,,,,,,,,,,"17.4"
"5","광주","어르신","출장","79","관리자","3등급","20250203","F","158","55.1","36.1",,"67","142","22.1","24.9",,,"13",,,,,,"22.1",,,,,"20",,"115","7.71","31.49","45.2",,,,,,,,,,,,,,,,,,,"24.9"
"1","KSPO송파","성인","일반","22","관리자","참가","20250203","F","153.3","52.9","29.8",,"65","100","22.9","26.1",,,"0.8",,,,,,"22.5","21",,,"143",,,,,,"49.3",,,,,,,,"110","38.7",,,"0.363",,,,,,,
"1","KSPO송파","성인","일반","27","관리자","2등급","20250203","F","161.7","49.9","30.5",,"62","100","26.6","28.8",,,"15.6",,,,,,"19.1","38",,,"154",,,,,,"57.7",,,,,,,,"117","38.5",,,"0.435",,,,,,,
"2","광주","어르신","출장","67","관리자","참가","20250203","F","156","48.3","22.7",,"89","154","21.6","23.7",,,"6.8",,,,,,"19.8",,,,,"23",,"128","5.12","24.25","49.1",,,,,,,,,,,,,,,,,,,"23.7"
"1","포항","성인","일반","19","관리자","2등급","20250203","M","174.3","73.3","13.3",,"58","118","52.3","57.6",,,"13.1",,,,,,"24.1","55","63","11.01","227",,,,,,"78.6",,"47.4",,,,,,,,,,,,,,,,,
"1","포항","성인","일반","19","관리자","참가","20250203","M","165","48.9","8.2",,"75","132","41.9","43.8",,,"19.5",,,,,,"18.0","31","63","11.07","246",,,,,,"89.6",,"51.2",,,,,,,,,,,,,,,,,
"1","포항","성인","일반","19","관리자","참가","20250203","M","178","55.6","12",,"80","136","29.3","36.1",,,"16.9",,,,,,"17.5","28","63","9.89","241",,,,,,"64.9",,"49.9",,,,,,,,,,,,,,,,,
"1","광주","어르신","출장","77","관리자","3등급","20250203","F","157","48.6","25.7",,"88","148","20.7","20.4",,,"8.4",,,,,,"19.7",,,,,"15",,"113","6.01","28.26","42.6",,,,,,,,,,,,,,,,,,,"20.7"
"1","동구(인천)","성인","일반","28","관리자","참가","20250203","F","163.7","67.7","38.8",,"74","131","22.5","24.3",,,"-8.2",,,,,,"25.3","23","20",,"158",,,,,,"35.9",,"31.4",,,,,,,,,,"0.343",,,,,,,
"3","성동","어르신","일반","67","관리자","2등급","20250203","M","157.7","60.5","25.2",,"87","155","37.7","35.2",,,"12.2",,,,,,"24.3",,,,,"35",,"119","4.75","18.42","62.3",,,,,,,,,,,,,,,,,,,"37.7"
"5","동작","어르신","일반","71","관리자","2등급","20250203","F","150.3","56.9","37","79.9","77","127","25.3","26.8",,,"15.6",,,,,,"25.2",,,,,"30",,"110","4.29","17.96","47.1",,,,,,,,,,,,,,,,,,,"26.8"
"1","창원","성인","일반","19","관리자","참가","20250203","M","176.1","73.2","22.3","81","53","127","34.8","39.6",,,"1.1",,,,,,"23.6","48","45",,,,,,,,"54.1",,"43.2",,,,,,,,,,"0.345","0.539",,,,,,
"4","광주","어르신","출장","70","관리자","참가","20250203","F","163","65.1","28",,"64","133","18.1","18.5",,,"5",,,,,,"24.5",,,,,"15",,"97","6.68","29.88","28.4",,,,,,,,,,,,,,,,,,,"18.5"
"5","광주","어르신","출장","83","관리자","1등급","20250203","F","143","50.7","35.2",,"88","137","17.1","18",,,"20",,,,,,"24.8",,,,,"20",,"113","5.93","27.13","35.5",,,,,,,,,,,,,,,,,,,"18.0"
"1","광주","어르신","출장","84","관리자","2등급","20250203","F","148.4","44.9","36.8",,"68","121","16.7","14.1",,,"16",,,,,,"20.4",,,,,"20",,"98","7.22","33.13","37.2",,,,,,,,,,,,,,,,,,,"16.7"
"1","청주","성인","일반","20","관리자","참가","20250203","M","169.5","73.8","17.9","82.1","79","147","50.3","56.3",,,"14.8",,,,,,"25.7","36",,"11.1",,,,,,,"76.3",,,"97","130","154","186","41.0",,,,,,"0.589",,,,,,
"4","광주","어르신","출장","77","관리자","참가","20250203","F","155","64","38.5",,"85","116","17.7","17.9",,,"6",,,,,,"26.6",,,,,"16",,"116","6.54","29.64","28.0",,,,,,,,,,,,,,,,,,,"17.9"
"5","광주","어르신","출장","78","관리자","참가","20250203","F","158","65.5","35.6",,"92","141","17","17.6",,,"16",,,,,,"26.2",,,,,"20",,"101","6.54","29.16","26.9",,,,,,,,,,,,,,,,,,,"17.6"
"1","광주","어르신","출장","83","관리자","1등급","20250203","F","160","58.5","29.4",,"81","145","17.1","20.4",,,"23.4",,,,,,"22.9",,,,,"24",,"104","6.26","27.82","34.9",,,,,,,,,,,,,,,,,,,"20.4"
"5","광주","어르신","출장","77","관리자","3등급","20250203","F","158","66.5","35.2",,"76","116","25.1","24.7",,,"21.5",,,,,,"26.6",,,,,"14",,"114","6.28","29.84","37.7",,,,,,,,,,,,,,,,,,,"25.1"
"3","광주","어르신","출장","81","관리자","참가","20250203","F","147","65.6","43",,"78","133","14.1","22.1",,,"6.8",,,,,,"30.4",,,,,"20",,"20","7.75","37.96","33.7",,,,,,,,,,,,,,,,,,,"22.1"
"1","남구(울산)","어르신","일반","67","관리자","참가","20250203","M","166.5","68.4","18.6","84.4","84","150","39.7","45.9",,,"-9.9",,,,,,"24.7",,,,,"18",,"90","7.94","25.25","67.1",,,,,,,,,,,,,,,,,,,"45.9"
"1","광주","어르신","출장","76","관리자","참가","20250203","F","153","52.2","30.6",,"95","134","18.9","19",,,"1",,,,,,"22.3",,,,,"19",,"101","5.85","25.76","36.4",,,,,,,,,,,,,,,,,,,"19.0"
"4","광주","어르신","출장","87","관리자","1등급","20250203","F","145","54.4","39",,"67","131","20.8","22.7",,,"20",,,,,,"25.9",,,,,"23",,"110","6.18","27.62","41.7",,,,,,,,,,,,,,,,,,,"22.7"
"3","광주","어르신","출장","77","관리자","2등급","20250203","F","156","48.6","21.8",,"83","147","15.9","20.6",,,"13.2",,,,,,"20.0",,,,,"25",,"105","6.3","28.62","42.4",,,,,,,,,,,,,,,,,,,"20.6"
"2","춘천","성인","일반","19","관리자","2등급","20250203","M","171.2","73.2","14.5","80.3","65","127","54.7","46.9",,,"11.2",,,,,,"25.0","53","62","9.84","228",,,,,,"74.7",,"47.3",,,,,,,,,,,,,,,,,
"3","광주","어르신","출장","76","관리자","참가","20250203","F","157","77.2","36.8",,"73","150","23.5","24.6",,,"11",,,,,,"31.3",,,,,"20",,"82","8.1","36.5","31.9",,,,,,,,,,,,,,,,,,,"24.6"
"1","북구(광주)","성인","일반","27","관리자","참가","20250203","M","179.2","87.4","32.6","96.6","71","134","30.1","30.8",,,"-17.2",,,,,,"27.2","42",,,"189",,,,,,"35.2",,,"94","116","140","187","36.4",,,,,"0.333",,,,,,,
"1","북구(광주)","성인","일반","22","관리자","참가","20250203","F","160.8","59.2","38.1","77.0","83","131","18","24.9",,,"14.5",,,,,,"22.9","12",,,,,,,,,"42.1",,,"99","130","156",,"36.3",,,,,"0.454","0.441",,,,,,
"3","동구(광주)","성인","일반","27","관리자","참가","20250203","F","165.9","75.7","30.6","77","89","129","25.4","29.7",,,"8",,,,,,"27.5","31",,,"167",,,,,,"39.2",,,"99","127","153",,"31.9",,,,,"0.351",,,,,,,
"1","KSPO송파","성인","일반","32","관리자","참가","20250203","F","169.6","78","34.2",,"78","111","35.2","32.2",,,"23.5",,,,,,"27.1","26",,,"100",,,,,,"45.1",,,,,,,,"138","28.8",,,"0.460",,,,,,,
"4","수원","어르신","일반","78","관리자","참가","20250203","M","157.9","71.9","36.1","96","65","122","30.9","32.6",,,"3.2",,,,,,"28.8",,,,,"16",,"80","6.7","32.3","45.3",,,,,,,,,,,,,,,,,,,"32.6"
"5","광주","어르신","출장","85","관리자","2등급","20250203","F","155","49.1","34.7",,"53","131","10","13.9",,,"17",,,,,,"20.4",,,,,"16",,"97","6.56","35.18","28.3",,,,,,,,,,,,,,,,,,,"13.9"
"5","광주","어르신","출장","83","관리자","1등급","20250203","F","145","47.6","37.5",,"85","154","20.9","19.2",,,"15",,,,,,"22.6",,,,,"30",,"123","6.46","28.28","43.9",,,,,,,,,,,,,,,,,,,"20.9"
"1","KSPO송파","성인","일반","37","관리자","참가","20250203","F","169.6","59.1","29.5",,"82","114","24.7","23.8",,,"19.5",,,,,,"20.5","16",,,"127",,,,,,"41.8",,,,,,,,"133","33.2",,,"0.412",,,,,,,
"1","광주","어르신","출장","79","관리자","3등급","20250203","F","148","53.3","31.5",,"67","137","17","19.5",,,"9",,,,,,"24.3",,,,,"29",,"118","7.73","32.18","36.6",,,,,,,,,,,,,,,,,,,"19.5"
"1","KSPO송파","성인","일반","26","관리자","3등급","20250203","F","158.3","46.7","17.5",,"74","115","24.8","23.8",,,"13.4",,,,,,"18.6","31",,,"154",,,,,,"53.1",,,,,,,,"134","37.0",,,"0.351",,,,,,,
"1","KSPO송파","성인","일반","26","관리자","참가","20250203","M","176.7","72.4","19.3",,"84","122","36.4","27",,,"-18",,,,,,"23.2","35",,,"186",,,,,,"50.3",,,,,,,,"88","48.8",,,"0.484",,,,,,,
"1","달서","성인","일반","19","관리자","참가","20250203","M","176.9","51.4","11.4","71.2","80","128","34.6","35",,,"3.4",,,,,,"16.4","39",,,"232",,,,,,"68.1",,,,,,,,"138","47.8",,,"0.372",,,,,,,
"1","광주","어르신","출장","77","관리자","3등급","20250203","F","157","59.7","31.2",,"75","130","21.2","22.5",,,"20",,,,,,"24.2",,,,,"19",,"128","6.78","34.7","37.7",,,,,,,,,,,,,,,,,,,"22.5"
"1","성동","성인","일반","51","관리자","참가","20250203","M","183.2","80.6","22.3",,"96","144","47.4","51.5",,,"3.5",,,,,,"24.0","30",,,"219",,,,,,"63.9",,,"101","127","146","171","35.0",,,,,"0.318",,,,,,,
"1","달서","성인","일반","19","관리자","참가","20250203","M","180.1","87.9","24","95.7","70","142","33.5","40.5",,,"0.7",,,,,,"27.1","34",,,"177",,,,,,"46.1",,,,,,,,"108","44.4",,,"0.383",,,,,,,
"1","KSPO송파","성인","일반","31","관리자","3등급","20250203","M","174","68.9","15.1",,"63","100","41.8","44.1",,,"19.3",,,,,,"22.8","36",,,"215",,,,,,"64.0",,,,,,,,"82","49.0",,,"0.383",,,,,,,
"5","광주","어르신","출장","73","관리자","2등급","20250203","F","150","54.2","30.8",,"82","144","26.8","26",,,"26",,,,,,"24.1",,,,,"29",,"120","5.14","26.19","49.4",,,,,,,,,,,,,,,,,,,"26.8"
"1","화성","성인","일반","22","관리자","참가","20250203","M","174.4","69.2","27.5",,"71","123","29.9","32.9",,,"1.6",,,,,,"22.8","15",,,,,,,,,"47.5",,,"99","115","129",,"47.3",,,,,"0.401","0.489",,,,,,
"1","KSPO송파","성인","일반","26","관리자","참가","20250203","M","171.9","75.5","31.7",,"65","98","35.8","35.7",,,"9.5",,,,,,"25.6","28",,,"182",,,,,,"47.4",,,,,,,,"127","42.0",,,"0.387",,,,,,,
"1","사상","성인","일반","22","관리자","참가","20250203","M","179.8","101.9","31","101.8","99","154","48.5","57.8",,,"7",,,,,,"31.5","33","20",,"188",,,,,,"56.7",,"32.8",,,,,,,,,,"0.395",,,,,,,
"1","화성","성인","일반","19","관리자","참가","20250203","M","169.8","67.5","26.6",,"90","137","33.5","32.8",,,"-12.2",,,,,,"23.4","37","29",,"212",,,,,,"49.6",,"40.4",,,,,,,,,,"0.293",,,,,,,
"1","부천","성인","일반","64","관리자","3등급","20250203","M","169.2","67.9","27.5",,"85","153","32.5","34.7",,,"15.7",,,,,,"23.7","28",,,"182",,,,,,"51.1",,,"67","111","127","158","37.6",,,,,"0.363",,,,,,,
"3","광주","어르신","출장","75","관리자","1등급","20250203","F","156","50.7","23.2",,"93","134","20.5","18.6",,,"26.7",,,,,,"20.8",,,,,"22",,"124","5.46","26","40.4",,,,,,,,,,,,,,,,,,,"20.5"
"1","성동","성인","일반","61","관리자","참가","20250203","M","173.9","68.6","21.8",,"90","134","36.4","38",,,"15.3",,,,,,"22.7","23","10",,"176",,,,,,"55.4",,"32.3",,,,,,,,,,"0.282",,,,,,,
"1","KSPO송파","성인","일반","29","관리자","3등급","20250203","F","165","54.9","25.6",,"65","121","28.6","31.7",,,"9.5",,,,,,"20.2","32",,,"144",,,,,,"57.7",,,,,,,,"135","35.0",,,"0.324",,,,,,,
"1","서구(광주)","성인","일반","63","관리자","참가","20250203","M","160.3","65.3","26.7","80","103","177","40.2","42.9",,,"20.7",,,,,,"25.4","28",,,"174",,,,,,"65.7",,,,,,,,"142","32.1",,,"0.392",,,,,,,
"1","서대문","성인","일반","22","관리자","1등급","20250203","F","167.5","50.7","20.9",,"82","128","29.3","33.7",,,"21.0",,,,,,"18.1","45",,,,,,,,,"66.5",,,,,,,,"132","37.9",,,"0.346","0.489",,,,,,
"5","천안","어르신","일반","75","관리자","3등급","20250203","F","141.1","59.3","44.9",,"96","152","17.8","19.3",,,"7.9",,,,,,"29.8",,,,,"12",,"75","7.88","31.07","32.5",,,,,,,,,,,,,,,,,,,"19.3"
"4","천안","어르신","일반","65","관리자","참가","20250203","F","149.5","56.1","40.4",,"69","152","21.9","20.3",,,"15.9",,,,,,"25.1",,,,,"19",,"72","6.4","25.16","39.0",,,,,,,,,,,,,,,,,,,"21.9"
"1","강북","성인","일반","19","관리자","참가","20250203","M","176.2","89.90","30.6","90.9","86","158","38.2","42.4",,,"11.9",,,,,,"29.0","27",,,"186",,,,,,"47.2",,,,,,,,"155","36.7",,,"0.393",,,,,,,
"2","성남","성인","일반","20","관리자","3등급","20250203","M","176.5","75.5","20.5",,"79","121","43.9","45.2",,,"18.5",,,,,,"24.2","53",,"9.38","241",,,,,,"59.9",,,,,,,,"131","43.2",,,,,,,,,,
"1","청주","성인","일반","19","관리자","참가","20250203","M","169.6","66.8","24.9","85.4","67","113","35.3","37.3",,,"3.4",,,,,,"23.2","32",,"10.4",,,,,,,"55.8",,,,,,,,"126","45.6",,,,"0.651",,,,,,
"3","창원","성인","일반","22","관리자","1등급","20250203","F","161","53.3","30.8","62","77","135","23.7","29.9",,,"24.8",,,,,,"20.6","41",,,,,,,,,"56.1",,,,,,,,"122","37.9",,,"0.278","0.440",,,,,,
"2","영주","성인","일반","20","관리자","3등급","20250203","M","176.9","66.6","14.6",,"70","123","39.4","38.1",,,"15.6",,,,,,"21.3","46",,,"221",,,,,,"59.2",,,"76","115","126","156","51.2",,,,,"0.325",,,,,,,
"1","성동","성인","일반","21","관리자","2등급","20250203","M","170","66.3","12.4",,"55","124","43.3","51.1",,,"16.6",,,,,,"22.9","48","52",,"240",,,,,,"77.1",,"45.8",,,,,,,,,,"0.334",,,,,,,
"1","성남","어르신","일반","81","관리자","참가","20250203","F","158.5","61.3","35.3",,"79","128","23.5","21.3",,,"-3.9",,,,,,"24.4",,,,,"19",,"87","6.08","26.10","38.3",,,,,,,,,,,,,,,,,,,"23.5"
"2","강북","어르신","일반","67","관리자","3등급","20250203","F","152.6","60.20","41.1","90.6","91","153","19.7","19.8",,,"15.7",,,,,,"25.9",,,,,"22",,"111","5.2","24.4","32.9",,,,,,,,,,,,,,,,,,,"19.8"
"3","삼척","어르신","일반","71","관리자","3등급","20250203","M","166.5","80.5","34.5",,"49","134","41.5","43.3",,,"4.4",,,,,,"29.0",,,,,"18",,"120","5.92","24.8","53.8",,,,,,,,,,,,,,,,,,,"43.3"
"1","안동","성인","일반","56","관리자","3등급","20250203","M","173.6","67.3","21.1","78","78","130","45.9","39.3",,,"9.3",,,,,,"22.3","28",,,"203",,,,,,"68.2",,,"98","120","135","170","36.8",,,,,"0.375",,,,,,,
"1","수원","성인","일반","64","관리자","3등급","20250203","M","168.7","64.8","24.3","86","92","148","25.7","30.8",,,"7.2",,,,,,"22.8","26",,,"142",,,,,,"47.5",,,,,,,,"102","38.5",,,"0.505",,,,,,,
"2","서대문","성인","일반","21","관리자","1등급","20250203","M","172.3","76.9","23.4",,"80","142","50.7","47.6",,,"19.9",,,,,,"25.9","55","62",,,,,,,,"65.9",,"46.5",,,,,,,,,,"0.359","0.637",,,,,,
"3","수원","성인","일반","21","관리자","2등급","20250203","M","176.2","71.2","15.4","79","83","132","43.1","47.1",,,"16.7",,,,,,"22.9","51",,,"202",,,,,,"66.2",,,,,,,,"125","44.8",,,"0.313",,,,,,,
"1","제주","성인","일반","19","관리자","2등급","20250203","M","185.8","92.8","14","92.2","80","157","53.7","63.1",,,"11.6",,,,,,"26.9","55",,,"263",,,,,,"68.0",,,,,,,,"92","46.1",,,"0.391",,,,,,,
"1","제주","성인","일반","19","관리자","참가","20250203","M","175.2","69.8","12.8","76.3","97","136","30.2","34.9",,,"11.4",,,,,,"22.7","55",,,"265",,,,,,"50.0",,,,,,,,"85","51.4",,,"0.287",,,,,,,
"1","창원","성인","일반","20","관리자","참가","20250203","M","177.1","74.6","29.7","78","64","117","31.2","32.2",,,"14.3",,,,,,"23.8","37",,"14.06","192",,,,,,"43.2",,,,,,,,"152","40.4",,,,,,,,,,
"9","안산","성인","일반","22","관리자","참가","20250203","M","179.6","85.9","25.6","78","61","120","49.3","56.7",,,"11.8",,,,,,"26.6","50",,,,,,,,,"66.0",,,,,,,,"136","40.0",,,"0.375","0.517",,,,,,
"4","부천","성인","일반","19","관리자","3등급","20250203","M","177","68.9","22.0",,"63","141","35","38.4",,,"10.6",,,,,,"22.0","43",,,"215",,,,,,"55.7",,,,,,,,"115","47.4",,,"0.331",,,,,,,
"1","미추홀","성인","일반","61","관리자","2등급","20250203","M","167.3","72.3","27.2","92","85","155","42.5","38.3",,,"7.3",,,,,,"25.8","30","23","11.7","178",,,,,,"58.8",,"35.0",,,,,,,,,,,,,,,,,
"1","안산","성인","일반","29","관리자","참가","20250203","F","174.6","68.2","25.0","77","60","101","25.4","25.6",,,"10.4",,,,,,"22.4","40",,,,,,,,,"37.5",,,"70","117","136",,"37.6",,,,,"0.399","0.439",,,,,,
"1","미추홀","성인","일반","61","관리자","참가","20250203","M","162.8","73.5","31.4","87","91","138","42.2","41.9",,,"0.9",,,,,,"27.7","23","22","12.5","152",,,,,,"57.4",,"34.7",,,,,,,,,,,,,,,,,
"3","사천","어르신","일반","66","관리자","1등급","20250203","M","171.3","64.9","27.8","86.3","90","150","35.2","37.2",,,"13.9",,,,,,"22.1",,,,,"32",,"162","4.18","17.35","57.3",,,,,,,,,,,,,,,,,,,"37.2"
"1","의정부","성인","일반","49","관리자","참가","20250203","F","160.9","51.7","25.7","74.6","47","101","18.7","21.8",,,"29",,,,,,"20.0","15",,,"140",,,,,,"42.2",,,"97","132","148",,"35.2",,,,,"0.293",,,,,,,
"1","의정부","성인","일반","36","관리자","3등급","20250203","M","180.6","69","11.8","77.5","81","146","44.6","45.3",,,"8.2",,,,,,"21.2","52","62",,"224",,,,,,"65.7",,"46.3",,,,,,,,,,"0.340",,,,,,,
"5","사하","성인","일반","19","관리자","3등급","20250203","M","173.6","60.6","13.7","75.5","90","126","37.1","40.6",,,"9.5",,,,,,"20.1","54",,,"217",,,,,,"67.0",,,,,,,,"111","49.5",,,"0.321",,,,,,,
"1","북구(광주)","성인","일반","20","관리자","참가","20250203","M","175.1","65.5","16.3","75.8","71","120","39.1","41.2",,,"10.1",,,,,,"21.4","31","53",,,,,,,,"62.9",,"46.1",,,,,,,,,,"0.309","0.572",,,,,,
"1","북구(광주)","성인","일반","20","관리자","참가","20250203","M","168.2","51.9","17.0","64.2","51","116","33.4","40.9",,,"8.5",,,,,,"18.3","29","30",,"190",,,,,,"78.8",,"42.9",,,,,,,,,,"0.322",,,,,,,
"1","서구(대전)","성인","일반","19","관리자","2등급","20250203","M","170.8","69.3","19.8",,"76","130","43.2","47",,,"12.3",,,,,,"23.8","49","56",,"219",,,,,,"67.8",,"46.4",,,,,,,,,,"0.258",,,,,,,
"1","서구(대전)","성인","일반","19","관리자","3등급","20250203","M","168.6","75.4","21.7",,"61","132","49.2","51.2",,,"6.5",,,,,,"26.5","46",,,,,,,,,"67.9",,,"93","119","148","171","42.3",,,,,"0.229","0.613",,,,,,
"2","남구(울산)","성인","일반","19","관리자","3등급","20250203","M","171.9","61.3","20.5","83.5","82","131","46.7","55",,,"9.8",,,,,,"20.7","55",,,"213",,,,,,"89.7",,,,,,,,"123","47.5",,,"0.345",,,,,,,
"7","안동","성인","일반","36","관리자","3등급","20250203","M","174.5","77.56","24.3","87.5","91","139","50.6","53",,,"11.3",,,,,,"25.5","37","28",,"190",,,,,,"68.3",,"37.2",,,,,,,,,,"0.317",,,,,,,
"1","광주","어르신","출장","86","관리자","참가","20250203","F","150","48","34.1",,"89","130","18","17.9",,,"5.9",,,,,,"21.3",,,,,"17",,"33","6.79","37.14","37.5",,,,,,,,,,,,,,,,,,,"18.0"
"3","창원마산회원","성인","일반","19","관리자","참가","20250203","M","170.1","75.4","23.3","85.5","76","116","40.4","48.1",,,"12.4",,,,,,"26.1","38",,,"211",,,,,,"63.8",,,,,,,,"131","43.0",,,"0.322",,,,,,,
"1","남구(울산)","어르신","일반","66","관리자","3등급","20250203","M","165.9","69.7","31.3","91.8","80","120","37","37.4",,,"17.4",,,,,,"25.3",,,,,"18",,"100","5.78","24.62","53.7",,,,,,,,,,,,,,,,,,,"37.4"
"8","스포원(금정)","성인","일반","22","관리자","참가","20250203","M","178.6","88","32.1",,"81","138","51.7","51.9",,,"-5.8",,,,,,"27.6","33",,,"193",,,,,,"59.0",,,,,,,,"112","42.9",,,"0.295",,,,,,,
"6","달서","어르신","일반","67","관리자","3등급","20250203","F","159.7","56.9","32.7","77.1","81","138","22.1","22",,,"13.7",,,,,,"22.3",,,,,"20",,"114","5.52","24.075","38.8",,,,,,,,,,,,,,,,,,,"22.1"
"2","동구(광주)","성인","일반","23","관리자","참가","20250203","M","175.2","74.1","22.8","80","75","119","36.6","35.1",,,"-1.4",,,,,,"24.1","35",,,,,,,,,"49.4",,,,,,,,"122","44.0",,,"0.283","0.551",,,,,,
"2","광주","어르신","출장","76","관리자","참가","20250203","F","148","60.1","54.7",,"79","139","14.5","15",,,"13",,,,,,"27.4",,,,,"18",,"93","7.25","28.68","25.0",,,,,,,,,,,,,,,,,,,"15.0"
"4","스포원(금정)","성인","일반","38","관리자","1등급","20250203","F","152","48","29.9",,"69","119","26.2","25.5",,,"20.1",,,,,,"20.8","41",,,"174",,,,,,"54.6",,,,,,,,"118","35.8",,,"0.358",,,,,,,
"1","충주","성인","일반","22","관리자","참가","20250203","M","179","84.6","17.8","88","89","154","56.1","63.7",,,"15.1",,,,,,"26.4","42","23","11.8","233",,,,,,"75.3",,"36.1",,,,,,,,,,,,,,,,,
"3","목포","어르신","일반","67","관리자","참가","20250203","M","165.5","72.6","22.8","90.5","81","154","42.2","38.7",,,"0.6",,,,,,"26.5",,,,,"32",,"147","4.78","19.31","58.1",,,,,,,,,,,,,,,,,,,"42.2"
"1","경산","성인","일반","19","관리자","3등급","20250203","M","169.5","67.2","13.1","80","73","119","36.2","45.1",,,"14.4",,,,,,"23.4","46",,,"229",,,,,,"67.1",,,"77","100","118","139","51.6",,,,,"0.290",,,,,,,
"1","충주","성인","일반","22","관리자","3등급","20250203","M","175.3","74.1","17.4","85","74","121","35.8","44.3",,,"14.8",,,,,,"24.1","47","41","10.13","243",,,,,,"59.8",,"41.9",,,,,,,,,,,,,,,,,
"1","스포원(금정)","어르신","일반","69","관리자","참가","20250203","F","160","69.8","39.7",,"79","159","26.7","33.6",,,"-6",,,,,,"27.3",,,,,"15",,"77","5.8","29.7","48.1",,,,,,,,,,,,,,,,,,,"33.6"
"5","창원마산회원","성인","일반","19","관리자","2등급","20250203","M","180.3","78.3","17.1","83","83","126","42.9","45.4",,,"12.7",,,,,,"24.1","55","53","9.95","201",,,,,,"58.0",,"44.2",,,,,,,,,,,,,,,,,
"4","미추홀","성인","일반","28","관리자","1등급","20250203","M","169.8","59.8","10.9","71.5","72","132","38.8","40",,,"19.1",,,,,,"20.7","60",,,"242",,,,,,"66.9",,,,,,,,"113","46.9",,,"0.343",,,,,,,
"5","광주","어르신","출장","73","관리자","2등급","20250203","F","158","56.4","28.3",,"77","137","24.9","28.8",,,"23",,,,,,"22.6",,,,,"19",,"115","4.89","23.18","51.1",,,,,,,,,,,,,,,,,,,"28.8"
"4","마포","어르신","일반","69","관리자","2등급","20250203","F","148.9","59.2","35.0",,"83","155","27.8","25.3",,,"21.3",,,,,,"26.7",,,,,"28",,"107","5.13","20.45","47.0",,,,,,,,,,,,,,,,,,,"27.8"
"1","마포","어르신","일반","68","관리자","2등급","20250203","F","152","54.3","30.8",,"107","174","32.9","32.1",,,"15.3",,,,,,"23.5",,,,,"36",,"129","4.32","17.15","60.6",,,,,,,,,,,,,,,,,,,"32.9"
"2","남구(울산)","성인","일반","19","관리자","3등급","20250203","M","171.6","78.6","20.2","86.7","97","149","46.7","48.8",,,"14.7",,,,,,"26.7","52","42",,"229",,,,,,"62.1",,"41.8",,,,,,,,,,"0.299",,,,,,,
"3","연제","어르신","일반","67","관리자","2등급","20250203","F","154.5","57.2","33.4",,"95","164","24.3","26",,,"17.7",,,,,,"24.0",,,,,"22",,"116","4.9","21.2","45.5",,,,,,,,,,,,,,,,,,,"26.0"
"1","동작","성인","일반","60","관리자","2등급","20250203","F","163.4","68.1","30.7","86","81","145","30","26",,,"19.3",,,,,,"25.5","18",,,"126",,,,,,"44.1",,,"77","110","139",,"29.6",,,,,"0.402",,,,,,,
"1","KSPO대구","성인","일반","19","관리자","3등급","20250203","M","164.2","69.8","17","80","96","143","49.4","55.3",,,"6.7",,,,,,"25.9","52",,,"212",,,,,,"79.2",,,,,,,,"123","45.0",,,"0.31",,,,,,,
"2","사상","성인","일반","19","관리자","3등급","20250203","M","182.4","76.2","24.1","76","71","140","43.2","49.8",,,"13.2",,,,,,"22.9","43",,"9.9","231",,,,,,"65.4",,,"90","110","131","154","47.4",,,,,,,,,,,,
"2","KSPO대구","성인","일반","19","관리자","2등급","20250203","M","174.3","66.3","12.8","74.4","84","148","37","44.5",,,"12.9",,,,,,"21.8","57",,,,,,,,,"67.1",,,,,,,,"112","48.2",,,"0.272","0.598",,,,,,
"1","화성","성인","일반","22","관리자","참가","20250203","M","178.4","92.8","21.4",,"79","141","52.7","56.4",,,"17.5",,,,,,"29.2","25","40",,,,,,,,"60.8",,"38.9",,,,,,,,,,"0.32","0.551",,,,,,
"2","천안","성인","일반","20","관리자","참가","20250203","F","155","65.5","41.3",,"93","144","24.7","25.6",,,"6.7",,,,,,"27.3","24","10",,,,,,,,"39.1",,"28.8",,,,,,,,,,"0.288","0.390",,,,,,
"1","안산","성인","일반","61","관리자","참가","20250203","F","149.9","50.7","30.1","80","88","147","23.6","26.7",,,"13.8",,,,,,"22.6","1",,,"106",,,,,,"52.7",,,,,,,,"120","30.5",,,"0.316",,,,,,,
"3","화성","어르신","일반","74","관리자","참가","20250203","M","161.2","48.4","16.2",,"54","106","24.6","29.7",,,"-7.3",,,,,,"18.6",,,,,"25",,"101","4.62","23.06","61.4",,,,,,,,,,,,,,,,,,,"29.7"
"3","미추홀","성인","일반","20","관리자","2등급","20250203","M","184.8","82.4","19.1","88","74","124","46.3","56.3",,,"19.5",,,,,,"24.1","55","53",,"235",,,,,,"68.3",,"43.4",,,,,,,,,,"0.307",,,,,,,
"2","천안","성인","일반","20","관리자","참가","20250203","F","171.3","54.4","29",,"64","123","20.3","24.6",,,"13.7",,,,,,"18.5","39","17",,,,,,,,"45.2",,"33.0",,,,,,,,,,"0.319","0.427",,,,,,
"1","안산","어르신","일반","67","관리자","3등급","20250203","M","169.7","72","21.9","89","71","144","35.7","38.8",,,"2.6",,,,,,"25.0",,,,,"21",,"111","5.29","23.6","53.9",,,,,,,,,,,,,,,,,,,"38.8"
"3","화성","성인","일반","40","관리자","3등급","20250203","M","176.6","60.9","11.1",,"86","117","38.7","40.9",,,"16.1",,,,,,"19.5","46",,,,,,,,,"67.2",,,,,,,,"93","47.2",,,"0.375","0.489",,,,,,
"7","KSPO아산","어르신","일반","67","관리자","3등급","20250203","F","159.5","71.2","35.8","92","72","118","27.3","28.2",,,"16.5",,,,,,"28.0",,,,,"30","551",,"4.560","21.953","39.6",,,,,,,,,,,,,,,,,,,"28.2"
"1","광주","어르신","출장","75","관리자","3등급","20250203","F","157","48.1","27.5",,"77","150","13.4","9.7",,,"12",,,,,,"19.5",,,,,"16",,"108","6.49","29.36","27.9",,,,,,,,,,,,,,,,,,,"13.4"
"1","KSPO송파별관(어르신)","어르신","일반","67","관리자","2등급","20250203","M","162.8","69.1","31.7",,"96","158","33.4","35.5",,,"13.1",,,,,,"26.1",,,,,"31",,"122","4.54","19.39","51.4",,,,,,,,,,,,,,,,,,,"35.5"
"1","부천","어르신","일반","72","관리자","3등급","20250203","M","163.8","58.7","29",,"90","142","33.5","33.8",,,"2.8",,,,,,"21.9",,,,,"26",,"118","5.38","21.25","57.6",,,,,,,,,,,,,,,,,,,"33.8"
"2","포항","성인","일반","22","관리자","1등급","20250203","F","168.2","59.6","32.2",,"54","101","23.3","29.9",,,"25.7",,,,,,"21.1","37",,,"165",,,,,,"50.2",,,,,,,,"92","40.7",,,"0.300",,,,,,,
"2","강북","어르신","일반","65","관리자","참가","20250203","M","165.5","53.20","10.7","71.5","77","132","30","35.6",,,"0.3",,,,,,"19.4",,,,,"21",,"110","4.8","22.5","66.9",,,,,,,,,,,,,,,,,,,"35.6"
"1","포항","성인","일반","23","관리자","1등급","20250203","F","167.6","57.7","29.8",,"76","108","24.3","27.7",,,"30.3",,,,,,"20.5","36",,,"148",,,,,,"48.0",,,,,,,,"114","38.2",,,"0.320",,,,,,,
"3","광주","어르신","출장","82","관리자","참가","20250203","F","150","56.9","32.1",,"64","153","16.5","18.8",,,"5",,,,,,"25.3",,,,,"19",,"25","8.31","32.67","33.0",,,,,,,,,,,,,,,,,,,"18.8"
"1","부천","어르신","일반","74","관리자","3등급","20250203","F","155.0","58.6","36.9",,"85","155","17.6","18.9",,,"10.0",,,,,,"24.4",,,,,"27",,"115","5.43","21.34","32.3",,,,,,,,,,,,,,,,,,,"18.9"
"1","강북","성인","일반","49","관리자","2등급","20250203","F","158.5","51.70","25.1","70","99","154","25.8","32",,,"17.1",,,,,,"20.6","29",,,"127",,,,,,"61.9",,,"100","125","146",,"34.6",,,,,"0.330",,,,,,,
"1","동작","어르신","일반","72","관리자","3등급","20250203","F","155.4","60.4","39","86.4","82","158","22.9","23.6",,,"11.1",,,,,,"25.0",,,,,"20",,"111","4.86","24.41","39.1",,,,,,,,,,,,,,,,,,,"23.6"
"7","남원","성인","일반","20","관리자","3등급","20250203","M","178.2","59.6","10.1","72.1","83","122","36.7","42.6",,,"14.8",,,,,,"18.8","44",,,,,,,,,"71.5",,,,,,,,"116","49.1",,,"0.281","0.613",,,,,,
"1","KSPO송파","성인","일반","29","관리자","참가","20250203","F","169.9","75.9","42.2",,"64","111","17.2","17.3",,,"0.6",,,,,,"26.3","1",,,"85",,,,,,"22.8",,,,,,,,"93","35.4",,,"0.493",,,,,,,
"1","북구(광주)","성인","일반","63","관리자","참가","20250203","F","160.8","73.4","40.4","90.2","77","154","22.5","25.7",,,"21.7",,,,,,"28.4","0","9",,"115",,,,,,"35.0",,"25.7",,,,,,,,,,"0.391",,,,,,,
"4","광주","어르신","출장","81","관리자","2등급","20250203","F","155","51.8","20.5",,"91","126","21.3","22.6",,,"18",,,,,,"21.6",,,,,"19",,"110","6.01","31.57","43.6",,,,,,,,,,,,,,,,,,,"22.6"
"1","KSPO송파","성인","일반","26","관리자","참가","20250203","F","164.6","53.9","30",,"67","107","17.7","20.2",,,"13.4",,,,,,"19.9","18",,,"168",,,,,,"37.5",,,,,,,,"131","36.3",,,"0.347",,,,,,,
"3","달서","성인","일반","63","관리자","참가","20250203","M","169.5","72.3","28","92.6","78","153","37.1","37.5",,,"10.4",,,,,,"25.2","13",,,"165",,,,,,"51.9",,,,,,,,"123","34",,,"0.36",,,,,,,
"1","오산","성인","일반","44","관리자","참가","20250203","F","158","59.2","36.2","82.9","72","105","19.1","22.8",,,"6.9",,,,,,"23.7","12",,,,,,,,,"38.5",,,"94","124","135",,"35.6",,,,,"0.407","0.341",,,,,,
"1","양평","성인","일반","63","관리자","참가","20250203","M","178.6","80.3","27.5",,"78","123","34.8","37.3",,,,,,,,,"25.2","24",,,,,,,,,"46.5",,,,,,,,"112","34.6",,,"0.380","0.470",,,,,,
"6","광주","어르신","출장","76","관리자","2등급","20250203","F","153","54.2","26.4",,"88","136","24.4","21.8",,,"12",,,,,,"23.2",,,,,"18",,"128","6.62","27.88","45.0",,,,,,,,,,,,,,,,,,,"24.4"
"3","강북","어르신","일반","75","관리자","3등급","20250203","M","163.9","59.50","22.5","82.2","90","156","26.8","23.1",,,"18.3",,,,,,"22.1",,,,,"20",,"114","6","23.9","45.0",,,,,,,,,,,,,,,,,,,"26.8"
"1","화성","성인","일반","58","관리자","참가","20250203","M","178.7","62.4","17.5",,"75","154","35.8","35",,,"7.1",,,,,,"19.5","6",,,"188",,,,,,"57.4",,,,,,,,"128","37.4",,,"0.406",,,,,,,
"3","동구(인천)","성인","일반","19","관리자","참가","20250203","M","184.2","81.4","22",,"77","118","43.3","49.2",,,"21.3",,,,,,"24.0","19","45","10.66","224",,,,,,"60.4",,"41.8",,,,,,,,,,,,,,,,,
"1","강북","성인","일반","56","관리자","1등급","20250203","F","155.9","51.60","30.4","72.5","75","146","23.5","24.3",,,"22",,,,,,"21.2","35",,"14.8","133",,,,,,"47.1",,,,,,,,"95","34.8",,,,,,,,,,
"5","강북","어르신","일반","74","관리자","참가","20250203","M","164.6","74.50","33.2","93.5","81","147","33.3","37.9",,,"1.3",,,,,,"27.5",,,,,"23",,"85","6.4","29.5","50.9",,,,,,,,,,,,,,,,,,,"37.9"
"1","KSPO송파별관(어르신)","어르신","일반","67","관리자","3등급","20250203","M","169.6","70.8","29.6",,"90","144","37.6","39.6",,,"5",,,,,,"24.6",,,,,"38",,"144","4.27","16.06","55.9",,,,,,,,,,,,,,,,,,,"39.6"
"1","세종","성인","일반","61","관리자","2등급","20250203","F","157","57","34.4","83.8","82","127","26.3","23.2",,,"20.1",,,,,,"23.1","12",,,"59",,,,,,"46.1",,,,,,,,"113","30.5",,,"0.34",,,,,,,
"1","성동","성인","일반","61","관리자","2등급","20250203","M","162.4","65.6","24.8",,"86","137","33.5","37.2",,,"10.5",,,,,,"24.9","34",,,,,,,,,"56.7",,,,,,,,"115","36.6",,,"0.331","0.551",,,,,,
"1","화성","성인","일반","46","관리자","3등급","20250203","M","175.9","70.4","22.9",,"96","150","42","47.5",,,"10.1",,,,,,"22.8","30",,,"187",,,,,,"67.5",,,,,,,,"100","42.5",,,"0.335",,,,,,,
"6","성남","어르신","일반","81","관리자","2등급","20250203","M","151.6","57.2","32.8",,"49","134","25","26.2",,,"9.3",,,,,,"24.9",,,,,"20",,"110","6.05","24.69","45.8",,,,,,,,,,,,,,,,,,,"26.2"
"1","서대문","성인","일반","33","관리자","참가","20250203","M","165.4","79.6","36.1",,"84","155","30.4","36.3",,,"0.9",,,,,,"29.1","21",,,,,,,,,"45.6",,,,,,,,"118","40.2",,,"0.551","0.513",,,,,,
"4","중구(서울)","성인","일반","60","관리자","3등급","20250203","M","172.5","74.1","26.4","95.8","87","152","40.6","44.9",,,"5.3",,,,,,"24.9","29",,,"200",,,,,,"60.6",,,,,,,,"101","37.8",,,"0.429",,,,,,,
"4","서대문","성인","일반","64","관리자","2등급","20250203","M","167.7","71.3","28.9",,"95","138","35.8","40",,,"17.5",,,,,,"25.4","31",,,,,,,,,"56.1",,,,,,,,"114","35.2",,,"0.366","0.446",,,,,,
"1","미추홀","청소년","일반","18","관리자","참가","20250203","M","182.6","67.5","27.9","78","82","135","27.5","30.7",,"33","-4.7","19.56","0.509","56.508","8","56.876","20.2",,"24",,,,,,,,"45.5",,"40.7",,,,,,,,,,,,,,,,,
"1","연제","어르신","일반","78","관리자","2등급","20250203","M","166.0","60.4","15.5",,"73","156","32.8","31.3",,,"5.0",,,,,,"21.9",,,,,"32",,"115","5.0","19.1","54.3",,,,,,,,,,,,,,,,,,,"32.8"
"1","KSPO송파","성인","일반","20","관리자","참가","20250203","M","173.9","60.1","12.8",,"89","131","40.8","41.7",,,"10.9",,,,,,"19.9","32","57",,"202",,,,,,"69.4",,"47.9",,,,,,,,,,"0.35",,,,,,,
"1","강북","어르신","일반","86","관리자","2등급","20250203","M","165.7","52.70","20.4","82.6","69","125","25.5","23.5",,,"0.7",,,,,,"19.2",,,,,"16",,"100","5.4","25","48.4",,,,,,,,,,,,,,,,,,,"25.5"
"3","성동","성인","일반","20","관리자","3등급","20250203","F","159.4","54.","32.5",,"71","118","20","20.7",,,"24.7",,,,,,"21.3","35",,"13.86","133",,,,,,"38.3",,,,,,,,"137","36.1",,,,,,,,,,
"1","서구(대전)","성인","일반","63","관리자","2등급","20250203","M","170.5","66.8","15.9",,"77","113","50.8","51.5",,,"16.2",,,,,,"23.0","31",,,"178",,,,,,"77.1",,,"89","115","139","160","35.4",,,,,"0.311",,,,,,,
"1","강북","성인","일반","60","관리자","참가","20250203","M","168.4","80.80","33.2","97","91","133","39.5","41.2",,,"-2.2",,,,,,"28.5","17","13","14.6","142",,,,,,"51.0",,"31.5",,,,,,,,,,,,,,,,,
"5","안산","어르신","일반","83","관리자","3등급","20250203","M","158.7","54.9","15.2","75","59","150","23.3","27",,,"0.9",,,,,,"21.8",,,,,"17",,"97","7.2","33.3","49.2",,,,,,,,,,,,,,,,,,,"27.0"
"1","춘천","성인","일반","53","관리자","3등급","20250203","F","150.5","45.1","24.1","68.7","86","141","25.4","29.1",,,"14.9",,,,,,"19.9","38",,,"146",,,,,,"64.5",,,,,,,,"82","38.0",,,"0.403",,,,,,,
"1","KSPO대구","성인","일반","55","관리자","2등급","20250203","M","168","79.1","28","89","97","153","49.2","48.2",,,"23.4",,,,,,"28.0","34","31","11","190",,,,,,"62.2",,"36.3",,,,,,,,,,,,,,,,,
"1","제주","성인","일반","20","관리자","참가","20250203","M","178.6","82.9","22.4","94.8","80","133","37.3","35.5",,,"18.2",,,,,,"26.0","42","32",,"229",,,,,,"45.0",,"38.6",,,,,,,,,,"0.369",,,,,,,
"1","KSPO대구","성인","일반","19","관리자","참가","20250203","M","176.1","68.5","10","76","83","128","35.8","39.4",,,"2.2",,,,,,"22.1","48","59","9.4","263",,,,,,"57.5",,"47.1",,,,,,,,,,,,,,,,,
"1","KSPO대구","청소년","일반","18","관리자","참가","20250203","M","181","77","12.3","79","78","128","42.7","42.3",,"58","1.3","15.87","0.588","45.134","8","45.502","23.5",,"64",,,,,,,,"55.5",,"46.8",,,,,,,,,,,,,,,,,
"1","창원마산회원","성인","일반","42","관리자","참가","20250203","M","176.8","100.0","27.1","100","85","136","43.4","47.9",,,"0.8",,,,,,"32.0","31","16","11.67","192",,,,,,"47.9",,"30.6",,,,,,,,,,,,,,,,,
"1","중구(서울)","성인","일반","36","관리자","참가","20250203","F","162.6","58.8","33.1","81.3","83","134","22","25.9",,,"10.9",,,,,,"22.2","13",,,,,,,,,"44.0",,,"93","118","144",,"35.4",,,,,"0.476","0.368",,,,,,
"1","KSPO대구","성인","일반","46","관리자","참가","20250203","F","157.7","60.9","37.4","79","67","121","26","28.2",,,"12.2",,,,,,"24.5","18","8",,"105",,,,,,"46.3",,"28.0",,,,,,,,,,"0.427",,,,,,,
"1","화성","성인","일반","54","관리자","참가","20250203","F","162.7","91.3","45",,"93","145","33.1","32",,,"14.8",,,,,,"34.5","17",,,,,,,,,"36.3",,,"97","120","145",,"23.7",,,,,"0.336","0.365",,,,,,
"1","사천","성인","일반","62","관리자","참가","20250203","M","167.9","74","27.2","95.2","84","140","36.5","34.2",,,"17.9",,,,,,"26.3","26",,,"165",,,,,,"49.3",,,,,,,,"94","38.0",,,"0.371",,,,,,,
"1","화성","성인","일반","48","관리자","참가","20250203","F","160.7","74.4","38.9",,"86","123","25","27.5",,,"9.5",,,,,,"28.8","19",,,"153",,,,,,"37.0",,,,,,,,"132","26.6",,,"0.405",,,,,,,
"2","KSPO광주","성인","일반","19","관리자","참가","20250203","M","171.4","87.2","26.5","92","63","146","42.1","43.8",,,"15.9",,,,,,"29.7","53",,,"220",,,,,,"50.2",,,,,,,,"103","44.6",,,"0.340",,,,,,,
"1","서대문","어르신","일반","66","관리자","3등급","20250203","F","150.3","58.1","39.4",,"81","131","23.2","25.9",,,"12.6",,,,,,"25.7",,,,,"31",,"133","5.17","22.07","44.6",,,,,,,,,,,,,,,,,,,"25.9"
"4","서대문","성인","일반","26","관리자","1등급","20250203","F","165.9","54.1","27.0",,"82","120","30.7","25.6",,,"21.8",,,,,,"19.7","41",,,,,,,,,"56.7",,,,,,,,"128","36.7",,,"0.350","0.520",,,,,,
"1","강북","성인","일반","63","관리자","참가","20250203","M","171.4","75.30","22.1","88.2","109","185","37.6","34.1",,,"4.9",,,,,,"25.6","24",,"13.2","144",,,,,,"49.9",,,,,,,,"146","30.1",,,,,,,,,,
"8","포천","어르신","일반","67","관리자","참가","20250203","F","142.4","61.8","36","95","85","155","19.1","18.7",,,"12.7",,,,,,"30.5",,,,,"19",,"102","6.50","28.22","30.9",,,,,,,,,,,,,,,,,,,"19.1"
"7","부천","어르신","일반","71","관리자","2등급","20250203","M","164.1","70.4","31.0",,"86","140","33.7","35.1",,,"5.0",,,,,,"26.1",,,,,"31",,"122","4.66","17.56","49.9",,,,,,,,,,,,,,,,,,,"35.1"
"6","부천","어르신","일반","78","관리자","2등급","20250203","M","159.2","71.4","31.2",,"65","125","34","34.4",,,"12.4",,,,,,"28.2",,,,,"34",,"114","5.09","22.47","48.2",,,,,,,,,,,,,,,,,,,"34.4"
"1","연제","성인","일반","27","관리자","참가","20250203","M","178.2","88","35.8",,"65","110","23.6","30.4",,,"-13.7",,,,,,"27.7","11",,"14","157",,,,,,"34.5",,,"97","121","143","181","37.3",,,,,,,,,,,,
"4","포천","어르신","일반","68","관리자","1등급","20250203","M","162.2","56.7","14.2","69","79","129","35.7","41.8",,,"13.1",,,,,,"21.6",,,,,"35",,"126","4.22","15.87","73.7",,,,,,,,,,,,,,,,,,,"41.8"
"1","사하","성인","일반","24","관리자","참가","20250203","F","154.8","49.8","33","72.9","83","126","21.5","21.3",,,"8.3",,,,,,"20.8","35","20","12.8",,,,,,,"43.2",,"34.2",,,,,,,,,,,"0.489",,,,,,
"2","성동","어르신","일반","77","관리자","2등급","20250203","M","159.2","74.6","31",,"82","138","38","36.5",,,"5.8",,,,,,"29.4",,,,,"28",,"114","5.06","20.79","50.9",,,,,,,,,,,,,,,,,,,"38.0"
"1","성동","어르신","일반","71","관리자","2등급","20250203","M","164.7","62.6","17.7",,"62","115","35.4","37.7",,,"8.3",,,,,,"23.1",,,,,"32",,"108","4.74","22.94","60.2",,,,,,,,,,,,,,,,,,,"37.7"
"1","안산","성인","일반","61","관리자","2등급","20250203","F","164.6","65.4","32.9","90","83","159","25.8","28.3",,,"21",,,,,,"24.1","12",,,"162",,,,,,"43.3",,,"87","105","120",,"32.9",,,,,"0.459",,,,,,,
"1","동구(인천)","성인","일반","60","관리자","3등급","20250203","M","172.4","67.9","19.7",,"97","152","32.5","32.4",,,"4.5",,,,,,"22.8","27",,,,,,,,,"47.9",,,,,,,,"138","33.8",,,"0.421","0.450",,,,,,
"3","춘천","성인","일반","19","관리자","2등급","20250203","M","171.4","92.7","26.1","99.6","98","153","51.8","54.7",,,"19.3",,,,,,"31.6","49","52","9.87","221",,,,,,"59.0",,"42.1",,,,,,,,,,,,,,,,,
"1","세종","성인","일반","64","관리자","3등급","20250203","F","158","48.2","23.4","70.9","69","110","24.6","28.5",,,"14.2",,,,,,"19.3","27",,,"137",,,,,,"59.1",,,,,,,,"116","31.8",,,"0.440",,,,,,,
"8","안산","성인","일반","19","관리자","1등급","20250203","M","175.5","72.8","12.3","75","75","130","53","54.4",,,"20",,,,,,"23.6","60","62",,"230",,,,,,"74.7",,"47.2",,,,,,,,,,"0.311",,,,,,,
"1","양평","성인","일반","60","관리자","3등급","20250203","M","164.1","61.3","14.8",,"89","138","45.4","44.2",,,"6",,,,,,"22.8","32",,"12.8","160",,,,,,"74.1",,,,,,,,"135","35.0",,,,,,,,,,
"9","세종","성인","일반","56","관리자","3등급","20250203","F","158.5","53","25.9","74.6","79","130","24.1","26.2",,,"26.0",,,,,,"21.1","37",,,"137",,,,,,"49.4",,,,,,,,"145","28.6",,,"0.300",,,,,,,
"1","세종","성인","일반","44","관리자","3등급","20250203","F","161.5","60.5","32.8","83.5","84","138","22.2","25.5",,,"17.0",,,,,,"23.2","27",,,"156",,,,,,"42.1",,,,,,,,"116","32.8",,,"0.367",,,,,,,
"1","성동","성인","일반","61","관리자","3등급","20250203","M","162.3","63.3","25.2",,"80","158","36.2","37.7",,,"16.1",,,,,,"24.0","20",,"13.3","181",,,,,,"59.6",,,,,,,,"85","41.5",,,,,,,,,,
"3","강릉","성인","일반","35","관리자","2등급","20250203","M","180.5","84.6","21.8","91.2","86","135","48.7","54.6",,,"9.5",,,,,,"26.0","50",,,"225",,,,,,"64.5",,,,,,,,"73","46.4",,,"0.304",,,,,,,
"1","북구(광주)","성인","일반","19","관리자","참가","20250203","F","161.5","47.3","26.2","65.4","54","113","18.6","24.8",,,"21.6",,,,,,"18.1","18",,"12.15","170",,,,,,"52.4",,,"118","143","170",,"37.9",,,,,,,,,,,,
"1","구미","성인","일반","45","관리자","3등급","20250203","M","172.7","59.6","11.9","74.1","78","114","43.8","45.9",,,"16.1",,,,,,"20.0","35","30",,"239",,,,,,"77.0",,"39.6",,,,,,,,,,"0.393",,,,,,,
"2","북구(광주)","성인","일반","19","관리자","참가","20250203","M","177","59.4","18.4","72.2","64","115","38.1","39.6",,,"10.2",,,,,,"19.0","32",,,,,,,,,"66.7",,,,,,,,"135","46.5",,,"0.285","0.520",,,,,,
"1","연제","어르신","일반","68","관리자","참가","20250203","M","169.9","70.8","22.7","90.7","84","125","42","41.8",,,"-12.0",,,,,,"24.5",,,,,"20",,"114","4.8","20.8","59.3",,,,,,,,,,,,,,,,,,,"42.0"
"5","KSPO송파","성인","일반","20","관리자","참가","20250203","M","175.6","80.7","16.1",,"69","132","48.4","51.8",,,"14.6",,,,,,"26.2","62","21","9.81","219",,,,,,"64.2",,"36.4",,,,,,,,,,,,,,,,,
"2","KSPO송파","성인","일반","64","관리자","3등급","20250203","M","176.1","70.8","26",,"90","156","41.3","43.8",,,"14.4",,,,,,"22.8","22",,,"182",,,,,,"61.9",,,,,,,,"107","37.0",,,"0.313",,,,,,,
"5","양평","어르신","일반","82","관리자","2등급","20250203","M","156.8","59.4","13.1",,"69","147","28.8","26.6",,,"4.1",,,,,,"24.2",,,,,"16",,"93","6.96","29.5","48.5",,,,,,,,,,,,,,,,,,,"28.8"
"1","서대문","성인","일반","35","관리자","1등급","20250203","F","162.9","56.4","24.4",,"77","117","29.4","30.4",,,"20.3",,,,,,"21.3","32",,,,,,,,,"53.9",,,"95","115","141",,"36.4",,,,,"0.419","0.456",,,,,,
"3","강북","어르신","일반","74","관리자","2등급","20250203","M","151.1","54.90","22.6","79.9","93","150","35.5","33.2",,,"16.1",,,,,,"24.0",,,,,"24",,"109","5.2","21.7","64.7",,,,,,,,,,,,,,,,,,,"35.5"
"1","서대문","성인","일반","60","관리자","2등급","20250203","M","166.3","69.5","25.4",,"94","156","36.3","39.4",,,"16.9",,,,,,"25.1","32",,,,,,,,,"56.7",,,"98","119","137",,"35.3",,,,,"0.444","0.457",,,,,,
"1","사상","성인","일반","30","관리자","3등급","20250203","M","184.5","88.5","19.3","86.5","88","136","42.2","47.5",,,"14.3",,,,,,"26.0","44",,,,,,,,,"53.7",,,,,,,,"127","39.1",,,"0.348","0.534",,,,,,
"2","수원","어르신","일반","77","관리자","3등급","20250203","M","170.7","77.3","31.9","99","71","139","36.7","36.2",,,"-0.5",,,,,,"26.5",,,,,"19",,"83","6","26.9","47.5",,,,,,,,,,,,,,,,,,,"36.7"
"1","수원","성인","일반","61","관리자","참가","20250203","F","151.2","63.5","39.5","91","88","141","21.8","20.9",,,"18.4",,,,,,"27.8","5",,,"177",,,,,,"34.3",,,,,,,,"136","25.5",,,"0.484",,,,,,,
"5","수원","어르신","일반","74","관리자","참가","20250203","F","151.6","53.9","35.9","88","92","147","23.6","25.1",,,"10.7",,,,,,"23.5",,,,,"18",,"93","8.6","33.8","46.6",,,,,,,,,,,,,,,,,,,"25.1"
"1","서구(대전)","성인","일반","19","관리자","참가","20250203","F","164.9","104.5","41",,"94","152","37.4","38.6",,,"12.5",,,,,,"38.4","34","13","11.44","155",,,,,,"36.9",,"23.7",,,,,,,,,,,,,,,,,
"7","KSPO송파별관(어르신)","어르신","일반","72","관리자","1등급","20250203","M","175.1","77.8","26.2",,"98","159","42.2","43.3",,,"11",,,,,,"25.4",,,,,"30",,"131","4.93","20.51","55.7",,,,,,,,,,,,,,,,,,,"43.3"
"1","제주","성인","일반","19","관리자","참가","20250203","M","173.3","93.4","22.1","94.6","83","132","47","48",,,"9.1",,,,,,"31.1","40",,,,,,,,,"51.4",,,"69","104","124","143","45.0",,,,,"0.295","0.539",,,,,,
"3","KSPO송파별관(어르신)","어르신","일반","72","관리자","1등급","20250203","M","173.5","60.7","26.9",,"89","131","39.8","39.9",,,"14.5",,,,,,"20.2",,,,,"33",,"120","4.83","18.27","65.7",,,,,,,,,,,,,,,,,,,"39.9"
"1","KSPO대구","성인","일반","58","관리자","참가","20250203","M","179.1","72.9","23.3","85","84","152","35.6","39.1",,,"-11",,,,,,"22.7","31",,"12.7","181",,,,,,"53.6",,,,,,,,"108","38.1",,,,,,,,,,
"1","안산","어르신","일반","77","관리자","3등급","20250203","M","158.3","58.3","29.8","85","64","163","32.4","33.3",,,"-1.0",,,,,,"23.3",,,,,"35",,"114","4.5","20.7","57.1",,,,,,,,,,,,,,,,,,,"33.3"
"1","성남","성인","일반","19","관리자","참가","20250203","M","175.8","73.7","25.8",,"83","136","37.5","33.4",,,"1.1",,,,,,"23.8","43","40","11.64",,,,,,,"50.9",,"41.9",,,,,,,,,,,"0.490",,,,,,
"1","강북","성인","일반","24","관리자","3등급","20250203","M","168.6","60.20","17.6","72.2","85","150","39.7","42.7",,,"14.4",,,,,,"21.2","45","51","10",,,,,,,"70.9",,"46.2",,,,,,,,,,,"0.566",,,,,,
"1","마포","성인","일반","20","관리자","2등급","20250203","F","166.5","66.4","31.6","78","64","104","38.7","34",,,"17.3",,,,,,"24.0","50",,,"176",,,,,,"58.3",,,,,,,,"96","38.7",,,"0.364",,,,,,,
"6","KSPO대구","성인","일반","30","관리자","2등급","20250203","M","175.9","82.2","22","80.7","66","124","50.8","54.5",,,"13.5",,,,,,"26.6","53",,"10.4","214",,,,,,"66.3",,,,,,,,"85","46.0",,,,,,,,,,
"1","안산","성인","일반","62","관리자","2등급","20250203","M","166.7","60.9","24.3","74","81","123","36.4","37.5",,,"8.0",,,,,,"21.9","32","20","12.1",,,,,,,"61.6",,"35.9",,,,,,,,,,,"0.487",,,,,,
"2","성동","성인","일반","56","관리자","3등급","20250203","F","164.9","58","27.8",,"86","142","27.8","27.8",,,"17.8",,,,,,"21.3","9",,,"151",,,,,,"47.9",,,,,,,,"139","28.7",,,"0.271",,,,,,,
"3","마포","성인","일반","20","관리자","3등급","20250203","M","183.3","90.3","24.4","82","88","149","58.5","65.2",,,"19.3",,,,,,"26.9","63",,,"230",,,,,,"72.2",,,,,,,,"112","43.3",,,"0.344",,,,,,,
"1","세종","성인","일반","51","관리자","참가","20250203","F","161.4","59.4","31.2","80.8","82","129","23.5","24.5",,,"10.5",,,,,,"22.8","12",,,"103",,,,,,"41.2",,,,,,,,"132","29.8",,,"0.457",,,,,,,
"1","달서","성인","일반","50","관리자","참가","20250203","F","166","57.32","37.5","86.4","86","124","23","22.5",,,"11.6",,,,,,"20.8","24",,,"121",,,,,,"40.1",,,,,,,,"134","30.7",,,"0.341",,,,,,,
"1","달서","성인","일반","19","관리자","참가","20250203","M","171.3","95.3","33.7","106.6","89","149","44.6","59.7",,,"1.4",,,,,,"32.5","39",,,"194",,,,,,"62.6",,,,,,,,"118","40.6",,,"0.388",,,,,,,
"1","KSPO광주","청소년","일반","15","관리자","참가","20250203","F","164.9","59.2","28.1","67","60","105","23.3","28.6","19",,"16.9","23.1","0.426","57.002","15","57.692","21.8",,,,,,,,,,"48.3",,,"85","127","160",,"35.0",,,,,,,,,,,,
"5","세종","성인","일반","54","관리자","참가","20250203","F","161.3","56.9","23.9","76.6","72","112","26.9","33.4",,,"22.6",,,,,,"21.9","38",,,"117",,,,,,"58.7",,,,,,,,"151","27.6",,,"0.370",,,,,,,
"7","성남","성인","일반","19","관리자","참가","20250203","M","174.9","62.4","17.6",,"72","115","33.2","40.9",,,"-5.5",,,,,,"20.4","47","41","10.49",,,,,,,"65.5",,"43.8",,,,,,,,,,,"0.547",,,,,,
"1","KSPO광주","청소년","일반","13","관리자","참가","20250203","F","157.9","58.9","31.5","67","66","115","21","24.9",,"23","10.8","22.16","0.423","55.049","9","55.463","23.6",,,,,,,,,,"42.3",,,"87","130","167",,"31.8",,,,,,,,,,,,
"2","KSPO송파별관(어르신)","어르신","일반","67","관리자","3등급","20250203","M","168.5","70.6","26.3",,"86","145","43.8","42.9",,,"6.2",,,,,,"24.9",,,,,"34",,"156","4.31","16.82","62.0",,,,,,,,,,,,,,,,,,,"43.8"
"1","중구(서울)","성인","출장","64","관리자","참가","20250203","F","153.9","73.8","48.3","113.3","75","126","19.4","21.3",,,"-8.3",,,,,,"31.2","0","7",,,,,,,,"28.9",,"24.8",,,,,,,,,,"0.608","0.35",,,,,,
"1","사천","성인","일반","19","관리자","2등급","20250203","M","168.1","61.7","15","76.9","70","120","43.9","47.2",,,"15.3",,,,,,"21.8","52","63",,"225",,,,,,"76.5",,"49.2",,,,,,,,,,"0.353",,,,,,,
"8","동구(광주)","어르신","일반","79","관리자","2등급","20250203","M","158","62.2","26.8","81.4","73","145","34.2","32.7",,,"17.2",,,,,,"24.9",,,,,"22",,"111","6.27","26.92","55.0",,,,,,,,,,,,,,,,,,,"34.2"
"1","중구(서울)","성인","출장","47","관리자","참가","20250203","F","164.8","67.2","27.5","85.6","82","117","23.6","27.4",,,"-3.7",,,,,,"24.7","23","15",,,,,,,,"40.8",,"29.2",,,,,,,,,,"0.434","0.358",,,,,,
"1","제주","성인","일반","19","관리자","참가","20250203","M","184.7","85","15.8","84.3","82","155","34.7","36.9",,,,,,,,,"24.9","28","1",,,,,,,,"43.4",,"31.0",,,,,,,,,,"0.304","0.576",,,,,,
"1","진천","성인","일반","34","관리자","참가","20250203","M","179.9","85.3","28.8","89","73","124","38","39.9",,,"-2.3",,,,,,"26.4","30",,"13.1",,,,,,,"46.8",,,"74","100","116","146","43.5",,,,,,"0.476",,,,,,
"5","마포","성인","일반","64","관리자","1등급","20250203","M","161","63.4","22.2","76","85","153","45.2","47.5",,,"22.4",,,,,,"24.5","37",,,"183",,,,,,"74.9",,,,,,,,"113","36.6",,,"0.327",,,,,,,
"1","성동","성인","일반","20","관리자","참가","20250203","M","175.5","70.6","23.4",,"86","138","44.2","47.9",,,"5",,,,,,"22.9","24",,,"223",,,,,,"67.8",,,"98","129","166","199","38.6",,,,,"0.346",,,,,,,
"1","중구(서울)","성인","출장","62","관리자","참가","20250203","F","156.9","68.9","39","97.4","99","147","25.1","23.7",,,"5.9",,,,,,"28.0","0","8",,,,,,,,"36.4",,"26.1",,,,,,,,,,"0.431","0.299",,,,,,
"1","제주","성인","일반","19","관리자","참가","20250203","M","176.8","54.2","11.8","73.2","71","121","32.5","38",,,"-16.2",,,,,,"17.3","24","6",,"194",,,,,,"70.1",,"36.8",,,,,,,,,,"0.384",,,,,,,
"4","연제","성인","일반","25","관리자","2등급","20250203","M","178.4","73.5","18.2",,"72","125","42.3","43.9",,,"10.2",,,,,,"23.1","51",,"10.3","217",,,,,,"59.7",,,,,,,,"110","45.7",,,,,,,,,,
"1","중구(서울)","성인","출장","60","관리자","참가","20250203","F","151.7","57.8","38.7","85.5","60","110","24.3","25",,,"7.1",,,,,,"25.1","10","13",,,,,,,,"43.3",,"29.4",,,,,,,,,,"0.456","0.368",,,,,,
"2","사상","성인","일반","19","관리자","3등급","20250203","M","177.5","70.7","13.2","73.5","70","125","45","47.3",,,"18.5",,,,,,"22.4","47",,"10","216",,,,,,"66.9",,,,,,,,"93","50.2",,,,,,,,,,
"1","창원","성인","일반","19","관리자","2등급","20250203","M","179.1","60.3","12.4","68","73","133","39.6","49.7",,,"19",,,,,,"18.8","49","53",,"229",,,,,,"82.4",,"46.9",,,,,,,,,,"0.304",,,,,,,
"1","중구(서울)","성인","출장","50","관리자","참가","20250203","F","160.5","76.2","43","98.8","64","110","23.4","22.6",,,"11.1",,,,,,"29.6","12","13",,,,,,,,"30.7",,"26.9",,,,,,,,,,"0.564","0.354",,,,,,
"1","중구(서울)","성인","출장","54","관리자","참가","20250203","F","162.1","91","46.7","119.2","61","116","23.4","26.1",,,"2.4",,,,,,"34.6","0","5",,,,,,,,"28.7",,"22.0",,,,,,,,,,"0.34","0.297",,,,,,
"1","KSPO송파","성인","일반","32","관리자","참가","20250203","F","165.4","48.2","20",,"54","110","25.6","29.9",,,"11.1",,,,,,"17.6","17",,,"167",,,,,,"62.0",,,,,,,,"131","36.6",,,"0.369",,,,,,,
"2","동작","성인","일반","64","관리자","1등급","20250203","M","167.1","57.5","15.2","78","77","151","40.4","46.7",,,"18.7",,,,,,"20.6","34",,,"195",,,,,,"81.2",,,,,,,,"102","40.0",,,"0.411",,,,,,,
"1","중구(서울)","성인","출장","61","관리자","참가","20250203","M","182.7","96.7","33.7","107","69","114","37","36.4",,,"4.8",,,,,,"29.0","15","12",,,,,,,,"38.3",,"28.5",,,,,,,,,,"0.4","0.441",,,,,,
"3","태백","성인","일반","19","관리자","3등급","20250203","M","172","73.5","21.5","81","72","116","43.5","51.3",,,"22.4",,,,,,"24.8","42",,,"220",,,,,,"69.8",,,,,,,,"107","47.1",,,"0.336",,,,,,,
"4","포항","성인","일반","19","관리자","2등급","20250203","M","172.8","60.8","11.9",,"94","143","37.8","46.6",,,"24.7",,,,,,"20.4","58","53",,"225",,,,,,"76.6",,"46.9",,,,,,,,,,"0.305",,,,,,,
"3","동작","성인","일반","19","관리자","참가","20250203","M","171.5","62.9","26.1","76","88","130","36.7","40",,,"22.9",,,,,,"21.4","29",,,"206",,,,,,"63.6",,,,,,,,"134","45.5",,,"0.278",,,,,,,
"2","중구(서울)","성인","출장","50","관리자","참가","20250203","M","167.2","85.2","29.3","99.7","89","133",,"58.4",,,"-7.3",,,,,,"30.5","22","28",,,,,,,,"68.5",,"35.2",,,,,,,,,,"0.37","0.534",,,,,,
"1","화성","어르신","일반","68","관리자","1등급","20250203","M","161","62.9","20.7",,"77","140","34.4","35.5",,,"19.1",,,,,,"24.3",,,,,"29",,"126","5.12","18.19","56.4",,,,,,,,,,,,,,,,,,,"35.5"
"3","성동","성인","일반","20","관리자","3등급","20250203","M","170.7","59.8","16.9",,"65","126","44.2","46.8",,,"12.5",,,,,,"20.5","50","43","9.68","235",,,,,,"78.3",,"44.7",,,,,,,,,,,,,,,,,
"1","중구(서울)","성인","출장","62","관리자","3등급","20250203","M","175.3","77.6","23.1","94.6","73","139","37.5","38.7",,,"12.3",,,,,,"25.3","29","21",,,,,,,,"49.9",,"33.5",,,,,,,,,,"0.458","0.494",,,,,,
"5","오산","성인","일반","19","관리자","참가","20250203","M","167.8","61.2","26.1","85.7","89","145","32.4","33.3",,,"12.9",,,,,,"21.7","36",,,"189",,,,,,"54.4",,,,,,,,"136","45.3",,,"0.355",,,,,,,
"1","중구(서울)","성인","출장","47","관리자","참가","20250203","F","160.1","77.1","42.7","104","82","136","23.1","21.3",,,"-5.6",,,,,,"30.1","3","10",,,,,,,,"30.0",,"26.0",,,,,,,,,,"0.317","0.386",,,,,,
"1","중구(서울)","성인","출장","62","관리자","참가","20250203","M","173.9","76.6","28.1","96.8","80","156","36.7","35.7",,,"-1.3",,,,,,"25.3","15","20",,,,,,,,"47.9",,"33.4",,,,,,,,,,"0.403","0.348",,,,,,
"2","오산","성인","일반","19","관리자","3등급","20250203","M","174.2","71.9","16.4","83.1","89","136","42.1","40.1",,,"17.5",,,,,,"23.7","47","52",,"251",,,,,,"58.6",,"45.0",,,,,,,,,,"0.296",,,,,,,
"1","중구(서울)","성인","출장","61","관리자","참가","20250203","F","156.1","69.8","44.5","91.7","79","125","24","25.3",,,"8.1",,,,,,"28.6","12","8",,,,,,,,"36.2",,"25.9",,,,,,,,,,"0.509","0.34",,,,,,
"4","청주","성인","일반","21","관리자","2등급","20250203","M","180","70.9","9.9","75.8","75","128","40.5","47.1",,,"18",,,,,,"21.9","51",,,"234",,,,,,"66.4",,,,,,,,"107","47.8",,,"0.339",,,,,,,
"1","전주","유아기","일반","82","관리자","참가","20250203","M","124","31.6",,,,,"14.5","15","1",,"4.5",,,,,,"20.6",,"0",,"82",,,,,,"47.5",,,,,,,,,,,,,,,,,"11.07","17.79",
"4","세종","성인","일반","19","관리자","3등급","20250203","M","168.4","66.6","11.9","70.3","62","108","40.9","43.7",,,"18.0",,,,,,"23.5","46","62","10.02","241",,,,,,"65.6",,"48.3",,,,,,,,,,,,,,,,,
"2","KSPO대구","성인","일반","22","관리자","참가","20250203","M","168.2","51.7","13.6","70.5","70","131","29.2","33.9",,,"18.1",,,,,,"18.3","59","35","9.8",,,,,,,"65.6",,"43.9",,,,,,,,,,,"0.553",,,,,,
"1","중구(서울)","성인","출장","51","관리자","참가","20250203","F","158.4","97","52.7","117.2","99","145","16.5","12.2",,,"14.8",,,,,,"38.7","3","4",,,,,,,,"17.0",,"20.8",,,,,,,,,,"0.503","0.288",,,,,,
"1","KSPO대구","성인","일반","19","관리자","참가","20250203","M","172.8","85.8","23.3","88","70","151","53.6","57",,,"17",,,,,,"28.7","46","40","9.9","213",,,,,,"66.4",,"40.2",,,,,,,,,,,,,,,,,
"2","강북","어르신","일반","69","관리자","3등급","20250203","M","171.3","73.30","28.8","91","83","154","36.2","41.4",,,"15.4",,,,,,"25.0",,,,,"27",,"104","4.8","20.6","56.5",,,,,,,,,,,,,,,,,,,"41.4"
"1","중구(서울)","성인","출장","59","관리자","참가","20250203","F","154.6","67.9","47.3","97.3","68","134","18.8","19.9",,,"16.6",,,,,,"28.4","11","1",,,,,,,,"29.3",,"24.2",,,,,,,,,,"0.5","0.323",,,,,,
"1","남구(울산)","청소년","일반","18","관리자","참가","20250203","M","169.1","72.9","19.4","82.9","81","147","32.2","40.1","37",,"-3.7","21.91","0.552","65.838","8","66.206","25.5",,,,,,,,,,"55.0",,,"69","95","108",,"49.6",,,,,,,,,,,,
"1","중구(서울)","성인","출장","55","관리자","참가","20250203","F","152.2","61.3","40.3","91.8","73","132","13.1","20",,,"-5.9",,,,,,"26.5","10","7",,,,,,,,"32.6",,"27.2",,,,,,,,,,"0.432","0.395",,,,,,
"2","마포","성인","일반","21","관리자","3등급","20250203","M","183.4","95.1","23.1","86","76","149","53","56.4",,,"14.6",,,,,,"28.3","50","50",,,,,,,,"59.3",,"40.8",,,,,,,,,,"0.320","0.615",,,,,,
"1","중구(서울)","성인","출장","61","관리자","참가","20250203","M","158.7","78.3","36.1","106.8","86","138","35","35.1",,,"-4.5",,,,,,"31.1","26","13",,,,,,,,"44.8",,"31.9",,,,,,,,,,"0.397","0.396",,,,,,
"1","포항","성인","일반","20","관리자","3등급","20250203","M","179.3","65.4","9.0",,"66","128","35.5","40.4",,,"9.1",,,,,,"20.3","52","59",,"262",,,,,,"61.8",,"47.4",,,,,,,,,,"0.313",,,,,,,
"1","중구(서울)","성인","출장","62","관리자","참가","20250203","F","154.6","78.8","43.4","97.2","82","140","23.2","20",,,"13.3",,,,,,"33.0","0","3",,,,,,,,"29.4",,"22.9",,,,,,,,,,"0.584","0.306",,,,,,
"1","중구(서울)","성인","출장","58","관리자","참가","20250203","F","153.3","56.3","34.1","87.5","79","148","22.9","25.5",,,"8.1",,,,,,"24.0","2","12",,,,,,,,"45.3",,"29.4",,,,,,,,,,"0.508","0.358",,,,,,
"1","나주","성인","일반","21","관리자","참가","20250203","M","169.1","66.9","18.7","77","97","154","29.7","32.6",,,"4.4",,,,,,"23.4","38",,,"218",,,,,,"48.7",,,,,,,,"91","50.2",,,"0.301",,,,,,,
"1","중구(서울)","성인","출장","63","관리자","참가","20250203","F","160.6","65.6","38.6","92.5","67","120","14","17.5",,,"7.7",,,,,,"25.4","4","5",,,,,,,,"26.7",,"25.7",,,,,,,,,,"0.602","0.336",,,,,,
"2","중구(서울)","성인","출장","61","관리자","참가","20250203","F","166","67.4","32","91","71","116","17","18.1",,,"15",,,,,,"24.5","7","8",,,,,,,,"26.9",,"26.5",,,,,,,,,,"0.367","0.315",,,,,,
"2","수원","어르신","일반","65","관리자","3등급","20250203","F","157.8","55","26.9","86","86","136","22.5","30.3",,,"21.9",,,,,,"22.1",,,,,"22",,"99","5.4","24.2","55.1",,,,,,,,,,,,,,,,,,,"30.3"
"2","북구(광주)","성인","일반","20","관리자","2등급","20250203","M","174.3","78.2","26.8","90.2","86","131","49","39.0",,,"17.2",,,,,,"25.7","55",,"9.98","218",,,,,,"62.7",,,,,,,,"106","46.2",,,,,,,,,,
"1","서구(대전)","성인","일반","20","관리자","참가","20250203","M","178.1","72.2","22.5",,"78","115","46.8","39.9",,,"17.1",,,,,,"22.8","36","42",,"233",,,,,,"64.8",,"42.5",,,,,,,,,,"0.319",,,,,,,
"1","춘천","성인","일반","26","관리자","참가","20250203","F","166.9","70.6","38.6","90.9","57","125","32.5","33.2",,,"14.4",,,,,,"25.3","24",,,"110",,,,,,"47.0",,,,,,,,"146","30.5",,,"0.431",,,,,,,
"1","곡성","성인","일반","59","관리자","참가","20250203","M","173.7","64.2","20","76.6","72","128","27","30.6",,,"12.3",,,,,,"21.3","17","15","14.06",,,,,,,"47.7",,"34.3",,,,,,,,,,,"0.402",,,,,,
"2","곡성","성인","일반","45","관리자","참가","20250203","M","164.8","65.9","36.5","89.1","93","144","33.2","37.7",,,"2.9",,,,,,"24.3","17","11","13.81",,,,,,,"57.2",,"34.4",,,,,,,,,,,"0.403",,,,,,
"1","광주","어르신","출장","71","관리자","참가","20250203","F","158","60.9","37.3",,"95","152","16.4","18.6",,,"18",,,,,,"24.4",,,,,"23",,"116","7.93","32.18","30.5",,,,,,,,,,,,,,,,,,,"18.6"
"1","곡성","성인","일반","47","관리자","참가","20250203","F","155.2","59.9","38.9","84.1","61","113","20.1","20.8",,,"9.7",,,,,,"24.9","6","5","18.12",,,,,,,"34.7",,"27.1",,,,,,,,,,,"0.377",,,,,,
"2","춘천","성인","일반","22","관리자","3등급","20250203","M","183.2","75.4","21.6","74.2","78","133","48.1","52.3",,,"20.7",,,,,,"22.5","45","53","10.07","227",,,,,,"69.4",,"44.3",,,,,,,,,,,,,,,,,
"1","곡성","성인","일반","44","관리자","참가","20250203","F","165.6","74.7","39.3","93.2","77","129","30.1","25.6",,,"7.4",,,,,,"27.2","12","13","13.48",,,,,,,"40.3",,"27.5",,,,,,,,,,,"0.427",,,,,,
"1","곡성","성인","일반","49","관리자","참가","20250203","F","157.5","107.9","51.4","120.9","61","113","10.6","16",,,"5.7",,,,,,"43.5","0","5","21.38",,,,,,,"14.8",,"19.4",,,,,,,,,,,"0.353",,,,,,
"1","서대문","성인","일반","40","관리자","참가","20250203","M","174.8","73.1","20.2",,"91","140","47.4","48.3",,,"7.4",,,,,,"23.9","30",,,,,,,,,"66.1",,,,,,,,"109","42.0",,,"0.321","0.553",,,,,,
"1","양평","청소년","일반","18","관리자","2등급","20250203","M","173.6","76.4","16.8",,"97","137","47.3","46.4","41",,"17.5","18.4","0.670","42.424","4","42.608","25.4",,"50",,,,,,,,"61.9",,"43.0",,,,,,,,,,,,,,,,,
"1","서대문","성인","일반","20","관리자","3등급","20250203","M","174.4","63.8","15.7",,"96","156","44.3","53.7",,,"10.2",,,,,,"21.0","42",,,,,,,,,"84.2",,,,,,,,"129","46.0",,,"0.392","0.571",,,,,,
"2","곡성","성인","일반","29","관리자","참가","20250203","F","163.5","57.9","34.9","82.9","61","103","21","20",,,"-5",,,,,,"21.7","12","8","20.09",,,,,,,"36.3",,"29.2",,,,,,,,,,,"0.365",,,,,,
"1","곡성","성인","일반","20","관리자","참가","20250203","M","157.8","70.8","30.2","88.7","90","130","20.7","22",,,"6.6",,,,,,"28.4","42","29","13.13",,,,,,,"31.1",,"40.1",,,,,,,,,,,"0.477",,,,,,
"3","곡성","성인","일반","27","관리자","참가","20250203","F","156.7","44.5","30.2","67.6","59","98","18.6","23.3",,,"0.2",,,,,,"18.1","25","18","16.66",,,,,,,"52.4",,"34.4",,,,,,,,,,,"0.415",,,,,,
"1","곡성","성인","일반","44","관리자","참가","20250203","F","165.4","78.2","36.7","92","67","119","26.6","28.2",,,"28",,,,,,"28.6","33","15","14.88",,,,,,,"36.1",,"27.6",,,,,,,,,,,"0.377",,,,,,
"2","동작","성인","일반","19","관리자","3등급","20250203","M","181.9","65.2","13.3","71.1","79","135","47.7","52.7",,,"9.3",,,,,,"19.7","52",,,"228",,,,,,"80.8",,,,,,,,"110","49.3",,,"0.348",,,,,,,
"2","화성","성인","일반","21","관리자","참가","20250203","M","172.6","73.4","14.7",,"92","150","39","39.4",,,"11.4",,,,,,"24.6","38",,,"217",,,,,,"53.7",,,,,,,,"115","45.5",,,"0.38",,,,,,,
"1","곡성","성인","일반","21","관리자","참가","20250203","M","170.9","77.6","24.8","88.6","85","156","30.7","35.2",,,"14.4",,,,,,"26.6","20","41","10.22",,,,,,,"45.4",,"41.5",,,,,,,,,,,"0.539",,,,,,
"1","곡성","성인","일반","44","관리자","참가","20250203","M","154.6","73.5","33.8","97.2","65","103","11.9","15.4",,,"7.2",,,,,,"30.8","16","5","20.96",,,,,,,"21.0",,"32.2",,,,,,,,,,,"0.279",,,,,,
"1","곡성","성인","일반","21","관리자","참가","20250203","F","144.8","44.8","33.6","69","73","115","10.9","17.9",,,"-3.5",,,,,,"21.4","27","11","14.1",,,,,,,"40.0",,"32.2",,,,,,,,,,,"0.378",,,,,,
"1","곡성","성인","일반","54","관리자","참가","20250203","F","160.1","62.1","36.5","86.8","80","143","28.6","32.5",,,"15.8",,,,,,"24.2","10","9","14.98",,,,,,,"52.3",,"27.8",,,,,,,,,,,"0.403",,,,,,
"1","수원","성인","일반","58","관리자","3등급","20250203","F","163.3","61","27","70","90","144","29.3","28.7",,,"24.1",,,,,,"22.9","26",,,"145",,,,,,"48.0",,,"105","133","157",,"29.6",,,,,"0.464",,,,,,,
"4","마포","성인","일반","26","관리자","3등급","20250203","M","178","70.2","18.7","72","65","116","44.9","45.8",,,"17.3",,,,,,"22.2","43",,,"230",,,,,,"65.2",,,,,,,,"134","42.6",,,"0.334",,,,,,,
"1","KSPO송파","성인","일반","33","관리자","3등급","20250203","F","155.4","51.9","30",,"62","97","17.7","21.7",,,"12.7",,,,,,"21.5","32",,,"154",,,,,,"41.8",,,,,,,,"138","33.7",,,"0.358",,,,,,,
"1","수원","성인","일반","19","관리자","2등급","20250203","M","174","78.1","20.4","84","78","132","51.1","55.5",,,"19.7",,,,,,"25.8","50",,,"235",,,,,,"71.1",,,"68","107","120",,"49.3",,,,,"0.478",,,,,,,
"2","곡성","성인","일반","21","관리자","참가","20250203","F","161.1","68.6","45.4","91.9","77","115","16.1","19.5",,,"18.5",,,,,,"26.4","2","13","14.62",,,,,,,"28.4",,"29.3",,,,,,,,,,,"0.403",,,,,,
"3","마포","성인","일반","26","관리자","1등급","20250203","F","167.2","53.2","22","61","64","122","31","30.9",,,"22.8",,,,,,"19.0","51",,,"189",,,,,,"58.3",,,,,,,,"116","38.5",,,"0.344",,,,,,,
"10","동구(광주)","성인","일반","58","관리자","3등급","20250203","F","150.8","53.1","33.4","77","77","128","18.7","17.1",,,"22.4",,,,,,"23.4","25",,,"121",,,,,,"35.2",,,"93","112","135",,"32.9",,,,,"0.415",,,,,,,
"3","스포원(금정)","성인","일반","20","관리자","3등급","20250203","M","174.5","68.2","19.5",,"63","127","46.5","50.2",,,"7.3",,,,,,"22.4","47","57","9.9","212",,,,,,"73.6",,"46.7",,,,,,,,,,,,,,,,,
"7","오산","성인","일반","61","관리자","참가","20250203","F","163.5","66","41.6","91.3","93","144","28.4","28.3",,,"17.1",,,,,,"24.7","20",,,,,,,,,"43.0",,,"95","135","165",,"26.8",,,,,"0.356","0.365",,,,,,
"9","화성","어르신","일반","68","관리자","3등급","20250203","F","146","61.1","44",,"95","157","21.7","20.8",,,"20.8",,,,,,"28.7",,,,,"24",,"96","6","23.1","35.5",,,,,,,,,,,,,,,,,,,"21.7"
"1","곡성","성인","일반","48","관리자","3등급","20250203","F","153","48.4","26.1","71.3","76","156","27.6","27.3",,,"12.6",,,,,,"20.7","27","23","13.61",,,,,,,"57.0",,"34.4",,,,,,,,,,,"0.477",,,,,,
"1","KSPO송파","성인","일반","26","관리자","참가","20250203","M","189.5","90.7","24",,"90","157","49.7","54.5",,,"-1",,,,,,"25.3","40",,,"228",,,,,,"60.1",,,,,,,,"154","36.0",,,"0.311",,,,,,,
"1","곡성","성인","일반","49","관리자","참가","20250203","F","158","88.3","51.8","116.8","85","135","16","20.6",,,"6.1",,,,,,"35.4","0","2","24.70",,,,,,,"23.3",,"21.6",,,,,,,,,,,"0.278",,,,,,
"1","동작","성인","일반","26","관리자","참가","20250203","M","169.4","99.5","40.5","105","76","114","29.4","35.7",,,"-1.7",,,,,,"34.7","50","30",,"180",,,,,,"35.9",,"35.4",,,,,,,,,,"0.357",,,,,,,
"1","곡성","성인","일반","43","관리자","참가","20250203","F","166.4","57","31.7","77.4","76","114","22.9","0",,,"13.1",,,,,,"20.6","23","8","16.68",,,,,,,"40.2",,"28.9",,,,,,,,,,,"0.341",,,,,,
"1","곡성","성인","일반","50","관리자","참가","20250203","M","166.7","94.4","38.6","108.3","78","123","16.3","14.4",,,"-3.2",,,,,,"34.0","8","7","18.08",,,,,,,"17.3",,"28.9",,,,,,,,,,,"0.390",,,,,,
"6","동구(광주)","성인","일반","19","관리자","2등급","20250203","M","173","69.4","18.4","70","71","128","36.6","46.5",,,"13",,,,,,"23.2","72","54","9.75","232",,,,,,"67.0",,"45.9",,,,,,,,,,,,,,,,,
"1","연제","성인","일반","62","관리자","1등급","20250203","F","159.6","49.7","20.1",,"59","123","23.7","23.1",,,"23.9",,,,,,"19.5","31",,"13.7","143",,,,,,"47.7",,,,,,,,"107","33.1",,,,,,,,,,
"1","곡성","성인","일반","23","관리자","참가","20250203","F","156.1","64.8","37.2","86.8","79","122","37","35",,,"22.8",,,,,,"26.6","20","17","12.63",,,,,,,"57.1",,"31.0",,,,,,,,,,,"0.477",,,,,,
"1","곡성","성인","일반","23","관리자","참가","20250203","F","158.3","47.9","30.4","77.4","68","103","21.2","22.6",,,"19.2",,,,,,"19.1","26","17","13.99",,,,,,,"47.2",,"33.7",,,,,,,,,,,"0.402",,,,,,
"1","KSPO송파","성인","일반","28","관리자","참가","20250203","M","167.6","87.3","31.3",,"77","120","38.2","38.9",,,"-7.6",,,,,,"31.1","35",,,"197",,,,,,"44.6",,,,,,,,"159","33.9",,,"0.522",,,,,,,
"1","마포","성인","일반","59","관리자","2등급","20250203","F","157.6","57.8","28.4","75","97","123","30.3","30.3",,,"24.8",,,,,,"23.3","19",,,"137",,,,,,"52.4",,,,,,,,"120","29.9",,,"0.316",,,,,,,
"3","부천","어르신","일반","67","관리자","3등급","20250203","F","155.8","58.7","38.9",,"80","141","26.5","29",,,"12.5",,,,,,"24.2",,,,,"24",,"132","4.50","17.53","49.4",,,,,,,,,,,,,,,,,,,"29.0"
"1","의정부","성인","일반","60","관리자","참가","20250203","M","167.5","79.2","35.5","101.7","65","120","37.5","39.5",,,"-7.7",,,,,,"28.2","0",,,,,,,,,"49.9",,,,,,,,"124","32.9",,,"0.318","0.391",,,,,,
"2","광주","어르신","출장","77","관리자","3등급","20250203","F","149","59.1","32.6",,"78","134","15.2","19.1",,,"21",,,,,,"26.6",,,,,"20",,"110","7.55","32.87","32.3",,,,,,,,,,,,,,,,,,,"19.1"
"1","서구(대전)","성인","일반","20","관리자","참가","20250203","M","176.7","80.8","22.2",,"76","126","44.8","52.7",,,"3.2",,,,,,"25.9","40",,,"226",,,,,,"65.2",,,,,,,,"103","46.2",,,"0.278",,,,,,,
"2","제주","성인","일반","19","관리자","참가","20250203","M","176.1","72.3","17.1","90.6","84","150","44","49.4",,,"8.2",,,,,,"23.3","40","43","10.6",,,,,,,"68.3",,"42.8",,,,,,,,,,,"0.576",,,,,,
"1","창원","성인","일반","34","관리자","참가","20250203","M","168.9","67.4","33.4","77","75","138","42.4","43.5",,,"-9.7",,,,,,"23.6","48",,,"200",,,,,,"64.5",,,"104","125","154","163","40.9",,,,,"0.400",,,,,,,
"1","성동","성인","일반","45","관리자","3등급","20250203","M","177.8","76.8","18.9",,"86","130","38.7","50.8",,,"7.7",,,,,,"24.3","30",,,"198",,,,,,"66.1",,,,,,,,"128","37.4",,,"0.298",,,,,,,
"2","제주","성인","일반","20","관리자","참가","20250203","M","170.6","57.3","14.5","78.8","92","141","28","29",,,"19",,,,,,"19.7","50","37","10.8","214",,,,,,"50.6",,"43.7",,,,,,,,,,,,,,,,,
"1","연제","청소년","일반","18","관리자","참가","20250203","M","170.5","82.6","25.0",,"84","125","31.2","40.2",,"25","9.7","22.42","0.490","60.428","6","60.704","28.4",,"24",,,,,,,,"48.7",,"36.3",,,,,,,,,,,,,,,,,
"1","오산","어르신","일반","65","관리자","참가","20250203","M","172.2","63.7","19.4","81.5","79","132","32.9","39.1",,,"-2.6",,,,,,"21.5",,,,,"16",,"94","5.65","23.84","61.4",,,,,,,,,,,,,,,,,,,"39.1"
"2","성동","성인","일반","21","관리자","3등급","20250203","M","171.9","71.5","21.6",,"86","148","43.1","45.9",,,"6.1",,,,,,"24.2","55","52",,"227",,,,,,"64.2",,"45.0",,,,,,,,,,"0.311",,,,,,,
"1","부천","성인","일반","60","관리자","참가","20250203","M","181.2","87.6","31.5",,"94","156","38.9","42.7",,,"-3.7",,,,,,"26.7","31","24","12.38","184",,,,,,"48.7",,"32.8",,,,,,,,,,,,,,,,,
"3","서구(광주)","성인","일반","19","관리자","참가","20250203","M","173.3","87.7","28","94.5","82","140","37.2","51.3",,,"13",,,,,,"29.2","48","41",,,,,,,,"58.5",,"40.2",,,,,,,,,,"0.343","0.596",,,,,,
"2","부천","성인","일반","19","관리자","2등급","20250203","M","177.8","74.3","17.5",,"65","118","52.2","55.7",,,"12.2",,,,,,"23.5","56","63",,,,,,,,"75.0",,"47.2",,,,,,,,,,"0.292","0.577",,,,,,
"4","안동","성인","일반","19","관리자","3등급","20250203","M","179","81.2","22.3","88","78","137","48.6","51.9",,,"11.4",,,,,,"25.3","42","47",,,,,,,,"63.9",,"42.4",,,,,,,,,,"0.310","0.564",,,,,,
"1","창원","성인","일반","19","관리자","3등급","20250203","M","176.3","63.4","16.9","78","85","136","32.3","36.5",,,"17.7",,,,,,"20.4","42",,,"229",,,,,,"57.6",,,,,,,,"152","43.1",,,"0.377",,,,,,,
"3","부천","성인","일반","20","관리자","2등급","20250203","M","180.5","77.5","19.3",,"70","131","48","53.3",,,"16.5",,,,,,"23.8","50","63",,,,,,,,"68.8",,"46.6",,,,,,,,,,"0.322","0.675",,,,,,
"3","천안","성인","일반","50","관리자","2등급","20250203","F","151.9","48.8","35.3",,"72","120","20.5","23.2",,,"17.6",,,,,,"21.1","24",,,"89",,,,,,"47.5",,,"87","110","123",,"37.8",,,,,"0.337",,,,,,,
"1","창원","성인","일반","19","관리자","참가","20250203","M","181.4","98.7","28.6","101","79","129","28.3","36.4",,,"29.8",,,,,,"30.0","47",,,"205",,,,,,"36.9",,,,,,,,"122","40.0",,,"0.298",,,,,,,
"1","KSPO송파별관(어르신)","어르신","일반","75","관리자","참가","20250203","F","161","59","25.5",,"63","133","25.2","26.7",,,,,,,,,"22.8",,,,,"38",,"121","4.4","18.2","45.3",,,,,,,,,,,,,,,,,,,"26.7"
"2","KSPO송파별관(어르신)","어르신","일반","67","관리자","1등급","20250203","M","174.7","78.9","27.2",,"72","138","38.2","45.4",,,"15.4",,,,,,"25.9",,,,,"33",,"126","4.44","18.7","57.5",,,,,,,,,,,,,,,,,,,"45.4"
"1","포천","성인","일반","23","관리자","2등급","20250203","M","168.7","60.6","13.4","69","74","126","39.1","43.6",,,"11.3",,,,,,"21.3","59","62","9.42","240",,,,,,"71.9",,"48.8",,,,,,,,,,,,,,,,,
"1","사상","성인","일반","26","관리자","참가","20250203","F","161.4","49.8","27.5","66.6","87","125","22.2","26.6",,,"11.1",,,,,,"19.1","15",,,"145",,,,,,"53.4",,,,,,,,"131","37.0",,,"0.362",,,,,,,
"1","중구(서울)","성인","일반","28","관리자","참가","20250203","M","180.3","82.2","22.9","97.5","96","158","48.9","50.2",,,"3",,,,,,"25.3","34",,,,,,,,,"61.1",,,,,,,,"156","36.4",,,"0.326","0.578",,,,,,
"1","의정부","청소년","일반","18","관리자","3등급","20250203","M","175.1","60.8","14.6","76.7","89","140","39.7","37.1","42",,"6.5","17.07","0.583","47.870","11","48.376","19.8",,"50",,,,,,,,"65.3",,"46.0",,,,,,,,,,,,,,,,,
"3","KSPO송파","성인","일반","22","관리자","2등급","20250203","M","178","80.9","16.4",,"62","126","50.1","52.6",,,"22",,,,,,"25.5","48","54",,"236",,,,,,"65.0",,"43.9",,,,,,,,,,"0.311",,,,,,,
"2","KSPO송파","성인","일반","64","관리자","참가","20250203","M","170.6","58.9","12.3",,"63","107","40.9","43.3",,,"1.2",,,,,,"20.2","11","31",,,,,,,,"73.5",,"38.5",,,,,,,,,,"0.385","0.465",,,,,,
"6","광주","어르신","출장","76","관리자","2등급","20250203","F","159","64.2","39.4",,"85","139","20.7","20.4",,,"18",,,,,,"25.4",,,,,"20",,"106","6.17","29.63","32.2",,,,,,,,,,,,,,,,,,,"20.7"
"1","증평","성인","일반","43","관리자","2등급","20250203","M","169.4","73.6","16.6","78.4","63","122","42.3","45.2",,,"14.6",,,,,,"25.6","42",,"10.7","206",,,,,,"61.4",,,,,,,,"97","42.5",,,,,,,,,,
"2","사하","성인","일반","19","관리자","참가","20250203","M","183.2","86.8","26.6","101.5","85","146","44.5","40.8",,,"13.3",,,,,,"25.9","46",,,"207",,,,,,"51.3",,,,,,,,"126","42.2",,,"0.306",,,,,,,
"2","KSPO대구","성인","일반","19","관리자","1등급","20250203","M","169.1","64","16","69","69","133","39.1","47.3",,,"21.2",,,,,,"22.4","60",,"10.7","234",,,,,,"73.9",,,,,,,,"107","49.0",,,,,,,,,,
"4","중구(서울)","성인","일반","20","관리자","3등급","20250203","M","171.7","65.3","20.8","78.2","69","123","41.5","52.1",,,"11.3",,,,,,"22.1","46",,,"183",,,,,,"79.8",,,,,,,,"121","46.6",,,"0.383",,,,,,,
"1","중구(서울)","성인","일반","28","관리자","참가","20250203","M","166.7","77.4","22.3","89","87","138","43.9","45.2",,,"-3.6",,,,,,"27.9","43",,,,,,,,,"58.4",,,,,,,,"98","45.0",,,"0.398","0.572",,,,,,
"4","중구(서울)","성인","일반","20","관리자","2등급","20250203","M","175.4","67.6","21","80","64","119","39.9","40.5",,,"11.4",,,,,,"22.0","51",,,,,,,,,"59.9",,,"92","114","139","167","46.0",,,,,"0.338","0.598",,,,,,
"1","부천","성인","일반","19","관리자","참가","20250203","M","167.8","57.1","12.5",,"57","107","35.8","35",,,"16.4",,,,,,"20.3","40",,,"234",,,,,,"62.7",,,"80","117","132","147","53.5",,,,,"0.359",,,,,,,
"10","동구(광주)","성인","일반","64","관리자","2등급","20250203","F","158.5","47.7","25.2","70","75","147","18.8","19.3",,,"17",,,,,,"19.0","19",,,"122",,,,,,"40.5",,,,,,,,"115","32.1",,,"0.34",,,,,,,
"10","남구(울산)","성인","일반","29","관리자","3등급","20250203","M","172","65.7","21.8","84.9","64","125","36.6","46.6",,,"14.2",,,,,,"22.2","38",,,"212",,,,,,"70.9",,,,,,,,"121","44.3",,,"0.384",,,,,,,
"1","광주","어르신","출장","83","관리자","3등급","20250203","F","160","77.7","43.7",,"99","138","21.6","23.5",,,"7",,,,,,"30.4",,,,,"20",,"68","7.01","34.27","30.2",,,,,,,,,,,,,,,,,,,"23.5"
"1","KSPO송파","성인","일반","27","관리자","참가","20250203","F","158.1","62.6","31.8",,"82","117","33.6","29",,,"27.5",,,,,,"25.0","35",,,"164",,,,,,"53.7",,,,,,,,"158","30.0",,,"0.391",,,,,,,
"2","영암","성인","일반","19","관리자","2등급","20250203","M","173.8","58.4","16.7",,"53","119","38.4","38.1",,,"13.6",,,,,,"19.3","51",,"9.96","227",,,,,,"65.8",,,,,,,,"97","52.1",,,,,,,,,,
"1","KSPO송파","성인","일반","31","관리자","3등급","20250203","F","153.8","56.8","31.2",,"45","90","28.4","23.6",,,"20.7",,,,,,"24.0","22",,,"160",,,,,,"50.0",,,,,,,,"117","35.3",,,"0.4",,,,,,,
"1","의정부","성인","일반","19","관리자","참가","20250203","M","169.3","69.4","17.4","82.1","64","122","42.5","42",,,"9.6",,,,,,"24.2","39",,,,,,,,,"61.2",,,,,,,,"127","44.9",,,"0.303","0.599",,,,,,
"1","KSPO송파","성인","일반","32","관리자","3등급","20250203","F","165","51.5","25.7",,"72","115","27.5","24.8",,,"23.5",,,,,,"18.9","20",,,"160",,,,,,"53.4",,,,,,,,"127","36.3",,,"0.464",,,,,,,
"2","수원","성인","일반","54","관리자","3등급","20250203","F","151.8","55.8","35.1","77","72","126","22.1","23.2",,,"18.3",,,,,,"24.2","17",,"13.8","116",,,,,,"41.6",,,,,,,,"115","31.3",,,,,,,,,,
"2","사상","성인","일반","19","관리자","3등급","20250203","M","179.7","100","23","101.4","82","134","54.4","60.2",,,"14.2",,,,,,"31.0","47","44",,"231",,,,,,"60.2",,"39.0",,,,,,,,,,"0.352",,,,,,,
"2","창원","성인","일반","19","관리자","1등급","20250203","M","171.6","59.2","11.8","68","92","151","45.6","54.1",,,"16.3",,,,,,"20.1","61","62",,,,,,,,"91.4",,"49.3",,,,,,,,,,"0.310","0.638",,,,,,
"2","수원","성인","일반","62","관리자","참가","20250203","F","158.6","60","31.4","79","67","114","23.4","24.3",,,"7.7",,,,,,"23.9","15",,,,,,,,,"40.5",,,"84","133","151",,"30.5",,,,,"0.492","0.357",,,,,,
"1","서구(대전)","성인","일반","33","관리자","2등급","20250203","M","191.3","92.5","19.4",,"68","148","53","49.5",,,"21.9",,,,,,"25.3","50","70","10.16","222",,,,,,"57.3",,"44.8",,,,,,,,,,,,,,,,,
"6","동구(광주)","어르신","일반","66","관리자","참가","20250203","F","157","56.2","27.7","71","79","141","25.3","26.4",,,"6.3",,,,,,"22.8",,,,,"21",,"115","5.84","24.72","47.0",,,,,,,,,,,,,,,,,,,"26.4"
"1","오산","성인","일반","30","관리자","참가","20250203","M","167.1","71.8","26.9","91.3","75","123","36.1","33.4",,,"14.6",,,,,,"25.7","42",,"10.65","213",,,,,,"50.3",,,"73","106","124","158","44.8",,,,,,,,,,,,
"9","동구(광주)","성인","일반","63","관리자","2등급","20250203","F","159.1","54.6","28.3","67","87","143","26.7","29.7",,,"34.4",,,,,,"21.6","16",,,"111",,,,,,"54.4",,,,,,,,"119","30.2",,,"0.454",,,,,,,
"1","오산","유소년","일반","11","관리자","참가","20250203","M","147.5","54.5",,"78.8",,,"12.3","15.1","4",,"7.9",,,,,,"25.1",,"21",,"120",,,,,,"27.7",,,,,,,,,,,,,,"0.53","26","2",,,
"5","동구(광주)","어르신","일반","75","관리자","2등급","20250203","F","156.2","54.7","21.5","73","57","121","24.6","23.2",,,"14",,,,,,"22.4",,,,,"23",,"134","5.75","25.53","45.0",,,,,,,,,,,,,,,,,,,"24.6"
"14","동구(광주)","어르신","일반","78","관리자","참가","20250203","M","163.1","66.5","31","91","61","126","19.2","28.5",,,"-0.4",,,,,,"25.0",,,,,"25",,"102","7.16","34.59","42.9",,,,,,,,,,,,,,,,,,,"28.5"
"6","동구(광주)","성인","일반","63","관리자","2등급","20250203","F","155.1","56.4","35.6","75","74","125","25.7","25.4",,,"16.9",,,,,,"23.4","26",,,"139",,,,,,"45.6",,,,,,,,"92","32.6",,,"0.369",,,,,,,
"6","KSPO송파","성인","일반","35","관리자","참가","20250203","F","161.3","67.1","33.9",,"51","104","29.1","30.3",,,"13.1",,,,,,"25.8","32",,,"163",,,,,,"45.2",,,,,,,,"107","33.9",,,"0.352",,,,,,,
"13","동구(광주)","어르신","일반","78","관리자","참가","20250203","M","160.9","66","25.7","85.6","71","118","35.5","35.7",,,"-8",,,,,,"25.5",,,,,"26",,"114","6.7","27.29","54.1",,,,,,,,,,,,,,,,,,,"35.7"
"5","광주","어르신","출장","83","관리자","3등급","20250203","F","157","48.8","32",,"77","115","23.2","23.7",,,"13",,,,,,"19.8",,,,,"17",,"101","7.36","34.5","48.6",,,,,,,,,,,,,,,,,,,"23.7"
"6","동구(광주)","어르신","일반","67","관리자","3등급","20250203","M","167.3","59.4","21.6","79.6","76","146","30.9","31.9",,,"5.6",,,,,,"21.2",,,,,"28",,"130","4.5","19.16","53.7",,,,,,,,,,,,,,,,,,,"31.9"
"12","동구(광주)","어르신","일반","72","관리자","1등급","20250203","F","153.9","55.7","30.5","75","87","148","23.7","25.1",,,"18",,,,,,"23.5",,,,,"36",,"136","5.5","22.83","45.1",,,,,,,,,,,,,,,,,,,"25.1"
"1","스포원(금정)","성인","일반","19","관리자","참가","20250203","M","179.8","93.6","26.4",,"69","125","48.9","46.1",,,"8.6",,,,,,"29.0","57","47",,"209",,,,,,"52.2",,"40.6",,,,,,,,,,"0.287",,,,,,,
"3","창원마산회원","성인","일반","19","관리자","참가","20250203","M","183.1","76.6","13.4","79","97","154","47.7","47.9",,,"15.0",,,,,,"22.8","43",,"10.04",,,,,,,"62.5",,,,,,,,"149","41.1",,,,"0.595",,,,,,
"10","동구(광주)","성인","일반","64","관리자","1등급","20250203","M","172","76.9","20.5","94","79","128","45","45.7",,,"12.4",,,,,,"26.0","48",,,"188",,,,,,"59.4",,,"99","105","118","138","36.6",,,,,"0.381",,,,,,,
"1","북구(광주)","성인","일반","26","관리자","3등급","20250203","M","170.6","61.8","14.0","78.5","68","127","47.8","51.7",,,"14.4",,,,,,"21.2","40","35",,"237",,,,,,"83.7",,"42.1",,,,,,,,,,"0.371",,,,,,,
"2","익산","성인","일반","19","관리자","2등급","20250203","M","171.5","62","10.5","71","77","122","41.3","45.3",,,"13.2",,,,,,"21.1","48",,"10.25","238",,,,,,"73.1",,,,,,,,"116","48.3",,,,,,,,,,
"1","성동","어르신","일반","79","관리자","2등급","20250203","M","157.7","54.7","22.5",,"90","157","28.2","29.1",,,"6.1",,,,,,"22.0",,,,,"22",,"126","5.10","25.19","53.2",,,,,,,,,,,,,,,,,,,"29.1"
"1","경산","성인","일반","19","관리자","참가","20250203","M","170.1","86.6","17.4","88","89","149","49.6","51.2",,,"19.6",,,,,,"29.9","44",,"11.1",,,,,,,"59.1",,,"93","116","136",,"41.8",,,,,,"0.608",,,,,,
"4","포천","성인","일반","60","관리자","참가","20250203","F","162.5","81.3","42.2","98","85","152","28.2","29.9",,,"15.3",,,,,,"30.8","15","8",,,,,,,,"36.8",,"24.2",,,,,,,,,,"0.386","0.350",,,,,,
"1","중구(서울)","성인","출장","57","관리자","참가","20250203","F","159.3","71.1","38.5","96.9","76","115","23.8","24.3",,,"15.8",,,,,,"28.0","29","7",,,,,,,,"34.2",,"25.6",,,,,,,,,,"0.464","0.394",,,,,,
"1","창원마산회원","성인","일반","19","관리자","1등급","20250203","M","178.1","66.5","10.9","74","77","126","44.5","50.7",,,"27.2",,,,,,"21.0","56","64","9.97","270",,,,,,"76.2",,"48.6",,,,,,,,,,,,,,,,,
"1","중구(서울)","성인","출장","48","관리자","3등급","20250203","F","166.9","68.5","26.8","85.4","75","108","25","26.2",,,"19.9",,,,,,"24.6","20","16",,,,,,,,"38.2",,"29.3",,,,,,,,,,"0.419","0.41",,,,,,
"1","성남","성인","일반","59","관리자","참가","20250203","F","156.0","68.1","45.4",,"70","117","20.6","21",,,"17.4",,,,,,"28.0","0",,,,,,,,,"30.8",,,,,,,,"135","25.3",,,"0.452","0.319",,,,,,
"3","서구(광주)","성인","일반","19","관리자","참가","20250203","M","173.4","65.4","14.1","83","92","124","45","50.6",,,"19.6",,,,,,"21.8","41",,"9.38","253",,,,,,"77.4",,,"91","133","154","178","46.1",,,,,,,,,,,,
"2","중구(서울)","성인","출장","63","관리자","참가","20250203","M","174.5","84.9","22.9","93","82","138","50","48.2",,,"-3.1",,,,,,"27.9","26","24",,,,,,,,"58.9",,"33.1",,,,,,,,,,"0.406","0.479",,,,,,
"1","중구(서울)","성인","출장","53","관리자","참가","20250203","F","166","76.3","41.5","93","83","142","22.9","24.3",,,"16.3",,,,,,"27.7","26","9",,,,,,,,"31.8",,"25.7",,,,,,,,,,"0.468","0.357",,,,,,
"1","남구(울산)","성인","일반","20","관리자","참가","20250203","M","176.3","68.9","21.4","84","91","150","42","43.6",,,"2.8",,,,,,"22.2","51",,,"203",,,,,,"63.3",,,"100","127","172","193","38.7",,,,,"0.393",,,,,,,
"1","남구(울산)","성인","일반","19","관리자","참가","20250203","M","185.4","79.4","19.8","85.5","93","147","42.5","48.9",,,"27.5",,,,,,"23.1","40","42","11.38","261",,,,,,"61.6",,"41.4",,,,,,,,,,,,,,,,,
"1","중구(서울)","성인","출장","48","관리자","참가","20250203","M","179.5","80.9","23.9","88.5","97","154","40.9","45.8",,,"14.5",,,,,,"25.1","21","20",,,,,,,,"56.6",,"33.8",,,,,,,,,,"0.449","0.491",,,,,,
"1","춘천","성인","일반","62","관리자","3등급","20250203","M","162.1","61.6","31.0","81.2","92","156","30.7","34.2",,,"2.8",,,,,,"23.4","23",,,,,,,,,"55.5",,,"92","126","144",,"36.2",,,,,"0.392","0.418",,,,,,
"1","중구(서울)","성인","출장","54","관리자","참가","20250203","F","161.5","68.5","41.2","100.7","85","142","19.7","21.6",,,"12.4",,,,,,"26.3","6","10",,,,,,,,"31.5",,"27.1",,,,,,,,,,"0.48","0.353",,,,,,
"1","중구(서울)","성인","출장","54","관리자","참가","20250203","F","149.4","66.9","44.8","102","94","136","20.4","20.3",,,"-1.2",,,,,,"30.0","5","7",,,,,,,,"30.5",,"26.3",,,,,,,,,,"0.532","0.336",,,,,,
"1","중구(서울)","성인","출장","48","관리자","참가","20250203","F","157.8","68","41.8","92.1","87","135","17.2","16.9",,,"13.4",,,,,,"27.3","10","8",,,,,,,,"25.3",,"26.8",,,,,,,,,,"0.502","0.308",,,,,,
"3","성동","성인","일반","22","관리자","참가","20250204","M","180.3","85","26.7",,"70","120","45","44.5",,,"2.2",,,,,,"26.1","50",,,,,,,,,"52.9",,,,,,,,"144","39.0",,,"0.262","0.638",,,,,,
"1","중구(서울)","성인","일반","58","관리자","참가","20250204","M","169.4","51.2","12","69.8","91","120","39.3","39.5",,,"4.9",,,,,,"17.8","18",,,"209",,,,,,"77.1",,,,,,,,"126","39.5",,,"0.326",,,,,,,
"1","중구(서울)","성인","일반","63","관리자","참가","20250204","M","178.5","114.3","40.3","115","85","149","47.2","47.2",,,"-1.9",,,,,,"35.9","4",,,"163",,,,,,"41.3",,,,,,,,"82","31.4",,,"0.428",,,,,,,
"2","서구(대전)","성인","일반","20","관리자","1등급","20250204","M","181.2","68.5","16.5",,"61","116","44.3","50.2",,,"16.1",,,,,,"20.9","56","64","10.09","242",,,,,,"73.3",,"48.1",,,,,,,,,,,,,,,,,
"2","사천","성인","일반","21","관리자","3등급","20250204","M","176.1","73.2","18.3","87.6","75","131","38.8","47.5",,,"9",,,,,,"23.6","44",,,,,,,,,"64.9",,,,,,,,"106","47.2",,,"0.363","0.589",,,,,,
"7","사천","성인","일반","21","관리자","2등급","20250204","M","177.4","77.8","20.6","88","91","137","44.6","47.6",,,"21",,,,,,"24.7","59",,,"226",,,,,,"61.2",,,,,,,,"96","47.7",,,"0.352",,,,,,,
"3","양평","어르신","일반","66","관리자","2등급","20250204","F","162.5","57.8","26.3",,"66","131","25.1","25.3",,,"15.4",,,,,,"21.9",,,,,"22",,"129","5.31","24.03","43.8",,,,,,,,,,,,,,,,,,,"25.3"
"4","태백","성인","일반","19","관리자","참가","20250204","M","172.3","72.6","21.5","81","76","119","42.8","47.9",,,"21.5",,,,,,"24.5","34",,,"216",,,,,,"66.0",,,,,,,,"104","47.8",,,"0.372",,,,,,,
"1","성남","성인","일반","25","관리자","참가","20250204","M","167.0","66.6","25.4",,"72","117","33.1","32.4",,,"2.2",,,,,,"23.9","46",,"11.71",,,,,,,"49.7",,,,,,,,"111","46.2",,,,"0.550",,,,,,
"7","부천","어르신","일반","75","관리자","1등급","20250204","F","155.6","59.2","39.2",,"80","120","21.1","23.9",,,"21.9",,,,,,"24.5",,,,,"29",,"104","5.43","21.90","40.4",,,,,,,,,,,,,,,,,,,"23.9"
"1","성동","성인","일반","26","관리자","참가","20250204","M","176.6","85.4","28.9",,"80","119","46.9","47.6",,,"9.3",,,,,,"27.4","47",,"11.86",,,,,,,"55.7",,,"96","119","133","164","41.7",,,,,,"0.526",,,,,,
"2","경산","성인","일반","19","관리자","참가","20250204","M","170","69.5","16.4","82","96","135","47.3","42.4",,,"23.7",,,,,,"24.0","41","51","10.53",,,,,,,"68.1",,"45.2",,,,,,,,,,,"0.531",,,,,,
"1","서구(광주)","성인","일반","30","관리자","참가","20250204","M","170.6","120.7","42.3","130","92","145","34.7","47",,,"-11",,,,,,"41.5","22","12",,,,,,,,"38.9",,"27.8",,,,,,,,,,"0.392","0.468",,,,,,
"1","화성","성인","일반","63","관리자","참가","20250204","F","156","51.4","33.8",,"78","152","25.4","25.4",,,"16.5",,,,,,"21.1","0","7",,"130",,,,,,"49.4",,"28.5",,,,,,,,,,"0.441",,,,,,,
"5","수원","어르신","일반","81","관리자","1등급","20250204","M","168.8","70.4","30.3","88","70","130","33","38.3",,,"9.1",,,,,,"24.7",,,,,"21",,"113","5.3","22.6","54.4",,,,,,,,,,,,,,,,,,,"38.3"
"1","서대문","성인","일반","63","관리자","2등급","20250204","M","164.0","74.7","25.3",,"77","138","43.7","48.7",,,"10.3",,,,,,"27.8","31","30",,,,,,,,"65.2",,"36.2",,,,,,,,,,"0.378","0.506",,,,,,
"10","제주","성인","일반","57","관리자","2등급","20250204","M","153.1","43.9","14.2","65.6","90","140","24","25.3",,,"15.7",,,,,,"18.7","30",,,,,,,,,"57.6",,,,,,,,"131","39.4",,,"0.364","0.352",,,,,,
"1","포천","성인","일반","62","관리자","참가","20250204","M","168.1","70.9","21.8","85","95","148","41.3","46.9",,,"12.7",,,,,,"25.1","22",,"13.40","184",,,,,,"66.1",,,,,,,,"132","33.1",,,,,,,,,,
"1","수원","어르신","일반","69","관리자","참가","20250204","F","141.8","55.1","44.3","87","61","129","17.7","20.6",,,"9.1",,,,,,"27.4",,,,,"26",,"92","5.6","25","37.4",,,,,,,,,,,,,,,,,,,"20.6"
"1","서대문","성인","일반","59","관리자","참가","20250204","M","156.8","72.9","35.5",,"92","127","42.7","42.4",,,"10.8",,,,,,"29.7","18",,,,,,,,,"58.6",,,,,,,,"133","32.4",,,"0.515","0.358",,,,,,
"1","부천","어르신","일반","67","관리자","2등급","20250204","F","151.2","50.4","31.6",,"80","130","19.2","20.6",,,"16.9",,,,,,"22.0",,,,,"24",,"108","5.19","20.22","40.9",,,,,,,,,,,,,,,,,,,"20.6"
"1","수원","성인","일반","19","관리자","참가","20250204","M","169.6","75.9","27.6","83","56","96","38.5","42.3",,,"4.3",,,,,,"26.4","31",,,"210",,,,,,"55.7",,,,,,,,"127","43.5",,,"0.384",,,,,,,
"1","사천","성인","일반","51","관리자","1등급","20250204","F","158.6","52.7","24.2",,"53","111","24.8","26.5",,,"21.7",,,,,,"21.0","40",,,,,,,,,"50.3",,,,,,,,"68","39.0",,,"0.358","0.452",,,,,,
"1","사하","성인","일반","19","관리자","참가","20250204","M","182.2","127.5","42.5","138.6","91","151","43.3","46.3",,,"-2.9",,,,,,"38.4","22",,,"181",,,,,,"36.3",,,"99","133","167","182","27.9",,,,,"0.325",,,,,,,
"1","강북","어르신","일반","65","관리자","참가","20250204","M","162.9","76.10","37.9","99.3","99","149","32","37",,,"1.3",,,,,,"28.7",,,,,"21",,"102","4.6","19.4","48.6",,,,,,,,,,,,,,,,,,,"37.0"
"2","고양","성인","일반","61","관리자","참가","20250204","M","171.1","80.8","25.3",,"76","155","48.3","45.3",,,"8.2",,,,,,"27.6","28","12","14.05","168",,,,,,"59.8",,"31.1",,,,,,,,,,,,,,,,,
"1","고양","청소년","일반","17","관리자","2등급","20250204","M","181.3","72.4","8.2",,"90","156","52.3","58.2",,"52","12","16.81","0.610","51.852","7","52.174","22.0",,"48",,,,,,,,"80.4",,"44.3",,,,,,,,,,,,,,,,,
"1","강북","성인","일반","32","관리자","2등급","20250204","F","162.5","51.2","22.6","68","70","110","22.8","26.2",,,"20",,,,,,"19.4","25",,"12.6","178",,,,,,"51.2",,,,,,,,"145","33.9",,,,,,,,,,
"4","화성","어르신","일반","79","관리자","참가","20250204","M","160","65.7","30.4",,"60","129","24.4","26",,,"13.7",,,,,,"25.7",,,,,"17",,"97","5.75","25","39.6",,,,,,,,,,,,,,,,,,,"26.0"
"2","북구(광주)","성인","일반","62","관리자","1등급","20250204","M","167.1","63.0","18.0","73.5","76","116","41.2","42.1",,,"16.0",,,,,,"22.6","38","30",,"195",,,,,,"66.8",,"37.9",,,,,,,,,,"0.373",,,,,,,
"3","달서","성인","일반","20","관리자","1등급","20250204","M","170.6","57.1","12.5","73.6","93","142","42","44.4",,,"16.1",,,,,,"19.6","57",,,"231",,,,,,"77.8",,,,,,,,"123","48.1",,,"0.302",,,,,,,
"1","포천","어르신","일반","74","관리자","2등급","20250204","M","172.4","86.5","32","102","103","178","45.8","47.7",,,"12.9",,,,,,"29.1",,,,,"20",,"126","5.32","24.28","55.1",,,,,,,,,,,,,,,,,,,"47.7"
"4","화성","어르신","일반","74","관리자","3등급","20250204","M","167.5","80.4","27.7",,"85","135","32.8","37.5",,,"16.7",,,,,,"28.7",,,,,"17",,"93","5.25","23.37","46.6",,,,,,,,,,,,,,,,,,,"37.5"
"5","화성","어르신","일반","75","관리자","3등급","20250204","M","162.8","54.8","17.1",,"81","140","34","40.7",,,"15.1",,,,,,"20.7",,,,,"24",,"95","4.1","19.62","74.3",,,,,,,,,,,,,,,,,,,"40.7"
"1","화성","어르신","일반","78","관리자","참가","20250204","M","154.1","60.9","33.7",,"75","153","21.6","22.7",,,"8.4",,,,,,"25.6",,,,,"18",,"102","5.56","26.19","37.3",,,,,,,,,,,,,,,,,,,"22.7"
"1","화성","성인","일반","20","관리자","참가","20250204","M","180.2","71.5","14.5",,"85","120","45.2","50.1",,,"-1.8",,,,,,"22.0","53",,,"175",,,,,,"70.1",,,"84","94","120","157","47.0",,,,,"0.286",,,,,,,
"1","순천","성인","일반","61","관리자","참가","20250204","M","172.9","77.6","26.8","94.5","95","140","39.7","36.8",,,"10",,,,,,"26.0","23",,,,,,,,,"51.2",,,,,,,,"163","27.7",,,"0.375","0.477",,,,,,
"4","청주","성인","일반","19","관리자","3등급","20250204","M","178.9","72.2","16.3","80.4","90","159","45.8","49.5",,,"8.8",,,,,,"22.6","45","54","9.3","250",,,,,,"68.6",,"45.4",,,,,,,,,,,,,,,,,
"1","마포","성인","일반","62","관리자","2등급","20250204","M","162.3","68.1","23.7","85","88","156","41","46.1",,,"10.2",,,,,,"25.9","27",,,"187",,,,,,"67.7",,,,,,,,"108","36.8",,,"0.313",,,,,,,
"1","스포원(금정)","청소년","일반","18","관리자","참가","20250204","M","178.9","75.6","18.1",,"57","122","44.5","43.3",,"48","3.6","17.6","0.594","41.871","8","42.239","23.6",,"68",,,,,,,,"58.9",,"47.5",,,,,,,,,,,,,,,,,
"1","스포원(금정)","어르신","일반","72","관리자","3등급","20250204","F","158.7","62.7","37.8",,"68","134","29.6","30.9",,,"12.9",,,,,,"24.9",,,,,"17",,"102","5.6","21.7","49.3",,,,,,,,,,,,,,,,,,,"30.9"
"1","순천","성인","일반","41","관리자","2등급","20250204","F","165","61.1","30.5","79.1","87","119","30.6","27.2",,,"25",,,,,,"22.4","31",,,,,,,,,"50.1",,,,,,,,"95","36.1",,,"0.366","0.440",,,,,,
"1","안동","성인","일반","28","관리자","참가","20250204","M","170.3","78.8","34.1","95","82","127","43.1","44.3",,,"0.1",,,,,,"27.2","22",,,,,,,,,"56.2",,,,,,,,"125","41.0",,,"0.362","0.488",,,,,,
"1","화성","성인","일반","60","관리자","참가","20250204","M","175.4","78.6","27.9",,"96","153","40.6","44.4",,,"23.5",,,,,,"25.5","44","17","12.6",,,,,,,"56.5",,"32.6",,,,,,,,,,,"0.477",,,,,,
"3","사하","성인","일반","31","관리자","참가","20250204","M","169","65.9","19.7","78.8","84","127","40.5","41.8",,,"0",,,,,,"23.1","38",,,,,,,,,"63.4",,,,,,,,"95","47.4",,,"0.345","0.527",,,,,,
"3","화성","어르신","일반","78","관리자","2등급","20250204","F","155","69.2","41.9",,"80","141","21.4","26.5",,,"12.1",,,,,,"28.8",,,,,"20",,"108","5.25","27.78","38.3",,,,,,,,,,,,,,,,,,,"26.5"
"5","화성","성인","일반","40","관리자","1등급","20250204","F","161.7","49.3","18.3",,"85","104","29.6","28.4",,,"23",,,,,,"18.9","30",,"13.1",,,,,,,"60.0",,,,,,,,"72","41.7",,,,"0.415",,,,,,
"5","남구(울산)","성인","일반","24","관리자","3등급","20250204","M","166","57.3","18.2","79.5","82","137","40.2","44.5",,,"12.1",,,,,,"20.8","45",,,"214",,,,,,"77.7",,,,,,,,"123","46.7",,,"0.315",,,,,,,
"3","청주","성인","일반","21","관리자","참가","20250204","M","185.4","83.5","14.1","83.1","62","115","41.1","57.1",,,"7",,,,,,"24.3","35","44",,,,,,,,"68.4",,"41.1",,,,,,,,,,"0.288","0.576",,,,,,
"5","곡성","성인","일반","60","관리자","2등급","20250204","M","166.8","72.4","25.8","87.2","70","153","46.8","45.8",,,"14",,,,,,"26.0","28","26",,"197",,,,,,"64.6",,"35.8",,,,,,,,,,"0.295",,,,,,,
"3","중구(서울)","청소년","일반","17","관리자","2등급","20250204","F","163.6","57.8","26.7","75.3","71","112","20.4","25.1",,"46","19.3","18.13","0.535","41.023","11","41.529","21.6",,"39",,,,,,,,"43.4",,"37.8",,,,,,,,,,,,,,,,,
"2","시흥","성인","일반","20","관리자","2등급","20250204","M","171.5","63.5","14","68.5","69","114","37.4","41.1",,,"14.5",,,,,,"21.6","67","62","10.61","228",,,,,,"64.7",,"48.6",,,,,,,,,,,,,,,,,
"2","남구(울산)","성인","일반","63","관리자","3등급","20250204","M","165","66.5","21.7","85.3","87","155","43.6","49.3",,,"10.9",,,,,,"24.4","35",,,"156",,,,,,"74.1",,,,,,,,"126","34.5",,,"0.374",,,,,,,
"2","서구(대전)","성인","일반","19","관리자","3등급","20250204","M","174.4","69.6","15.9",,"61","118","39.7","41",,,"9.3",,,,,,"22.9","45","58","10.31",,,,,,,"58.9",,"46.8",,,,,,,,,,,"0.638",,,,,,
"1","순천","성인","일반","42","관리자","2등급","20250204","F","166.9","58.1","23.1","76.6","87","123","27.7","29.8",,,"17.4",,,,,,"20.9","31",,,,,,,,,"51.3",,,,,,,,"110","35.0",,,"0.393","0.427",,,,,,
"4","광주","성인","일반","20","관리자","2등급","20250204","M","179.9","79.6","17",,"65","129","53.2","55.1",,,"13.8",,,,,,"24.6","62",,,,,,,,,"69.2",,,,,,,,"111","45.5",,,"0.323","0.534",,,,,,
"1","미추홀","성인","일반","19","관리자","참가","20250204","M","174.3","72.6","27.1","86","73","127","39.9","46.6",,,"18.7",,,,,,"23.9","41","52",,"219",,,,,,"64.2",,"44.9",,,,,,,,,,"0.327",,,,,,,
"1","미추홀","성인","일반","59","관리자","2등급","20250204","F","153.2","61","34.2","88","86","147","25.4","24.9",,,"17.7",,,,,,"26.0","23","15",,"135",,,,,,"41.6",,"29.5",,,,,,,,,,"0.446",,,,,,,
"3","광주","성인","일반","20","관리자","2등급","20250204","M","179.8","83.2","20.7",,"63","122","46.3","53.8",,,"14.2",,,,,,"25.7","59",,,,,,,,,"64.7",,,,,,,,"110","44.9",,,"0.310","0.551",,,,,,
"1","마포","성인","일반","19","관리자","참가","20250204","M","167.6","68.6","30.2","78","71","136","35.7","34.2",,,"10.6",,,,,,"24.4","42","31",,"185",,,,,,"52.0",,"40.7",,,,,,,,,,"0.325",,,,,,,
"1","포항","성인","일반","25","관리자","3등급","20250204","F","164.9","45.9","22.9",,"67","114","25.8","30.3",,,"11",,,,,,"16.9","32",,,"185",,,,,,"66.0",,,"78","84","95",,"47.3",,,,,"0.280",,,,,,,
"4","광주","성인","일반","64","관리자","참가","20250204","M","171.7","80","31.5",,"99","157","41.3","43.7",,,"13.5",,,,,,"27.1","39",,,"184",,,,,,"54.6",,,"95","131","145",,"32.7",,,,,"0.351",,,,,,,
"1","안산","성인","일반","58","관리자","참가","20250204","M","160.7","78.1","33.5","94","86","137","35.5","43.2",,,"-0.1",,,,,,"30.2","20",,"11.7","186",,,,,,"55.3",,,,,,,,"145","30.0",,,,,,,,,,
"1","순천","성인","일반","46","관리자","3등급","20250204","F","157.5","56.3","28.8","79","69","106","22.4","24.1",,,"19.5",,,,,,"22.7","18",,,,,,,,,"42.8",,,,,,,,"91","36.2",,,"0.419","0.427",,,,,,
"1","안산","성인","일반","50","관리자","3등급","20250204","F","163.0","57.5","26.6","72","71","112","29.9","31.2",,,"19.7",,,,,,"21.6","14",,"14.3","138",,,,,,"54.3",,,,,,,,"117","32.5",,,,,,,,,,
"6","강북","성인","일반","59","관리자","2등급","20250204","M","163.5","49.30","13.7","71.8","92","130","40.3","39.8",,,"13.5",,,,,,"18.4","30",,,,,,,,,"81.7",,,,,,,,"148","36.0",,,"0.307","0.513",,,,,,
"2","동구(인천)","어르신","일반","67","관리자","2등급","20250204","M","159.7","65.6","29.7",,"91","146","39.6","39.1",,,"11.8",,,,,,"25.7",,,,,"31",,"120","5.03","21.56","60.4",,,,,,,,,,,,,,,,,,,"39.6"
"1","고양","성인","일반","19","관리자","참가","20250204","M","182.2","100.3","30",,"78","155","52.1","53.6",,,"6.3",,,,,,"30.2","46","16","10.16","207",,,,,,"53.4",,"32.3",,,,,,,,,,,,,,,,,
"1","강북","성인","일반","59","관리자","참가","20250204","M","168.1","82.50","26.9","95.2","100","164","46.7","47.6",,,"7.8",,,,,,"29.2","44","20",,,,,,,,"57.7",,"32.9",,,,,,,,,,"0.405","0.461",,,,,,
"1","성동","어르신","일반","66","관리자","1등급","20250204","M","167.5","75","22.4",,"96","157","46.5","49.5",,,"12.6",,,,,,"26.7",,,,,"31",,"122","4.56","17.7","66.0",,,,,,,,,,,,,,,,,,,"49.5"
"54","곡성","어르신","일반","88","관리자","2등급","20250204","M","162.2","75.6","43.6","97.1","85","158","35.4","34.5",,,"0.7",,,,,,"28.7",,,,,"20",,"124","5.48","26.70","46.8",,,,,,,,,,,,,,,,,,,"35.4"
"1","춘천","성인","일반","19","관리자","3등급","20250204","M","175.4","86.3","22.0","97.4","94","143","55.5","60.6",,,"9.9",,,,,,"28.1","45","43","10.06",,,,,,,"70.2",,"40.8",,,,,,,,,,,"0.573",,,,,,
"1","고양","어르신","일반","75","관리자","2등급","20250204","M","173.6","73.3","27",,"98","180","25.1","43.3",,,"3.3",,,,,,"24.3",,,,,"34",,"107","5.45","24.59","59.1",,,,,,,,,,,,,,,,,,,"43.3"
"1","충주","성인","일반","19","관리자","참가","20250204","M","185.9","103.7","26","103","77","137","58.3","54.9",,,"13.2",,,,,,"30.0","23",,,"243",,,,,,"56.2",,,"84","107","134","167","38.2",,,,,"0.407",,,,,,,
"13","동구(인천)","어르신","일반","83","관리자","3등급","20250204","M","166.1","88.9","32.6",,"73","130","35.9","34.3",,,"0.7",,,,,,"32.2",,,,,"20",,"100","6","23.53","40.4",,,,,,,,,,,,,,,,,,,"35.9"
"3","서구(광주)","성인","일반","62","관리자","1등급","20250204","M","160.5","64.9","27","95","85","128","37.5","38.6",,,"12.5",,,,,,"25.2","44",,,"176",,,,,,"59.5",,,,,,,,"96","39.2",,,"0.373",,,,,,,
"1","춘천","성인","일반","19","관리자","3등급","20250204","M","174.8","63.2","15.9","77.5","81","123","44.6","43.6",,,"18.0",,,,,,"20.7","55","51",,"255",,,,,,"70.6",,"46.1",,,,,,,,,,,,,,,,,
"2","충주","성인","일반","19","관리자","참가","20250204","M","168.5","67.3","20.5","83","90","129","47.2","51.8",,,"12.1",,,,,,"23.7","48",,,"231",,,,,,"77.0",,,"95","99","147","173","40.8",,,,,"0.339",,,,,,,
"1","순천","성인","일반","60","관리자","2등급","20250204","M","165.4","71.3","26.6","89.8","94","149","42.9","44",,,"9.6",,,,,,"26.1","26",,,,,,,,,"61.7",,,,,,,,"109","36.7",,,"0.446","0.452",,,,,,
"1","순천","성인","일반","24","관리자","참가","20250204","F","165.1","80.1","39.4","99.3","75","127","30.4","36.1",,,"19.2",,,,,,"29.4","14",,,,,,,,,"45.1",,,,,,,,"111","32.7",,,"0.406","0.427",,,,,,
"1","목포","성인","일반","19","관리자","참가","20250204","M","173.2","67.5","16.7","78","92","157","37.7","46.8",,,"16.5",,,,,,"22.5","38","48",,"187",,,,,,"69.3",,"44.8",,,,,,,,,,"0.323",,,,,,,
"3","정읍","성인","출장","46","관리자","2등급","20250204","M","167.","64.6","22.5",,"81","136","45.5","49.7",,,"18.4",,,,,,"23.2","38","46",,"212",,,,,,"76.9",,"42.7",,,,,,,,,,"0.297",,,,,,,
"1","정읍","성인","출장","34","관리자","참가","20250204","M","174.1","72.7","24.6",,"75","121","35.9","47.7",,,"2.8",,,,,,"24.0","31","36",,"215",,,,,,"65.6",,"40.0",,,,,,,,,,"0.34",,,,,,,
"1","정읍","성인","출장","32","관리자","참가","20250204","M","173.4","74.2","23.2",,"86","133","46.9","49.2",,,"11.8",,,,,,"24.7","34","14",,"185",,,,,,"66.3",,"34.8",,,,,,,,,,"0.356",,,,,,,
"2","남구(울산)","성인","일반","21","관리자","3등급","20250204","F","164.6","51.4","32.2","75.8","83","120","18.9","26.6",,,"14.1",,,,,,"19.0","40",,,"117",,,,,,"51.8",,,,,,,,"141","36.6",,,"0.386",,,,,,,
"1","동구(인천)","성인","일반","19","관리자","참가","20250204","M","174.8","63.6","17",,"84","130","35","39.3",,,"-5.1",,,,,,"20.8","16","20",,"202",,,,,,"61.8",,"38.8",,,,,,,,,,"0.384",,,,,,,
"1","정읍","성인","출장","37","관리자","2등급","20250204","M","175.4","74.9","21.2",,"61","111","55.6","67.4",,,"16.8",,,,,,"24.3","42","46",,"252",,,,,,"90.0",,"41.7",,,,,,,,,,"0.35",,,,,,,
"1","정읍","성인","출장","26","관리자","참가","20250204","M","167.9","83.7","32.2",,"84","123","40.7","48.7",,,"13.3",,,,,,"29.7","34","53",,"177",,,,,,"58.2",,"43.1",,,,,,,,,,"0.408",,,,,,,
"4","수원","성인","일반","21","관리자","3등급","20250204","M","167.9","60.3","16.9","75","66","127","38.7","42.3",,,"11.7",,,,,,"21.4","60",,"10.7","190",,,,,,"70.1",,,"99","121","148",,"44.6",,,,,,,,,,,,
"1","동구(인천)","청소년","일반","18","관리자","참가","20250204","M","173.5","69.6","25.7",,"63","112","27.2","24.1",,"44","11.5","22.62","0.609","44.091","7","44.413","23.1",,"24",,,,,,,,"39.1",,"39.1",,,,,,,,,,,,,,,,,
"1","마포","어르신","일반","82","관리자","2등급","20250204","M","164","58.3","27","78","74","156","34.8","35.7",,,"16.2",,,,,,"21.7",,,,,"18",,"106","6.12","26.35","61.2",,,,,,,,,,,,,,,,,,,"35.7"
"3","마포","어르신","일반","66","관리자","2등급","20250204","M","173.5","92","33.5","93","95","142","49","57.3",,,"9.1",,,,,,"30.6",,,,,"30",,"129","3.54","15.23","62.3",,,,,,,,,,,,,,,,,,,"57.3"
"2","정읍","성인","출장","42","관리자","참가","20250204","M","172.6","76.9","24.5",,"64","118","54.6","59.5",,,"15.5",,,,,,"25.8","19","48",,"201",,,,,,"77.4",,"41.6",,,,,,,,,,"0.362",,,,,,,
"2","남구(울산)","성인","일반","30","관리자","3등급","20250204","M","177","88.7","21.4","92.6","77","148","56.2","52.6",,,"19.7",,,,,,"28.3","57","49",,"203",,,,,,"63.4",,"40.9",,,,,,,,,,"0.375",,,,,,,
"1","포항","성인","일반","33","관리자","참가","20250204","M","172.5","65.1","26.7",,"86","135","42.3","39.7",,,"8.8",,,,,,"21.9","48","23",,"204",,,,,,"65.0",,"38.2",,,,,,,,,,"0.225",,,,,,,
"2","마포","어르신","일반","65","관리자","1등급","20250204","M","163.2","74.7","30.2","92","87","155","43","45.5",,,"12.1",,,,,,"28.0",,,,,"32",,"137","3.38","15.33","60.9",,,,,,,,,,,,,,,,,,,"45.5"
"1","서구(대전)","성인","일반","19","관리자","2등급","20250204","M","171","73","21.9",,"97","157","43.4","50.9",,,"16.8",,,,,,"25.0","51",,,"206",,,,,,"69.7",,,,,,,,"104","47.6",,,"0.280",,,,,,,
"1","서구(대전)","성인","일반","26","관리자","3등급","20250204","F","165.1","54.8","32.8",,"78","111","24.3","28.3",,,"19.2",,,,,,"20.1","23",,,,,,,,,"51.6",,,,,,,,"117","37.8",,,"0.324","0.403",,,,,,
"1","사천","성인","일반","22","관리자","참가","20250204","F","161.9","127.2","53.4","149","80","120","24.1","33.1",,,"8",,,,,,"48.5","13",,,,,,,,,"26.0",,,,,,,,"154","15.9",,,"0.490","0.366",,,,,,
"1","고양","어르신","일반","71","관리자","3등급","20250204","M","164.9","57.9","16.9",,"82","169","29.7","35.6",,,"2.9",,,,,,"21.3",,,,,"32",,"134","5.85","21.22","61.5",,,,,,,,,,,,,,,,,,,"35.6"
"1","청주","성인","일반","24","관리자","참가","20250204","M","177","77.2","14.3","81.8","76","151","53.4","56.2",,,"2.2",,,,,,"24.6","35",,,"235",,,,,,"72.8",,,"98","143","154","183","42.5",,,,,"0.257",,,,,,,
"6","부천","어르신","일반","72","관리자","2등급","20250204","M","161.2","66.4","30.3",,"78","158","30.9","33",,,"17.9",,,,,,"25.6",,,,,"29",,"122","5.09","19.09","49.7",,,,,,,,,,,,,,,,,,,"33.0"
"1","원주","성인","일반","20","관리자","참가","20250204","M","175.5","63.6","18.5","73.5","83","146","43.8","46.7",,,"3.1",,,,,,"20.6","38","44",,"227",,,,,,"73.4",,"44.3",,,,,,,,,,"0.279",,,,,,,
"1","원주","성인","일반","20","관리자","3등급","20250204","M","172.2","56.3","21.2","69","75","123","43.9","45",,,"19.3",,,,,,"19.0","42","42",,"234",,,,,,"79.9",,"44.9",,,,,,,,,,"0.260",,,,,,,
"1","북구(광주)","성인","일반","35","관리자","3등급","20250204","M","183.0","73.7","14.2","83.2","95","143","44.4","47.8",,,"7.7",,,,,,"22.0","57","70","10.35","241",,,,,,"64.9",,"47.5",,,,,,,,,,,,,,,,,
"2","원주","성인","일반","19","관리자","2등급","20250204","M","171.1","69.2","20","75","74","143","36.9","41",,,"17.2",,,,,,"23.6","60","52",,"236",,,,,,"59.2",,"45.5",,,,,,,,,,"0.327",,,,,,,
"2","스포원(금정)","어르신","일반","68","관리자","참가","20250204","M","164.9","69.9","21.5",,"85","145","50.9","48.2",,,"-3.4",,,,,,"25.7",,,,,"21",,"111","4.6","22.2","72.8",,,,,,,,,,,,,,,,,,,"50.9"
"1","포천","성인","일반","60","관리자","참가","20250204","M","171.6","73.9","23.3","86","79","137","42.7","42.4",,,"0.8",,,,,,"25.1","12",,"12.75","167",,,,,,"57.8",,,,,,,,"85","40.1",,,,,,,,,,
"1","서대문","성인","일반","64","관리자","3등급","20250204","F","158.6","55.8","28.0",,"80","155","21.1","24.3",,,"14.3",,,,,,"22.2","7",,,,,,,,,"43.5",,,,,,,,"125","28.9",,,"0.520","0.353",,,,,,
"1","고양","성인","일반","52","관리자","참가","20250204","F","160.4","42.5","21.4",,"78","140","16.6","19",,,"19.9",,,,,,"16.5","23","11","14.86","135",,,,,,"44.7",,"31.7",,,,,,,,,,,,,,,,,
"1","서대문","어르신","일반","65","관리자","3등급","20250204","M","169.5","67.7","22.9",,"73","159","40.9","42",,,"15.9",,,,,,"23.6",,,,,"25",,"107","5.69","21.23","62.0",,,,,,,,,,,,,,,,,,,"42.0"
"2","남구(울산)","어르신","일반","65","관리자","참가","20250204","M","169.8","66.8","24.6","83.8","67","127","38.3","42.8",,,"10.9",,,,,,"23.2",,,,,"21",,"82","5.53","23.04","64.1",,,,,,,,,,,,,,,,,,,"42.8"
"1","남구(부산)","성인","일반","58","관리자","참가","20250204","F","165.5","64.6","23.7",,"75","134","28.7","35.1",,,"15.1",,,,,,"23.6","25",,,,,,,,,"54.3",,,,,,,,"132","27.7",,,"0.315","0.390",,,,,,
"1","달서","성인","일반","19","관리자","참가","20250204","M","181.3","66.5","12.9","77.8","78","121","38.2","42.3",,,"11.7",,,,,,"20.2","40",,,"221",,,,,,"63.6",,,,,,,,"121","47.3",,,"0.308",,,,,,,
"1","달서","성인","일반","54","관리자","2등급","20250204","F","157.1","53.7","32.4","82.4","77","136","24.6","26.8",,,"17.4",,,,,,"21.8","28",,,"154",,,,,,"49.9",,,,,,,,"125","31.1",,,"0.368",,,,,,,
"1","남구(부산)","성인","일반","23","관리자","참가","20250204","F","162.8","54.3","24.7",,"74","135","32.2","36.2",,,"6.1",,,,,,"20.5","40",,,,,,,,,"66.7",,,,,,,,"123","37.5",,,"0.396","0.527",,,,,,
"1","전주","성인","일반","19","관리자","3등급","20250204","M","171.4","83.5","23.8","95.5","82","133","47.8","50",,,"14",,,,,,"28.4","44","42","10.19","221",,,,,,"59.9",,"41.1",,,,,,,,,,,,,,,,,
"1","구미","성인","일반","19","관리자","3등급","20250204","M","186.6","76.5","13","83.4","82","146","40.5","47.5",,,"17.5",,,,,,"22.0","42",,"11.03","260",,,,,,"62.1",,,,,,,,"140","42.7",,,,,,,,,,
"1","창원","성인","일반","23","관리자","3등급","20250204","F","167.3","55.1","25.1","67","81","133","30.3","28.1",,,"28",,,,,,"19.7","29","19",,"170",,,,,,"55.0",,"33.3",,,,,,,,,,"0.352",,,,,,,
"1","동작","성인","일반","22","관리자","2등급","20250204","F","165.3","47.5","24.2","73","85","120","26.1","30.3",,,"17",,,,,,"17.4","32",,,"160",,,,,,"63.8",,,,,,,,"146","36.8",,,"0.356",,,,,,,
"1","동작","성인","일반","55","관리자","참가","20250204","F","160","49.9","30","78","97","141","19.1","21.7",,,"12.6",,,,,,"19.5","0",,,"95",,,,,,"43.5",,,,,,,,"144","29.8",,,"0.391",,,,,,,
"1","북구(광주)","성인","일반","61","관리자","참가","20250204","M","173.9","75.3","27.7","95.4","72","138","39","35.4",,,"23.4",,,,,,"24.9","26",,,,,,,,,"51.8",,,,,,,,"150","30.2",,,"0.346","0.464",,,,,,
"2","화성","어르신","일반","65","관리자","3등급","20250204","M","173","63.5","19.8",,"74","133","28.8","31.5",,,"4.7",,,,,,"21.2",,,,,"17",,"112","4","17.44","49.6",,,,,,,,,,,,,,,,,,,"31.5"
"1","부천","성인","일반","19","관리자","3등급","20250204","M","177.5","64.1","14.2",,"78","123","31.4","33.3",,,"8.4",,,,,,"20.3","49",,"10.40",,,,,,,"52.0",,,,,,,,"138","45.1",,,,"0.588",,,,,,
"1","성동","성인","일반","20","관리자","3등급","20250204","F","163.1","51.1","26.4",,"84","125","24.4","27.6",,,"18.9",,,,,,"19.2","27",,,,,,,,,"54.0",,,,,,,,"134","37.5",,,"0.344","0.452",,,,,,
"1","성동","성인","일반","21","관리자","참가","20250204","M","176.5","90.9","33.1",,"90","154","45","43.5",,,"-5.8",,,,,,"29.2","53",,,"215",,,,,,"49.5",,,,,,,,"130","39.7",,,"0.326",,,,,,,
"1","김천","청소년","출장","13","관리자","참가","20250204","F","151.7","42.8","31.9","71.8","62","96","13.5","14.6",,"18","-5.5","23.25","0.407","53.807","22","54.819","18.6",,"21",,,,,,,,"34.1",,"35.6",,,,,,,,,,,,,,,,,
"2","김천","청소년","출장","13","관리자","2등급","20250204","M","173.2","65.3","19.5","79","72","124","28.5","35.5",,"41","7.1","19.16","0.537","47.534","16","48.270","21.8",,"43",,,,,,,,"54.4",,"43.2",,,,,,,,,,,,,,,,,
"1","김천","청소년","출장","13","관리자","참가","20250204","F","165.7","75","38.8","99.7","68","118","30","28.1",,"22","9.8","22.12","0.422","74","6","74.276","27.3",,"11",,,,,,,,"40.0",,"29.1",,,,,,,,,,,,,,,,,
"2","미추홀","성인","일반","24","관리자","참가","20250204","M","186.4","104","19.1","97","86","142","48.2","54.1",,,"9.4",,,,,,"29.9","36",,,,,,,,,"52.0",,,,,,,,"95","42.0",,,"0.4","0.498",,,,,,
"3","전주","성인","일반","23","관리자","참가","20250204","F","164.2","50","25.9","70.8","92","125","19.3","24.2",,,"29.9",,,,,,"18.5","41","17",,"162",,,,,,"48.4",,"33.5",,,,,,,,,,"0.272",,,,,,,
"1","김천","청소년","출장","13","관리자","참가","20250204","M","159.4","51.8","17.7","74.8","72","136","24.8","23.2",,"49","5.4","19.33","0.487","45.183","15","45.873","20.4",,"21",,,,,,,,"47.9",,"39.6",,,,,,,,,,,,,,,,,
"2","김천","청소년","출장","13","관리자","참가","20250204","F","152.9","53.4","43.9","77.0","69","113","13","17.6",,"13","-6.1","25.28","0.344","65.027","11","65.533","22.8",,"8",,,,,,,,"33.0",,"30.9",,,,,,,,,,,,,,,,,
"1","포천","성인","일반","44","관리자","2등급","20250204","M","173.3","61.9","17.8","66","89","148","42.1","41.9",,,"20.8",,,,,,"20.6","45",,"12",,,,,,,"68.0",,,,,,,,"128","40.6",,,,"0.549",,,,,,
"1","김천","청소년","출장","13","관리자","참가","20250204","F","155.2","45.5","32.3","71.5","53","101","20.9","24.4",,"23","15.2","28.81","0.461","58","14","58.644","18.9",,"11",,,,,,,,"53.6",,"33.5",,,,,,,,,,,,,,,,,
"1","수원","성인","일반","20","관리자","참가","20250204","M","180.3","63.5","9.8","71","73","122","47.7","54.8",,,"3",,,,,,"19.5","57",,,"253",,,,,,"86.3",,,,,,,,"109","49.4",,,"0.325",,,,,,,
"2","수원","성인","일반","63","관리자","3등급","20250204","M","167.4","70.4","23.3","87","82","133","44.6","55.8",,,"13.7",,,,,,"25.1","36",,,"180",,,,,,"79.3",,,,,,,,"121","34.6",,,"0.354",,,,,,,
"3","동구(광주)","어르신","일반","68","관리자","3등급","20250204","M","169.5","81","31.7","97","66","113","34.7","38.6",,,"9.8",,,,,,"28.2",,,,,"23",,"103","6.29","25.80","47.7",,,,,,,,,,,,,,,,,,,"38.6"
"2","김천","청소년","출장","13","관리자","참가","20250204","M","163.9","81.4","40.5","101.9","67","124","20.1","23.7",,"19","5.1","24.91","0.363","60.192","10","60.652","30.3",,"8",,,,,,,,"29.1",,"31.9",,,,,,,,,,,,,,,,,
"4","오산","어르신","일반","67","관리자","3등급","20250204","F","151.6","50.7","29.5","78.8","72","137","23.6","25.4",,,"20.8",,,,,,"22.1",,,,,"26",,"102","5.18","19.31","50.1",,,,,,,,,,,,,,,,,,,"25.4"
"1","김천","청소년","출장","14","관리자","참가","20250204","F","157.2","45.5","32.1","70.6","69","111","16.7","22.1",,"16","1.7","23","0.430","50.855","12","51.407","18.4",,"8",,,,,,,,"48.6",,"33.2",,,,,,,,,,,,,,,,,
"1","북구(광주)","청소년","일반","18","관리자","3등급","20250204","M","185.0","75.8","20.6","89.0","82","138","44.3","45.1","54",,"5.5","17.59","0.598","46.146","4","46.330","22.1",,"62",,,,,,,,"59.5",,"47.1",,,,,,,,,,,,,,,,,
"1","안산","성인","일반","21","관리자","3등급","20250204","M","168.6","62.4","15.8","73","70","121","38.8","45.4",,,"10.1",,,,,,"22.0","55","62","10.28","242",,,,,,"72.8",,"48.7",,,,,,,,,,,,,,,,,
"2","김천","청소년","출장","13","관리자","참가","20250204","M","174.3","55.7","17.8","74.1","60","105","24.4","28.3",,"42","8.5","19.91","0.469","47.976","10","48.436","18.3",,"20",,,,,,,,"50.8",,"40.5",,,,,,,,,,,,,,,,,
"3","세종","어르신","일반","68","관리자","2등급","20250204","M","160.9","69.2","30","92.4","93","158","30.6","37.4",,,"12.2",,,,,,"26.7",,,,,"27",,"118","4.30","20.82","54.0",,,,,,,,,,,,,,,,,,,"37.4"
"1","안산","성인","일반","62","관리자","참가","20250204","M","169.9","80.6","34.7","101","75","129","41","45",,,"-7.4",,,,,,"27.9","10","13",,"130",,,,,,"55.8",,"31.3",,,,,,,,,,"0.454",,,,,,,
"2","화성","어르신","일반","69","관리자","3등급","20250204","M","171.2","67.5","27.2",,"63","113","30.9","30.2",,,"11.2",,,,,,"23.0",,,,,"18",,"119","4.25","19.22","45.8",,,,,,,,,,,,,,,,,,,"30.9"
"2","중구(서울)","청소년","일반","17","관리자","1등급","20250204","F","154.6","49.7","20.3","71","73","126","27.3","29.8",,"40","21.9","17.69","0.487","45.045","11","45.551","20.8",,"50",,,,,,,,"60.0",,"40.4",,,,,,,,,,,,,,,,,
"1","포항","어르신","일반","65","관리자","3등급","20250204","M","168.3","86.2","32.2",,"80","134","37.3","45.1",,,"5.1",,,,,,"30.4",,,,,"20",,"110","5.37","24.92","52.3",,,,,,,,,,,,,,,,,,,"45.1"
"1","중구(서울)","청소년","일반","17","관리자","1등급","20250204","M","178.6","77.9","19.2","83.8","67","141","50.9","51.9",,"51","17.7","18.66","0.594","36.96","12","37.512","24.4",,"67",,,,,,,,"66.6",,"46.8",,,,,,,,,,,,,,,,,
"7","창원마산회원","성인","일반","48","관리자","2등급","20250204","M","174.9","68.3","13.5","73","94","154","56","50",,,"17.4",,,,,,"22.3","48","33","10.46","205",,,,,,"82.0",,"38.8",,,,,,,,,,,,,,,,,
"1","미추홀","성인","일반","56","관리자","참가","20250204","M","173.8","89","25.5","99","78","157","41","45.7",,,"4.3",,,,,,"29.5","36","33",,,,,,,,"51.3",,"35.1",,,,,,,,,,"0.337","0.497",,,,,,
"4","남구(부산)","어르신","일반","66","관리자","2등급","20250204","M","165.3","70.8","29.1",,"71","156","40.4","41.3",,,"10.2",,,,,,"25.9",,,,,"29",,"137","4.61","16.31","58.3",,,,,,,,,,,,,,,,,,,"41.3"
"4","광주","어르신","일반","77","관리자","3등급","20250204","M","166.3","72.2","37.9",,"80","140","30.4","33.1",,,"0.1",,,,,,"26.1",,,,,"16",,"106","7.03","23.88","45.8",,,,,,,,,,,,,,,,,,,"33.1"
"1","광주","어르신","일반","67","관리자","참가","20250204","M","159.8","53.4","19.2",,"87","154","37.4","36.7",,,"1.5",,,,,,"20.9",,,,,"25",,"124","5.35","19.64","70.0",,,,,,,,,,,,,,,,,,,"37.4"
"7","화성","어르신","일반","75","관리자","참가","20250204","M","164.3","61","27.3",,"95","159","19.6","30.1",,,"8.1",,,,,,"22.6",,,,,"17",,"81","5.04","26.72","49.3",,,,,,,,,,,,,,,,,,,"30.1"
"1","남구(부산)","어르신","일반","65","관리자","2등급","20250204","M","166.2","64.6","18.9",,"55","125","37.1","41.8",,,"8.1",,,,,,"23.4",,,,,"25",,"129","4.71","14.46","64.7",,,,,,,,,,,,,,,,,,,"41.8"
"1","의정부","어르신","일반","87","관리자","참가","20250204","M","157.9","62.8","31.1","83.7","40","151","32.6","32.1",,,"-6.4",,,,,,"25.2",,,,,"24",,"100","6.34","25.90","51.9",,,,,,,,,,,,,,,,,,,"32.6"
"3","마포","어르신","일반","65","관리자","1등급","20250204","M","173.8","80.3","29","92","88","151","48.1","52.2",,,"13.3",,,,,,"26.6",,,,,"25",,"129","3.58","18.98","65.0",,,,,,,,,,,,,,,,,,,"52.2"
"1","미추홀","성인","일반","19","관리자","참가","20250204","M","168.8","76.9","25.8","92","85","145","33.4","53",,,"16.4",,,,,,"27.0","46","63",,,,,,,,"68.9",,"47.0",,,,,,,,,,"0.356","0.552",,,,,,
"2","광주","어르신","일반","65","관리자","2등급","20250204","F","158.5","62.4","35.2",,"62","119","25.1","25.2",,,"19.6",,,,,,"24.8",,,,,"22",,"119","4.88","18.56","40.4",,,,,,,,,,,,,,,,,,,"25.2"
"6","의정부","어르신","일반","80","관리자","3등급","20250204","M","173.3","70.1","33.4","97.4","103","179","37.3","38.9",,,"0.2",,,,,,"23.3",,,,,"17",,"100","5.65","21.16","55.5",,,,,,,,,,,,,,,,,,,"38.9"
"1","화성","성인","일반","62","관리자","2등급","20250204","F","161.6","51.4","29.8",,"83","129","22.3","25.2",,,"26.7",,,,,,"19.7","25",,,,,,,,,"49.0",,,,,,,,"136","29.3",,,"0.355","0.377",,,,,,
"4","마포","어르신","일반","67","관리자","2등급","20250204","F","147.9","47.6","27.7","80","78","143","31.7","33.3",,,"16.3",,,,,,"21.8",,,,,"29",,"130","3.79","17.10","70.0",,,,,,,,,,,,,,,,,,,"33.3"
"6","오산","성인","일반","46","관리자","3등급","20250204","M","166.5","68.6","29.3","88.3","78","126","34.1","36.3",,,"11.2",,,,,,"24.7","39",,,"210",,,,,,"52.9",,,,,,,,"104","41.6",,,"0.357",,,,,,,
"1","부천","성인","일반","64","관리자","2등급","20250204","M","165.4","63.4","29",,"74","134","33.6","38.3",,,"10.9",,,,,,"23.2","28",,,"170",,,,,,"60.4",,,,,,,,"113","36.9",,,"0.332",,,,,,,
"1","화성","성인","일반","62","관리자","참가","20250204","M","173.1","71.6","21.1",,"81","144","28","32.4",,,"9.2",,,,,,"23.9","35",,"13.5","167",,,,,,"45.3",,,"82","99","124","158","35.0",,,,,,,,,,,,
"1","화성","성인","일반","63","관리자","참가","20250204","M","172.5","71.2","32.8",,"73","136","30","34.8",,,"3.1",,,,,,"23.9","11","9",,"132",,,,,,"48.9",,"31.6",,,,,,,,,,"0.449",,,,,,,
"1","북구(광주)","성인","일반","64","관리자","참가","20250204","M","175.4","70.9","29.1","88.9","71","154","37.3","33.4",,,"-9.1",,,,,,"23.0","12",,"15.56","132",,,,,,"52.6",,,"84","105","135",,"33.5",,,,,,,,,,,,
"1","오산","청소년","일반","18","관리자","참가","20250204","M","175.3","67.1","16.3","80.6","79","122","43.5","44.3",,"59","1.9","17.19","0.676","40.705","10","41.165","21.8",,"49",,,,,,,,"66.0",,"44.7",,,,,,,,,,,,,,,,,
"1","화성","성인","일반","64","관리자","참가","20250204","M","158.2","64.2","25.6",,"71","145","28.1","32.6",,,"10.4",,,,,,"25.7","31","16",,"194",,,,,,"50.8",,"34.5",,,,,,,,,,"0.367",,,,,,,
"2","김천","청소년","출장","13","관리자","참가","20250204","F","165.3","51.2","31","75.3","60","107","18.9","17.9",,"20","-7.7","24.91","0.385","50.736","11","51.242","18.7",,"10",,,,,,,,"36.9",,"33.4",,,,,,,,,,,,,,,,,
"2","오산","성인","일반","20","관리자","참가","20250204","M","177","92.7","23.8","97.5","78","148","49.1","51.9",,,"3.2",,,,,,"29.6","51",,"10.91",,,,,,,"56.0",,,"74","112","122","155","44.8",,,,,,"0.552",,,,,,
"4","마포","어르신","일반","72","관리자","3등급","20250204","M","170.6","60.3","25.7","89","74","143","38.5","39.4",,,"3.4",,,,,,"20.7",,,,,"19",,"104","5.53","25.81","65.3",,,,,,,,,,,,,,,,,,,"39.4"
"2","김천","청소년","출장","13","관리자","참가","20250204","F","154.6","56.1","37.4","78.4","55","107","18.7","20.9",,"21","13.5","24.31","0.417","58.747","7","59.069","23.5",,"11",,,,,,,,"37.3",,"31.1",,,,,,,,,,,,,,,,,
"1","화성","성인","일반","56","관리자","2등급","20250204","M","171.3","78.7","24.7",,"93","154","41.7","46.5",,,"13.3",,,,,,"26.8","36","27","10.59","198",,,,,,"59.1",,"35.3",,,,,,,,,,,,,,,,,
"1","천안","성인","일반","64","관리자","참가","20250204","F","160","68.8","44.1",,"96","156","26.7","26.6",,,"28.3",,,,,,"26.9","18",,,,,,,,,"38.8",,,"99","138","163",,"25.8",,,,,"0.438","0.390",,,,,,
"1","김천","청소년","출장","13","관리자","참가","20250204","F","155","47.2","39.8","74.7","76","125","13.9","19",,"16","13.1","24.53","0.364","58.934","8","59.302","19.6",,"12",,,,,,,,"40.3",,"33.3",,,,,,,,,,,,,,,,,
"1","동작","성인","일반","64","관리자","참가","20250204","F","149.5","74.3","42.5","89.9","89","157","28","30",,,"14.4",,,,,,"33.2","1",,,,,,,,,"40.4",,,,,,,,"118","24.3",,,"0.583","0.278",,,,,,
"1","고양","성인","일반","59","관리자","참가","20250204","F","157.4","54.5","32.7",,"80","140","22.3","22.4",,,"20.3",,,,,,"22.0","3",,"14.69","125",,,,,,"41.1",,,,,,,,"143","27.8",,,,,,,,,,
"4","고양","어르신","일반","76","관리자","2등급","20250204","M","160.9","60","22",,"90","148","31.9","34.9",,,"5.9",,,,,,"23.2",,,,,"31",,"113","4.10","20.31","58.2",,,,,,,,,,,,,,,,,,,"34.9"
"1","동작","성인","일반","37","관리자","참가","20250204","M","178.9","95.3","25.7","99","90","150","44.9","48.2",,,"-3.4",,,,,,"29.8","44",,,,,,,,,"50.6",,,,,,,,"93","40.4",,,"0.323","0.514",,,,,,
"1","포항","어르신","일반","67","관리자","참가","20250204","M","169.7","78.8","30.9",,"91","156","34.9","33.6",,,"-3.3",,,,,,"27.4",,,,,"19",,"133","5.74","27.27","44.3",,,,,,,,,,,,,,,,,,,"34.9"
"2","중구(서울)","어르신","일반","66","관리자","2등급","20250204","M","166","61.7","19.9","80.9","82","157","34.7","37.7",,,"11.8",,,,,,"22.4",,,,,"32",,"113","4.6","18.9","61.1",,,,,,,,,,,,,,,,,,,"37.7"
"8","중구(서울)","어르신","일반","70","관리자","2등급","20250204","M","157.2","60.2","25.9","94.4","67","129","33.3","33.2",,,"7.1",,,,,,"24.4",,,,,"33",,"120","5","21.7","55.3",,,,,,,,,,,,,,,,,,,"33.3"
"1","부천","어르신","일반","65","관리자","참가","20250204","F","157.9","53.3","26.1",,"56","104","20.9","22.8",,,"7.6",,,,,,"21.4",,,,,"31",,"107","5.12","18.91","42.8",,,,,,,,,,,,,,,,,,,"22.8"
"1","안산","성인","일반","19","관리자","참가","20250204","M","178.2","65.5","17.1","79","83","119","36.7","39.7",,,"-1",,,,,,"20.6","36",,"10.2","226",,,,,,"60.6",,,,,,,,"119","47.6",,,,,,,,,,
"4","성동","어르신","일반","76","관리자","2등급","20250204","M","160.9","63.3","33.3",,"77","148","31.2","33.2",,,"7.3",,,,,,"24.5",,,,,"32",,"123","5.52","22.92","52.4",,,,,,,,,,,,,,,,,,,"33.2"
"1","동구(인천)","어르신","일반","72","관리자","3등급","20250204","M","173.9","93.5","25.6",,"82","141","40.4","43.8",,,"1.1",,,,,,"30.9",,,,,"21",,"113","5.06","19.57","46.8",,,,,,,,,,,,,,,,,,,"43.8"
"1","안산","성인","일반","52","관리자","참가","20250204","F","150.4","64.8","39.9","83","85","154","24.1","30.5",,,"21.3",,,,,,"28.6","11",,"15.9","143",,,,,,"47.1",,,,,,,,"121","28.6",,,,,,,,,,
"1","미추홀","성인","일반","26","관리자","참가","20250204","F","157.3","58.6","25.5","72","64","125","15.7","20.5",,,"14.4",,,,,,"23.7","21","14","14.03","137",,,,,,"35.0",,"31.0",,,,,,,,,,,,,,,,,
"1","남원","청소년","일반","18","관리자","참가","20250204","M","179.4","84.8","18.8","96.6","85","137","73.2","71.1","26",,"19.4","16.82","0.613","42.125","5","42.355","26.3",,"18",,,,,,,,"86.3",,"36.3",,,,,,,,,,,,,,,,,
"1","중구(서울)","성인","일반","44","관리자","2등급","20250204","F","155.5","39.1","15.8","70","75","124","19.8","23.7",,,"25.5",,,,,,"16.2","26",,,,,,,,,"60.6",,,"89","118","136",,"40.0",,,,,"0.376","0.464",,,,,,
"3","안동","성인","일반","20","관리자","2등급","20250204","M","179.1","71.3","14.6","73.5","72","121","45.7","43.6",,,"24",,,,,,"22.2","49","62","10.61","222",,,,,,"64.1",,"47.3",,,,,,,,,,,,,,,,,
"1","영주","성인","일반","62","관리자","참가","20250204","F","154.9","55.4","38.6",,"61","116","19.3","19.3",,,"23.5",,,,,,"23.1","0",,,"134",,,,,,"34.8",,,"73","112","144",,"31.1",,,,,"0.464",,,,,,,
"2","스포원(금정)","어르신","일반","70","관리자","1등급","20250204","M","158.8","57","19.4",,"67","138","37","40.4",,,"11.8",,,,,,"22.6",,,,,"30",,"135","4.6","18.2","70.9",,,,,,,,,,,,,,,,,,,"40.4"
"1","중구(서울)","성인","일반","54","관리자","참가","20250204","M","182.1","74.2","13.7","83.8","66","131","37.8","43.9",,,"-7.4",,,,,,"22.4","37",,,"165",,,,,,"59.2",,,"65","91","111","152","40.2",,,,,"0.356",,,,,,,
"2","포천","어르신","일반","66","관리자","2등급","20250204","F","147.5","51.4","29.2","75","77","132","23.8","26.6",,,"17.3",,,,,,"23.6",,,,,"28",,"115","5.19","18.97","51.8",,,,,,,,,,,,,,,,,,,"26.6"
"1","정읍","성인","출장","25","관리자","참가","20250204","M","169.6","87.7","36.6",,"88","138","36.9","45.2",,,"10.5",,,,,,"30.5","32","21",,"168",,,,,,"51.5",,"35.1",,,,,,,,,,"0.376",,,,,,,
"2","서구(대전)","성인","일반","19","관리자","2등급","20250204","M","180.7","87","16.6",,"63","135","49.8","66",,,"13.8",,,,,,"26.6","55","54",,"237",,,,,,"75.9",,"43.2",,,,,,,,,,"0.277",,,,,,,
"1","정읍","성인","출장","35","관리자","3등급","20250204","M","172.8","76.3","20.3",,"76","124","50.3","51.9",,,"17.5",,,,,,"25.6","37","43",,"230",,,,,,"68.0",,"41.0",,,,,,,,,,"0.377",,,,,,,
"9","청주","성인","일반","45","관리자","참가","20250204","F","170","66.4","32.1","80","67","125","23.2","24.5",,,"11.9",,,,,,"23.0","24",,"18.1","113",,,,,,"36.9",,,"83","115","146",,"32.2",,,,,,,,,,,,
"1","정읍","성인","출장","27","관리자","참가","20250204","M","167.1","50.3","17.6",,"60","110","34.7","39.7",,,"4",,,,,,"18.0","34","45",,"210",,,,,,"78.9",,"46.1",,,,,,,,,,"0.373",,,,,,,
"2","서구(대전)","성인","일반","19","관리자","3등급","20250204","M","171.8","64.3","20.2",,"60","115","38.5","40",,,"12.7",,,,,,"21.8","52","51",,,,,,,,"62.2",,"46.0",,,,,,,,,,"0.275","0.589",,,,,,
"2","정읍","성인","출장","22","관리자","참가","20250204","M","179.1","77.7","15.7",,"84","115","50.3","59",,,"22",,,,,,"24.2","38","46",,"235",,,,,,"75.9",,"42.4",,,,,,,,,,"0.323",,,,,,,
"4","성동","성인","일반","63","관리자","3등급","20250204","M","166.7","68.6","25.1",,"72","139","34.6","38.1",,,"20.7",,,,,,"24.7","20",,"13.31",,,,,,,"55.5",,,,,,,,"91","39.3",,,,"0.465",,,,,,
"4","춘천","성인","일반","19","관리자","1등급","20250204","M","179.2","66.2","14.5","79.0","83","150","47.2","48.1",,,"18.4",,,,,,"20.6","58",,,"233",,,,,,"72.7",,,,,,,,"86","52.4",,,"0.310",,,,,,,
"2","정읍","성인","출장","35","관리자","참가","20250204","M","174","85.3","16.3",,"64","118","53.2","57.3",,,"13.8",,,,,,"28.2","31","44",,"190",,,,,,"67.2",,"39.9",,,,,,,,,,"0.434",,,,,,,
"4","춘천","성인","일반","19","관리자","3등급","20250204","M","173.1","65.2","10.2","76.3","94","148","50.2","51.3",,,"17.9",,,,,,"21.8","46",,,"242",,,,,,"78.7",,,,,,,,"114","48.0",,,"0.307",,,,,,,
"1","나주","청소년","일반","18","관리자","참가","20250204","M","172.8","67.2","11.5","74","65","123","35.4","42.6","8",,"10.3","15.75","0.655","48.372","7","48.694","22.5",,"87",,,,,,,,"63.4",,"51.8",,,,,,,,,,,,,,,,,
"1","동작","성인","일반","59","관리자","참가","20250204","M","162.6","67.1","22.3","86","89","144","44","48.8",,,"6.6",,,,,,"25.4","32",,,,,,,,,"72.7",,,,,,,,"159","30.3",,,"0.301","0.589",,,,,,
"5","청주","성인","일반","21","관리자","2등급","20250204","M","181","70.4","9.9","77.8","75","146","44.1","46.8",,,"15",,,,,,"21.5","48",,,"238",,,,,,"66.5",,,,,,,,"125","45.4",,,"0.303",,,,,,,
"1","나주","청소년","일반","18","관리자","3등급","20250204","M","168.6","72.8","15.9","73.1","78","129","47.4","46.5","34",,"12.2","16.61","0.608","47.804","7","48.126","25.6",,"76",,,,,,,,"65.1",,"48.0",,,,,,,,,,,,,,,,,
"1","남구(울산)","성인","일반","27","관리자","참가","20250204","M","177.7","78.6","26.3","89.5","80","120","41.5","48",,,"2",,,,,,"24.9","12","23",,,,,,,,"61.1",,"36.6",,,,,,,,,,"0.377","0.468",,,,,,
"2","나주","성인","일반","22","관리자","참가","20250204","M","170.4","66.8","19.9","73.2","76","132","36.9","37.1",,,"14.7",,,,,,"23.0","40","81",,"235",,,,,,"55.5",,"52.4",,,,,,,,,,"0.327",,,,,,,
"3","화성","어르신","일반","65","관리자","3등급","20250204","M","163.8","71.7","31.4",,"85","135","39.6","40.3",,,"19.7",,,,,,"26.7",,,,,"20",,"130","3.94","16.28","56.2",,,,,,,,,,,,,,,,,,,"40.3"
"1","나주","성인","일반","19","관리자","참가","20250204","M","179","78.2","21.3","79","70","122","33.3","39.2",,,"0.4",,,,,,"24.4","42","59",,,,,,,,"50.1",,"45.7",,,,,,,,,,"0.332","0.532",,,,,,
"1","나주","성인","일반","19","관리자","참가","20250204","M","170.1","66.5","18.5","76.5","78","130","29","33.3",,,"11.1",,,,,,"23.0","57","66",,"222",,,,,,"50.1",,"49.2",,,,,,,,,,"0.304",,,,,,,
"2","양평","성인","일반","21","관리자","2등급","20250204","F","163.8","49.2","22",,"53","105","27.7","27.9",,,"17.6",,,,,,"18.3","38",,,"172",,,,,,"56.7",,,,,,,,"130","38.4",,,"0.348",,,,,,,
"1","서대문","청소년","일반","18","관리자","참가","20250204","M","181.8","89.5","25.9",,"90","159","33.7","37.9",,"38","-8.4","22.76","0.545","65.927","8","66.295","27.1",,,,,,,,,,"42.3",,,"101","114","144",,"42.5",,,,,,,,,,,,
"1","나주","성인","일반","19","관리자","3등급","20250204","M","174.9","82.1","19.6","83.6","85","144","45.3","47",,,"6.1",,,,,,"26.8","51","80",,,,,,,,"57.2",,"50.1",,,,,,,,,,"0.331","0.514",,,,,,
"3","남구(울산)","성인","일반","45","관리자","1등급","20250204","F","168.7","62.8","24.8","85","97","157","36","34.4",,,"20.3",,,,,,"22.1","48",,,"169",,,,,,"57.3",,,"81","130","150",,"33.8",,,,,"0.302",,,,,,,
"1","나주","성인","일반","19","관리자","참가","20250204","M","177.5","72.9","10.9","77","66","129","41.7","44.9",,,"1.4",,,,,,"23.1","44","87",,"219",,,,,,"61.6",,"53.0",,,,,,,,,,"0.308",,,,,,,
"1","부천","성인","일반","19","관리자","3등급","20250204","M","175.1","68.6","15.8",,"69","140","35.9","42.5",,,"11.9",,,,,,"22.4","42",,,"241",,,,,,"62.0",,,"95","133","136","173","48.5",,,,,"0.316",,,,,,,
"1","남구(부산)","성인","일반","51","관리자","참가","20250204","F","147","67.8","46.4",,"77","143","27.1","26.6",,,"-4.1",,,,,,"31.4","2",,,,,,,,,"40.0",,,"104","130","150",,"28.6",,,,,"0.407","0.390",,,,,,
"4","경산","성인","일반","19","관리자","2등급","20250204","M","175.9","61.4","11.4","75","92","148","36.2","41.5",,,"11.3",,,,,,"19.8","56",,"10.1",,,,,,,"67.6",,,"62","97","119",,"52.2",,,,,,"0.656",,,,,,
"1","포천","성인","일반","61","관리자","참가","20250204","F","148.2","53.2","37.9","81","96","146","21.8","25.1",,,"8.4",,,,,,"24.2","9","9",,"104",,,,,,"47.2",,"28.8",,,,,,,,,,"0.534",,,,,,,
"1","동구(인천)","성인","일반","44","관리자","참가","20250204","M","171.7","77.4","19.5",,"84","136","37.4","39.6",,,"10.9",,,,,,"26.3","26",,"11.87","212",,,,,,"51.2",,,"88","118","146","168","36.3",,,,,,,,,,,,
"1","동작","성인","일반","62","관리자","참가","20250204","M","170.2","77.9","34.3","94","80","130","33","31",,,"5.7",,,,,,"26.9","5","16",,,,,,,,"42.4",,"32.4",,,,,,,,,,"0.391","0.415",,,,,,
"6","광주","어르신","일반","73","관리자","참가","20250204","F","152.1","64.5","44.1",,"76","147","22.3","25.8",,,"9.1",,,,,,"27.9",,,,,"13",,"86","7.88","30.46","40.0",,,,,,,,,,,,,,,,,,,"25.8"
"1","고양","어르신","일반","75","관리자","2등급","20250204","F","143.7","53.4","35.1",,"89","180","21.2","18.9",,,"18",,,,,,"25.9",,,,,"25",,"92","7.44","30.06","39.7",,,,,,,,,,,,,,,,,,,"21.2"
"2","수원","성인","일반","21","관리자","3등급","20250204","M","177","68.9","13.6","71","71","120","46.5","53.9",,,"18.6",,,,,,"22.0","45",,,,,,,,,"78.2",,,,,,,,"120","46.1",,,"0.377","0.613",,,,,,
"2","수원","성인","일반","21","관리자","3등급","20250204","M","176.7","62.5","11.5","72","61","102","42.6","45.2",,,"8.9",,,,,,"20.0","47",,,,,,,,,"72.3",,,,,,,,"79","53.5",,,"0.319","0.62",,,,,,
"6","광주","어르신","일반","69","관리자","3등급","20250204","F","157.1","64.1","36.4",,"76","135","17.8","21.6",,,"13.8",,,,,,"26.0",,,,,"19",,"100","5.93","22.77","33.7",,,,,,,,,,,,,,,,,,,"21.6"
"1","수원","성인","일반","19","관리자","2등급","20250204","M","177.2","68.8","7.9","71","80","134","55.5","48.5",,,"16",,,,,,"21.9","56",,,"262",,,,,,"80.7",,,"70","100","110",,"53.2",,,,,"0.336",,,,,,,
"3","북구(광주)","성인","일반","44","관리자","2등급","20250204","F","172.7","77.1","31.2","83.6","73","130","34.4","36.3",,,"19.9",,,,,,"25.9","35",,,"152",,,,,,"47.1",,,"65","82","107",,"34.7",,,,,"0.406",,,,,,,
"1","북구(광주)","성인","일반","47","관리자","참가","20250204","M","182.3","101.8","25.4","96.7","86","147","50.7","49",,,"15.6",,,,,,"30.6","35",,,"193",,,,,,"49.8",,,"87","115","124","149","35.9",,,,,"0.355",,,,,,,
"3","창원","성인","일반","23","관리자","3등급","20250204","M","177.9","79","24.9","80","69","122","38.7","46.9",,,"7.3",,,,,,"25.0","55",,,,,,,,,"59.4",,,,,,,,"110","44.9",,,"0.320","0.490",,,,,,
"2","달서","성인","일반","30","관리자","1등급","20250204","M","177.2","76.2","18.1","85.2","70","137","47.1","54.9",,,"16.2",,,,,,"24.3","55","50",,"234",,,,,,"72.0",,"43.0",,,,,,,,,,"0.33",,,,,,,
"14","화성","어르신","일반","70","관리자","참가","20250204","F","152.2","73.4","46.2",,"70","130","19.8","24",,,"9",,,,,,"31.7",,,,,"26",,"113","5.35","21.63","32.7",,,,,,,,,,,,,,,,,,,"24.0"
"9","동작","어르신","일반","72","관리자","2등급","20250204","M","168.3","64","30.4","89","80","130","38.6","38.4",,,"9.8",,,,,,"22.6",,,,,"31",,"124","4.77","23.19","60.3",,,,,,,,,,,,,,,,,,,"38.6"
"6","오산","어르신","일반","74","관리자","1등급","20250204","M","159","57.8","21.7","80","85","151","39.9","36.7",,,"9.8",,,,,,"22.9",,,,,"33",,"124","5.21","18.75","69.0",,,,,,,,,,,,,,,,,,,"39.9"
"2","고양","성인","일반","45","관리자","3등급","20250204","M","178.3","89.1","24",,"79","153","47.4","50.3",,,"6.1",,,,,,"28.0","53","33","11.60","227",,,,,,"56.5",,"35.9",,,,,,,,,,,,,,,,,
"1","제주","성인","일반","19","관리자","참가","20250204","M","173.5","69.6","21.5","85.2","71","117","36.2","29.7",,,"1.2",,,,,,"23.1","27","33",,"199",,,,,,"52.0",,"40.9",,,,,,,,,,"0.442",,,,,,,
"1","제주","성인","일반","19","관리자","참가","20250204","M","169.3","72.8","17.9","83.5","51","112","48.8","53.7",,,"10.5",,,,,,"25.4","34","51",,"201",,,,,,"73.8",,"44.8",,,,,,,,,,"0.306",,,,,,,
"1","달서","청소년","일반","18","관리자","참가","20250204","M","178.9","66.64","18.9","74.9","88","138","32.8","32.3",,"46","4.8","17","0.576","48.423","9","48.837","20.8",,,,,,,,,,"49.2",,,"80","130","154",,"46.4",,,,,,,,,,,,
"1","안산","성인","일반","19","관리자","3등급","20250204","M","173.7","70","22.8","82","96","155","38.1","45.7",,,"12",,,,,,"23.2","42",,"10.91","222",,,,,,"65.3",,,,,,,,"126","45.2",,,,,,,,,,
"1","남구(부산)","어르신","일반","65","관리자","2등급","20250204","F","153.5","53.7","33.6",,"76","139","26.4","27.3",,,"17.8",,,,,,"22.8",,,,,"24",,"124","5.83","21.57","50.8",,,,,,,,,,,,,,,,,,,"27.3"
"1","화성","성인","일반","60","관리자","3등급","20250204","M","164.3","65.2","24",,"81","149","33.1","35.3",,,"9.4",,,,,,"24.2","20","16",,,,,,,,"54.1",,"34.5",,,,,,,,,,"0.466","0.402",,,,,,
"1","안산","성인","일반","57","관리자","참가","20250204","F","158.6","75.2","43.3","92","96","159","26","28.3",,,"7",,,,,,"29.9","18",,,"134",,,,,,"37.6",,,,,,,,"127","25.2",,,"0.367",,,,,,,
"1","화성","성인","일반","19","관리자","참가","20250204","M","176.2","94.3","28.3",,"99","146","42.1","50.2",,,"-0.3",,,,,,"30.4","29","48","10.56","215",,,,,,"53.2",,"40.8",,,,,,,,,,,,,,,,,
"1","남구(부산)","어르신","일반","65","관리자","참가","20250204","M","170.3","80.9","26.5",,"75","132","41","43.3",,,"-6.6",,,,,,"27.9",,,,,"32",,"137","5.33","19.24","53.5",,,,,,,,,,,,,,,,,,,"43.3"
"2","강북","성인","일반","56","관리자","참가","20250204","M","173.0","111.70","38.2","120.7","112","145","43.5","47",,,"-7.4",,,,,,"37.3","0",,,"158",,,,,,"42.1",,,"87","123","143",,"26.5",,,,,"0.398",,,,,,,
"3","성남","성인","일반","20","관리자","참가","20250204","M","176.9","75.4","19.3",,"81","131","42.9","46.8",,,"21.7",,,,,,"24.1","52",,"9.29","248",,,,,,"62.1",,,,,,,,"142","41.7",,,,,,,,,,
"12","화성","성인","일반","64","관리자","2등급","20250204","F","158.4","59.1","34",,"86","141","23.2","25.1",,,"24.6",,,,,,"23.6","21",,,"120",,,,,,"42.5",,,,,,,,"114","29.4",,,"0.301",,,,,,,
"1","화성","성인","일반","58","관리자","2등급","20250204","M","191.1","73","10.1",,"70","119","38.5","47.2",,,"18.9",,,,,,"20.0","30",,,"211",,,,,,"64.7",,,"90","77","109","120","41.4",,,,,"0.378",,,,,,,
"2","서구(대전)","성인","일반","21","관리자","참가","20250204","M","171.6","70.3","18.7",,"81","141","41.3","46.3",,,"13.1",,,,,,"23.9","37","49",,,,,,,,"65.9",,"44.5",,,,,,,,,,"0.256","0.539",,,,,,
"2","서구(대전)","성인","일반","19","관리자","2등급","20250204","M","175","63","13.8",,"89","140","41.1","44.3",,,"11.5",,,,,,"20.6","56","53",,,,,,,,"70.3",,"46.6",,,,,,,,,,"0.300","0.589",,,,,,
"2","화성","성인","일반","20","관리자","3등급","20250204","M","182.3","77.6","15.1",,"93","142","43.1","39.8",,,"14",,,,,,"23.4","64",,"9.9","249",,,,,,"55.5",,,"70","129","119","145","54.4",,,,,,,,,,,,
"2","고양","성인","일반","19","관리자","참가","20250204","M","179.5","91.4","26.8",,"88","143","49.1","54.8",,,"-6.4",,,,,,"28.4","35",,"10.56","190",,,,,,"60.0",,,,,,,,"124","41.2",,,,,,,,,,
"6","고양","어르신","일반","67","관리자","3등급","20250204","F","163.7","55.2","30.7",,"79","190","26.4","27.3",,,"16.8",,,,,,"20.6",,,,,"26",,"98","5.17","21.45","49.5",,,,,,,,,,,,,,,,,,,"27.3"
"2","화성","성인","일반","20","관리자","3등급","20250204","M","172.5","70.5","18.5",,"78","118","37.2","40.1",,,"9.8",,,,,,"23.7","47",,,,,,,,,"56.9",,,,,,,,"137","43.2",,,"0.279","0.588",,,,,,
"3","중구(서울)","어르신","일반","65","관리자","참가","20250204","M","174.3","86.2","30.8","99.8","96","157","40.2","46.7",,,"1.6",,,,,,"28.4",,,,,"25",,"101","4.8","20.4","54.2",,,,,,,,,,,,,,,,,,,"46.7"
"3","성남","어르신","일반","65","관리자","2등급","20250204","F","157.6","62.8","41.3",,"80","154","26.3","27.4",,,"20.4",,,,,,"25.3",,,,,"20",,"105","4.79","19.14","43.6",,,,,,,,,,,,,,,,,,,"27.4"
"1","청주","성인","일반","30","관리자","참가","20250204","M","170.6","83.1","28.7","99.2","83","120","42.2","55.2",,,"24",,,,,,"28.6","42","30","10.6","230",,,,,,"66.4",,"37.5",,,,,,,,,,,,,,,,,
"1","청주","성인","일반","32","관리자","3등급","20250204","M","176.6","71.7","19.4","84.5","69","129","45.6","45.7",,,"18.8",,,,,,"23.0","37","66","10.9","219",,,,,,"63.7",,"47.3",,,,,,,,,,,,,,,,,
"5","성남","어르신","일반","70","관리자","2등급","20250204","F","148","48.1","19.0",,"79","138","24.7","24.9",,,"24.6",,,,,,"22.0",,,,,"23",,"104","4.76","20.82","51.8",,,,,,,,,,,,,,,,,,,"24.9"
"1","마포","성인","일반","20","관리자","3등급","20250204","M","178.7","93.7","21.5","90","92","154","61.7","59.6",,,"11.1",,,,,,"29.3","55","44",,"247",,,,,,"65.8",,"39.8",,,,,,,,,,"0.329",,,,,,,
"1","사상","성인","일반","19","관리자","참가","20250204","M","185.6","83.1","18.5","92.1","81","131","37.9","35.8",,,"-11.5",,,,,,"24.1","32","22",,,,,,,,"45.6",,"36.1",,,,,,,,,,"0.361","0.528",,,,,,
"1","동구(광주)","성인","일반","19","관리자","참가","20250204","M","181.5","73.8","21.8","77","84","144","38.3","41.4",,,"2.1",,,,,,"22.4","22",,,,,,,,,"56.1",,,"100","130","157","179","43.1",,,,,"0.435","0.49",,,,,,
"1","성남","성인","일반","63","관리자","참가","20250204","F","155.1","58.6","38.2",,"95","156","23.4","23.8",,,"8.0",,,,,,"24.4","0",,,,,,,,,"40.6",,,,,,,,"141","26.1",,,"0.412","0.387",,,,,,
"1","천안","성인","일반","19","관리자","참가","20250204","M","187.1","102.8","24",,"62","150","51.9","52.4",,,"16.7",,,,,,"29.4","51",,"11.22","193",,,,,,"51.0",,,,,,,,"106","41.9",,,,,,,,,,
"7","양평","어르신","일반","73","관리자","3등급","20250204","F","149.1","64","36",,"60","120","21.8","25.1",,,"12.6",,,,,,"28.8",,,,,"32",,"113","5.91","21.47","39.2",,,,,,,,,,,,,,,,,,,"25.1"
"1","양평","성인","일반","62","관리자","참가","20250204","M","166.6","68.9","31.7",,"77","153","39.7","36.5",,,"9.6",,,,,,"24.8","31",,,"186",,,,,,"57.6",,,,,,,,"164","28.8",,,"0.371",,,,,,,
"1","천안","성인","일반","20","관리자","참가","20250204","M","177.5","78.9","25",,"75","125","39","42.6",,,"9.0",,,,,,"25.0","28",,"11.13","191",,,,,,"54.0",,,"90","141","169",,"40.1",,,,,,,,,,,,
"9","동구(광주)","어르신","일반","70","관리자","참가","20250204","M","156.7","60.5","24","86","85","154","32","28.3",,,"-0.5",,,,,,"24.6",,,,,"20",,"117","5.59","24.63","52.9",,,,,,,,,,,,,,,,,,,"32.0"
"1","보은","성인","일반","62","관리자","참가","20250204","M","164.4","74.5","25.9",,"96","151","26.7","33.3",,,"12.8",,,,,,"27.6","40",,,"156",,,,,,"44.7",,,,,,,,"111","35.1",,,"0.387",,,,,,,
"13","동구(광주)","어르신","일반","68","관리자","2등급","20250204","F","153.6","58.7","28.3","84","83","138","20.6","21.9",,,"22.1",,,,,,"24.9",,,,,"19",,"114","6.23","24.42","37.3",,,,,,,,,,,,,,,,,,,"21.9"
"4","오산","어르신","일반","72","관리자","3등급","20250204","M","174","68.8","28.9","88.5","78","146","30.4","33.9",,,"4.5",,,,,,"22.7",,,,,"18",,"90","5.84","26.07","49.3",,,,,,,,,,,,,,,,,,,"33.9"
"3","달서","성인","일반","20","관리자","3등급","20250204","M","172.1","63.58","12.3","75.1","90","143","41.4","48",,,"10.7",,,,,,"21.5","45",,,,,,,,,"75.5",,,,,,,,"105","49.4",,,"0.306","0.639",,,,,,
"2","오산","어르신","일반","72","관리자","참가","20250204","F","151.6","60.6","46","90.1","78","154","17.2","18.2",,,"6.2",,,,,,"26.4",,,,,"23",,"96","5.72","23.65","30.0",,,,,,,,,,,,,,,,,,,"18.2"
"1","목포","성인","일반","19","관리자","참가","20250204","M","182.9","62","17.1","75.2","85","147","38.2","39.5",,,"14.5",,,,,,"18.5","32","41",,"231",,,,,,"63.7",,"43.7",,,,,,,,,,"0.308",,,,,,,
"1","사하","성인","일반","19","관리자","2등급","20250204","M","166.5","58.1","15.6","73.8","77","145","36.5","44.5",,,"19.2",,,,,,"21.0","58","58","9.43",,,,,,,"76.6",,"48.6",,,,,,,,,,,"0.564",,,,,,
"4","달서","성인","일반","28","관리자","2등급","20250204","F","165.1","49.4","26.5","73","83","113","26.2","22.1",,,"17.6",,,,,,"18.1","32",,,,,,,,,"53.0",,,,,,,,"139","36.1",,,"0.352","0.427",,,,,,
"1","곡성","어르신","일반","78","관리자","2등급","20250204","F","153.1","50.7","28.6","72.2","80","153","18.7","17.9",,,"21.8",,,,,,"21.6",,,,,"15",,"121","6.76","27.64","36.9",,,,,,,,,,,,,,,,,,,"18.7"
"1","곡성","어르신","일반","71","관리자","참가","20250204","F","154","56.3","30.9","79.9","70","140","19.3","18.3",,,"22.4",,,,,,"23.7",,,,,"14",,"63","6.50","26.19","34.3",,,,,,,,,,,,,,,,,,,"19.3"
"1","성동","성인","일반","63","관리자","3등급","20250204","M","173.7","63","20.3",,"85","157","35.2","37.9",,,"7.1",,,,,,"20.9","20",,,,,,,,,"60.2",,,,,,,,"127","35.8",,,"0.375","0.415",,,,,,
"1","곡성","어르신","일반","72","관리자","참가","20250204","F","158.1","63","40","93.5","87","150","22.2","23",,,"23.4",,,,,,"25.2",,,,,"13",,"109","5.64","25.74","36.5",,,,,,,,,,,,,,,,,,,"23.0"
"1","곡성","어르신","일반","73","관리자","3등급","20250204","F","146.7","54.8","38.7","84.1","88","141","17.3","17.1",,,"15.8",,,,,,"25.5",,,,,"14",,"111","6.29","29.21","31.6",,,,,,,,,,,,,,,,,,,"17.3"
"2","안산","성인","일반","19","관리자","2등급","20250204","M","176.9","73.9","17.9","75","79","117","48.1","45.7",,,"17.9",,,,,,"23.6","53","54","10.4","237",,,,,,"65.1",,"45.2",,,,,,,,,,,,,,,,,
"1","강북","성인","일반","62","관리자","3등급","20250204","M","170.5","64.10","19.0","80.4","93","156","42.4","43",,,"20",,,,,,"22.1","34",,,"188",,,,,,"67.1",,,,,,,,"139","33.8",,,"0.336",,,,,,,
"6","고양","성인","일반","30","관리자","참가","20250204","M","173.2","97.9","35.1",,"95","145","40.6","45.1",,,"-11.8",,,,,,"32.6","24","17","15.76","77",,,,,,"46.1",,"32.2",,,,,,,,,,,,,,,,,
"17","동구(광주)","성인","일반","62","관리자","2등급","20250204","F","159.7","63.8","36","88","76","129","26.6","27.2",,,"18.2",,,,,,"25.0","18",,,"122",,,,,,"42.6",,,,,,,,"98","30.7",,,"0.421",,,,,,,
"1","안산","성인","일반","51","관리자","참가","20250204","M","174","76.8","20.5","88","84","115","39.5","48.3",,,"0.7",,,,,,"25.4","35","20",,"198",,,,,,"62.9",,"34.3",,,,,,,,,,"0.381",,,,,,,
"3","스포원(금정)","성인","일반","23","관리자","3등급","20250204","M","163.7","61.3","29",,"83","123","38.7","36.1",,,"16.7",,,,,,"22.9","48",,,,,,,,,"63.1",,,,,,,,"135","44.1",,,"0.269","0.601",,,,,,
"1","구미","성인","일반","20","관리자","참가","20250204","M","162","70.9","25","93.1","72","139","41.7","45.5",,,"20.2",,,,,,"27.0","49",,"10.36","220",,,,,,"64.2",,,"90","120","137","172","44.3",,,,,,,,,,,,
"2","남구(부산)","성인","일반","20","관리자","참가","20250204","M","178.8","71.8","13.6",,"74","120","42.8","35.8",,,"7.1",,,,,,"22.5","40",,,"200",,,,,,"59.6",,,"94","125","139","156","48.6",,,,,"0.357",,,,,,,
"2","군산","어르신","출장","71","관리자","참가","20250204","M","162","69.4","32.6",,"74","141","27.5","32.6",,,"-0.5",,,,,,"26.4",,,,,"21",,"106","6.40","28.62","47.0",,,,,,,,,,,,,,,,,,,"32.6"
"1","북구(광주)","어르신","일반","67","관리자","3등급","20250204","F","152.4","56.7","34.0","82.6","62","138","24.6","25.1",,,"13.6",,,,,,"24.4",,,,,"28",,"119","4.29","18.54","44.3",,,,,,,,,,,,,,,,,,,"25.1"
"2","군산","어르신","출장","72","관리자","2등급","20250204","F","154.1","49.9","29.6",,"70","142","20.3","20.1",,,"16.4",,,,,,"21.0",,,,,"23",,"126","5.69","25.19","40.7",,,,,,,,,,,,,,,,,,,"20.3"
"8","군산","어르신","출장","75","관리자","3등급","20250204","F","148.9","55","36.3",,"71","151","27.4","27.6",,,"7.2",,,,,,"24.8",,,,,"32",,"110","5.03","22.10","50.2",,,,,,,,,,,,,,,,,,,"27.6"
"1","사상","성인","일반","37","관리자","참가","20250204","M","177.9","102.2","28","94","96","155","40","41.9",,,"11.8",,,,,,"32.3","42","34",,"222",,,,,,"41.0",,"34.9",,,,,,,,,,"0.459",,,,,,,
"3","군산","어르신","출장","71","관리자","3등급","20250204","F","156.3","68.1","37.2",,"62","140","20.6","19.9",,,"13",,,,,,"27.9",,,,,"23",,"115","5.85","25.16","30.2",,,,,,,,,,,,,,,,,,,"20.6"
"4","군산","어르신","출장","67","관리자","참가","20250204","F","151.5","82.3","32.3",,"74","157","11.8","8.8",,,"10.2",,,,,,"35.9",,,,,"17",,"95","5.37","29.22","14.3",,,,,,,,,,,,,,,,,,,"11.8"
"2","청주","성인","일반","19","관리자","참가","20250204","M","179.1","77.4","18","87.4","71","127","50.5","47.7",,,"2.3",,,,,,"24.1","31",,"10","235",,,,,,"65.2",,,,,,,,"130","43.4",,,,,,,,,,
"5","군산","어르신","출장","75","관리자","3등급","20250204","F","151","52.9","36.3",,"72","157",,"21.1",,,"13.7",,,,,,"23.2",,,,,"17",,"71","6.91","28.91","39.9",,,,,,,,,,,,,,,,,,,
"5","군산","어르신","출장","76","관리자","2등급","20250204","M","170.5","67.7","21.5",,"54","111","41.5","43.4",,,"5.0",,,,,,"23.3",,,,,"24",,"115","5.85","26.38","64.1",,,,,,,,,,,,,,,,,,,"43.4"
"1","군산","어르신","출장","67","관리자","참가","20250204","F","159.4","77.3","41.5",,"80","120","26.1","32.1",,,"-2.2",,,,,,"30.4",,,,,"21",,"130","5.31","26","41.5",,,,,,,,,,,,,,,,,,,"32.1"
"1","군산","어르신","출장","68","관리자","3등급","20250204","F","152.5","54.3","33.4",,"81","135","22.9","22.6",,,"21.6",,,,,,"23.3",,,,,"26",,"121","5.59","25.12","42.2",,,,,,,,,,,,,,,,,,,"22.9"
"1","군산","어르신","출장","68","관리자","참가","20250204","M","160.1","75.2","31.3",,"67","149","27.6","31.5",,,"-7.9",,,,,,"29.3",,,,,"21",,"101","5.50","24.10","41.9",,,,,,,,,,,,,,,,,,,"31.5"
"5","군산","어르신","출장","74","관리자","1등급","20250204","F","149.5","48.2","37",,"48","105","19.9","17.9",,,"18.8",,,,,,"21.6",,,,,"22",,"111","5.94","24","41.3",,,,,,,,,,,,,,,,,,,"19.9"
"1","군산","어르신","출장","74","관리자","참가","20250204","M","170","66.4","25.7",,"84","142","39.1","32.4",,,"-12.2",,,,,,"23.0",,,,,"19",,"102","5.87","25.50","58.9",,,,,,,,,,,,,,,,,,,"39.1"
"1","군산","어르신","출장","68","관리자","2등급","20250204","M","168.5","67.5","22.9",,"78","149","41.3","44.3",,,"15",,,,,,"23.8",,,,,"31",,"135","5.22","21.37","65.6",,,,,,,,,,,,,,,,,,,"44.3"
"11","군산","어르신","출장","67","관리자","1등급","20250204","F","161.1","57.4","33.5",,"72","135","26.2","28.2",,,"23.3",,,,,,"22.1",,,,,"28",,"122","5.09","22.02","49.1",,,,,,,,,,,,,,,,,,,"28.2"
"2","군산","어르신","출장","77","관리자","3등급","20250204","F","162.2","72.5","38.1",,"99","148","19.6","22.5",,,"13.1",,,,,,"27.6",,,,,"16",,"117","6.54","30","31.0",,,,,,,,,,,,,,,,,,,"22.5"
"6","군산","어르신","출장","71","관리자","3등급","20250204","F","152.7","59","32.1",,"54","116","18.8","14.9",,,"17.5",,,,,,"25.3",,,,,"23",,"113","5.90","26","31.9",,,,,,,,,,,,,,,,,,,"18.8"
"1","천안","청소년","일반","18","관리자","3등급","20250204","M","172.3","62.9","14.4",,"75","120","35.9","40.8",,"40","9.7","18.31","0.625","54.268","6","54.544","21.2",,,,,,,,,,"64.9",,,"90","109","129",,"49.5",,,,,,,,,,,,
"2","군산","어르신","출장","65","관리자","참가","20250204","F","157.2","37.7","3.0",,"62","111","22.4","27.1",,,"23.5",,,,,,"15.3",,,,,"15",,"102","5.37","21.22","71.9",,,,,,,,,,,,,,,,,,,"27.1"
"3","군산","어르신","출장","82","관리자","참가","20250204","M","166.5","72.1","38.2",,"55","144","37.6","44",,,"-6.3",,,,,,"26.0",,,,,"15",,"101","7.53","30.78","61.0",,,,,,,,,,,,,,,,,,,"44.0"
"1","군산","어르신","출장","80","관리자","참가","20250204","M","161.4","68.3","34.2",,"61","143","21.5","26.7",,,"-3.4",,,,,,"26.2",,,,,"17",,"99","8.75",,"39.1",,,,,,,,,,,,,,,,,,,"26.7"
"1","군산","어르신","출장","68","관리자","3등급","20250204","F","146.9","55.1","38",,"82","155","20.9","22.6",,,"15.7",,,,,,"25.5",,,,,"21",,"122","5.78","27.05","41.0",,,,,,,,,,,,,,,,,,,"22.6"
"3","군산","어르신","출장","67","관리자","참가","20250204","F","158.4","61.1","33.1",,"76","141","23.8","27.6",,,"-1.1",,,,,,"24.4",,,,,"22",,"123","6.09","25.78","45.2",,,,,,,,,,,,,,,,,,,"27.6"
"3","군산","어르신","출장","73","관리자","참가","20250204","M","170.2","78.8","22.1",,"64","130","44","46.4",,,"-16.4",,,,,,"27.2",,,,,"22",,"105","7.03","26.94","58.9",,,,,,,,,,,,,,,,,,,"46.4"
"2","동작","성인","일반","64","관리자","참가","20250204","F","158.5","62.3","39.6","84","90","155","27.6","26.6",,,"15.3",,,,,,"24.8","7",,,"117",,,,,,"44.3",,,,,,,,"141","25.3",,,"0.381",,,,,,,
"4","천안","성인","일반","20","관리자","3등급","20250204","M","180.6","84.6","24.7",,"87","145","47.1","56.4",,,"13.3",,,,,,"25.9","54",,,"198",,,,,,"66.7",,,,,,,,"112","44.3",,,"0.304",,,,,,,
"3","군산","어르신","출장","77","관리자","참가","20250204","F","148.3","51.5","44.2",,"70","156","18.4","16",,,"-10.1",,,,,,"23.4",,,,,"18",,"88","8.31",,"35.7",,,,,,,,,,,,,,,,,,,"18.4"
"3","서대문","성인","일반","58","관리자","2등급","20250204","M","170.1","79.9","29.8",,"66","119","47","45.7",,,"12.6",,,,,,"27.6","33","25",,,,,,,,"58.8",,"34.5",,,,,,,,,,"0.355","0.479",,,,,,
"1","군산","어르신","출장","73","관리자","참가","20250204","M","166.1","85.1","33.3",,"67","103","31.6","27.5",,,"0.4",,,,,,"30.8",,,,,"14",,"110","7.37","32.53","37.1",,,,,,,,,,,,,,,,,,,"31.6"
"1","군산","어르신","출장","67","관리자","참가","20250204","F","159.9","67.7","36.3",,"76","146","23.5","28.2",,,"15.7",,,,,,"26.5",,,,,"21",,"102","5.4","29.28","41.7",,,,,,,,,,,,,,,,,,,"28.2"
"1","군산","어르신","출장","69","관리자","3등급","20250204","M","168.6","73.9","19.6",,"83","153","46.1","46.1",,,"16.4",,,,,,"26.0",,,,,"18",,"100","5.31","22.28","62.4",,,,,,,,,,,,,,,,,,,"46.1"
"1","안산","성인","일반","25","관리자","참가","20250204","F","162.6","54.6","30.7","62.9","89","138","24.4","26.9",,,"17.2",,,,,,"20.7","20",,,,,,,,,"49.3",,,"68","106","127",,"41.3",,,,,"0.513","0.341",,,,,,
"1","제주","성인","일반","19","관리자","참가","20250204","M","170.1","87.9","26.4","96.3","80","143","33.1","38.8",,,"15.6",,,,,,"30.4","34",,,"216",,,,,,"44.1",,,,,,,,"148","37.8",,,"0.357",,,,,,,
"1","군산","어르신","출장","65","관리자","참가","20250204","F","157.2","63.3","37.5",,"75","122","24.1","26.7",,,"-0.3",,,,,,"25.6",,,,,"21",,"136","5.07","22.19","42.2",,,,,,,,,,,,,,,,,,,"26.7"
"1","서대문","성인","일반","19","관리자","1등급","20250204","M","176.4","68.8","12.3",,"66","119","41","49.7",,,"17.8",,,,,,"22.1","55","63",,,,,,,,"72.2",,"48.0",,,,,,,,,,"0.312","0.629",,,,,,
"1","군산","어르신","출장","77","관리자","2등급","20250204","F","151.7","64.4","44.1",,"78","154","20.1","21",,,"13.8",,,,,,"28.0",,,,,"24",,"118","5.97","24.72","32.6",,,,,,,,,,,,,,,,,,,"21.0"
"1","서구(대전)","성인","일반","20","관리자","참가","20250204","M","175.1","70.7","16.1",,"92","154","45","16.6",,,"6.1",,,,,,"23.1","28",,,,,,,,,"63.6",,,"106","133","146","173","45.4",,,,,"0.301","0.551",,,,,,
"1","군산","어르신","출장","72","관리자","참가","20250204","F","155.6","51.2","29.4",,"70","149","18.6","14.3",,,"-8.6",,,,,,"21.1",,,,,"18",,"91","6.56","28.37","36.3",,,,,,,,,,,,,,,,,,,"18.6"
"2","군산","어르신","출장","66","관리자","참가","20250204","F","153.3","62.1","39.6",,"74","147","23.5","25.9",,,"24.2",,,,,,"26.4",,,,,"15",,"100","5.28","27.09","41.7",,,,,,,,,,,,,,,,,,,"25.9"
"6","의정부","어르신","일반","74","관리자","참가","20250204","M","165.8","74.9","34.2","99.7","78","145","35.2","40.3",,,"2.7",,,,,,"27.2",,,,,"20","513",,"7.36","27.93","53.8",,,,,,,,,,,,,,,,,,,"40.3"
"2","군산","어르신","출장","67","관리자","참가","20250204","F","149.8","47.4","35.2",,"61","137","20.1","17.5",,,"7.1",,,,,,"21.1",,,,,"16",,"116","29.31",,"42.4",,,,,,,,,,,,,,,,,,,"20.1"
"1","군산","어르신","출장","80","관리자","참가","20250204","M","167.5","72.6","34.6",,"71","146",,"24.8",,,"7.7",,,,,,"25.9",,,,,"20",,"94","7.35","34.78","34.2",,,,,,,,,,,,,,,,,,,
"8","마포","성인","일반","59","관리자","2등급","20250204","M","163.4","66.2","25.1","83","85","135","44.3","47.8",,,"16.2",,,,,,"24.8","39",,,"193",,,,,,"72.2",,,,,,,,"114","37.2",,,"0.312",,,,,,,
"1","군산","어르신","출장","69","관리자","참가","20250204","M","171.8","68.3","22.7",,"82","156","43","34.5",,,"-4.8",,,,,,"23.1",,,,,"19",,"116","5.28","22.81","63.0",,,,,,,,,,,,,,,,,,,"43.0"
"1","고양","어르신","일반","65","관리자","2등급","20250204","M","167.8","63.2","15.6",,"81","156","36.9","44",,,"8.2",,,,,,"22.4",,,,,"27",,"109","4.89","19.11","69.6",,,,,,,,,,,,,,,,,,,"44.0"
"1","고양","성인","일반","63","관리자","참가","20250204","M","179.2","57.4","20.1",,"94","151","22","35.4",,,"1.6",,,,,,"17.9","16",,"13.22","157",,,,,,"61.7",,,,,,,,"148","34.4",,,,,,,,,,
"1","군산","어르신","출장","76","관리자","2등급","20250204","F","154.6","61.3","42.7",,"81","149","20","24.6",,,"14",,,,,,"25.6",,,,,"20",,"108","6.72","30.84","40.1",,,,,,,,,,,,,,,,,,,"24.6"
"1","마포","성인","일반","19","관리자","1등급","20250204","M","166.3","71.4","17.6","77","87","128","43.4","49.4",,,"26.8",,,,,,"25.8","66",,,"246",,,,,,"69.2",,,,,,,,"73","52.1",,,"0.325",,,,,,,
"1","군산","어르신","출장","81","관리자","참가","20250204","M","166.7","58","23.8",,"78","133","21.1","23.6",,,"-4.9",,,,,,"20.9",,,,,"17",,"99","4.91","25.69","40.7",,,,,,,,,,,,,,,,,,,"23.6"
"2","부천","성인","일반","27","관리자","참가","20250204","M","168","81.6","27.7",,"77","127","44.5","47",,,"8.7",,,,,,"28.9","43",,,,,,,,,"57.6",,,,,,,,"121","41.0",,,"0.345","0.514",,,,,,
"1","부천","성인","일반","19","관리자","참가","20250204","M","177.0","84.7","17.5",,"50","118","43.3","50.1",,,"-2.8",,,,,,"27.0","64",,,"216",,,,,,"59.1",,,,,,,,"90","47.5",,,"0.322",,,,,,,
"1","군산","어르신","출장","73","관리자","참가","20250204","M","171","74.5","32.6",,"72","141","31","33.8",,,"1.6",,,,,,"25.5",,,,,"16",,"103","7.28","33.97","45.4",,,,,,,,,,,,,,,,,,,"33.8"
"6","군산","어르신","출장","84","관리자","참가","20250204","F","149.9","55.3","42.8",,"72","155","13.6","11.6",,,"10.3",,,,,,"24.6",,,,,"16",,"96","7.63","32.59","24.6",,,,,,,,,,,,,,,,,,,"13.6"
"1","수원","성인","일반","19","관리자","3등급","20250204","M","170.9","69.7","15.9","82","87","153","40","50",,,"6.4",,,,,,"23.9","45",,,"199",,,,,,"71.7",,,,,,,,"129","44.6",,,"0.534",,,,,,,
"5","수원","어르신","일반","75","관리자","3등급","20250204","F","157.1","75.5","43.4","103","77","153","26.7","27",,,"14.7",,,,,,"30.6",,,,,"20",,"85","6","25.4","35.8",,,,,,,,,,,,,,,,,,,"27.0"
"1","군산","어르신","출장","66","관리자","참가","20250204","F","152.8","51.6","37.1",,"79","156","30.1","32.7",,,"9.2",,,,,,"22.1",,,,,"21",,"118","6.22","26.12","63.4",,,,,,,,,,,,,,,,,,,"32.7"
"5","수원","성인","일반","24","관리자","참가","20250204","F","163.3","47.8","15.7","66","77","104","23","29",,,"11",,,,,,"17.9","34",,,"188",,,,,,"60.7",,,,,,,,"122","39.1",,,"0.287",,,,,,,
"1","군산","어르신","출장","77","관리자","3등급","20250204","F","147","56.1","46.1",,"74","159","11.3","19.6",,,"15.1",,,,,,"26.0",,,,,"20",,"98","7.13","32.18","34.9",,,,,,,,,,,,,,,,,,,"19.6"
"1","군산","어르신","출장","65","관리자","3등급","20250204","F","162.3","65","31.5",,"69","128","22.6","25.9",,,"19.8",,,,,,"24.7",,,,,"16",,"114","5.47","23.22","39.8",,,,,,,,,,,,,,,,,,,"25.9"
"4","서구(대전)","어르신","일반","74","관리자","참가","20250204","F","155.5","66.7","42.9",,"85","140","18.3","22.1",,,"21.7",,,,,,"27.6",,,,,"10",,"89","6.28","27.18","33.1",,,,,,,,,,,,,,,,,,,"22.1"
"1","안산","성인","일반","58","관리자","3등급","20250204","F","167.9","69.1","32.1","83","89","139","28.4","30.6",,,"20.6",,,,,,"24.5","17",,,"130",,,,,,"44.3",,,,,,,,"112","29.2",,,"0.413",,,,,,,
"1","중구(서울)","성인","일반","53","관리자","참가","20250204","M","166.2","73.8","30.5","90.5","77","140","38.5","38.4",,,"-0.6",,,,,,"26.7","27",,,,,,,,,"52.2",,,,,,,,"124","35.7",,,"0.375","0.461",,,,,,
"1","군산","어르신","출장","81","관리자","참가","20250204","M","173.2","73.6","32.7",,"78","159","34.3","35.7",,,"-5",,,,,,"24.5",,,,,"20",,"98","7.38","35.41","48.5",,,,,,,,,,,,,,,,,,,"35.7"
"5","강북","성인","일반","61","관리자","참가","20250204","M","178.8","77","22.6","92.1","97","158","46.2","50.7",,,"11.6",,,,,,"24.1","30",,,"206",,,,,,"65.8",,,,,,,,"151","30.1",,,"0.385",,,,,,,
"2","중구(서울)","성인","일반","23","관리자","3등급","20250204","F","167.3","49.8","24.8","69.5","62","111","24.8","28.2",,,"20.1",,,,,,"17.8","23",,,"155",,,,,,"56.6",,,,,,,,"114","40.2",,,"0.286",,,,,,,
"1","동작","성인","일반","32","관리자","참가","20250204","M","168.8","57.9","19.3","77","95","134","38","37.6",,,"2.9",,,,,,"20.3","41","22",,"214",,,,,,"65.6",,"39.1",,,,,,,,,,"0.375",,,,,,,
"3","군산","어르신","출장","78","관리자","참가","20250204","M","165.2","57.5","22",,"62","126","30.1","35.8",,,"-4.6",,,,,,"21.1",,,,,"18",,"100","5.69","26.31","62.3",,,,,,,,,,,,,,,,,,,"35.8"
"1","군산","어르신","출장","84","관리자","참가","20250204","M","169.7","68.7","26.9",,"42","153","25","29.3",,,"8.7",,,,,,"23.9",,,,,"15",,"81","9.6","35.06","42.6",,,,,,,,,,,,,,,,,,,"29.3"
"7","오산","어르신","일반","77","관리자","2등급","20250204","F","145","56.2","43.9","81","91","156","23.5","23.7",,,"14.2",,,,,,"26.7",,,,,"25",,"93","6.72","24.93","42.2",,,,,,,,,,,,,,,,,,,"23.7"
"3","제주","성인","일반","20","관리자","3등급","20250204","M","170.2","57.1","14.1","78.6","72","134","29.8","29.9",,,"17.8",,,,,,"19.7","48","43",,"221",,,,,,"52.4",,"45.1",,,,,,,,,,"0.300",,,,,,,
"1","부천","성인","일반","19","관리자","참가","20250204","M","177.2","80.8","19",,"86","146","35","39.9",,,"-12.3",,,,,,"25.7","38",,,,,,,,,"49.4",,,,,,,,"116","44.6",,,"0.360","0.502",,,,,,
"1","안산","성인","일반","64","관리자","참가","20250204","M","174.9","92.4","34.7","99","75","126","38.4","44.8",,,"-13",,,,,,"30.2","20",,,"136",,,,,,"48.5",,,,,,,,"102","32.8",,,"0.398",,,,,,,
"2","사천","성인","일반","19","관리자","2등급","20250204","M","177.5","74.1","16.8","89.4","84","139","51.9","55.4",,,"17.5",,,,,,"23.5","50","55","10.1",,,,,,,"74.8",,"45.4",,,,,,,,,,,"0.564",,,,,,
"2","중구(서울)","어르신","일반","65","관리자","3등급","20250204","F","155.1","62.8","39","93.5","87","158","19.4","25.1",,,"19.5",,,,,,"26.1",,,,,"25",,"107","6.4","23.4","40.0",,,,,,,,,,,,,,,,,,,"25.1"
"1","고양","성인","일반","20","관리자","참가","20250204","M","175.6","76.4","21",,"92","127","34.6","29.7",,,"-0.6",,,,,,"24.8","36",,"12.31","193",,,,,,"45.3",,,,,,,,"111","45.9",,,,,,,,,,
"3","광주","성인","일반","60","관리자","참가","20250204","M","172.3","83.2","26.8",,"90","149","46.1","47.1",,,"10.6",,,,,,"28.0","22",,,"191",,,,,,"56.6",,,"70","93","111",,"36.9",,,,,"0.342",,,,,,,
"2","광주","성인","일반","61","관리자","참가","20250204","M","173.9","68.3","21.2",,"89","132","37.4","37.6",,,"18.9",,,,,,"22.6","17",,,"171",,,,,,"55.1",,,"99","130","62",,"61.4",,,,,"0.348",,,,,,,
"3","천안","성인","일반","19","관리자","2등급","20250204","M","169.1","64.9","15.2",,"62","119","38.6","48.6",,,"20.1",,,,,,"22.7","55",,"10.16","243",,,,,,"74.9",,,"94","109","136","169","45.4",,,,,,,,,,,,
"2","광주","성인","일반","58","관리자","참가","20250204","F","155.2","61.3","36.4",,"80","140","27.1","27.1",,,"10.8",,,,,,"25.4","15",,,"130",,,,,,"44.2",,,"97","101","119",,"33.0",,,,,"0.432",,,,,,,
"3","스포원(금정)","성인","일반","41","관리자","1등급","20250204","M","169.7","70","24",,"89","120","48.9","47",,,"14.2",,,,,,"24.3","49","60",,"200",,,,,,"69.9",,"45.5",,,,,,,,,,"0.29",,,,,,,
"1","서구(대전)","청소년","일반","18","관리자","1등급","20250204","M","181.7","83.7","13.5",,"75","135","46.9","54.8",,"53","16.6","17.99","0.651","51.638","3","51.776","25.4",,"61",,,,,,,,"65.5",,"45.2",,,,,,,,,,,,,,,,,
"1","마포","성인","일반","26","관리자","2등급","20250204","F","159.3","54.4","27.6","65","61","107","33.1","34.3",,,"16",,,,,,"21.4","32",,,"167",,,,,,"63.1",,,,,,,,"99","39.5",,,"0.388",,,,,,,
"1","마포","성인","일반","19","관리자","2등급","20250204","M","173.7","75.7","15.9","76","82","135","46.4","45.7",,,"11.1",,,,,,"25.1","58",,,"241",,,,,,"61.3",,,,,,,,"87","49.7",,,"0.353",,,,,,,
"1","마포","성인","일반","31","관리자","1등급","20250204","M","172.6","78.9","17.8","80","78","136","51.3","55.5",,,"21.4",,,,,,"26.5","60",,,"262",,,,,,"70.3",,,,,,,,"89","45.7",,,"0.297",,,,,,,
"1","고양","청소년","일반","17","관리자","참가","20250204","F","159.5","49","23.2",,"76","125","19.9","25.7",,"15","23.4","21.7","0.320","55.675","8","56.043","19.3",,"18",,,,,,,,"52.4",,"34.9",,,,,,,,,,,,,,,,,
"1","마포","성인","일반","26","관리자","참가","20250204","M","175.2","80.1","26.8","89","90","158","53.1","54.6",,,"6.9",,,,,,"26.1","57",,,"179",,,,,,"68.2",,,,,,,,"123","41.8",,,"0.317",,,,,,,
"2","마포","성인","일반","22","관리자","3등급","20250204","M","177.8","57.1","12.8","68","72","126","40.1","43.9",,,"7",,,,,,"18.1","42",,,"201",,,,,,"76.9",,,,,,,,"100","51.5",,,"0.331",,,,,,,
"1","화성","성인","일반","53","관리자","참가","20250204","F","157.1","51.7","30.2",,"96","142","20.1","24.8",,,"9.5",,,,,,"20.9","12",,,"128",,,,,,"48.0",,,,,,,,"122","32.2",,,"0.432",,,,,,,
"1","남원","청소년","일반","18","관리자","참가","20250204","M","182.2","77.5","16.4","86","84","135","50.2","54.9","32",,"-2.2","17.56","0.601","46.552","10","47.012","23.3",,"39",,,,,,,,"70.8",,"42.0",,,,,,,,,,,,,,,,,
"2","사천","성인","일반","20","관리자","2등급","20250204","M","180","81.5","12.2","80.4","80","120","58.2","66.8",,,"34.8",,,,,,"25.2","57",,,"261",,,,,,"82.0",,,,,,,,"102","46.4",,,"0.265",,,,,,,
"1","남원","청소년","일반","18","관리자","참가","20250204","M","174.9","109.3","37","122.8","93","156","61.1","53.3","27",,"3.4","19.93","0.440","42.230","6","42.506","35.7",,"25",,,,,,,,"55.9",,"32.7",,,,,,,,,,,,,,,,,
"1","사천","성인","일반","49","관리자","1등급","20250204","F","165.7","52.9","17.7","72.6","78","124","33.1","34.5",,,"26",,,,,,"19.3","32",,,"152",,,,,,"65.2",,,,,,,,"106","35.4",,,"0.323",,,,,,,
"1","중구(서울)","성인","일반","57","관리자","참가","20250204","F","150.5","56.1","29.2","82.5","81","141","21.1","25",,,"10.5",,,,,,"24.8","23",,,"145",,,,,,"44.6",,,,,,,,"133","28.4",,,"0.408",,,,,,,
"1","서대문","성인","일반","54","관리자","참가","20250204","F","166.1","57.7","32.2",,"90","154","29.4","25.8",,,"15.8",,,,,,"20.9","11",,,,,,,,,"51.0",,,,,,,,"121","31.5",,,"0.368","0.291",,,,,,
"13","동구(광주)","어르신","일반","77","관리자","참가","20250204","M","170.9","79.2","26.3","87.2","67","157","36.1","36.1",,,"-11.4",,,,,,"27.1",,,,,"22",,"100","7.22","30.81","45.6",,,,,,,,,,,,,,,,,,,"36.1"
"1","서구(대전)","성인","일반","19","관리자","참가","20250204","M","178","70.7","19.5",,"74","132","44.4","40.2",,,"-9",,,,,,"22.3","44",,,,,,,,,"62.8",,,,,,,,"107","48.2",,,"0.305","0.563",,,,,,
"2","안동","성인","일반","43","관리자","참가","20250204","M","174.4","75.7","27.9","89","95","150","39.6","41.9",,,"-13.6",,,,,,"24.9","18","15","13.44",,,,,,,"55.4",,"33.9",,,,,,,,,,,"0.500",,,,,,
"3","서구(대전)","성인","일반","19","관리자","3등급","20250204","M","180","70.5","15.1",,"74","121","48.4","51.9",,,"17.5",,,,,,"21.8","56",,,"230",,,,,,"73.6",,,,,,,,"136","44.1",,,"0.323",,,,,,,
"1","성동","성인","일반","59","관리자","참가","20250204","F","168.3","62.7","33.4",,"87","128","18.7","24.6",,,"25.1",,,,,,"22.1","11",,,"149",,,,,,"39.2",,,,,,,,"145","26.6",,,"0.336",,,,,,,
"1","시흥","성인","일반","60","관리자","참가","20250204","M","170.8","76","21","84.1","75","141","42.2","44.2",,,"12.4",,,,,,"26.1","30",,"14.35","174",,,,,,"58.2",,,,,,,,"133","32.6",,,,,,,,,,
"2","사하","성인","일반","21","관리자","참가","20250204","M","162.8","54.2","22.6","73.3","98","146","21.3","20.4",,,"-4.9",,,,,,"20.4","26",,,"162",,,,,,"39.3",,,,,,,,"127","47.3",,,"0.353",,,,,,,
"1","원주","성인","일반","19","관리자","2등급","20250204","M","179.1","77.9","20","82.1","70","144","41.2","46.5",,,"11.7",,,,,,"24.3","53",,"9.85","224",,,,,,"59.7",,,,,,,,"113","45.8",,,,,,,,,,
"1","수원","어르신","일반","65","관리자","3등급","20250204","F","150.3","49.3","34.2","76","71","154","18.8","15.5",,,"16.3",,,,,,"21.8",,,,,"17",,"106","6.2","25.1","38.1",,,,,,,,,,,,,,,,,,,"18.8"
"6","수원","어르신","일반","68","관리자","2등급","20250204","M","177.1","91.8","31.4","100","79","144","48","50.6",,,"13.4",,,,,,"29.3",,,,,"28",,"118","5.3","21.2","55.1",,,,,,,,,,,,,,,,,,,"50.6"
"5","수원","성인","일반","40","관리자","1등급","20250204","M","179.1","81.3","23.3","90","70","123","47.4","53.8",,,"15.1",,,,,,"25.3","49",,,"231",,,,,,"66.2",,,,,,,,"100","41.8",,,"0.393",,,,,,,
"3","익산","성인","일반","20","관리자","참가","20250204","M","176.9","62.3","8.3","73","92","133","31.3","30.3",,,"12.2",,,,,,"19.9","38",,,,,,,,,"50.2",,,,,,,,"76","54.3",,,"0.360","0.563",,,,,,
"6","영동","성인","출장","62","관리자","3등급","20250204","M","174.9","77.4","15.9",,"79","140","39.4","40",,,"30",,,,,,"25.3","30",,,"158",,,,,,"51.7",,,,,,,,"123","33.5",,,"0.340",,,,,,,
"3","영동","어르신","출장","73","관리자","참가","20250204","M","173.8","75.9","28.5",,"89","157","40.5","39.5",,,"7.1",,,,,,"25.1",,,,,"20",,"120","9.4","20.53","53.4",,,,,,,,,,,,,,,,,,,"40.5"
"5","영동","어르신","출장","77","관리자","참가","20250204","M","169.1","58.5","19.3",,"78","155","31.1","35.9",,,"5.4",,,,,,"20.5",,,,,"20",,"120","9.7","20.37","61.4",,,,,,,,,,,,,,,,,,,"35.9"
"2","화성","어르신","일반","77","관리자","2등급","20250204","M","162","70.4","22.7",,"90","155","33","34.4",,,"12",,,,,,"26.8",,,,,"25",,"97","5.16","21.93","48.9",,,,,,,,,,,,,,,,,,,"34.4"
"4","영동","어르신","출장","70","관리자","참가","20250204","M","171","72.6","24.1",,"84","159","37.2","40.9",,,"-11.1",,,,,,"24.8",,,,,"10",,"120","9.5","21.58","56.3",,,,,,,,,,,,,,,,,,,"40.9"
"1","화성","어르신","일반","69","관리자","참가","20250204","M","175.2","83.2","37.7",,"55","120","33.1","31.6",,,"17.4",,,,,,"27.1",,,,,"21",,"117","4.5","24.5","39.8",,,,,,,,,,,,,,,,,,,"33.1"
"6","마포","어르신","일반","72","관리자","2등급","20250204","M","166.2","55.8","18.6","78","92","154","38.5","43.6",,,"6.4",,,,,,"20.2",,,,,"26",,"117","5.36","19.76","78.1",,,,,,,,,,,,,,,,,,,"43.6"
"1","화성","성인","일반","38","관리자","3등급","20250204","M","186","86.2","16.5",,"72","140","45.9","49.1",,,"8.2",,,,,,"24.9","39",,,"181",,,,,,"57.0",,,,,,,,"85","43.9",,,"0.303",,,,,,,
"1","안산","성인","일반","53","관리자","참가","20250204","F","166.2","55.9","25.7","68","81","128","21.3","22.9",,,"-3.4",,,,,,"20.2","15",,,"133",,,,,,"41.0",,,"73","107","135",,"34.8",,,,,"0.448",,,,,,,
"1","연제","성인","일반","26","관리자","참가","20250204","F","164.4","53.3","24.8",,"66","118","23.6","22.5",,,"20.3",,,,,,"19.7","17",,,,,,,,,"44.3",,,,,,,,"156","33.3",,,"0.337","0.395",,,,,,
"2","화성","성인","일반","58","관리자","3등급","20250204","F","153","46.8","28.1",,"93","131","18.2","17.4",,,"20.2",,,,,,"20.0","33",,,"134",,,,,,"38.9",,,,,,,,"113","33.1",,,"0.392",,,,,,,
"1","미추홀","어르신","일반","66","관리자","3등급","20250204","M","165","67.4","30.5","88.3","80","135","32.2","34.4",,,"2",,,,,,"24.8",,,,,"26",,"100","5.77","25.38","51.0",,,,,,,,,,,,,,,,,,,"34.4"
"1","원주","성인","일반","19","관리자","참가","20250204","M","177.4","84.1","21.5","83.4","64","138","54.9","50.6",,,"17.6",,,,,,"26.7","40",,,"216",,,,,,"65.3",,,,,,,,"108","45.0",,,"0.332",,,,,,,
"14","군산","성인","일반","45","관리자","참가","20250204","F","170.9","70.8","29.9","83","69","119","27","28.7",,,"15.6",,,,,,"24.2","14",,,,,,,,,"40.5",,,"82","95","116",,"34.9",,,,,"0.402","0.396",,,,,,
"15","군산","성인","일반","51","관리자","참가","20250204","F","158.8","77.6","46.5","93","82","141","24.9","32.9",,,"9.6",,,,,,"30.8","5",,,"101",,,,,,"42.4",,,"93","121","180",,"21.1",,,,,"0.470",,,,,,,
"2","부천","성인","일반","20","관리자","참가","20250204","M","177.7","86.7","24.3",,"85","146","47.8","39.1",,,"18.9",,,,,,"27.5","50",,,"226",,,,,,"55.1",,,"109","133","151","171","40.9",,,,,"0.352",,,,,,,
"1","군산","성인","일반","53","관리자","참가","20250204","M","183.5","106.7","40.2","110","71","140","33.6","36.7",,,"-13.1",,,,,,"31.7","0",,,,,,,,,"34.4",,,,,,,,,,,,"0.543","0.342",,,,,,
"5","양평","성인","일반","39","관리자","1등급","20250204","F","167.7","58.9","17.1",,"55","105","31.3","34.1",,,"21.4",,,,,,"20.9","55",,,,,,,,,"57.9",,,,,,,,"85","38.5",,,"0.323","0.502",,,,,,
"1","군산","성인","일반","40","관리자","참가","20250204","F","161.9","53.3","35.1","67","63","102","22.1","24.1",,,"10.2",,,,,,"20.3","24",,,"138",,,,,,"45.2",,,,,,,,"118","35.1",,,"0.288",,,,,,,
"1","부천","성인","일반","50","관리자","참가","20250204","M","164.1","71.9","23.1",,"80","129","37.4","39.7",,,"-3.1",,,,,,"26.7","38",,,"180",,,,,,"55.2",,,"56","78","95","123","44.9",,,,,"0.373",,,,,,,
"3","안산","성인","일반","41","관리자","2등급","20250204","M","181.3","84.3","23.8","83","83","120","55.6","57.2",,,"22.3",,,,,,"25.6","43",,,"236",,,,,,"67.9",,,"103","109","125","145","40.3",,,,,"0.392",,,,,,,
"2","남구(울산)","어르신","일반","66","관리자","3등급","20250204","M","167.8","70.5","33.3","93.4","88","155","32.2","32.2",,,"5.1",,,,,,"25.0",,,,,"31",,"106","5.19","20.35","45.7",,,,,,,,,,,,,,,,,,,"32.2"
"2","남구(울산)","어르신","일반","68","관리자","3등급","20250204","M","163.7","62.5","32.5","91.8","68","133","36.7","38.5",,,"10.5",,,,,,"23.3",,,,,"30",,"108","4.66","19.12","61.6",,,,,,,,,,,,,,,,,,,"38.5"
"34","강릉","성인","일반","51","관리자","1등급","20250204","M","162.1","62.5","21.2","79.6","92","138","43.3","42.4",,,"14",,,,,,"23.8","50","62",,"194",,,,,,"69.3",,"46.4",,,,,,,,,,"0.303",,,,,,,
"4","북구(광주)","어르신","일반","73","관리자","1등급","20250204","M","165.8","65.7","23.0","92.6","79","147","32.6","40.7",,,"11.7",,,,,,"23.9",,,,,"35",,"122","4.18","17.25","61.9",,,,,,,,,,,,,,,,,,,"40.7"
"2","미추홀","성인","일반","50","관리자","참가","20250204","F","151.9","45.5","24.5","68","60","120","21.6","23.4",,,"23.2",,,,,,"19.7","10",,,"170",,,,,,"51.4",,,,,,,,"110","35.2",,,"0.378",,,,,,,
"4","미추홀","성인","일반","22","관리자","2등급","20250204","M","175.5","67.8","17.3","81","63","113","39.7","44",,,"15.6",,,,,,"22.0","48",,"9.8","230",,,,,,"64.9",,,,,,,,"119","46.2",,,,,,,,,,
"1","중구(서울)","성인","일반","63","관리자","참가","20250204","M","165.8","67.2","26.8","87.8","83","144","26.7","34.2",,,"0.2",,,,,,"24.4","19",,,"131",,,,,,"50.9",,,"82","112","136","161","35.1",,,,,"0.585",,,,,,,
"4","동구(광주)","성인","일반","50","관리자","1등급","20250204","F","162.2","65.1","31","78","75","136","22.5","32.2",,,"20.8",,,,,,"24.7","24",,,"150",,,,,,"49.5",,,,,,,,"94","33.3",,,"0.406",,,,,,,
"1","화성","성인","일반","57","관리자","참가","20250204","M","174","72","23.9",,"80","141","31.5","35.5",,,"2.1",,,,,,"23.8","17",,"13.1","156",,,,,,"49.3",,,"83","110","130","167","35.9",,,,,,,,,,,,
"2","스포원(금정)","어르신","일반","72","관리자","참가","20250204","M","173.8","72.2","31.2",,"97","147","40.7","40.5",,,"-2.7",,,,,,"23.9",,,,,"13",,"91","6","29","56.4",,,,,,,,,,,,,,,,,,,"40.7"
"1","스포원(금정)","성인","일반","64","관리자","참가","20250204","M","173.4","88.5","35.7",,"77","156","30.5","45.8",,,"-8.4",,,,,,"29.4","14","14","14.7","125",,,,,,"51.8",,"30.1",,,,,,,,,,,,,,,,,
"1","사하","성인","일반","22","관리자","3등급","20250204","F","168.4","53.2","31.3","77.8","87","132","21.3","26.7",,,"12.9",,,,,,"18.8","23",,,"147",,,,,,"50.2",,,,,,,,"109","40.2",,,"0.354",,,,,,,
"6","스포원(금정)","성인","일반","31","관리자","2등급","20250204","M","174.3","76.3","22.9",,"80","129","51.9","59.5",,,"11.8",,,,,,"25.1","50",,"10.3","203",,,,,,"78.0",,,,,,,,"109","43.4",,,,,,,,,,
"1","화성","성인","일반","28","관리자","참가","20250204","M","181","71.7","9.1",,"61","104","46.5","43.4",,,"7.9",,,,,,"21.9","39","30","11.2","205",,,,,,"64.9",,"39.1",,,,,,,,,,,,,,,,,
"6","영동","어르신","출장","73","관리자","참가","20250204","M","162.8","61.4","24",,"67","150","38.1","39.8",,,"16.2",,,,,,"23.2",,,,,"25",,"120","9.1","20.32","64.8",,,,,,,,,,,,,,,,,,,"39.8"
"1","화성","성인","일반","27","관리자","참가","20250204","M","176","71.4","13.1",,"83","111","36.5","40.1",,,"-10.7",,,,,,"23.1","53","32","11.44","187",,,,,,"56.2",,"39.8",,,,,,,,,,,,,,,,,
"5","영동","어르신","출장","73","관리자","참가","20250204","M","173","71.3","20.3",,"85","153","37.4","39.2",,,"7.1",,,,,,"23.8",,,,,"19",,"111","9.1","20.41","55.0",,,,,,,,,,,,,,,,,,,"39.2"
"1","화성","성인","일반","63","관리자","참가","20250204","M","170","77.3","27.1",,"80","155","39.3","41.3",,,"3.6",,,,,,"26.7","31",,"13.8","156",,,,,,"53.4",,,"80","94","113","146","35.6",,,,,,,,,,,,
"1","부천","어르신","일반","77","관리자","3등급","20250204","M","161.4","51","25.5",,"69","141","28.8","27.3",,,"3.8",,,,,,"19.6",,,,,"22",,"103","5.97","30.32","56.5",,,,,,,,,,,,,,,,,,,"28.8"
"1","화성","성인","일반","58","관리자","참가","20250204","F","154.8","50.5","29.7",,"71","148","25.7","25.2",,,"6.5",,,,,,"21.1","23",,"14.19","142",,,,,,"50.9",,,,,,,,"109","32.9",,,,,,,,,,
"5","영동","어르신","출장","69","관리자","참가","20250204","M","166","64.4","24",,"78","150","37.9","36.3",,,"2.5",,,,,,"23.4",,,,,"31",,"120","9.1","20.46","58.9",,,,,,,,,,,,,,,,,,,"37.9"
"3","부천","어르신","일반","66","관리자","3등급","20250204","M","166.6","55.9","12.7",,"81","137","28.1","30",,,"5.5",,,,,,"20.1",,,,,"19",,"119","5.05","20.62","53.7",,,,,,,,,,,,,,,,,,,"30.0"
"1","미추홀","성인","일반","20","관리자","3등급","20250204","M","172.1","70.1","12.9","80","60","120","40.2","47.5",,,"9.3",,,,,,"23.7","57","71","9.34","223",,,,,,"67.8",,"49.7",,,,,,,,,,,,,,,,,
"2","서구(대전)","성인","일반","19","관리자","참가","20250204","M","184.8","85","18.5",,"68","154","43.7","52",,,"10.5",,,,,,"24.9","39","1",,"231",,,,,,"61.2",,"31.0",,,,,,,,,,"0.226",,,,,,,
"1","서구(대전)","성인","일반","27","관리자","1등급","20250204","F","161.2","53.9","25.3",,"65","113","27","29.6",,,"23.3",,,,,,"20.7","43","31",,"154",,,,,,"54.9",,"36.9",,,,,,,,,,"0.325",,,,,,,
"1","서대문","성인","일반","63","관리자","3등급","20250204","F","156.7","49.7","31.5",,"80","150","27.2","27.4",,,"20.7",,,,,,"20.2","7",,,,,,,,,"55.1",,,,,,,,"140","28.6",,,"0.363","0.369",,,,,,
"3","부천","어르신","일반","65","관리자","3등급","20250204","F","147.5","50.8","36.1",,"78","138","20.6","22.6",,,"11.6",,,,,,"23.3",,,,,"23",,"114","5.06","20.89","44.5",,,,,,,,,,,,,,,,,,,"22.6"
"1","서대문","성인","일반","60","관리자","1등급","20250204","M","170.3","70.1","15.9",,"78","119","44.7","41.4",,,"18.0",,,,,,"24.2","52",,,,,,,,,"63.8",,,,,,,,"98","39.0",,,"0.462","0.478",,,,,,
"1","나주","청소년","일반","18","관리자","3등급","20250204","M","168.5","77.5","22.6","85","73","129","38.1","39.1","41",,"12.7","18.96","0.544","60.532","6","60.808","27.3",,"39",,"224",,,,,,"50.5",,"39.9",,,,,,,,,,,,,,,,,
"2","시흥","어르신","일반","78","관리자","3등급","20250204","M","171.1","79","28.9","96.5","72","133","32.6","36.8",,,"1.3",,,,,,"27.0",,,,,"18",,"112","5.68","21.84","46.6",,,,,,,,,,,,,,,,,,,"36.8"
"1","춘천","어르신","일반","65","관리자","3등급","20250204","M","177.3","92.2","26.4","102.7","94","149","44.4","51.7",,,"5.1",,,,,,"29.3",,,,,"29",,"119","4.09","17.86","56.1",,,,,,,,,,,,,,,,,,,"51.7"
"1","창원","성인","일반","25","관리자","참가","20250204","M","172.7","55.3","18.2","76","90","140","43.2","44.9",,,"7.3",,,,,,"18.5","30","21",,"218",,,,,,"81.2",,"39.8",,,,,,,,,,"0.334",,,,,,,
"1","익산","성인","일반","62","관리자","참가","20250204","M","178.8","78","20.7","87","89","152","35.1","43.2",,,"5.9",,,,,,"24.4","17",,,"149",,,,,,"55.4",,,,,,,,"127","33.1",,,"0.398",,,,,,,
"6","의정부","어르신","일반","71","관리자","2등급","20250204","F","151.3","60.2","36.3","87.5","93","142","25.2","27.8",,,"14",,,,,,"26.3",,,,,"25","563",,"6.34","22.95","46.2",,,,,,,,,,,,,,,,,,,"27.8"
"6","시흥","어르신","일반","80","관리자","1등급","20250204","M","169","59.4","29","83.4","65","157","24.5","31.3",,,"6",,,,,,"20.8",,,,,"22",,"110","5.88","22.3","52.7",,,,,,,,,,,,,,,,,,,"31.3"
"1","동작","성인","일반","62","관리자","참가","20250204","M","175.4","74.3","24.8","90","99","140","51","50",,,"9.3",,,,,,"24.2","24",,,"172",,,,,,"68.6",,,"83","120","161",,"28.7",,,,,"0.353",,,,,,,
"4","강북","어르신","일반","65","관리자","2등급","20250204","M","164.4","73.80","27.8","94","99","154","35.6","38",,,"9.5",,,,,,"27.3",,,,,"32",,"125","4.3","17.6","51.5",,,,,,,,,,,,,,,,,,,"38.0"
"2","남구(울산)","어르신","일반","66","관리자","참가","20250204","M","169.9","70.1","30.6","95.1","84","136","40.1","41.6",,,"5.1",,,,,,"24.3",,,,,"19",,"88","5.81","22","59.3",,,,,,,,,,,,,,,,,,,"41.6"
"1","서대문","성인","일반","60","관리자","2등급","20250204","M","170.2","62.4","17.8",,"86","155","37.4","41.1",,,"7.3",,,,,,"21.5","25",,,,,,,,,"65.9",,,,,,,,"118","37.7",,,"0.371","0.445",,,,,,
"2","남구(울산)","어르신","일반","66","관리자","3등급","20250204","M","156.4","65.9","35.5","92.6","98","150","37.6","37.9",,,"26",,,,,,"26.9",,,,,"19",,"102","5.28","21.53","57.5",,,,,,,,,,,,,,,,,,,"37.9"
"1","중구(서울)","성인","일반","21","관리자","참가","20250204","M","177.2","73.3","19.8","93.6","77","141","40","47.5",,,"-18.5",,,,,,"23.3","27",,,,,,,,,"64.8",,,,,,,,"82","50.7",,,"0.398","0.518",,,,,,
"1","강북","어르신","일반","70","관리자","참가","20250204","F","147.9","61.00","41.2","88","96","184","24.8","28",,,"6.8",,,,,,"27.9",,,,,"29",,"109","5.5","20.5","45.9",,,,,,,,,,,,,,,,,,,"28.0"
"1","동작","성인","일반","61","관리자","참가","20250204","M","171.6","67.6","28.8","88","83","146","22.3","31.4",,,"4.5",,,,,,"23.0","17",,,"144",,,,,,"46.4",,,,,,,,"127","35.1",,,"0.404",,,,,,,
"1","마포","어르신","일반","72","관리자","2등급","20250204","M","167.5","67.4","25.2","86","97","140","38.4","46.7",,,"4.8",,,,,,"24.0",,,,,"36",,"120","4.09","18.71","69.3",,,,,,,,,,,,,,,,,,,"46.7"
"5","영동","어르신","출장","73","관리자","참가","20250204","M","167.8","64.9","25.5",,"81","155","30.6","25.6",,,"10.1",,,,,,"23.0",,,,,"12",,"120","9.4","20.13","47.1",,,,,,,,,,,,,,,,,,,"30.6"
"4","영동","어르신","출장","73","관리자","참가","20250204","M","169.3","73.6","32.6",,"76","153","23.4","27.3",,,"-6.1",,,,,,"25.7",,,,,"8",,"120","9.1","21.63","37.1",,,,,,,,,,,,,,,,,,,"27.3"
"4","영동","어르신","출장","69","관리자","참가","20250204","M","175.1","92.1","36.5",,"78","139","41.5","43.5",,,"-10.5",,,,,,"30.0",,,,,"8",,"120","9.6","21.13","47.2",,,,,,,,,,,,,,,,,,,"43.5"
"1","부천","어르신","일반","65","관리자","3등급","20250204","F","156.8","58.9","33.5",,"67","126","22.8","21.5",,,"14",,,,,,"24.0",,,,,"22",,"124","4.87","19.06","38.7",,,,,,,,,,,,,,,,,,,"22.8"
"2","광주","성인","일반","45","관리자","1등급","20250204","F","162","58.1","27.3",,"66","111","29.6","25.9",,,"29.9",,,,,,"22.1","29",,,,,,,,,"50.9",,,"79","97","129",,"35.2",,,,,"0.403","0.444",,,,,,
"1","부천","어르신","일반","65","관리자","1등급","20250204","M","160.1","63.4","22.4",,"83","154","41.7","39.2",,,"18.9",,,,,,"24.7",,,,,"27",,"133","4.40","17.79","65.8",,,,,,,,,,,,,,,,,,,"41.7"
"4","강릉","성인","일반","34","관리자","참가","20250204","M","176.5","75.1","32.3","101.7","97","136","41.1","46.1",,,"3.4",,,,,,"24.1","61",,,"192",,,,,,"61.4",,,,,,,,"90","45.9",,,"0.295",,,,,,,
"1","수원","성인","일반","22","관리자","참가","20250204","F","165.9","48.1","19","62","55","105","25","29.3",,,"11.5",,,,,,"17.5","22",,,,,,,,,"60.9",,,,,,,,"121","39.8",,,"0.388","0.425",,,,,,
"1","서구(대전)","성인","일반","25","관리자","2등급","20250204","F","161.8","52.8","28.9",,"65","108","24.9","26.6",,,"15.8",,,,,,"20.2","27",,,"159",,,,,,"50.4",,,"80","110","139",,"39.4",,,,,"0.367",,,,,,,
"4","세종","어르신","일반","67","관리자","3등급","20250204","F","158.1","55.4","28.3","78.7","88","149","18.2","19.1",,,"25.3",,,,,,"22.2",,,,,"21",,"131","5.17","20.54","34.5",,,,,,,,,,,,,,,,,,,"19.1"
"1","사하","성인","일반","19","관리자","참가","20250204","F","160.9","43.4","31.9","74.2","76","114","17.7","23.1",,,"0.5",,,,,,"16.8","20",,,,,,,,,"53.2",,,"70","106","104",,"49.3",,,,,"0.360","0.377",,,,,,
"1","원주","성인","일반","19","관리자","3등급","20250204","M","177.5","75","14.3","78.2","75","135","44.5","56.1",,,"21.4",,,,,,"23.8","53",,"9.37","260",,,,,,"74.8",,,,,,,,"130","43.8",,,,,,,,,,
"2","동작","성인","일반","19","관리자","3등급","20250204","M","175.3","73.4","24.5","77","80","147","40.9","44.7",,,"8.4",,,,,,"23.9","46",,,"233",,,,,,"60.9",,,"76","109","134","166","45.9",,,,,"0.316",,,,,,,
"1","성동","성인","일반","63","관리자","참가","20250204","M","182","76.2","19.9",,"80","127","37.1","42",,,"-13.5",,,,,,"23.0","14",,"13.20","168",,,,,,"55.1",,,,,,,,"148","30.4",,,,,,,,,,
"5","세종","성인","일반","54","관리자","참가","20250204","F","157.1","48.8","32.6","73.6","77","129","17.5","18.2",,,"20.6",,,,,,"19.8","27",,,"119",,,,,,"37.3",,,,,,,,"155","28.7",,,"0.324",,,,,,,
"7","세종","성인","일반","37","관리자","참가","20250204","F","164.8","69","32.5","87.1","82","134","21.8","21.8",,,"21.1",,,,,,"25.4","35",,,"132",,,,,,"31.6",,,,,,,,"109","33.2",,,"0.392",,,,,,,
"1","연제","성인","일반","22","관리자","참가","20250204","F","171.2","68.1","35.6",,"62","109","19.4","18.5",,,"13.6",,,,,,"23.2","11",,,,,,,,,"28.5",,,"93","117","152",,"34.7",,,,,"0.550","0.332",,,,,,
"1","제주","성인","일반","19","관리자","참가","20250204","M","179.6","63.8","10.4","77.2","92","111","42.3","45.6",,,"9.6",,,,,,"19.8","39",,,,,,,,,"71.5",,,,,,,,"110","49.4",,,"0.295","0.576",,,,,,
"1","영주","성인","일반","54","관리자","참가","20250204","F","158.3","70.30","38.8","94.9","92","137","20","23.3",,,"19.4",,,,,,"28.1","17",,,"190",,,,,,"33.1",,,"79","113","149",,"27.9",,,,,"0.379",,,,,,,
"3","익산","성인","일반","33","관리자","3등급","20250204","M","176.5","74.2","21.6","84","71","125","44.8","49.8",,,"7.4",,,,,,"23.8","58",,"10.6","229",,,,,,"67.1",,,,,,,,"132","40.2",,,,,,,,,,
"1","달서","성인","일반","22","관리자","참가","20250204","M","174.7","86.3","27.1","96.6","83","146","42","49",,,"6.5",,,,,,"28.3","32",,,"165",,,,,,"56.8",,,,,,,,"150","37.4",,,"0.302",,,,,,,
"1","사천","성인","일반","19","관리자","참가","20250204","M","176.3","101.5","33.9","119.1","77","148","49.4","53.6",,,"13",,,,,,"32.7","42",,,,,,,,,"52.8",,,"84","124","153","180","35.8",,,,,"0.331","0.489",,,,,,
"2","강북","성인","일반","27","관리자","참가","20250204","F","158.8","44.70","22.9","58.9","53","103","21.2","20.6",,,"8.9",,,,,,"17.7","34",,,,,,,,,"47.4",,,"92","111","133",,"41.7",,,,,"0.363","0.436",,,,,,
"7","수원","어르신","일반","81","관리자","1등급","20250204","M","155.9","52.5","29","88","77","153","36.1","31",,,"6.5",,,,,,"21.6",,,,,"25",,"109","5.3","24.3","68.8",,,,,,,,,,,,,,,,,,,"36.1"
"1","성동","성인","일반","20","관리자","3등급","20250204","M","164","64.3","23.8",,"65","123","31.6","33.6",,,"16.7",,,,,,"23.9","61","67","9.88","228",,,,,,"52.3",,"49.8",,,,,,,,,,,,,,,,,
"5","수원","어르신","일반","69","관리자","3등급","20250204","F","147.6","64.3","49.3","95","77","151","23.3","24.4",,,"13.4",,,,,,"29.5",,,,,"30",,"106","5.5","22","37.9",,,,,,,,,,,,,,,,,,,"24.4"
"3","화성","성인","일반","45","관리자","2등급","20250204","M","167","57.7","21.4",,"87","135","38.8","40.5",,,"13",,,,,,"20.7","41",,,,,,,,,"70.2",,,,,,,,"133","40.0",,,"0.314","0.490",,,,,,
"1","동작","성인","일반","27","관리자","참가","20250204","M","174.6","76.9","15.4","87","72","119","52.6","57.8",,,"1.1",,,,,,"25.2","55","55",,"210",,,,,,"75.2",,"44.4",,,,,,,,,,"0.287",,,,,,,
"3","수원","어르신","일반","79","관리자","3등급","20250204","M","171.9","76","33.9","103","83","155","37.1","41",,,"2",,,,,,"25.7",,,,,"20",,"89","6.5","26.8","53.9",,,,,,,,,,,,,,,,,,,"41.0"
"2","화성","어르신","일반","76","관리자","2등급","20250204","M","174","75.9","28.4",,"75","152","37.7","42.2",,,"4.3",,,,,,"25.1",,,,,"22",,"112","4.7","24","55.6",,,,,,,,,,,,,,,,,,,"42.2"
"1","연제","어르신","일반","75","관리자","1등급","20250204","M","172.3","71.7","26.6",,"77","145","38.4","36.3",,,"14.1",,,,,,"24.2",,,,,"26",,"116","4.6","17.6","53.6",,,,,,,,,,,,,,,,,,,"38.4"
"1","마포","성인","일반","57","관리자","1등급","20250204","F","162.2","60.1","29.9",,"93","139","30","33.9",,,"27.6",,,,,,"22.8","28",,,"150",,,,,,"56.4",,,,,,,,"81","34.9",,,"0.338",,,,,,,
"1","화성","성인","일반","19","관리자","참가","20250204","M","180.2","69","14.5",,"91","138","37.8","47",,,"12",,,,,,"21.2","44","40",,"265",,,,,,"68.1",,"42.5",,,,,,,,,,"0.292",,,,,,,
"1","화성","성인","일반","47","관리자","참가","20250204","F","154.6","68.7","43.3",,"50","98","17.9","20",,,"8.8",,,,,,"28.7","3","8","18.34","64",,,,,,"29.1",,"26.6",,,,,,,,,,,,,,,,,
"2","계룡","성인","일반","19","관리자","2등급","20250204","M","175.5","66.9","15.3",,"73","135","31.9","38.3",,,"22.5",,,,,,"21.7","53",,,,,,,,,"57.2",,,,,,,,"100","49.9",,,"0.325","0.683",,,,,,
"5","화성","어르신","일반","79","관리자","1등급","20250204","M","165","64.6","23.7",,"76","146","30.5","33.4",,,"13",,,,,,"23.7",,,,,"26",,"122","5.9","20","51.7",,,,,,,,,,,,,,,,,,,"33.4"
"1","화성","성인","일반","27","관리자","참가","20250204","M","182.2","87.8","24.5",,"92","137","41","45.2",,,"10",,,,,,"26.4","53","36",,"216",,,,,,"51.5",,"38.2",,,,,,,,,,"0.264",,,,,,,
"1","스포원(금정)","어르신","일반","66","관리자","3등급","20250204","F","156.5","56","32.4",,"77","159","24.5","28",,,"13.4",,,,,,"22.9",,,,,"27",,"137","4.4","19.9","50.0",,,,,,,,,,,,,,,,,,,"28.0"
"1","스포원(금정)","성인","일반","57","관리자","2등급","20250204","M","170.8","55.6","19.5",,"91","144","37","43.2",,,"12.5",,,,,,"19.1","31",,"11.3","180",,,,,,"77.7",,,"78","94","114","147","42.8",,,,,,,,,,,,
"1","남구(부산)","어르신","일반","65","관리자","참가","20250204","M","174.1","83.2","34.3",,"79","153","40.7","39.4",,,"-6.4",,,,,,"27.4",,,,,"19",,"85","5.57","23.91","48.9",,,,,,,,,,,,,,,,,,,"40.7"
"1","화성","성인","일반","51","관리자","참가","20250204","F","157.3","50.9","32.6",,"80","131","16.6","19.7",,,"8",,,,,,"20.6","22","9",,,,,,,,"38.7",,"29.7",,,,,,,,,,"0.428","0.328",,,,,,
"1","스포원(금정)","성인","일반","34","관리자","참가","20250204","F","158.9","63.2","30.3",,"76","140","29.2","31.1",,,"4.5",,,,,,"25.0","24",,"14.9","158",,,,,,"49.2",,,"58","88","106",,"39.7",,,,,,,,,,,,
"1","포항","성인","일반","20","관리자","2등급","20250204","M","176.7","84.8","22.6",,"99","139","45.1","51.8",,,"13.3",,,,,,"27.2","53",,,"211",,,,,,"61.1",,,,,,,,"86","47.8",,,"0.267",,,,,,,
"1","부천","성인","일반","27","관리자","2등급","20250204","F","165.3","51.5","21.0",,"68","121","23.3","29.9",,,"19.7",,,,,,"18.8","31",,"11.84","172",,,,,,"58.1",,,"99","135","160",,"37.5",,,,,,,,,,,,
"1","포항","성인","일반","25","관리자","3등급","20250204","M","170.3","69.3","15.8",,"82","142","41.3","41",,,"9.5",,,,,,"23.9","53","67",,,,,,,,"59.6",,"48.5",,,,,,,,,,"0.313","0.588",,,,,,
"1","서구(대전)","성인","일반","28","관리자","1등급","20250204","F","167.9","57","24.6",,"71","106","28.5","32",,,"29.4",,,,,,"20.2","35",,"11.90","178",,,,,,"56.1",,,,,,,,"123","36.4",,,,,,,,,,
"1","영동","어르신","출장","69","관리자","참가","20250204","M","168.8","63.5","16.3",,"87","157","37.9","34.3",,,"9.5",,,,,,"22.3",,,,,"20",,"103","9.1","20.43","59.7",,,,,,,,,,,,,,,,,,,"37.9"
"2","광주","어르신","일반","66","관리자","2등급","20250204","F","157.8","66.1","35.2",,"77","127","32.9","24.3",,,"16.5",,,,,,"26.5",,,,,"24",,"110","5.31","21.88","49.8",,,,,,,,,,,,,,,,,,,"32.9"
"2","사상","성인","일반","25","관리자","1등급","20250204","F","167.5","53.2","15.4","58","71","123","25.2","28.5",,,"21.9",,,,,,"19.0","50",,"10.9","188",,,,,,"53.6",,,,,,,,"104","40.2",,,,,,,,,,
"11","오산","어르신","일반","66","관리자","참가","20250204","F","150.9","67.5","49.4","97","84","156","22.5","23.4",,,"8.8",,,,,,"29.6",,,,,"22",,"108","6","24.25","34.7",,,,,,,,,,,,,,,,,,,"23.4"
"1","마포","성인","일반","51","관리자","참가","20250204","M","176.5","80","21.5","85","80","141","52.3","55.5",,,"-1",,,,,,"25.7","33","31",,"199",,,,,,"69.4",,"36.3",,,,,,,,,,"0.316",,,,,,,
"1","오산","어르신","일반","67","관리자","참가","20250204","F","150","58.6","38.1","89.8","76","125","19.4","21.1",,,"7.9",,,,,,"26.0",,,,,"22",,"110","6.06","25.57","36.0",,,,,,,,,,,,,,,,,,,"21.1"
"1","광주","어르신","일반","77","관리자","2등급","20250204","M","164.6","69.4","19.6",,"73","137","34.1","41.3",,,"6.8",,,,,,"25.6",,,,,"20",,"108","6.27","25.07","59.5",,,,,,,,,,,,,,,,,,,"41.3"
"5","오산","어르신","일반","74","관리자","3등급","20250204","M","167.6","66.2","18.9","81.6","72","139","33.3","35.3",,,"14",,,,,,"23.6",,,,,"24",,"95","4.88","20.92","53.3",,,,,,,,,,,,,,,,,,,"35.3"
"1","동작","어르신","일반","70","관리자","2등급","20250204","M","163","64.1","20.5","86","68","145","43.9","39",,,"9.4",,,,,,"24.1",,,,,"30",,"138","5.75","23.93","68.5",,,,,,,,,,,,,,,,,,,"43.9"
"1","동작","어르신","일반","65","관리자","참가","20250204","M","166.2","70.8","25","88","82","128","43.3","39.2",,,"1.3",,,,,,"25.6",,,,,"31",,"138","4.93","20.92","61.2",,,,,,,,,,,,,,,,,,,"43.3"
"4","연제","어르신","일반","77","관리자","1등급","20250204","M","172.3","71.7","26.6",,"77","145","38.4","36.3",,,"14.1",,,,,,"24.2",,,,,"26",,"116","4.6","17.6","53.6",,,,,,,,,,,,,,,,,,,"38.4"
"15","중구(서울)","어르신","일반","75","관리자","1등급","20250204","M","160.7","55.5","16.4","76.7","73","146","35.5","37.6",,,"15.1",,,,,,"21.5",,,,,"29",,"120","5.5","20.3","67.7",,,,,,,,,,,,,,,,,,,"37.6"
"5","중구(서울)","어르신","일반","68","관리자","참가","20250204","F","160.7","58.8","21.7","81.2","80","136","28.8","36.1",,,"15.4",,,,,,"22.8",,,,,"32",,"73","4.5","19.9","61.4",,,,,,,,,,,,,,,,,,,"36.1"
"5","양평","어르신","일반","73","관리자","2등급","20250204","F","146.9","63.3","42.2",,"60","150","27.1","29.9",,,"15.2",,,,,,"29.3",,,,,"30",,"105","5.47","22.94","47.2",,,,,,,,,,,,,,,,,,,"29.9"
"1","곡성","성인","일반","36","관리자","참가","20250204","M","182.1","103.1","31.9","118.4","91","153","57.4","64.2",,,"3.4",,,,,,"31.1","37","33",,"212",,,,,,"62.3",,"34.5",,,,,,,,,,"0.404",,,,,,,
"2","달서","성인","일반","19","관리자","2등급","20250204","M","172.8","69","15.2","79.4","84","126","39.1","47.1",,,"14.5",,,,,,"23.1","56",,,,,,,,,"68.3",,,,,,,,"95","49.9",,,"0.305","0.638",,,,,,
"2","곡성","성인","일반","37","관리자","3등급","20250204","M","181.8","81.8","25.5","95.4","78","138","46.6","52.8",,,"10.4",,,,,,"24.7","45","33",,"216",,,,,,"64.5",,"37.6",,,,,,,,,,"0.349",,,,,,,
"4","시흥","어르신","일반","67","관리자","3등급","20250204","F","157.6","55.9","29.1","77","96","154","20.3","23.2",,,"14.8",,,,,,"22.5",,,,,"23",,"94","6.71","25.88","41.5",,,,,,,,,,,,,,,,,,,"23.2"
"2","서대문","성인","일반","23","관리자","3등급","20250204","F","171.3","49.3","28.6",,"68","101","22.8","24",,,"11.2",,,,,,"16.8","26",,,,,,,,,"48.7",,,,,,,,"110","41.2",,,"0.380","0.479",,,,,,
"1","서대문","성인","일반","61","관리자","참가","20250204","F","162.1","67.9","40.0",,"64","122","28.6","27.8",,,"15.0",,,,,,"25.8","5",,,,,,,,,"42.1",,,,,,,,"122","27.2",,,"0.379","0.345",,,,,,
"1","구미","성인","일반","19","관리자","참가","20250204","M","171.7","80.4","27.9","93.9","82","153","40.8","43.5",,,"7.7",,,,,,"27.3","38",,"10.36","213",,,,,,"54.1",,,"97","113","124","160","45.2",,,,,,,,,,,,
"1","안산","어르신","일반","67","관리자","참가","20250204","F","157.2","63.1","38.9","85","76","131","20.9","23.9",,,"-0.1",,,,,,"25.5",,,,,"22",,"96","5.09","21.19","37.9",,,,,,,,,,,,,,,,,,,"23.9"
"1","안산","성인","일반","54","관리자","참가","20250204","F","160.7","56.7","31.1","73","72","121","27","26.4",,,"9.8",,,,,,"22.0","9","15","15.9","130",,,,,,"47.6",,"30.5",,,,,,,,,,,,,,,,,
"1","안산","성인","일반","48","관리자","3등급","20250204","F","158.3","54.0","30.5","66.4","54","102","32.2","35.6",,,"20.6",,,,,,"21.5","30","15","12.7","170",,,,,,"65.9",,"31.2",,,,,,,,,,,,,,,,,
"1","안산","성인","일반","59","관리자","2등급","20250204","F","156.5","49.6","26.7","68.0","84","143","26","24.9",,,"21.9",,,,,,"20.3","18","15","14.05","141",,,,,,"52.4",,"31.4",,,,,,,,,,,,,,,,,
"1","안산","성인","일반","48","관리자","참가","20250204","F","154","64.5","36.9","71.3","86","138","27.1","31.5",,,"19.8",,,,,,"27.2","30","16","12.98","166",,,,,,"48.8",,"29.7",,,,,,,,,,,,,,,,,
"1","안산","성인","일반","57","관리자","참가","20250204","F","162.8","58.2","26.8","78","83","137","28.3","28",,,"3.0",,,,,,"22.0","16","15","14.3","131",,,,,,"48.6",,"30.2",,,,,,,,,,,,,,,,,
"1","안산","성인","일반","57","관리자","참가","20250204","F","166.7","65.5","31.1","76.9","54","93","28.6","28.7",,,"19.1",,,,,,"23.6","25","10","12.9","166",,,,,,"43.8",,"27.6",,,,,,,,,,,,,,,,,
"1","안산","성인","일반","42","관리자","3등급","20250204","F","165.8","59.4","25.2","68.3","59","105","31.2","31.9",,,"18.3",,,,,,"21.6","37","15","13.52","154",,,,,,"53.7",,"30.7",,,,,,,,,,,,,,,,,
"8","사하","성인","일반","42","관리자","1등급","20250204","M","173.6","76.5","23.5","91.5","85","145","56.6","62",,,"21.8",,,,,,"25.4","48",,,,,,,,,"81.0",,,,,,,,"97","42.4",,,"0.298","0.551",,,,,,
"1","안산","어르신","일반","70","관리자","3등급","20250204","F","149.6","59.7","37.9","80","68","159","23.6","24.6",,,"10.3",,,,,,"26.7",,,,,"29",,"105","6.72","22.94","41.2",,,,,,,,,,,,,,,,,,,"24.6"
"1","오산","어르신","일반","65","관리자","참가","20250204","F","160.3","63.7","34.7","87.8","99","159","31.3","30.7",,,"21.3",,,,,,"24.8",,,,,"25",,"96","5.81","32.06","49.1",,,,,,,,,,,,,,,,,,,"31.3"
"7","오산","어르신","일반","66","관리자","2등급","20250204","M","165.4","58.8","22.5","80","91","156","27.7","35.1",,,"9.2",,,,,,"21.5",,,,,"29",,"118","4.72","18.19","59.7",,,,,,,,,,,,,,,,,,,"35.1"
"1","오산","어르신","일반","65","관리자","2등급","20250204","F","152.4","66.7","47.8","94.2","95","154","21.7","26.5",,,"18.8",,,,,,"28.7",,,,,"25",,"122","5.41","20.84","39.7",,,,,,,,,,,,,,,,,,,"26.5"
"3","강북","어르신","일반","70","관리자","1등급","20250204","M","172.9","76.00","19.9","87.4","106","185","43.8","49.4",,,"11.2",,,,,,"25.4",,,,,"29",,"131","4.3","17.8","65.0",,,,,,,,,,,,,,,,,,,"49.4"
"2","동구(광주)","어르신","일반","67","관리자","3등급","20250204","M","161.6","63.8","29.4","87","97","156","29.1","27.2",,,"10.3",,,,,,"24.4",,,,,"33",,"116","5.5","26.12","45.6",,,,,,,,,,,,,,,,,,,"29.1"
"2","동구(광주)","어르신","일반","66","관리자","2등급","20250204","F","165","74.4","41.2","90.8","108","180","27.1","23.8",,,"23.7",,,,,,"27.3",,,,,"20",,"113","5.20","21.34","36.4",,,,,,,,,,,,,,,,,,,"27.1"
"1","남원","어르신","일반","66","관리자","3등급","20250204","F","152.3","50.8","32","75","73","155","27.5","30.1",,,"16.6",,,,,,"21.9",,,,,"16",,"98","6.1","26.6","59.3",,,,,,,,,,,,,,,,,,,"30.1"
"3","춘천","성인","일반","28","관리자","2등급","20250204","M","175.3","62.2","18.4","76.2","85","134","50.7","46.8",,,"19.9",,,,,,"20.2","51",,"10.8","217",,,,,,"81.5",,,,,,,,"106","47.8",,,,,,,,,,
"7","성남","어르신","일반","78","관리자","참가","20250204","M","153.2","49.1","26.2",,"74","151","25.1","32.5",,,"-7.0",,,,,,"20.9",,,,,"19",,"96","5.49","25.21","66.2",,,,,,,,,,,,,,,,,,,"32.5"
"1","달서","성인","일반","21","관리자","참가","20250204","M","176.6","87.5","23.5","94.9","77","127","34.4","43",,,"-15",,,,,,"28.1","38",,,"190",,,,,,"49.1",,,,,,,,"86","47.0",,,"0.382",,,,,,,
"2","중구(서울)","성인","일반","58","관리자","참가","20250204","M","167.2","68.3","31","86.2","68","131","35","37.1",,,,,,,,,"24.4","21",,,,,,,,,"54.3",,,,,,,,,,,,,,,,,,,
"3","강릉","성인","일반","28","관리자","3등급","20250204","F","166.0","53.8","25.8","75.6","96","123","22.5","22.8",,,"24.2",,,,,,"19.5","30",,,"148",,,,,,"42.4",,,,,,,,"117","37.8",,,"0.335",,,,,,,
"1","강릉","성인","일반","36","관리자","참가","20250204","M","175","67.2","24.4","86.3","84","115","35.3","51.5",,,"29",,,,,,"21.9","29",,,"213",,,,,,"76.6",,,,,,,,"119","42.8",,,"0.317",,,,,,,
"3","영동","어르신","출장","67","관리자","참가","20250204","M","169.1","73.9","28.3",,"83","159","35.1","41.1",,,"6.3",,,,,,"25.8",,,,,"19",,"120","9.3","20.31","55.6",,,,,,,,,,,,,,,,,,,"41.1"
"1","영동","어르신","출장","71","관리자","참가","20250204","M","162.1","74.8","31.4",,"65","143","32.8","30.1",,,"-1.2",,,,,,"28.5",,,,,"13",,"120","9.5","21.31","43.9",,,,,,,,,,,,,,,,,,,"32.8"
"4","영동","어르신","출장","67","관리자","참가","20250204","M","168.8","84.5","34.5",,"69","154","37.3","36.2",,,"9.7",,,,,,"29.7",,,,,"20",,"102","9.1","20.48","44.1",,,,,,,,,,,,,,,,,,,"37.3"
"6","제주","청소년","일반","18","관리자","참가","20250205","M","173","69.2","21.6","85.8","70","135","31.9","30.6",,"47","-12.3","21.35","0.44","56.178","9","56.592","23.1",,"23",,,,,,,,"46.1",,"38.9",,,,,,,,,,,,,,,,,
"2","마포","어르신","일반","66","관리자","2등급","20250205","M","165.8","61.9","17.5","80","91","151","49.9","50.2",,,"10.2",,,,,,"22.5",,,,,"27",,"134","4.43","18.83","81.1",,,,,,,,,,,,,,,,,,,"50.2"
"1","군산","성인","일반","54","관리자","참가","20250205","F","154.2","55.3","36","79","66","129","21.1","25.6",,,"8.8",,,,,,"23.3","25",,,"122",,,,,,"46.3",,,"69","119","152",,"31.8",,,,,"0.386",,,,,,,
"1","수원","성인","일반","30","관리자","1등급","20250205","M","172.1","69.6","14.1","76","90","151","46.2","54.3",,,"22",,,,,,"23.5","59","52","10.3","234",,,,,,"78.0",,"44.5",,,,,,,,,,,,,,,,,
"3","화성","어르신","일반","67","관리자","2등급","20250205","F","153.6","58.6","34.1",,"90","153","21","22.8",,,"18.8",,,,,,"24.8",,,,,"19",,"104","5.3","22.1","38.9",,,,,,,,,,,,,,,,,,,"22.8"
"1","연제","어르신","일반","68","관리자","3등급","20250205","F","159.6","60.1","31.6","92.5","76","126","23.5","26.9",,,"14.8",,,,,,"23.6",,,,,"20",,"100","5.2","23.9","44.8",,,,,,,,,,,,,,,,,,,"26.9"
"1","군산","성인","일반","43","관리자","참가","20250205","F","160.1","87.4","38.6","102","76","125","27.6","26.5",,,"18.4",,,,,,"34.1","14",,,"158",,,,,,"31.6",,,,,,,,"145","22.7",,,"0.414",,,,,,,
"1","연제","어르신","일반","70","관리자","참가","20250205","F","156.8","62.2","38.5","92","89","131","18.8","18.7",,,"4.6",,,,,,"25.3",,,,,"14",,"86","5.6","22","30.2",,,,,,,,,,,,,,,,,,,"18.8"
"1","연제","어르신","일반","70","관리자","참가","20250205","F","163.2","59.8","33.5","83.5","99","147","20.2","22.8",,,"7.3",,,,,,"22.5",,,,,"20",,"99","5.3","25.6","38.1",,,,,,,,,,,,,,,,,,,"22.8"
"1","서구(대전)","성인","일반","19","관리자","참가","20250205","M","161.6","63.4","25.6",,"66","103","41.9","34.9",,,"7.5",,,,,,"24.3","33","51",,,,,,,,"66.1",,"46.3",,,,,,,,,,"0.248","0.501",,,,,,
"1","창원마산회원","청소년","일반","18","관리자","참가","20250205","M","170.5","79.8","31.1","87.5","68","130","33.2","31.5","39",,"2.4","18.82","0.537","57.490","9","57.904","27.5",,,,,,,,,,"41.6",,,"79","109","128",,"45.2",,,,,,,,,,,,
"1","중구(서울)","성인","일반","34","관리자","참가","20250205","F","156.2","51.3","22.4","68.5","72","110","21.6","22.8",,,"0.8",,,,,,"21.0","16",,,,,,,,,"44.4",,,"84","113","150",,"35.8",,,,,"0.484","0.332",,,,,,
"3","청주","어르신","일반","65","관리자","2등급","20250205","F","154","59.7","38","87.5","60","116","24.5","25.7",,,"17.3",,,,,,"25.2",,,,,"21",,"121","6.1","21.7","43.0",,,,,,,,,,,,,,,,,,,"25.7"
"1","군산","성인","일반","43","관리자","참가","20250205","M","186.9","109.8","30.4","107","95","143","43.4","46.8",,,"13.6",,,,,,"31.4","33","26","12.28","230",,,,,,"42.6",,"31.2",,,,,,,,,,,,,,,,,
"12","청주","어르신","일반","73","관리자","2등급","20250205","F","148.2","48","29.5","76.3","68","121","24.7","23.7",,,"18.1",,,,,,"21.9",,,,,"36",,"109","5.6","19.91","51.5",,,,,,,,,,,,,,,,,,,"24.7"
"6","청주","어르신","일반","68","관리자","2등급","20250205","M","173","69.5","26","88.7","62","103","40.8","43.7",,,"7.6",,,,,,"23.2",,,,,"26",,"122","5","17.5","62.9",,,,,,,,,,,,,,,,,,,"43.7"
"2","나주","어르신","일반","66","관리자","2등급","20250205","M","154.4","64.7","31.8","89.8","74","123","33.9","35.9",,,"9.9",,,,,,"27.1",,,,,"21",,"119","4.74","19.00","55.5",,,,,,,,,,,,,,,,,,,"35.9"
"6","안산","어르신","일반","73","관리자","참가","20250205","M","163.9","64.5","22.6","80","81","151","33","35.4",,,"-4",,,,,,"24.0",,,,,"27",,"119","6.15","24.22","54.9",,,,,,,,,,,,,,,,,,,"35.4"
"5","청주","어르신","일반","67","관리자","참가","20250205","F","158.3","59","37.4","84.7","98","159","26.2","30.7",,,"6.7",,,,,,"23.5",,,,,"24",,"132","4.8","17.1","52.0",,,,,,,,,,,,,,,,,,,"30.7"
"3","부천","어르신","일반","66","관리자","1등급","20250205","F","156.2","55.6","34.5",,"67","125","19.8","22.6",,,"31.1",,,,,,"22.8",,,,,"26",,"120","4.62","17.47","40.6",,,,,,,,,,,,,,,,,,,"22.6"
"2","곡성","성인","일반","52","관리자","참가","20250205","F","151.2","63.9","38.3","90.1","83","159","27.3","27.3",,,"18.6",,,,,,"28.0","9","6",,,,,,,,"42.7",,"26.5",,,,,,,,,,"0.404","0.316",,,,,,
"5","안산","어르신","일반","67","관리자","2등급","20250205","F","151","70.2","43.9","96","101","178","21.8","25.9",,,"18",,,,,,"30.8",,,,,"33",,"113","5.44","21.37","36.9",,,,,,,,,,,,,,,,,,,"25.9"
"10","청주","어르신","일반","66","관리자","1등급","20250205","F","153.8","52","34.5","79.4","79","148","21.7","25.5",,,"19.6",,,,,,"22.0",,,,,"32",,"125","5.2","18.9","49.0",,,,,,,,,,,,,,,,,,,"25.5"
"3","부천","어르신","일반","67","관리자","2등급","20250205","M","174.0","86.1","29.0",,"84","134","45.1","50.4",,,"8.2",,,,,,"28.4",,,,,"27",,"123","4.69","18.40","58.5",,,,,,,,,,,,,,,,,,,"50.4"
"2","청주","어르신","일반","65","관리자","2등급","20250205","F","157.4","61.7","36.5","87.4","91","157","26.5","24.6",,,"22.5",,,,,,"24.9",,,,,"22",,"105","5.4","19.5","42.9",,,,,,,,,,,,,,,,,,,"26.5"
"1","청주","어르신","일반","69","관리자","참가","20250205","F","151.2","58.5","39.3","83.3","79","130","20.9","21.6",,,"20.2",,,,,,"25.6",,,,,"27",,"88","6","24.1","36.9",,,,,,,,,,,,,,,,,,,"21.6"
"6","청주","어르신","일반","71","관리자","2등급","20250205","F","155.5","68.2","42.3","92.7","89","159","25.4","26.4",,,"15.7",,,,,,"28.2",,,,,"25",,"115","5","18.6","38.7",,,,,,,,,,,,,,,,,,,"26.4"
"1","청주","어르신","일반","67","관리자","3등급","20250205","F","158.7","55.2","30.2","79.2","65","118","29.8","30.2",,,"11.7",,,,,,"21.9",,,,,"20",,"120","4.9","20.1","54.7",,,,,,,,,,,,,,,,,,,"30.2"
"6","원주","어르신","일반","73","관리자","2등급","20250205","M","174.9","73.4","26.8","88.6","82","152","40.6","44.7",,,"11.7",,,,,,"24.0",,,,,"27",,"115","5.34","21.22","60.9",,,,,,,,,,,,,,,,,,,"44.7"
"5","청주","어르신","일반","69","관리자","2등급","20250205","F","158.7","55.2","38.4","84.2","87","157","22.5","20.5",,,"18.4",,,,,,"21.9",,,,,"33",,"129","5.3","20.6","40.8",,,,,,,,,,,,,,,,,,,"22.5"
"1","사상","어르신","일반","69","관리자","참가","20250205","M","171.5","76.5","25.7","88.9","82","135","43.5","41.9",,,"-15.2",,,,,,"26.0",,,,,"17",,"91","5.6","21.8","56.9",,,,,,,,,,,,,,,,,,,"43.5"
"6","청주","어르신","일반","72","관리자","1등급","20250205","F","159.4","59.1","45","84","63","143","21.8","26",,,"18.9",,,,,,"23.3",,,,,"24",,"130","5.4","21.7","44.0",,,,,,,,,,,,,,,,,,,"26.0"
"1","청주","어르신","일반","67","관리자","2등급","20250205","M","173.6","69","15.1","74.7","77","141","40.3","44.2",,,"10.9",,,,,,"22.9",,,,,"23",,"128","5.8","20.1","64.1",,,,,,,,,,,,,,,,,,,"44.2"
"7","청주","어르신","일반","74","관리자","2등급","20250205","F","150.4","50.7","33.9","77.5","65","132","23.4","24.7",,,"19.3",,,,,,"22.4",,,,,"29",,"118","6.2","23.7","48.7",,,,,,,,,,,,,,,,,,,"24.7"
"22","청주","어르신","일반","70","관리자","3등급","20250205","F","153.5","60.8","48.2","84.1","77","147","21.3","24.5",,,"12.7",,,,,,"25.8",,,,,"30",,"120","5.2","19.6","40.3",,,,,,,,,,,,,,,,,,,"24.5"
"4","서대문","어르신","일반","76","관리자","2등급","20250205","M","170.8","71.0","26.9",,"79","159","39.7","39.4",,,"5.9",,,,,,"24.3",,,,,"22",,"112","4.88","23.58","55.9",,,,,,,,,,,,,,,,,,,"39.7"
"8","동구(광주)","어르신","일반","70","관리자","참가","20250205","M","151.3","52.7","33.7","70","75","124","24.1","27.2",,,"-11.3",,,,,,"23.0",,,,,"20",,"104","5.23","20.81","51.6",,,,,,,,,,,,,,,,,,,"27.2"
"1","경산","어르신","일반","65","관리자","3등급","20250205","M","167.1","61.7","17.8","86","87","141","39.9","40.6",,,"4.8",,,,,,"22.1",,,,,"32",,"113","4.8","19.1","65.8",,,,,,,,,,,,,,,,,,,"40.6"
"2","포천","어르신","일반","79","관리자","3등급","20250205","M","157.1","61.0","27.9","84","78","184","27.1","26.7",,,"5.5",,,,,,"24.7",,,,,"23",,"111","5.87","23.06","44.4",,,,,,,,,,,,,,,,,,,"27.1"
"3","광주","어르신","일반","67","관리자","3등급","20250205","F","150.3","66.4","42.5",,"95","144","25.4","25.8",,,"15",,,,,,"29.4",,,,,"27",,"116","6.41","20.91","38.9",,,,,,,,,,,,,,,,,,,"25.8"
"4","포천","청소년","일반","18","관리자","참가","20250205","M","179.9","92.9","26.7","92","83","136","42.1","43.3","23",,"11.2","17.53","0.609","42.043","12","42.595","28.7",,"42",,,,,,,,"46.6",,"39.7",,,,,,,,,,,,,,,,,
"9","광주","어르신","일반","81","관리자","2등급","20250205","M","173.8","65.9","24",,"72","156","34.2","28.7",,,"10.6",,,,,,"21.8",,,,,"15",,"99","6.52","28.95","51.9",,,,,,,,,,,,,,,,,,,"34.2"
"4","스포원(금정)","어르신","일반","65","관리자","참가","20250205","M","175.5","79.2","25.6",,"84","150","47.3","50.8",,,"-0.2",,,,,,"25.7",,,,,,,,,,"64.1",,,,,,,,,,,,,,,,,,,"50.8"
"5","광주","어르신","일반","75","관리자","2등급","20250205","M","165.6","71.2","34.1",,"76","157","28.1","33.1",,,"11.5",,,,,,"26.0",,,,,"29",,"126","5.10","19.31","46.5",,,,,,,,,,,,,,,,,,,"33.1"
"4","의정부","어르신","일반","69","관리자","2등급","20250205","M","170.6","64.3","19.3","81","82","152","44.5","43.2",,,"9.1",,,,,,"22.1",,,,,"23","673",,"5.52","22.18","69.2",,,,,,,,,,,,,,,,,,,"44.5"
"6","의정부","어르신","일반","81","관리자","1등급","20250205","F","145.1","53.9","34.7","79.5","77","158","14.8","20.7",,,"17.2",,,,,,"25.6",,,,,"20","582",,"5.53","23.66","38.4",,,,,,,,,,,,,,,,,,,"20.7"
"1","연제","어르신","일반","73","관리자","참가","20250205","M","168.6","84.6","27.7","101","79","129","30.9","37.1",,,"2.3",,,,,,"29.8",,,,,"20",,"102","6.7","30.5","43.9",,,,,,,,,,,,,,,,,,,"37.1"
"1","익산","성인","일반","19","관리자","참가","20250205","M","178.2","70.2","23.2","76","77","121","30.4","37.3",,,"5.9",,,,,,"22.1","32","21","11.24",,,,,,,"53.1",,"38.0",,,,,,,,,,,"0.509",,,,,,
"6","화성","어르신","일반","72","관리자","3등급","20250205","M","166.2","46.9","13.8",,"92","166","27","24.1",,,"3.5",,,,,,"17.0",,,,,"20",,"110","6.7","27.8","57.6",,,,,,,,,,,,,,,,,,,"27.0"
"2","강릉","성인","일반","29","관리자","참가","20250205","M","179.0","83.1","28.7","98.9","80","135","43.3","45.7",,,"12.5",,,,,,"25.9","57",,,"197",,,,,,"55.0",,,,,,,,"122","40.9",,,"0.292",,,,,,,
"2","춘천","성인","일반","34","관리자","2등급","20250205","M","172.4","68.4","23.8","84.3","80","115","38.1","45.7",,,"13",,,,,,"23.0","41",,,,,,,,,"66.8",,,,,,,,"102","45.3",,,"0.320","0.553",,,,,,
"1","수원","성인","일반","27","관리자","3등급","20250205","F","160.9","48.9","26","61","99","133","32.1","31.5",,,"19.9",,,,,,"18.9","23",,,"152",,,,,,"65.6",,,,,,,,"112","39.3",,,"0.41",,,,,,,
"3","남구(부산)","성인","일반","31","관리자","2등급","20250205","M","170.1","66.6","27",,"86","143","35.2","42.8",,,"13.2",,,,,,"23.0","42",,,,,,,,,"64.3",,,,,,,,"111","45.0",,,"0.294","0.527",,,,,,
"1","군산","성인","일반","19","관리자","참가","20250205","M","171.6","70.8","28.7","73","92","147","43.5","49.7",,,"13.4",,,,,,"24.0","47","31",,"198",,,,,,"70.2",,"40.3",,,,,,,,,,"0.354",,,,,,,
"1","포천","성인","일반","61","관리자","3등급","20250205","M","159.2","45.7","10.8","63","74","137","34.1","33.4",,,"7.4",,,,,,"18.0","21",,,"137",,,,,,"74.6",,,,,,,,"116","40.7",,,"0.400",,,,,,,
"8","시흥","어르신","일반","73","관리자","3등급","20250205","M","165.8","67","28.3","85","87","156","24.3","36.6",,,"2.1",,,,,,"24.4",,,,,"22",,"107","5.88","23.47","54.6",,,,,,,,,,,,,,,,,,,"36.6"
"1","안산","성인","일반","59","관리자","3등급","20250205","M","165","54.7","18.1","70","83","119","39.9","45.7",,,"21.4",,,,,,"20.1","23",,,"143",,,,,,"83.5",,,,,,,,"132","37.2",,,"0.348",,,,,,,
"1","북구(광주)","성인","일반","34","관리자","2등급","20250205","M","177.3","72.6","16.5","80.2","78","134","46","43.8",,,"21.6",,,,,,"23.1","42","49",,,,,,,,"63.4",,"43.0",,,,,,,,,,"0.279","0.597",,,,,,
"1","서구(광주)","성인","일반","30","관리자","1등급","20250205","M","175.1","81.3","14.6","86","93","146","55.4","64.4",,,"16.4",,,,,,"26.5","56","51",,"249",,,,,,"79.2",,"42.5",,,,,,,,,,"0.337",,,,,,,
"2","성동","어르신","일반","73","관리자","참가","20250205","M","162.5","70.5","27",,"75","134","29.9","34.5",,,"-0.6",,,,,,"26.7",,,,,"28",,"120","4.99","22.11","48.9",,,,,,,,,,,,,,,,,,,"34.5"
"1","김천","청소년","일반","18","관리자","참가","20250205","M","168.9","55","3.0","66.8","81","134","36.4","39.2",,"48","3.4","19.74","0.604","55","5","55.230","19.3",,,,,,,,,,"71.3",,,"77","124","141",,"49.7",,,,,,,,,,,,
"1","달서","성인","일반","32","관리자","3등급","20250205","M","182","98","19.1","99.9","86","147","62.2","65.2",,,"18.1",,,,,,"29.6","59",,,"225",,,,,,"66.5",,,,,,,,"112","38.5",,,"0.365",,,,,,,
"1","제주","성인","일반","19","관리자","참가","20250205","M","176.8","64.3","14.3","77.8","98","151","33.1","37.9",,,"7",,,,,,"20.6","39","41",,"254",,,,,,"58.9",,"43.5",,,,,,,,,,"0.28",,,,,,,
"1","성동","성인","일반","63","관리자","참가","20250205","F","154","49.4","30.9",,"71","147","23.9","24.3",,,"12",,,,,,"20.8","14","8",,,,,,,,"49.2",,"29.1",,,,,,,,,,"0.322","0.402",,,,,,
"1","제주","성인","일반","19","관리자","3등급","20250205","M","182.5","83","23.2","94.6","72","152","46.3","41.5",,,"13.1",,,,,,"24.9","44","50",,"231",,,,,,"55.8",,"42.8",,,,,,,,,,"0.289",,,,,,,
"1","성동","성인","일반","49","관리자","참가","20250205","F","158.9","66.7","36.3",,"90","122","24.6","31.4",,,"22",,,,,,"26.4","7","12",,,,,,,,"47.1",,"28.2",,,,,,,,,,"0.316","0.414",,,,,,
"5","청주","어르신","일반","68","관리자","참가","20250205","F","149.5","50.5","34.1","79.7","67","129","19.3","26.1",,,"3.1",,,,,,"22.6",,,,,"20",,"106","5.2","18.7","51.7",,,,,,,,,,,,,,,,,,,"26.1"
"20","서구(대전)","어르신","일반","70","관리자","1등급","20250205","F","151.4","50.6","25.1",,"60","124","26.5","27.3",,,"20.5",,,,,,"22.1",,,,,"36",,"129","5.12","18.23","54.0",,,,,,,,,,,,,,,,,,,"27.3"
"3","청주","어르신","일반","66","관리자","1등급","20250205","F","160.9","64.9","48.3","93","70","137","34.6","34.6",,,"20.4",,,,,,"25.1",,,,,"25",,"121","4.9","18.6","53.3",,,,,,,,,,,,,,,,,,,"34.6"
"5","사천","어르신","일반","77","관리자","1등급","20250205","M","169.1","69.7","21.8","86.2","69","157","37.5","42.4",,,"14",,,,,,"24.4",,,,,"22",,"125","5.33","22.31","60.8",,,,,,,,,,,,,,,,,,,"42.4"
"6","청주","어르신","일반","69","관리자","참가","20250205","F","161.8","57.2","38.3","80.8","89","159","21.1","25.6",,,"-0.5",,,,,,"21.8",,,,,"16",,"125","5.9","21.1","44.8",,,,,,,,,,,,,,,,,,,"25.6"
"16","청주","어르신","일반","67","관리자","참가","20250205","F","155.9","64.4","40.5","92.7","99","159","25.6","29",,,"22.6",,,,,,"26.5",,,,,"26",,,"5.4","21.5","45.0",,,,,,,,,,,,,,,,,,,"29.0"
"1","서구(대전)","성인","일반","29","관리자","2등급","20250205","M","168.3","66.2","16",,"71","133","45.3","48.3",,,"15.9",,,,,,"23.4","52","70",,"219",,,,,,"73.0",,"49.4",,,,,,,,,,"0.358",,,,,,,
"2","서구(대전)","성인","일반","29","관리자","3등급","20250205","M","182.3","69.6","16.3",,"92","145","41.7","49.2",,,"12.5",,,,,,"20.9","56","40","10.27","255",,,,,,"70.7",,"41.6",,,,,,,,,,,,,,,,,
"4","청주","어르신","일반","73","관리자","1등급","20250205","F","155.5","60.5","34.4","80.8","68","138","26.1","30.4",,,"22.6",,,,,,"25.0",,,,,"28",,"122","5.5","21.2","50.2",,,,,,,,,,,,,,,,,,,"30.4"
"2","안동","성인","일반","63","관리자","3등급","20250205","M","171.2","68.9","24.2","87","95","159","42.7","44.5",,,"9.1",,,,,,"23.5","21",,,"176",,,,,,"64.6",,,"89","116","138","153","36.3",,,,,"0.344",,,,,,,
"6","청주","어르신","일반","67","관리자","1등급","20250205","F","159.7","58.3","33.8","84.8","73","136","25.3","26.8",,,"22.4",,,,,,"22.9",,,,,"28",,"137","5.6","18.7","46.0",,,,,,,,,,,,,,,,,,,"26.8"
"1","부천","어르신","일반","67","관리자","3등급","20250205","M","160.3","66.5","33.6",,"88","151","35.2","42.6",,,"6.2",,,,,,"25.9",,,,,"22",,"100","5.91","24.13","64.1",,,,,,,,,,,,,,,,,,,"42.6"
"5","중구(서울)","어르신","일반","65","관리자","3등급","20250205","M","169.2","70","26.1","90.7","73","151","33.4","35",,,"12.1",,,,,,"24.5",,,,,"25",,"124","5.0","20.7","50.0",,,,,,,,,,,,,,,,,,,"35.0"
"1","부천","어르신","일반","71","관리자","3등급","20250205","F","140.7","47.7","35.4",,"66","103","19.1","22",,,"11.4",,,,,,"24.1",,,,,"21",,"100","5.91","23.94","46.1",,,,,,,,,,,,,,,,,,,"22.0"
"2","포천","성인","일반","59","관리자","참가","20250205","F","159.6","63.9","34.8","84","88","137","24.7","28.1",,,"16.2",,,,,,"25.1","17",,,,,,,,,"44.0",,,,,,,,"124","28.1",,,"0.393","0.390",,,,,,
"1","사상","성인","일반","25","관리자","3등급","20250205","F","163.8","50.6","17.9","63","75","117","17.9","20.7",,,"13.3",,,,,,"18.9","38",,,,,,,,,"40.9",,,,,,,,"168","32.7",,,"0.367","0.392",,,,,,
"4","청주","어르신","일반","65","관리자","2등급","20250205","F","142.6","53.8","47.6","89.3","69","138","21","23.9",,,"16.5",,,,,,"26.5",,,,,"20",,"126","5.9","22.1","44.4",,,,,,,,,,,,,,,,,,,"23.9"
"6","시흥","어르신","일반","82","관리자","2등급","20250205","M","173","57.5","9.6","77","56","136","27.4","34.3",,,"6.9",,,,,,"19.2",,,,,"17","561",,"6.62","23.94","59.7",,,,,,,,,,,,,,,,,,,"34.3"
"31","청주","어르신","일반","67","관리자","2등급","20250205","F","163.3","49.4","32.3","72.2","52","142","20.8","22.4",,,"16.2",,,,,,"18.5",,,,,"27",,"131","4.9","18.9","45.3",,,,,,,,,,,,,,,,,,,"22.4"
"7","오산","어르신","일반","78","관리자","3등급","20250205","M","164.5","63.6","34.7","88.7","88","153","25.8","22.2",,,"6.7",,,,,,"23.5",,,,,"25",,"107","6.57","29.75","40.6",,,,,,,,,,,,,,,,,,,"25.8"
"1","오산","어르신","일반","68","관리자","3등급","20250205","M","167.4","79","30.5","95.3","93","152","41.2","36.8",,,"12.6",,,,,,"28.2",,,,,"19",,"115","5.38","25.66","52.2",,,,,,,,,,,,,,,,,,,"41.2"
"7","오산","어르신","일반","72","관리자","2등급","20250205","M","165.5","69.3","27.9","87.7","80","138","36.6","39.4",,,"19.5",,,,,,"25.3",,,,,"31",,"115","5","20.69","56.9",,,,,,,,,,,,,,,,,,,"39.4"
"4","청주","어르신","일반","69","관리자","참가","20250205","F","155.4","54.9","36.9","82.4","68","152","26.9","29.3",,,"7.6",,,,,,"22.7",,,,,"26",,"127","5.1","18.5","53.4",,,,,,,,,,,,,,,,,,,"29.3"
"3","청주","어르신","일반","67","관리자","3등급","20250205","F","146.6","50.8","40.8","81.8","52","107","18.3","20.2",,,"13.3",,,,,,"23.6",,,,,"26",,"110","4.9","20.9","39.8",,,,,,,,,,,,,,,,,,,"20.2"
"4","청주","어르신","일반","69","관리자","참가","20250205","F","151.6","48.1","39","74.6","68","140","16","16",,,"9.8",,,,,,"20.9",,,,,"21",,"120","5.8","22","33.3",,,,,,,,,,,,,,,,,,,"16.0"
"1","창원","성인","일반","19","관리자","2등급","20250205","M","180","80.8","15.6","82","90","146","41.5","48.9",,,"13.2",,,,,,"24.9","58",,,"238",,,,,,"60.5",,,"93","119","133","154","46.9",,,,,"0.357",,,,,,,
"2","마포","성인","일반","50","관리자","1등급","20250205","F","155.9","44.3","21","60","90","147","28.4","23.3",,,"20.8",,,,,,"18.2","36",,,"139",,,,,,"64.1",,,,,,,,"121","34.5",,,"0.375",,,,,,,
"4","달서","성인","일반","25","관리자","2등급","20250205","F","155","54.48","23.9","76","64","112","23.9","25.2",,,"20.1",,,,,,"22.7","32",,,"182",,,,,,"46.3",,,,,,,,"67","43.2",,,"0.358",,,,,,,
"1","달서","성인","일반","54","관리자","참가","20250205","F","147.1","58.5","35.4","81.8","69","110","18.3","22",,,"18.4",,,,,,"27","26",,,"126",,,,,,"37.6",,,,,,,,"63","36.5",,,"0.464",,,,,,,
"7","양평","어르신","일반","81","관리자","1등급","20250205","M","162.9","66.7","23.3",,"58","135","22","36.2",,,"7.3",,,,,,"25.1",,,,,"24",,"111","6.53","24.46","54.3",,,,,,,,,,,,,,,,,,,"36.2"
"1","양평","어르신","일반","72","관리자","1등급","20250205","M","168.5","65.8","28.1",,"96","159","47.4","40",,,"9.4",,,,,,"23.2",,,,,"25",,"127","5.21","20.88","72.0",,,,,,,,,,,,,,,,,,,"47.4"
"2","안산","성인","일반","60","관리자","2등급","20250205","M","170.5","70.4","26.6","78","77","120","34","38.7",,,"8",,,,,,"24.2","29",,"12.8","178",,,,,,"55.0",,,"83","92","102","115","43.9",,,,,,,,,,,,
"3","광주","어르신","일반","76","관리자","2등급","20250205","M","160.5","63.2","30.6",,"78","154","32","33",,,"15.4",,,,,,"24.5",,,,,"20",,"109","6.78","23.90","52.2",,,,,,,,,,,,,,,,,,,"33.0"
"1","안산","성인","일반","62","관리자","참가","20250205","M","162.3","70.2","28.1","89","96","136","38.2","39.4",,,"7.1",,,,,,"26.7","15",,"13.63","158",,,,,,"56.1",,,,,,,,"126","33.7",,,,,,,,,,
"1","의정부","성인","일반","19","관리자","참가","20250205","M","176.4","80.9","29.9","98.3","83","120","34","46.5",,,"-6.6",,,,,,"26.0","37",,"11.47","170",,,,,,"57.5",,,,,,,,"145","40.2",,,,,,,,,,
"4","광주","어르신","일반","72","관리자","2등급","20250205","M","160.4","61.6","18.6",,"82","151","32.9","34.1",,,"7.3",,,,,,"23.9",,,,,"27",,"127","5.51","19.93","55.4",,,,,,,,,,,,,,,,,,,"34.1"
"1","의정부","성인","일반","19","관리자","참가","20250205","M","179.1","54.3","13.3","74","70","137","30.5","43.8",,,"-16",,,,,,"16.9","40",,"10.72","239",,,,,,"80.7",,,,,,,,"134","48.0",,,,,,,,,,
"1","영주","유아기","출장","83","관리자","3등급","20250205","M","124.1","24.6",,,,,"10.5","12","4",,"8.2",,,,,,"16.0",,"114",,"120",,,,,,"48.8",,,,,,,,,,,,,,,,,"9.75","20.952",
"6","광주","어르신","일반","72","관리자","3등급","20250205","M","157.4","58.5","29.6",,"82","147","30.7","30.7",,,"2.3",,,,,,"23.6",,,,,"26",,"114","5.68","22.22","52.5",,,,,,,,,,,,,,,,,,,"30.7"
"6","부천","어르신","일반","71","관리자","3등급","20250205","F","150.5","69.0","45.6",,"98","147","22.8","21.8",,,"16.5",,,,,,"30.5",,,,,"19",,"98","5.12","21.48","33.0",,,,,,,,,,,,,,,,,,,"22.8"
"1","영주","유아기","출장","82","관리자","3등급","20250205","M","119.9","23.4",,,,,"11.5","12.5","6",,"8",,,,,,"16.3",,"86",,"110",,,,,,"53.4",,,,,,,,,,,,,,,,,"9.28","22.37",
"1","영주","유아기","출장","83","관리자","3등급","20250205","F","116.9","19.7",,,,,"9","7","8",,"17.3",,,,,,"14.4",,"80",,"104",,,,,,"45.7",,,,,,,,,,,,,,,,,"9.59","23.51",
"1","영주","유아기","출장","76","관리자","참가","20250205","M","130.5","42.7",,,,,"7.5","11","0",,"8.1",,,,,,"25.1",,"11",,"65",,,,,,"25.8",,,,,,,,,,,,,,,,,"10.66","21.61",
"1","영주","유아기","출장","80","관리자","참가","20250205","M","114.7","23",,,,,"10.5","10.5","33",,"15",,,,,,"17.5",,"33",,"131",,,,,,"45.7",,,,,,,,,,,,,,,,,"8.82","20.05",
"1","영주","유아기","출장","78","관리자","참가","20250205","M","119.6","22.3",,,,,"10","9.5","15",,"5",,,,,,"15.6",,"22",,"145",,,,,,"44.8",,,,,,,,,,,,,,,,,"7.14","23.43",
"1","영주","유아기","출장","77","관리자","참가","20250205","F","123","32",,,,,"6","7.5","3",,"8.8",,,,,,"21.2",,"46",,"90",,,,,,"23.4",,,,,,,,,,,,,,,,,"8.07","20.84",
"1","부천","어르신","일반","65","관리자","2등급","20250205","M","159.4","62.4","18.9",,"75","136","33.3","24.7",,,"7.9",,,,,,"24.6",,,,,"29",,"114","5.32","20.68","53.4",,,,,,,,,,,,,,,,,,,"33.3"
"1","영주","유아기","출장","81","관리자","참가","20250205","M","116.4","22.8",,,,,"5","7","1",,"17.3",,,,,,"16.8",,"78",,"84",,,,,,"30.7",,,,,,,,,,,,,,,,,"10.06","20.694",
"1","영주","유아기","출장","76","관리자","참가","20250205","F","110.3","20.1",,,,,"3","4.5","0",,"15.5",,,,,,"16.5",,"46",,"110",,,,,,"22.4",,,,,,,,,,,,,,,,,"8.66","24.03",
"1","영주","유아기","출장","82","관리자","참가","20250205","F","119","30.5",,,,,"9.5","10","16",,"19",,,,,,"21.5",,"47",,"100",,,,,,"32.8",,,,,,,,,,,,,,,,,"9.10","21.70",
"1","영주","유아기","출장","78","관리자","2등급","20250205","M","115.2","21.6",,,,,"10.5","11","16",,"10.7",,,,,,"16.3",,"99",,"117",,,,,,"50.9",,,,,,,,,,,,,,,,,"8","20.16",
"1","영주","유아기","출장","74","관리자","참가","20250205","F","124.5","25.1",,,,,"8.5","9","3",,"3",,,,,,"16.2",,"52",,"90",,,,,,"35.9",,,,,,,,,,,,,,,,,"9.34","22.71",
"1","영주","유아기","출장","83","관리자","3등급","20250205","M","119","21.9",,,,,"13.5","12","32",,"9.8",,,,,,"15.5",,"118",,"151",,,,,,"61.6",,,,,,,,,,,,,,,,,"7.69","20.03",
"3","세종","성인","일반","56","관리자","2등급","20250205","F","163.6","61.1","27.7","80.1","60","101","31","27.2",,,"18.1",,,,,,"22.8","34",,,"117",,,,,,"50.7",,,,,,,,"116","30.7",,,"0.410",,,,,,,
"3","세종","성인","일반","47","관리자","3등급","20250205","F","161.8","59.7","27.6","80.3","94","143","21.9","23.8",,,"15.1",,,,,,"22.8","32",,,"127",,,,,,"39.9",,,,,,,,"99","34.6",,,"0.418",,,,,,,
"2","세종","성인","일반","61","관리자","3등급","20250205","F","156.6","59","34.2","80.6","83","147","23.1","24.9",,,"13.1",,,,,,"24.1","27",,,"112",,,,,,"42.2",,,,,,,,"97","31.9",,,"0.431",,,,,,,
"14","세종","성인","일반","63","관리자","참가","20250205","F","157.7","53.9","31.4","77.6","75","121","25.3","27.7",,,"2.5",,,,,,"21.7","24",,,"148",,,,,,"51.4",,,,,,,,"148","26.7",,,"0.330",,,,,,,
"13","세종","어르신","일반","65","관리자","참가","20250205","F","155.6","45.7","25.8","71.2","77","132","19.7","20.1",,,"6.2",,,,,,"18.9",,,,,"30",,"130","4.51","17.67","44.0",,,,,,,,,,,,,,,,,,,"20.1"
"1","청주","성인","일반","59","관리자","참가","20250205","F","157.8","62.4","47.3","93","80","135","21.7","25",,,,,,,,,"25.1",,,,,,,,,,"40.1",,,,,,,,,,,,,,,,,,,
"5","청주","성인","일반","63","관리자","참가","20250205","F","149.6","57.5","46.1","85.6","54","117","24.8","25.8",,,"8.5",,,,,,"25.7","4",,,"120",,,,,,"44.9",,,,,,,,"91","31.9",,,"0.402",,,,,,,
"1","중구(서울)","성인","일반","61","관리자","3등급","20250205","M","166.8","67.8","24.7","83.5","81","122","32.4","36.8",,,"9.2",,,,,,"24.4","21",,,"180",,,,,,"54.3",,,"83","101","128","165","34.2",,,,,"0.346",,,,,,,
"1","강북","성인","일반","20","관리자","2등급","20250205","M","175.7","71.50","15.3","75.5","84","140","40.8","44.2",,,"12.4",,,,,,"23.2","49",,"9.7",,,,,,,"61.8",,,"97","131","148","173","45.3",,,,,,"0.610",,,,,,
"6","증평","어르신","일반","71","관리자","2등급","20250205","M","166.4","80.7","35.0","101.9","77","128","39.4","42.7",,,"10.0",,,,,,"29.1",,,,,"35",,"122","4.34","18.90","52.9",,,,,,,,,,,,,,,,,,,"42.7"
"2","강북","어르신","일반","66","관리자","참가","20250205","M","163.7","81.70","36.2","99.8","97","154","37.3","43.3",,,"-0.2",,,,,,"30.5",,,,,"26",,"124","5.5","22.1","53.0",,,,,,,,,,,,,,,,,,,"43.3"
"3","청주","성인","일반","63","관리자","2등급","20250205","F","156","51.5","32.7","75.8","80","145","21.1","23.8",,,"19.3",,,,,,"21.2","20",,,"127",,,,,,"46.2",,,,,,,,"103","32.6",,,"0.530",,,,,,,
"1","오산","성인","일반","43","관리자","참가","20250205","M","175.3","105.2","38.5","122.5","97","144","48.3","51.3",,,"6.7",,,,,,"34.2","30","21","14.01",,,,,,,"48.8",,"31.0",,,,,,,,,,,"0.526",,,,,,
"6","오산","어르신","일반","73","관리자","참가","20250205","F","142.2","50.1","30.5","71.8","70","155","24.3","22.6",,,"8.8",,,,,,"24.8",,,,,"28",,"112","6.12","24.15","48.5",,,,,,,,,,,,,,,,,,,"24.3"
"4","청주","성인","일반","62","관리자","3등급","20250205","F","159.7","52.6","34","79.9","64","128","24.3","25.1",,,"13.1",,,,,,"20.6","12",,,"138",,,,,,"47.7",,,,,,,,"84","35.2",,,"0.488",,,,,,,
"1","오산","성인","일반","19","관리자","참가","20250205","M","176.3","60.8","16.2","76.4","85","123","41.8","38.9",,,"6.9",,,,,,"19.6","39",,"9.74","229",,,,,,"68.8",,,"63","124","136","174","51.2",,,,,,,,,,,,
"2","오산","어르신","일반","66","관리자","참가","20250205","M","160","62.1","36.8","88.1","85","143","30.1","30.8",,,"-3.4",,,,,,"24.3",,,,,"25",,"105","5.68","21.31","49.6",,,,,,,,,,,,,,,,,,,"30.8"
"4","청주","성인","일반","61","관리자","참가","20250205","F","151.2","50.9","39.8","80.9","57","112","23","22",,,"5",,,,,,"22.3","3",,,"114",,,,,,"45.2",,,,,,,,"81","35.3",,,"0.416",,,,,,,
"3","청주","성인","일반","61","관리자","참가","20250205","F","153.7","54","36.4","75.1","62","104","17.6","17.8",,,"-2.4",,,,,,"22.9","0",,,"75",,,,,,"33.0",,,,,,,,,,,,"0.437",,,,,,,
"2","청주","성인","일반","64","관리자","참가","20250205","F","154.3","57.1","33.7","80.9","61","131","26.2","31.2",,,"6.3",,,,,,"24.0","12",,,"98",,,,,,"54.6",,,,,,,,"94","31.9",,,"0.374",,,,,,,
"1","청주","성인","일반","59","관리자","참가","20250205","F","147.4","59.1","41.7","81.6","59","102","22.4","23.5",,,"23.1",,,,,,"27.2","0",,,"112",,,,,,"39.8",,,,,,,,"78","33.7",,,"0.445",,,,,,,
"1","달서","성인","일반","59","관리자","참가","20250205","F","157.7","57.4","39.8","85.4","78","111","19.4","20.8",,,"7.5",,,,,,"23.1","7",,,"95",,,,,,"36.2",,,,,,,,"89","33.7",,,"0.4",,,,,,,
"3","사천","어르신","일반","68","관리자","참가","20250205","M","176.2","97.9","37.3","118.9","73","143","41.6","41.8",,,"10",,,,,,"31.5",,,,,"32",,"132","5.4","19.60","42.7",,,,,,,,,,,,,,,,,,,"41.8"
"1","부천","성인","일반","19","관리자","3등급","20250205","M","171.8","60.9","18.9",,"87","148","36.5","41.1",,,"8.7",,,,,,"20.6","44",,,"188",,,,,,"67.5",,,,,,,,"137","45.5",,,"0.360",,,,,,,
"1","계룡","어르신","일반","69","관리자","3등급","20250205","M","167","77.2","33.8",,"71","151","37.3","38.8",,,"5.2",,,,,,"27.7",,,,,"28",,"147","5.12","21.53","50.3",,,,,,,,,,,,,,,,,,,"38.8"
"1","천안","청소년","일반","18","관리자","참가","20250205","M","178.2","53.5","14.9",,"77","137","35.1","38.9",,"43","6.8","18.38","0.614","47.162","2","47.254","16.8",,"20",,,,,,,,"72.7",,"41.7",,,,,,,,,,,,,,,,,
"1","미추홀","어르신","일반","69","관리자","참가","20250205","M","176.3","77.9","26.6","94","88","142","35.6","33.9",,,"8.3",,,,,,"25.1",,,,,"15",,"94","6.9","31.1","45.7",,,,,,,,,,,,,,,,,,,"35.6"
"1","미추홀","어르신","일반","69","관리자","참가","20250205","F","167.1","63.5","30.1","87","62","126","26.6","30.1",,,"11.1",,,,,,"22.7",,,,,"16",,"78","7.4","29.2","47.4",,,,,,,,,,,,,,,,,,,"30.1"
"8","성남","어르신","일반","72","관리자","3등급","20250205","M","158.2","58.0","30.1",,"96","158","26.1","29.4",,,"6.3",,,,,,"23.2",,,,,"21",,"99","4.65","22.83","50.7",,,,,,,,,,,,,,,,,,,"29.4"
"1","수원","어르신","일반","65","관리자","3등급","20250205","F","157.4","55.1","37.6","83","80","130","23.6","25",,,"12",,,,,,"22.2",,,,,"21",,"107","5","24","45.4",,,,,,,,,,,,,,,,,,,"25.0"
"2","수원","어르신","일반","72","관리자","참가","20250205","M","167.9","73","31.6","91","80","150","29","34",,,"2",,,,,,"25.9",,,,,"21",,"87","4.8","24.2","46.6",,,,,,,,,,,,,,,,,,,"34.0"
"1","천안","어르신","일반","65","관리자","참가","20250205","M","177.8","75","26.3",,"71","130","40.3","43.1",,,"5.9",,,,,,"23.7",,,,,"19",,"95","5.16","21.78","57.5",,,,,,,,,,,,,,,,,,,"43.1"
"4","화성","어르신","일반","68","관리자","1등급","20250205","M","168.6","63.6","10.2",,"66","143","36.7","40.4",,,"12.4",,,,,,"22.4",,,,,"37",,"140","3.93","15.66","63.5",,,,,,,,,,,,,,,,,,,"40.4"
"2","안동","청소년","일반","18","관리자","참가","20250205","M","178.8","102.7","30.1","95.5","76","130","52.5","59.6",,"41","7.9","23.56","0.530","43.764","12","44.316","32.1",,"20",,,,,,,,"58.0",,"33.6",,,,,,,,,,,,,,,,,
"1","서구(대전)","성인","일반","53","관리자","참가","20250205","F","161.2","61.6","28.2",,"62","102","26","27.1",,,"2.6",,,,,,"23.7","15",,,"118",,,,,,"44.0",,,"68","111","141",,"32.3",,,,,"0.362",,,,,,,
"4","고양","성인","일반","61","관리자","참가","20250205","F","163.6","61.5","35.6",,"79","156","25.1","27",,,"11",,,,,,"23.0","17","11","14.57","113",,,,,,"43.9",,"28.3",,,,,,,,,,,,,,,,,
"7","원주","어르신","일반","79","관리자","2등급","20250205","M","163","67.5","30.3","94","87","158","32.2","28",,,"13",,,,,,"25.4",,,,,"23",,"133","6","25.75","47.7",,,,,,,,,,,,,,,,,,,"32.2"
"1","곡성","성인","일반","37","관리자","참가","20250205","M","177.3","84.6","29.2","100","79","157","41.4","41.6",,,"7",,,,,,"26.9","44","27","11.19","215",,,,,,"49.2",,"35.8",,,,,,,,,,,,,,,,,
"1","제주","성인","일반","20","관리자","참가","20250205","M","175.9","59.3","7.6","71.9","79","148","42.7","43.5",,,"18.9",,,,,,"19.2","44","39","9.9",,,,,,,"73.4",,"43.7",,,,,,,,,,,"0.613",,,,,,
"5","부천","어르신","일반","66","관리자","3등급","20250205","M","169.6","71.9","37",,"77","131","29.5","33.5",,,"7.2",,,,,,"25.0",,,,,"31",,"115","4.50","17.42","46.6",,,,,,,,,,,,,,,,,,,"33.5"
"1","성동","성인","일반","26","관리자","3등급","20250205","F","169.1","53.3","24.4",,"83","115","26.9","31.2",,,"18.8",,,,,,"18.6","26",,,"196",,,,,,"58.5",,,,,,,,"131","36.8",,,"0.32",,,,,,,
"2","양평","어르신","일반","75","관리자","2등급","20250205","M","153.7","58.3","31.6",,"78","154","26.6","23.7",,,"7.3",,,,,,"24.7",,,,,"38",,"124","5.25","22.59","45.6",,,,,,,,,,,,,,,,,,,"26.6"
"5","성동","성인","일반","60","관리자","2등급","20250205","M","172.4","73.3","25",,"76","140","39.3","40.7",,,"15.1",,,,,,"24.7","33",,"12.91","187",,,,,,"55.5",,,,,,,,"87","40.1",,,,,,,,,,
"1","부천","어르신","일반","73","관리자","2등급","20250205","M","170.6","70.1","22.5",,"94","154","36.6","35",,,"6.6",,,,,,"24.1",,,,,"29",,"115","4.90","19.29","52.2",,,,,,,,,,,,,,,,,,,"36.6"
"1","화성","성인","일반","25","관리자","참가","20250205","M","172.6","86.7","28.1",,"95","133","47.2","44.2",,,"13.2",,,,,,"29.1","39","34","12.85","177",,,,,,"54.4",,"38.2",,,,,,,,,,,,,,,,,
"2","세종","성인","일반","61","관리자","참가","20250205","M","173.3","69.1","24.5","86.1","87","148","41.8","47.2",,,"-0.5",,,,,,"23.0","20",,,"146",,,,,,"68.3",,,"95","118","155","161","33.3",,,,,"0.363",,,,,,,
"1","강릉","성인","일반","21","관리자","2등급","20250205","M","167.0","59.9","18.3","77.0","91","130","45.1","46.7",,,"12.1",,,,,,"21.5","50",,,"234",,,,,,"78.0",,,,,,,,"87","52.2",,,"0.347",,,,,,,
"4","진천","성인","일반","64","관리자","참가","20250205","M","172.6","66.8","21.6","91","92","141","33.9","36.3",,,"5.5",,,,,,"22.4","20",,,"118",,,,,,"54.3",,,,,,,,"149","31.4",,,"0.518",,,,,,,
"4","전주","성인","일반","22","관리자","참가","20250205","F","163.1","96.7","52.7","117.2","98","150","23.1","29.4",,,"11.7",,,,,,"36.4","0",,,,,,,,,"30.4",,,,,,,,"148","24.2",,,"0.353","0.347",,,,,,
"2","광주","성인","일반","56","관리자","참가","20250205","F","162.2","55.6","19.1",,"98","134","23","26.4",,,"11.3",,,,,,"21.1","15",,,,,,,,,"47.5",,,,,,,,"116","31.9",,,"0.397","0.404",,,,,,
"4","안산","어르신","일반","67","관리자","참가","20250205","F","153.4","57.3","34.0","81","74","154","19.7","26",,,"11.0",,,,,,"24.4",,,,,"23",,"101","5.0","22.2","45.4",,,,,,,,,,,,,,,,,,,"26.0"
"2","미추홀","어르신","일반","65","관리자","2등급","20250205","M","172.8","74.5","32.7","93.1","85","148","36.9","38.6",,,"13.9",,,,,,"24.9",,,,,"21",,"111","5.01","22.42","51.8",,,,,,,,,,,,,,,,,,,"38.6"
"2","미추홀","어르신","일반","80","관리자","2등급","20250205","M","167.6","62.7","31.8","88","57","128","30.7","33.4",,,"14.4",,,,,,"22.3",,,,,"21",,"98","6.95","30.18","53.3",,,,,,,,,,,,,,,,,,,"33.4"
"2","진천","어르신","일반","65","관리자","3등급","20250205","M","164","76.2","34.8","95.7","90","138","30.1","36",,,"5.3",,,,,,"28.3",,,,,"30",,"116","4.609","20.121","47.2",,,,,,,,,,,,,,,,,,,"36.0"
"1","순천","성인","일반","46","관리자","3등급","20250205","M","164.4","68.9","24.5","82.2","96","150","35.9","39.9",,,"9.1",,,,,,"25.5","35",,,,,,,,,"57.9",,,,,,,,"108","40.8",,,"0.308","0.576",,,,,,
"10","정읍","성인","일반","21","관리자","참가","20250205","M","178","83.1","17.9",,"80","146","45.4","50",,,"12",,,,,,"26.2","48",,,"238",,,,,,"60.2",,,,,,,,"130","41.6",,,"0.320",,,,,,,
"2","순천","성인","일반","60","관리자","참가","20250205","M","171.5","75.9","29.5","92.9","79","147","37.6","41",,,"2.1",,,,,,"25.8","29",,,,,,,,,"54.0",,,,,,,,"98","37.8",,,"0.363","0.402",,,,,,
"2","동구(광주)","어르신","일반","68","관리자","3등급","20250205","M","180.3","74","26.1","89","53","102","38.8","37.6",,,"5.1",,,,,,"22.8",,,,,"17",,"97","4.92","20.32","52.4",,,,,,,,,,,,,,,,,,,"38.8"
"2","광주","성인","일반","58","관리자","참가","20250205","F","155.1","62.6","36",,"82","136","22.2","25.1",,,"15.7",,,,,,"26.0","0",,,,,,,,,"40.1",,,"98","115","120",,"33.8",,,,,"0.494","0.328",,,,,,
"1","원주","어르신","일반","72","관리자","1등급","20250205","M","171.7","70.2","22","93","54","136","38.3","40",,,"12.1",,,,,,"23.8",,,,,"27",,"129","5.09","21.94","57.0",,,,,,,,,,,,,,,,,,,"40.0"
"1","순천","성인","일반","19","관리자","참가","20250205","M","177.5","94.5","32","108.4","88","154","37","39.7",,,"18.5",,,,,,"30.0","35",,,,,,,,,"42.0",,,,,,,,"103","43.5",,,"0.304","0.539",,,,,,
"4","청주","성인","일반","56","관리자","참가","20250205","F","158.6","72.9","41.8","98.9","74","141","25.7","27.1",,,"5.7",,,,,,"29.0","1",,,"144",,,,,,"37.2",,,,,,,,"130","25.6",,,"0.414",,,,,,,
"1","남구(울산)","어르신","일반","66","관리자","참가","20250205","M","170","77.2","28.7","93.1","74","149","30.7","33.2",,,"8.6",,,,,,"26.7",,,,,"26",,"104","4.82","21.62","43.0",,,,,,,,,,,,,,,,,,,"33.2"
"1","남구(울산)","어르신","일반","73","관리자","3등급","20250205","M","157.4","66.8","34.3","90.7","72","158","27.2","31.6",,,"5.5",,,,,,"27.0",,,,,"18",,"100","5.34","21.92","47.3",,,,,,,,,,,,,,,,,,,"31.6"
"1","중구(서울)","성인","일반","60","관리자","참가","20250205","M","160.5","77.4","33","94.2","84","135","30.9","30.9",,,"22.9",,,,,,"30.0","28",,,"176",,,,,,"39.9",,,"82","103","117","134","37.9",,,,,"0.361",,,,,,,
"1","고양","어르신","일반","65","관리자","참가","20250205","F","150.9","70.5","38.1",,"87","149","29.4","27.4",,,"7.2",,,,,,"31.0",,,,,"23",,"100","5.33","23.51","41.7",,,,,,,,,,,,,,,,,,,"29.4"
"1","스포원(금정)","성인","일반","52","관리자","참가","20250205","F","160.9","68.3","38.8",,"73","134","29.1","27",,,"18.1",,,,,,"26.4","16",,,"127",,,,,,"42.6",,,"77","90","111",,"34.0",,,,,"0.368",,,,,,,
"1","화성","성인","일반","50","관리자","3등급","20250205","F","156.5","50.4","18.5",,"81","132","24.4","26.8",,,"13",,,,,,"20.6","24","12","12.4","152",,,,,,"53.2",,"30.7",,,,,,,,,,,,,,,,,
"2","고양","성인","일반","62","관리자","참가","20250205","M","159.7","71.1","30.5",,"93","158","33.8","38.5",,,"2.9",,,,,,"27.9","19","15","12.17","174",,,,,,"54.1",,"33.4",,,,,,,,,,,,,,,,,
"1","원주","성인","일반","54","관리자","1등급","20250205","F","163","59.3","28.6",,"50","103","27.5","26.1",,,"21.6",,,,,,"22.3","32",,,"148",,,,,,"46.4",,,,,,,,"78","36.1",,,"0.342",,,,,,,
"7","청주","성인","일반","63","관리자","3등급","20250205","F","167.6","61","33.7","80.5","83","148","25.7","30.1",,,"13.9",,,,,,"21.7","33",,,"125",,,,,,"49.3",,,,,,,,"100","31.7",,,"0.308",,,,,,,
"1","스포원(금정)","성인","일반","26","관리자","1등급","20250205","F","158.4","42.7","21.6",,"80","133","30.7","31.5",,,"23.3",,,,,,"17.0","34","38",,"163",,,,,,"73.8",,"40.9",,,,,,,,,,"0.407",,,,,,,
"1","스포원(금정)","성인","일반","28","관리자","참가","20250205","M","177.8","91.2","26.5",,"89","152","49.5","59.8",,,"9.5",,,,,,"28.8","45","40","9.6","233",,,,,,"65.6",,"38.6",,,,,,,,,,,,,,,,,
"5","청주","성인","일반","64","관리자","참가","20250205","F","156.5","47.5","29.8","74.2","63","109","21.1","22.9",,,"15.5",,,,,,"19.4",,,,"158",,,,,,"48.2",,,,,,,,"91","34.9",,,"0.461",,,,,,,
"3","부천","어르신","일반","66","관리자","3등급","20250205","F","154.3","64.4","40",,"84","139","28.1","27.6",,,"18.7",,,,,,"27.0",,,,,"23",,"103","4.97","20.75","43.6",,,,,,,,,,,,,,,,,,,"28.1"
"1","마포","성인","일반","22","관리자","1등급","20250205","F","160.7","51.1","27.8",,"58","112","31.2","33.7",,,"27.7",,,,,,"19.8","38",,,"162",,,,,,"65.9",,,,,,,,"135","36.8",,,"0.303",,,,,,,
"4","청주","성인","일반","60","관리자","참가","20250205","F","158.9","55.7","32.9","79","74","154","26.7","28.9",,,"7.4",,,,,,"22.1","6",,,"153",,,,,,"51.9",,,,,,,,"114","31.0",,,"0.416",,,,,,,
"2","북구(광주)","성인","일반","26","관리자","3등급","20250205","M","164.4","62.3","17.4","78.2","66","125","36","42.2",,,"8.3",,,,,,"23.1","49",,"10.31","218",,,,,,"67.7",,,"65","127","117","140","55.8",,,,,,,,,,,,
"3","청주","성인","일반","52","관리자","3등급","20250205","F","169","61.5","27.6","77.9","66","109","34.6","35.5",,,"15.5",,,,,,"21.5","18",,,"169",,,,,,"57.7",,,,,,,,"88","35.2",,,"0.382",,,,,,,
"2","천안","어르신","일반","65","관리자","3등급","20250205","F","155.8","64.2","42.9",,"91","146","21.4","25.2",,,"18.5",,,,,,"26.4",,,,,"19",,"99","6.28","25.74","39.3",,,,,,,,,,,,,,,,,,,"25.2"
"4","포항","청소년","일반","18","관리자","3등급","20250205","M","176.6","67.4","15.8",,"66","129","37.6","36",,"51","8.2","19.39","0.576","39.784","10","40.244","21.6",,,,,,,,,,"55.8",,,"79","99","112",,"51.9",,,,,,,,,,,,
"1","화성","성인","일반","20","관리자","참가","20250205","M","180.5","77.9","23.5",,"74","114","39.7","39.1",,,"-1.2",,,,,,"23.9","40",,,,,,,,,"51.0",,,"96","119","153","176","41.1",,,,,"0.332","0.564",,,,,,
"4","청주","성인","일반","62","관리자","참가","20250205","F","153.3","67.8","47.5","95.5","80","128","27.4","29.3",,,"12.2",,,,,,"28.8","3",,,"124",,,,,,"43.2",,,,,,,,"126","25.7",,,"0.434",,,,,,,
"1","사상","성인","일반","20","관리자","참가","20250205","M","179.5","96.1","33.3","101.4","81","141","49.5","50.5",,,"5.4",,,,,,"29.8","30",,,,,,,,,"52.5",,,"109","139","153","192","36.3",,,,,"0.339","0.496",,,,,,
"1","청주","성인","일반","59","관리자","참가","20250205","F","148.8","47.8","37.2","72.2","80","133","22","17.6",,,"16.6",,,,,,"21.6","5",,,"112",,,,,,"46.0",,,,,,,,"140","29.0",,,"0.337",,,,,,,
"8","강북","어르신","일반","66","관리자","참가","20250205","M","156.9","53.80","23.7","83","92","159","32.4","31.8",,,"-1.5",,,,,,"21.9",,,,,"27",,"122","5.6","23.7","60.2",,,,,,,,,,,,,,,,,,,"32.4"
"1","삼척","성인","일반","61","관리자","참가","20250205","M","173.8","86.1","41.2",,"74","143","41.5","41.4",,,"10.1",,,,,,"28.5","13",,"14.44","144",,,,,,"48.2",,,"80","108","122",,"35.3",,,,,,,,,,,,
"3","청주","성인","일반","62","관리자","참가","20250205","F","152.6","55.6","37.4","81.5","85","143","25.8","24.9",,,"7.8",,,,,,"23.9","6",,,"103",,,,,,"46.4",,,,,,,,"103","31.4",,,"0.382",,,,,,,
"3","강북","청소년","일반","18","관리자","3등급","20250205","M","172.3","63.30","9.3","73.9","72","129","44.5","46.7",,"57","9.3","16.96","0.652","37.972","10","38.432","21.3",,"70",,,,,,,,"73.8",,"49.1",,,,,,,,,,,,,,,,,
"1","남구(울산)","성인","일반","64","관리자","참가","20250205","F","155.6","78.8","43.8","109","85","148","27.7","26.3",,,"21.1",,,,,,"32.5","12",,,"75",,,,,,"35.2",,,"76","109","147",,"23.8",,,,,"0.554",,,,,,,
"8","청주","성인","일반","61","관리자","3등급","20250205","F","154.6","47.6","31.7","72.2","70","152","18.3","20.1",,,"15.3",,,,,,"19.9","26",,,"109",,,,,,"42.2",,,,,,,,"64","38.5",,,"0.356",,,,,,,
"1","시흥","어르신","일반","70","관리자","2등급","20250205","F","157.8","56.6","22.6","71","96","138","27.9","33",,,"15.8",,,,,,"22.7",,,,,"30","645",,"5.41","19.47","58.3",,,,,,,,,,,,,,,,,,,"33.0"
"2","청주","성인","일반","44","관리자","3등급","20250205","F","160","53.6","32.7","81.1","80","117","30.1","33.6",,,"20.5",,,,,,"20.9","20",,,"150",,,,,,"62.7",,,,,,,,"116","34.4",,,"0.373",,,,,,,
"1","순천","성인","일반","64","관리자","참가","20250205","F","156.6","50.1","28.7","75.4","81","141","16.4","20.3",,,"26.4",,,,,,"20.4","0",,,,,,,,,"40.5",,,,,,,,"149","27.2",,,"0.534","0.279",,,,,,
"1","전주","어르신","일반","67","관리자","참가","20250205","M","175","61.8","15.4","76.3","73","138","35.4","34.7",,,"-1",,,,,,"20.2",,,,,"25",,"115","4.53","19","57.3",,,,,,,,,,,,,,,,,,,"35.4"
"1","부천","성인","일반","60","관리자","참가","20250205","M","158.2","74.7","34.1",,"93","146","31.4","33.3",,,"8.7",,,,,,"29.8","23",,,"164",,,,,,"44.6",,,,,,,,"125","33.1",,,"0.393",,,,,,,
"1","전주","어르신","일반","65","관리자","참가","20250205","F","156","59.1","34.2","81.3","68","109","16.2","19.2",,,"8.4",,,,,,"24.3",,,,,"26",,"109","4.75","19.89","32.5",,,,,,,,,,,,,,,,,,,"19.2"
"4","동구(인천)","성인","일반","60","관리자","3등급","20250205","F","158.6","56.8","29.5",,"73","133","27.8","28.4",,,"13.1",,,,,,"22.6","10","14",,"154",,,,,,"50.0",,"29.9",,,,,,,,,,"0.351",,,,,,,
"1","춘천","성인","일반","62","관리자","참가","20250205","F","160.1","52.9","29.9","75.3","68","101","23.6","26.7",,,"9.8",,,,,,"20.6","0","8",,"73",,,,,,"50.5",,"28.7",,,,,,,,,,"0.427",,,,,,,
"1","화성","성인","일반","42","관리자","3등급","20250205","F","165.1","66.5","28.1",,"69","120","31","31.6",,,"13.1",,,,,,"24.4","25",,,"175",,,,,,"47.5",,,"88","119","151",,"31.5",,,,,"0.381",,,,,,,
"1","창원","성인","일반","19","관리자","3등급","20250205","M","172.7","73.3","20.9","77","80","121","39.3","43.7",,,"8.2",,,,,,"24.6","42","41",,"182",,,,,,"59.6",,"42.3",,,,,,,,,,"0.255",,,,,,,
"1","화성","성인","일반","51","관리자","참가","20250205","F","155.6","91","46.5",,"90","152","28.7","28.6",,,"6.1",,,,,,"37.6","0",,,"105",,,,,,"31.5",,,"68","109","144",,"23.8",,,,,"0.433",,,,,,,
"1","서구(대전)","성인","일반","48","관리자","3등급","20250205","F","162.5","60.4","31",,"65","113","28.2","29.7",,,"11",,,,,,"22.9","34",,,"139",,,,,,"49.2",,,"78","108","131",,"34.8",,,,,"0.313",,,,,,,
"4","연제","어르신","일반","70","관리자","3등급","20250205","F","145.4","46.7","31.4","82.3","66","119","18.7","18.5",,,"12.3",,,,,,"22.1",,,,,"19",,"117","5.5","21.8","40.0",,,,,,,,,,,,,,,,,,,"18.7"
"10","미추홀","어르신","일반","85","관리자","3등급","20250205","M","162.7","75.8","33.5","96","90","152","32.8","24",,,"-3",,,,,,"28.6",,,,,"18",,"83","6.6","29","43.3",,,,,,,,,,,,,,,,,,,"32.8"
"9","미추홀","어르신","일반","76","관리자","참가","20250205","F","145.7","54.1","42.4","85","76","119","15.4","17.7",,,"0",,,,,,"25.5",,,,,"17",,"68","6.3","26.3","32.7",,,,,,,,,,,,,,,,,,,"17.7"
"1","천안","성인","일반","23","관리자","2등급","20250205","F","169.8","54.8","23.4",,"75","122","23.5","23.4",,,"25.5",,,,,,"19.0","40",,"11.55","196",,,,,,"42.9",,,,,,,,"120","38.4",,,,,,,,,,
"1","춘천","성인","일반","64","관리자","1등급","20250205","F","147.3","45","28.9","72","82","157","25.3","26.8",,,"20.3",,,,,,"20.7","21",,,"123",,,,,,"59.6",,,"80","104","108",,"38.4",,,,,"0.402",,,,,,,
"1","고양","어르신","일반","76","관리자","3등급","20250205","M","174","66.1","21.9",,"106","171","31.7","30.6",,,"1.1",,,,,,"21.8",,,,,"27",,"102","6.63","27.78","48.0",,,,,,,,,,,,,,,,,,,"31.7"
"1","서대문","성인","일반","20","관리자","참가","20250205","M","175.2","76.5","27.5",,"95","144","49","42.3",,,"9.7",,,,,,"24.9","27","27","9.89",,,,,,,"64.1",,"38.4",,,,,,,,,,,"0.521",,,,,,
"1","안산","청소년","일반","18","관리자","참가","20250205","M","191.6","111.2","24.9","98","72","139","54.7","63.9",,"36","12.9","20.84","0.635","53.18","12","53.732","30.3",,,,,,,,,,"57.5",,,,,,,,,,,,,,,,,,,
"1","마포","어르신","일반","71","관리자","1등급","20250205","M","160.2","62.8","21.8","90","96","150","47.9","50.7",,,"13.4",,,,,,"24.5",,,,,"29",,"147","3.81","15.88","80.7",,,,,,,,,,,,,,,,,,,"50.7"
"5","마포","어르신","일반","72","관리자","1등급","20250205","F","151.1","57.4","39.3","87","95","151","24.2","25.3",,,"19.6",,,,,,"25.1",,,,,"29",,"127","4.76","19.67","44.1",,,,,,,,,,,,,,,,,,,"25.3"
"2","서대문","성인","일반","62","관리자","2등급","20250205","M","171.5","75.0","25.8",,"79","149","36.9","38.9",,,"17.8",,,,,,"25.5","27","26","11.21",,,,,,,"51.9",,"35.1",,,,,,,,,,,"0.523",,,,,,
"1","안산","성인","일반","20","관리자","3등급","20250205","M","172.4","60.8","8.6","72","73","126","42.6","50.8",,,"15.3",,,,,,"20.5","52","43","10.08","226",,,,,,"83.6",,"44.5",,,,,,,,,,,,,,,,,
"1","서대문","성인","일반","20","관리자","2등급","20250205","M","176.1","71.6","15.6",,"77","127","47.2","53.6",,,"11.4",,,,,,"23.1","48","55","10.77",,,,,,,"74.9",,"45.7",,,,,,,,,,,"0.624",,,,,,
"2","양평","성인","일반","59","관리자","2등급","20250205","F","154.3","48.9","18.8",,"73","135","26.2","26.8",,,"16.7",,,,,,"20.5","20",,"17.62","136",,,,,,"54.8",,,,,,,,"100","34.2",,,,,,,,,,
"4","서구(광주)","성인","일반","21","관리자","3등급","20250205","F","173.7","58.6","20.5","81","59","102","32.6","32.1",,,"14.4",,,,,,"19.4","38",,,"182",,,,,,"55.6",,,,,,,,"134","36.5",,,"0.339",,,,,,,
"4","제주","성인","일반","24","관리자","참가","20250205","M","173.6","72.6","16.6","84.8","83","154","35","43.1",,,"12.3",,,,,,"24.1","44","34",,"216",,,,,,"59.4",,"40.3",,,,,,,,,,"0.311",,,,,,,
"1","창원","성인","일반","19","관리자","3등급","20250205","M","172.3","53.8","14.9","70","97","140","35.1","37.7",,,"13",,,,,,"18.1","45",,"10.03","235",,,,,,"70.1",,,,,,,,"143","46.2",,,,,,,,,,
"1","부천","성인","일반","55","관리자","참가","20250205","M","176.6","76","30.5",,"82","144","37.8","32.5",,,"18.6",,,,,,"24.4","26",,,"177",,,,,,"49.7",,,,,,,,"136","33.8",,,"0.356",,,,,,,
"5","원주","성인","일반","20","관리자","참가","20250205","M","170.9","56.8","16.4","78.5","63","145","31","32.7",,,"-2.4",,,,,,"19.4","34","17","11.51",,,,,,,"57.6",,"39.0",,,,,,,,,,,"0.502",,,,,,
"1","수원","어르신","일반","65","관리자","참가","20250205","M","176.5","73.7","21.4","89","78","133","45.2","43.4",,,"13",,,,,,"23.7",,,,,"16",,"101","4.9","21.6","61.3",,,,,,,,,,,,,,,,,,,"45.2"
"7","양평","성인","일반","25","관리자","1등급","20250205","M","174.7","75.8","17.5",,"74","129","48.3","49.3",,,"15.9",,,,,,"24.8","51","54",,"238",,,,,,"65.0",,"44.5",,,,,,,,,,"0.354",,,,,,,
"5","진천","성인","일반","62","관리자","참가","20250205","M","170.9","75","25","87.2","98","141","47.8","46.7",,,"7.5",,,,,,"25.7","21",,,"174",,,,,,"63.7",,,,,,,,"121","34.1",,,"0.356",,,,,,,
"1","포항","성인","일반","38","관리자","참가","20250205","F","164.7","60.4","33.5",,"67","99","24.8","30",,,"6.4",,,,,,"22.3","4",,"13.55","144",,,,,,"49.7",,,,,,,,"97","36.6",,,,,,,,,,
"1","수원","어르신","일반","67","관리자","참가","20250205","M","164.4","58.4","23.1","92","70","143","20.1","24",,,"1.7",,,,,,"21.6",,,,,"16",,"89","6.3","27.2","41.1",,,,,,,,,,,,,,,,,,,"24.0"
"5","군산","청소년","일반","18","관리자","2등급","20250205","F","160.9","51.7","23.7","72","66","120","24.9","25.9","50",,"15.1","21.5","0.502","56.801","12","57.353","20.0",,,,,,,,,,"50.1",,,,,,,,"143","40.5",,,,,,,,,,
"1","사상","어르신","일반","66","관리자","참가","20250205","M","159.8","66.4","28.8","84","90","146","30.3","31.3",,,"1.5",,,,,,"26.0",,,,,"28",,"109","4.1","21","47.1",,,,,,,,,,,,,,,,,,,"31.3"
"1","동구(인천)","성인","일반","59","관리자","3등급","20250205","M","172.2","73.6","30.2",,"95","137","46","44.9",,,"4.2",,,,,,"24.8","34",,"12.19",,,,,,,"62.5",,,,,,,,"118","35.7",,,,"0.517",,,,,,
"1","동구(인천)","성인","일반","64","관리자","참가","20250205","M","163.6","71.1",,,"74","157","39.2","38.8",,,"16.1",,,,,,"26.6","17",,"11.31","187",,,,,,"55.1",,,,,,,,"91","38.3",,,,,,,,,,
"1","남구(부산)","성인","일반","20","관리자","3등급","20250205","M","165.8","67.2","17.3",,"94","153","51.9","47.5",,,"23.8",,,,,,"24.4","46",,,,,,,,,"77.2",,,,,,,,"120","45.9",,,"0.200","0.626",,,,,,
"3","서대문","성인","일반","64","관리자","3등급","20250205","M","176.6","70.7","25.3",,"75","136","43.1","42.7",,,"18.0",,,,,,"22.7","45","15","30",,,,,,,"61.0",,"32.9",,,,,,,,,,,"0.463",,,,,,
"1","서대문","성인","일반","45","관리자","참가","20250205","M","173.9","91.9","30.1",,"76","117","49.7","51.6",,,"15.0",,,,,,"30.4","57","41","11.69",,,,,,,"56.1",,"37.5",,,,,,,,,,,"0.583",,,,,,
"1","남구(부산)","성인","일반","19","관리자","참가","20250205","M","172.9","61.7","14.7",,"82","127","49.1","49.3",,,"7.6",,,,,,"20.6","33",,,"250",,,,,,"79.9",,,,,,,,"121","47.8",,,"0.264",,,,,,,
"1","서대문","성인","일반","20","관리자","1등급","20250205","M","182.8","86.3","13.6",,"82","142","47.7","56.7",,,"17.6",,,,,,"25.8","61","63","10.643",,,,,,,"65.7",,"45.3",,,,,,,,,,,"0.641",,,,,,
"1","남구(부산)","성인","일반","20","관리자","참가","20250205","M","174","80.3","29.7",,"75","118","37.4","42.2",,,"7.1",,,,,,"26.5","38",,,"228",,,,,,"52.6",,,,,,,,"134","41.6",,,"0.284",,,,,,,
"1","북구(광주)","성인","일반","63","관리자","3등급","20250205","M","163.3","57.4","25.0","80.6","78","154","29.9","26.3",,,"14.0",,,,,,"21.5","22","23","12.78","165",,,,,,"52.1",,"37.1",,,,,,,,,,,,,,,,,
"1","수원","성인","일반","19","관리자","참가","20250205","M","173.7","65.9","18.9","80","59","106","35","38.8",,,"-9.7",,,,,,"21.8","45",,"10.1",,,,,,,"58.9",,,,,,,,"88","51.7",,,,"0.58",,,,,,
"1","화성","성인","일반","45","관리자","참가","20250205","F","167","83","33.5",,"65","108","32.7","33.8",,,"18.7",,,,,,"29.8","21",,,"166",,,,,,"40.7",,,,,,,,"128","26.2",,,"0.398",,,,,,,
"1","화성","성인","일반","44","관리자","참가","20250205","F","163.3","66.1","32.6",,"98","152","29.5","29.1",,,"18.7",,,,,,"24.8","24",,,"160",,,,,,"44.6",,,,,,,,"150","27.5",,,"0.366",,,,,,,
"2","성동","성인","일반","58","관리자","참가","20250205","M","169.4","51.8","10.2",,"93","130","35.5","38.3",,,"5.1",,,,,,"18.1","10",,,"208",,,,,,"73.9",,,,,,,,"102","42.9",,,"0.372",,,,,,,
"1","성동","성인","일반","60","관리자","3등급","20250205","M","170.8","65.9","19.4",,"76","125","42.9","14.9",,,"8.7",,,,,,"22.6","21",,,,,,,,,"65.1",,,"90","109","126","153","38.3",,,,,"0.324","0.502",,,,,,
"1","포항","유소년","일반","11","관리자","참가","20250205","F","142.4","38.3",,"68",,,"16.1","15.9","10",,"10.6",,,,,,"18.9",,"27",,"158",,,,,,"42.0",,,,,,,,,,,,,,"0.48","32","3",,,
"3","성동","성인","일반","20","관리자","참가","20250205","M","181.6","86.1","22.5",,"86","139","52.3","50.3",,,"-15.5",,,,,,"26.1","38",,,"226",,,,,,"60.7",,,"88","120","138","160","44.4",,,,,"0.336",,,,,,,
"8","청주","어르신","일반","69","관리자","3등급","20250205","F","153.2","58.5","40.2","81","76","133","22.1","27.3",,,"13.3",,,,,,"24.9",,,,,"20",,"125","5.9","21","46.7",,,,,,,,,,,,,,,,,,,"27.3"
"1","서대문","성인","일반","52","관리자","참가","20250205","F","159.5","69.1","33.7",,"97","145","26.5","32.4",,,"22.9",,,,,,"27.2","15","9","14.34",,,,,,,"46.9",,"26.8",,,,,,,,,,,"0.445",,,,,,
"4","서대문","성인","일반","20","관리자","2등급","20250205","M","174","73.8","20.6",,"89","128","41.6","43",,,"26.6",,,,,,"24.4","69","63","9.48",,,,,,,"58.3",,"47.3",,,,,,,,,,,"0.609",,,,,,
"1","안산","성인","일반","19","관리자","2등급","20250205","M","169.7","67.8","20.9","72","99","151","36","47.4",,,"15.2",,,,,,"23.5","48",,"10.3","231",,,,,,"69.9",,,"73","95","125","157","47.2",,,,,,,,,,,,
"1","청주","어르신","일반","68","관리자","3등급","20250205","F","153.6","55","37.5","81.9","68","127","27.2","26.6",,,"21",,,,,,"23.3",,,,,"17",,"117","5.1","20.2","49.5",,,,,,,,,,,,,,,,,,,"27.2"
"1","부천","청소년","일반","17","관리자","1등급","20250205","M","171.3","65.5","20.1",,"67","116","44.4","44.1","49",,"15.4","18.22","0.527","48.627","13","49.225","22.3",,,,,,,,,,"67.8",,,"85","99","123",,"48.7",,,,,,,,,,,,
"2","서대문","성인","일반","20","관리자","3등급","20250205","M","169.8","60.8","15.6",,"68","118","40.6","43.6",,,"10.4",,,,,,"21.1","57","65","9.08",,,,,,,"71.7",,"49.7",,,,,,,,,,,"0.684",,,,,,
"1","곡성","청소년","일반","18","관리자","참가","20250205","M","170","65.1","15.9","80.6","61","115","41.9","41","28",,"13.6","19.86","0.502","51.027","14","51.671","22.5",,"56",,,,,,,,"64.4",,"45.7",,,,,,,,,,,,,,,,,
"2","안산","어르신","일반","66","관리자","참가","20250205","M","161.1","67.7","31.2","97","79","120","30.4","32.3",,,"-14",,,,,,"26.1",,,,,"30",,"132","5.6","23.9","47.7",,,,,,,,,,,,,,,,,,,"32.3"
"1","북구(광주)","성인","일반","54","관리자","3등급","20250205","F","153.2","56.9","35.4","81.5","68","127","24.6","23.7",,,"15.6",,,,,,"24.2","14",,,,,,,,,"43.2",,,,,,,,"129","29.5",,,"0.357","0.476",,,,,,
"2","수원","성인","일반","48","관리자","참가","20250205","M","170.8","71.8","19.8","91","61","107","53","52.3",,,"17.6",,,,,,"24.6","29",,"11.6","215",,,,,,"73.8",,,"100","126","148",,"36.3",,,,,,,,,,,,
"1","동해","성인","일반","32","관리자","1등급","20250205","M","178.7","76.3","19.4",,"97","142","49","48.2",,,"14.7",,,,,,"23.9","54",,"11.01","226",,,,,,"64.2",,,"86","98","113","134","47.3",,,,,,,,,,,,
"6","사천","성인","일반","35","관리자","2등급","20250205","M","165.1","94.1","35.2","111","80","120","58.5","46.5",,,"13.5",,,,,,"34.5","45","38",,"213",,,,,,"62.2",,"37.4",,,,,,,,,,"0.360",,,,,,,
"1","곡성","청소년","일반","18","관리자","2등급","20250205","M","173.6","78.5","19.2","85.7","87","152","51.6","56.2",,"52","16.2","18.66","0.626","50.697","8","51.065","26.0",,"51",,,,,,,,"71.6",,"42.9",,,,,,,,,,,,,,,,,
"5","청주","어르신","일반","65","관리자","참가","20250205","F","156.2","62.3","44.5","84.9","79","155","21.5","21.9",,,"10",,,,,,"25.5",,,,,"21",,"123","5.13","21.53","35.2",,,,,,,,,,,,,,,,,,,"21.9"
"1","사천","성인","일반","36","관리자","2등급","20250205","M","171.5","71.8","16.8","84.1","81","125","46.6","46.7",,,"14.3",,,,,,"24.4","43","48",,"217",,,,,,"65.0",,"42.8",,,,,,,,,,"0.380",,,,,,,
"3","안동","성인","일반","40","관리자","참가","20250205","F","156.5","65.1","39.4","82","74","111","28.5","30.1",,,"21.8",,,,,,"26.6","29","15",,"154",,,,,,"46.2",,"29.7",,,,,,,,,,"0.384",,,,,,,
"10","청주","어르신","일반","65","관리자","참가","20250205","F","153.3","72.2","43","94.8","84","156","26.3","25.5",,,"8.7",,,,,,"30.7",,,,,"21",,"119","6.72","26.09","36.4",,,,,,,,,,,,,,,,,,,"26.3"
"1","사상","성인","일반","19","관리자","참가","20250205","M","168.3","86.3","24.6","96.4","77","121","35.1","37.9",,,"8.7",,,,,,"30.5","31","37",,"201",,,,,,"43.9",,"39.6",,,,,,,,,,"0.336",,,,,,,
"1","남구(울산)","성인","일반","19","관리자","참가","20250205","M","175.5","71.9","18.9","86.2","72","112","39.8","40.2",,,"8.2",,,,,,"23.3","38","48",,"195",,,,,,"55.9",,"44.1",,,,,,,,,,"0.325",,,,,,,
"3","마포","성인","일반","23","관리자","1등급","20250205","F","164","52","24.4","69","73","126","27.3","33.7",,,"26.4",,,,,,"19.3","50",,,,,,,,,"64.8",,,,,,,,"95","41.6",,,"0.322","0.493",,,,,,
"1","서대문","성인","일반","24","관리자","참가","20250205","F","162.7","50.3","24",,"80","120","29.8","33.7",,,"23.2",,,,,,"19.0","31","16","12.68",,,,,,,"67.0",,"33.1",,,,,,,,,,,"0.486",,,,,,
"2","서대문","성인","일반","21","관리자","2등급","20250205","M","170.5","77.7","31",,"80","120","44.7","42.6",,,"12.4",,,,,,"26.7","64","57","10.70",,,,,,,"57.5",,"45.3",,,,,,,,,,,"0.620",,,,,,
"1","남구(울산)","성인","일반","19","관리자","참가","20250205","M","181","87.4","27","101.2","72","148","41.4","48.4",,,"-20",,,,,,"26.7","50",,,,,,,,,"55.4",,,"108","132","159",,"38.1",,,,,"0.365","0.536",,,,,,
"1","남구(울산)","성인","일반","19","관리자","참가","20250205","M","168.4","71.3","28.1","88.4","74","151","35.4","42.5",,,"8.2",,,,,,"25.1","38",,,,,,,,,"59.6",,,"110","142","170",,"39.6",,,,,"0.369","0.559",,,,,,
"6","천안","어르신","일반","68","관리자","3등급","20250205","M","163.8","75.5","30.4",,"84","156","33.4","34.9",,,"7.2",,,,,,"28.1",,,,,"26",,"102","4.82","19.72","46.2",,,,,,,,,,,,,,,,,,,"34.0"
"1","서대문","성인","일반","43","관리자","2등급","20250205","M","173.6","78.6","18.9",,"80","120","54.6","55.9",,,"18.8",,,,,,"26.1","56","41","10.14",,,,,,,"71.1",,"39.6",,,,,,,,,,,"0.600",,,,,,
"3","청주","어르신","일반","65","관리자","참가","20250205","F","154.1","66.6","45.7","91.2","79","131","28.2","27.7",,,"3.8",,,,,,"28.0",,,,,"22",,"111","6.10","21.84","42.3",,,,,,,,,,,,,,,,,,,"28.2"
"1","스포원(금정)","청소년","일반","18","관리자","참가","20250205","M","171.4","69.3","16",,"75","137","48.4","51.8","22",,"19.8","20.66","0.524","50.486","13","51.084","23.6",,,,,,,,,,"74.7",,,"93","143","157",,"45.0",,,,,,,,,,,,
"1","동작","성인","일반","64","관리자","참가","20250205","F","152.4","53","36.4","75","68","125","20.4","21.1",,,"11.8",,,,,,"22.8","0",,,"119",,,,,,"39.8",,,"69","122","148",,"31.5",,,,,"0.299",,,,,,,
"3","동작","성인","일반","20","관리자","2등급","20250205","M","180.2","75.7","19.1","77","80","149","46","49.8",,,"11.6",,,,,,"23.3","54",,"9.96","225",,,,,,"65.8",,,,,,,,"92","49.2",,,,,,,,,,
"1","천안","성인","일반","63","관리자","2등급","20250205","M","168.6","67","36.1",,"84","141","40.8","44.3",,,"20.4",,,,,,"23.6","27",,,"183",,,,,,"66.1",,,,,,,,"112","36.7",,,"0.322",,,,,,,
"4","포천","어르신","일반","66","관리자","2등급","20250205","F","160.4","49.8","11.9","65","81","134","30.3","34.3",,,"16.3",,,,,,"19.4",,,,,"26",,"126","4.18","19.37","68.9",,,,,,,,,,,,,,,,,,,"34.3"
"1","스포원(금정)","성인","일반","20","관리자","참가","20250205","M","168.2","84.9","34.2",,"95","144","45.7","51.5",,,"1",,,,,,"30.0","35","27",,,,,,,,"60.7",,"37.3",,,,,,,,,,"0.372","0.544",,,,,,
"1","청주","어르신","일반","65","관리자","참가","20250205","F","156.2","55.8","38.3","80.5","59","119","27.9","23.9",,,"8.3",,,,,,"22.9",,,,,"27",,"133","6.16","23.78","50.0",,,,,,,,,,,,,,,,,,,"27.9"
"1","스포원(금정)","청소년","일반","18","관리자","참가","20250205","M","168","82.4","33",,"63","109","37.7","36.1",,"25","4.8","19.9","0.505","47.686","17","48.468","29.2",,,,,,,,,,"45.8",,,"100","138","150",,"42.0",,,,,,,,,,,,
"1","광주","성인","일반","33","관리자","참가","20250205","F","157.6","47.5","25.8",,"53","100","26.2","28.6",,,"-0.6",,,,,,"19.1","20",,,"141",,,,,,"60.2",,,"78","96","127",,"40.0",,,,,"0.396",,,,,,,
"1","포천","성인","일반","54","관리자","참가","20250205","F","163","64.2","29.4","83","83","146","25","29.1",,,"8.3",,,,,,"24.2","2",,"14.28","118",,,,,,"45.3",,,"82","101","128",,"32.6",,,,,,,,,,,,
"1","광주","성인","일반","58","관리자","참가","20250205","F","155.4","66.6","41.8",,"91","140","21.2","25.1",,,"14.4",,,,,,"27.6","12",,,"149",,,,,,"37.7",,,"86","107","143",,"28.2",,,,,"0.397",,,,,,,
"24","청주","어르신","일반","70","관리자","2등급","20250205","F","150.1","56.1","31.4","76.2","83","143","28.5","27.1",,,"13.6",,,,,,"24.9",,,,,"32",,"134","5","18","50.8",,,,,,,,,,,,,,,,,,,"28.5"
"3","세종","청소년","일반","16","관리자","1등급","20250205","F","166","67.6","22.9","80.6","68","124","33.5","33.3",,"50","23.8","19.11","0.514","50.052","7","50.374","24.5",,"41",,,,,,,,"49.6",,"36.6",,,,,,,,,,,,,,,,,
"5","청주","어르신","일반","66","관리자","1등급","20250205","F","164","62.3","36.1","88.4","80","158","28.2","26.3",,,"19.1",,,,,,"23.2",,,,,"23",,"134","5.1","19.2","45.3",,,,,,,,,,,,,,,,,,,"28.2"
"6","안산","어르신","일반","81","관리자","2등급","20250205","M","161.4","53.3","19.4","75","92","150","31.6","29.7",,,"20.2",,,,,,"20.5",,,,,"27",,"100","6.9","27","59.3",,,,,,,,,,,,,,,,,,,"31.6"
"2","연제","어르신","일반","70","관리자","3등급","20250205","F","146.6","56.0","37.2","87","69","102","22.1","20.1",,,"16.8",,,,,,"26.1",,,,,"22",,"94","6.4","25.9","39.5",,,,,,,,,,,,,,,,,,,"22.1"
"5","청주","어르신","일반","66","관리자","2등급","20250205","M","165.4","78.9","24.9","87.1","87","157","43.8","49.4",,,"8.3",,,,,,"28.8",,,,,"22",,"135","5.4","22.9","62.6",,,,,,,,,,,,,,,,,,,"49.4"
"1","안산","성인","일반","58","관리자","2등급","20250205","F","143.2","39.2","30.3","63","67","130","22.3","20.2",,,"22",,,,,,"19.1","19",,,"120",,,,,,"56.9",,,,,,,,"104","35.2",,,"0.349",,,,,,,
"1","연제","어르신","일반","74","관리자","3등급","20250205","M","160.0","58.2","18.9","85.7","54","106","26.6","30.6",,,"4.3",,,,,,"22.7",,,,,"24",,"102","5.6","27.3","52.6",,,,,,,,,,,,,,,,,,,"30.6"
"4","청주","어르신","일반","70","관리자","3등급","20250205","M","167.6","57.3","14.8","70.3","70","143","39.1","40.6",,,"1.4",,,,,,"20.4",,,,,"29",,"137","4.9","17.9","70.9",,,,,,,,,,,,,,,,,,,"40.6"
"1","화성","어르신","일반","68","관리자","참가","20250205","M","168.6","77.5","26.3",,"62","124","34","34.5",,,"7.2",,,,,,"27.3",,,,,"30",,"109","3.84","16.5","44.5",,,,,,,,,,,,,,,,,,,"34.5"
"3","오산","성인","일반","25","관리자","3등급","20250205","F","163.4","47.6","29.3","75.6","70","112","22.3","22.7",,,"12.4",,,,,,"17.8","35",,"13.59",,,,,,,"47.7",,,,,,,,"121","39.1",,,,"0.440",,,,,,
"2","사하","청소년","일반","18","관리자","참가","20250205","F","162.2","50.7","35.0","76.9","75","125","18.9","20.4","30",,"13.3","23.64","0.427","39.780","33","41.298","19.3",,"15",,,,,,,,"40.2",,"34.4",,,,,,,,,,,,,,,,,
"2","마포","성인","일반","59","관리자","2등급","20250205","M","163.6","67.3","23.9","84","86","134","45.8","47",,,"9",,,,,,"25.1","33","33",,"197",,,,,,"69.8",,"38.3",,,,,,,,,,"0.334",,,,,,,
"4","강북","어르신","일반","72","관리자","2등급","20250205","M","168.9","68.60","23.5","89.5","77","176","41.4","45.3",,,"7.6",,,,,,"24.0",,,,,"24",,"107","5.8","21.1","66.0",,,,,,,,,,,,,,,,,,,"45.3"
"1","양평","어르신","일반","70","관리자","2등급","20250205","M","175.6","76.9","24.9",,"92","159","44.2","40.4",,,"8.5",,,,,,"24.9",,,,,"30",,"128","5.31","22.60","57.5",,,,,,,,,,,,,,,,,,,"44.2"
"2","곡성","성인","일반","61","관리자","참가","20250205","F","158.8","57.9","27.8","83.2","83","132","20.8","25.2",,,"7",,,,,,"23.0","1",,,,,,,,,"43.5",,,"88","104","121",,"34.0",,,,,"0.289","0.316",,,,,,
"4","스포원(금정)","어르신","일반","74","관리자","2등급","20250205","M","164.2","58.3","18.8",,"75","164","42.2","40.3",,,"4.6",,,,,,"21.6",,,,,"19",,"116","4.4","19.5","72.4",,,,,,,,,,,,,,,,,,,"42.2"
"7","고양","어르신","일반","78","관리자","3등급","20250205","F","145.3","52.1","31.7",,"83","158","22.6","21",,,"9",,,,,,"24.7",,,,,"28",,"100","5.31","23.93","43.4",,,,,,,,,,,,,,,,,,,"22.6"
"1","양평","성인","일반","60","관리자","2등급","20250205","M","168.5","68.3","25.5",,"83","146","40.9","39",,,"9.5",,,,,,"24.1","31","20",,"190",,,,,,"59.9",,"34.9",,,,,,,,,,"0.364",,,,,,,
"9","중구(서울)","어르신","일반","73","관리자","2등급","20250205","M","171.1","71.9","31.8","97.1","78","122","34.6","38.3",,,"5.2",,,,,,"24.6",,,,,"24",,"123","5.5","22.3","53.3",,,,,,,,,,,,,,,,,,,"38.3"
"1","남구(부산)","성인","일반","19","관리자","참가","20250205","M","176.4","83.5","26.2",,"74","135","42.8","50",,,"-4.6",,,,,,"26.8","40",,,"216",,,,,,"59.9",,,"89","110","130","165","43.4",,,,,"0.282",,,,,,,
"1","춘천","성인","일반","38","관리자","2등급","20250205","F","159","55.9","30.6","75.2","70","125","31.4","30",,,"19.4",,,,,,"22.1","38","21",,"144",,,,,,"56.2",,"33.1",,,,,,,,,,"0.233",,,,,,,
"4","마포","어르신","일반","67","관리자","1등급","20250205","M","164.6","68.8","29.4","92","87","153","43.3","47.3",,,"14.9",,,,,,"25.4",,,,,"34",,"126","4.17","17.85","68.8",,,,,,,,,,,,,,,,,,,"47.3"
"5","오산","어르신","일반","65","관리자","2등급","20250205","F","152.7","56.8","37.1","83.3","90","158","20.7","22.3",,,"20.7",,,,,,"24.4",,,,,"28",,"116","4.88","18.9","39.3",,,,,,,,,,,,,,,,,,,"22.3"
"2","마포","어르신","일반","69","관리자","2등급","20250205","M","164.3","61.5","16.1","86","51","138","39.7","43.1",,,"9.8",,,,,,"22.8",,,,,"32",,"120","4.20","15.66","70.1",,,,,,,,,,,,,,,,,,,"43.1"
"7","오산","어르신","일반","77","관리자","참가","20250205","M","157.2","62.4","37.6","91.7","72","130","29.4","28.4",,,"-4.2",,,,,,"25.3",,,,,"24",,"119","6.5","27","47.1",,,,,,,,,,,,,,,,,,,"29.4"
"2","동작","어르신","일반","70","관리자","2등급","20250205","M","171.8","79.4","32.2","97","86","137","44","43.9",,,"7.7",,,,,,"26.9",,,,,"29",,"114","5.41","20.88","55.4",,,,,,,,,,,,,,,,,,,"44.0"
"1","사상","성인","일반","19","관리자","참가","20250205","M","168","72.8","31","82","78","124","35.8","39",,,"14.7",,,,,,"25.8","58","45",,"218",,,,,,"53.6",,"43.4",,,,,,,,,,"0.304",,,,,,,
"1","동구(인천)","어르신","일반","67","관리자","참가","20250205","M","169.7","56.1","17.3",,"79","156","31.3","34.6",,,"-0.5",,,,,,"19.5",,,,,"21",,"108","4.69","21.85","61.7",,,,,,,,,,,,,,,,,,,"34.6"
"1","중구(서울)","성인","일반","44","관리자","참가","20250205","M","181","78.9","20.9","92.8","87","148","42.3","44.9",,,"12.8",,,,,,"24.1","27",,,"205",,,,,,"56.9",,,,,,,,"139","35.8",,,"0.347",,,,,,,
"1","동구(인천)","어르신","일반","67","관리자","2등급","20250205","M","165.4","62.5","14.4",,"62","110","37.8","40",,,"8.1",,,,,,"22.8",,,,,"24",,"129","5.09","18.82","64.0",,,,,,,,,,,,,,,,,,,"40.0"
"1","안산","성인","일반","30","관리자","참가","20250205","M","173.8","92.3","38.1","98.5","87","141","47.4","40.6",,,"6.2",,,,,,"30.6","33","19","11.6","180",,,,,,"51.4",,"33.5",,,,,,,,,,,,,,,,,
"1","안산","어르신","일반","65","관리자","3등급","20250205","F","157","58","34","78.5","80","159","26.2","26.3",,,"13.9",,,,,,"23.5",,,,,"19",,"100","4.5","21.8","45.3",,,,,,,,,,,,,,,,,,,"26.3"
"1","창원","성인","일반","19","관리자","참가","20250205","M","174","71.1","18.9","73","67","129","47.6","43.3",,,"16.2",,,,,,"23.5","36","22","10.28",,,,,,,"66.9",,"38.1",,,,,,,,,,,"0.551",,,,,,
"1","천안","성인","일반","41","관리자","3등급","20250205","F","163.2","57.5","29.5",,"46","98","23","24.3",,,"21.7",,,,,,"21.6","32",,,,,,,,,"42.3",,,"75","108","129",,"37.4",,,,,"0.418","0.415",,,,,,
"2","동구(광주)","성인","일반","63","관리자","참가","20250205","F","160.9","71.5","40.2","88","92","159","26.5","31.3",,,"24.7",,,,,,"27.6","3",,,"116",,,,,,"43.8",,,"97","132","160",,"25.4",,,,,"0.413",,,,,,,
"3","서구(대전)","성인","일반","53","관리자","3등급","20250205","M","161","56.1","16.8",,"63","104","38.5","42.1",,,"8.8",,,,,,"21.6","34",,,,,,,,,"75.0",,,"56","86","104","132","46.5",,,,,"0.330","0.539",,,,,,
"1","성동","어르신","일반","68","관리자","참가","20250205","M","168.8","71.3","29.4",,"79","133","39","39.1",,,"-10.6",,,,,,"25.0",,,,,"20",,"106","5.31","26.33","54.8",,,,,,,,,,,,,,,,,,,"39.1"
"1","포항","성인","일반","19","관리자","참가","20250205","M","193","81","23",,"82","140","30.4","32.4",,,"-17.5",,,,,,"21.7","20","22",,"188",,,,,,"40.0",,"36.3",,,,,,,,,,"0.347",,,,,,,
"1","성동","어르신","일반","65","관리자","3등급","20250205","M","164.9","68.9","18.4",,"74","129","39.1","34.2",,,"4.3",,,,,,"25.3",,,,,"26",,"116","5.55","21.25","56.7",,,,,,,,,,,,,,,,,,,"39.1"
"1","서구(대전)","성인","일반","52","관리자","2등급","20250205","F","159.3","57.4","37.3",,"63","105","23.7","23.7",,,"19.8",,,,,,"22.6","19",,,,,,,,,"41.3",,,"72","119","153",,"31.8",,,,,"0.379","0.414",,,,,,
"1","제주","성인","일반","19","관리자","3등급","20250205","M","176.8","65.9","8.8","74.7","86","147","37.6","36.7",,,"25.6",,,,,,"21.1","46","61",,"248",,,,,,"57.1",,"48.0",,,,,,,,,,"0.248",,,,,,,
"1","제주","성인","일반","19","관리자","참가","20250205","M","171","71.7","16.7","82.7","50","121","34.4","37",,,"21.5",,,,,,"24.5","55","42",,,,,,,,"51.6",,"42.8",,,,,,,,,,"0.279","0.576",,,,,,
"2","성남","어르신","일반","73","관리자","3등급","20250205","F","152.5","54.2","32.0",,"70","129","16.1","21.6",,,"22.7",,,,,,"23.3",,,,,"23",,"96","5.25","23.21","39.9",,,,,,,,,,,,,,,,,,,"21.6"
"4","연제","어르신","일반","68","관리자","3등급","20250205","M","165.8","64","21.5","79","91","140","26.6","32.4",,,"11.8",,,,,,"23.3",,,,,"34",,"106","4.8","20.5","50.6",,,,,,,,,,,,,,,,,,,"32.4"
"3","성남","어르신","일반","70","관리자","3등급","20250205","M","167.4","59.4","25.7",,"88","137","34","37.2",,,"2.2",,,,,,"21.2",,,,,"31",,"122","4.93","20.27","62.6",,,,,,,,,,,,,,,,,,,"37.2"
"1","포항","성인","일반","19","관리자","3등급","20250205","M","176.6","74.9","16.5",,"97","153","45.9","43.7",,,"9.4",,,,,,"24.0","52","62",,"224",,,,,,"61.3",,"46.9",,,,,,,,,,"0.298",,,,,,,
"7","오산","어르신","일반","74","관리자","3등급","20250205","F","165.3","66.6","37.1","93.9","81","159","21.6","23.1",,,"13.2",,,,,,"24.4",,,,,"18",,"93","4.87","22.22","34.7",,,,,,,,,,,,,,,,,,,"23.1"
"2","오산","어르신","일반","65","관리자","3등급","20250205","F","146.7","50.3","34.1","80.6","73","159","22.5","24.7",,,"21.4",,,,,,"23.4",,,,,"23",,"104","6.25","25.72","49.1",,,,,,,,,,,,,,,,,,,"24.7"
"1","광주","성인","일반","64","관리자","2등급","20250205","M","166.6","65.3","24.8",,"77","135","37.6","39",,,"15.8",,,,,,"23.5","25",,,"162",,,,,,"59.7",,,"76","100","120",,"38.1",,,,,"0.396",,,,,,,
"35","오산","어르신","일반","72","관리자","1등급","20250205","F","151.6","46.4","27.9","70.8","79","129","26","28.3",,,"19.7",,,,,,"20.2",,,,,"34",,"140","4.5","17.13","61.0",,,,,,,,,,,,,,,,,,,"28.3"
"1","남구(부산)","어르신","일반","68","관리자","1등급","20250205","M","157","54.2","21.1",,"66","142","37.1","37.1",,,"25",,,,,,"22.0",,,,,"27",,"129","4.98","19.82","68.5",,,,,,,,,,,,,,,,,,,"37.1"
"1","연제","어르신","일반","73","관리자","참가","20250205","F","156.2","71.8","27.0","93","51","112","20.6","24.5",,,"6.3",,,,,,"29.4",,,,,"18",,"95","5.2","22.6","34.1",,,,,,,,,,,,,,,,,,,"24.5"
"1","성동","성인","일반","64","관리자","참가","20250205","M","158.9","59.4","20.4",,"79","137","40.5","44.8",,,"-3.3",,,,,,"23.5","25","20",,,,,,,,"75.4",,"36.1",,,,,,,,,,"0.284","0.502",,,,,,
"3","군산","청소년","일반","18","관리자","2등급","20250205","M","173","83.4","23","85","77","145","50.4","49.7","42",,"11.8","17.62","0.612","51.621","7","51.943","27.9",,"49",,,,,,,,"60.4",,"41.5",,,,,,,,,,,,,,,,,
"1","곡성","성인","일반","38","관리자","참가","20250205","M","174.6","87.4","35","104.4","87","154","39.8","43",,,"-12.5",,,,,,"28.7","20",,,"186",,,,,,"49.2",,,"93","119","132","152","39.9",,,,,"0.349",,,,,,,
"4","천안","성인","일반","64","관리자","참가","20250205","F","146.5","62.2","39.8",,"83","145","25.5","28.9",,,"15.0",,,,,,"29.0","18","10",,"134",,,,,,"46.5",,"27.5",,,,,,,,,,"0.378",,,,,,,
"1","성동","성인","일반","19","관리자","3등급","20250205","M","179.1","64.2","15.9",,"69","115","33.6","36.9",,,"9.4",,,,,,"20.0","45","42",,"232",,,,,,"57.5",,"43.7",,,,,,,,,,"0.289",,,,,,,
"1","창원마산회원","성인","일반","19","관리자","참가","20250205","M","178.1","76.1","22.4","81.5","83","135","39.4","41",,,"-3.8",,,,,,"24.0","35",,,,,,,,,"53.9",,,,,,,,"148","41.0",,,"0.374","0.604",,,,,,
"1","광주","청소년","일반","18","관리자","참가","20250205","M","173.3","82.9","36.3",,"85","137","37.6","40.7","15",,"16.2","25.6","0.462","44.042","8","44.410","27.6",,,,,,,,,,"49.1",,,"82","86","89",,"51.4",,,,,,,,,,,,
"4","청주","어르신","일반","72","관리자","참가","20250205","F","149.8","48.6","44.9","79.6","89","159","18.5","16.5",,,"4.8",,,,,,"21.7",,,,,"21",,"111","5.4","20.5","38.1",,,,,,,,,,,,,,,,,,,"18.5"
"1","창원마산회원","성인","일반","19","관리자","참가","20250205","M","176.4","87.9","31.2","96","81","137","43.6","50.4",,,"4.5",,,,,,"28.2","34",,"10.71","221",,,,,,"57.3",,,,,,,,"122","42.1",,,,,,,,,,
"1","수원","성인","일반","61","관리자","3등급","20250205","F","147.9","46.6","26.6","77","69","146","24","28",,,"15",,,,,,"21.3","9",,,,,,,,,"60.1",,,,,,,,"101","33.6",,,"0.421","0.414",,,,,,
"1","달서","성인","일반","19","관리자","참가","20250205","M","173.2","81.1","20.9","92.4","87","143","41.3","38.2",,,"17.4",,,,,,"27.0","26",,,"193",,,,,,"50.9",,,,,,,,"144","40.1",,,"0.341",,,,,,,
"1","수원","청소년","일반","18","관리자","참가","20250205","M","180.7","68.4","13.1","81","68","102","37.1","40.8",,"35","-1.3","18.7","0.485","40.987","12","41.539","20.9",,,,,,,,,,"59.6",,,"80","105","126",,"50.0",,,,,,,,,,,,
"1","화성","어르신","일반","68","관리자","2등급","20250205","F","151.6","75.4","44.1",,"71","134","28.3","27",,,"16.2",,,,,,"32.8",,,,,"19",,"109","5.5","21.9","37.5",,,,,,,,,,,,,,,,,,,"28.3"
"1","수원","성인","일반","62","관리자","참가","20250205","M","170.1","64.6","23.8","87","93","145","36.8","40",,,"2.8",,,,,,"22.3","7",,"12.8","151",,,,,,"61.9",,,,,,,,"105","38.7",,,,,,,,,,
"10","청주","어르신","일반","67","관리자","1등급","20250205","F","153.6","45.4","24.5","67.8","79","145","30.3","32.1",,,"26.4",,,,,,"19.2",,,,,"29",,"134","4.2","15.2","70.7",,,,,,,,,,,,,,,,,,,"32.1"
"4","수원","성인","일반","20","관리자","참가","20250205","M","184.8","95.9","17.1","94","84","156","57.6","58.6",,,"18",,,,,,"28.1","48",,,"253",,,,,,"61.1",,,"100","113","130",,"41.4",,,,,"0.383",,,,,,,
"1","청주","어르신","일반","67","관리자","참가","20250205","M","168","82","35.1","105","75","135","29","31.4",,,"21.2",,,,,,"29.1",,,,,"28",,"143","4.2","17.1","38.3",,,,,,,,,,,,,,,,,,,"31.4"
"8","수원","성인","일반","61","관리자","참가","20250205","F","165.1","66.1","37.6","87","73","138","27.8","30.5",,,"15.3",,,,,,"24.2","22",,,,,,,,,"46.1",,,,,,,,"134","26.5",,,"0.401","0.379",,,,,,
"1","광주","청소년","일반","18","관리자","참가","20250205","M","172.3","70.1","18.3",,"71","133","33.3","33.4",,"52","13.6","23.93","0.611","63.01","7","63.332","23.6",,,,,,,,,,"47.6",,,"98","121","124",,"50.0",,,,,,,,,,,,
"2","강북","성인","일반","32","관리자","참가","20250205","F","156.5","47.40","16.7","67","88","142","25.5","26.8",,,"3.1",,,,,,"19.4","26",,,,,,,,,"56.5",,,,,,,,"130","36.1",,,"0.374","0.399",,,,,,
"1","청주","어르신","일반","67","관리자","2등급","20250205","F","153.1","50.6","34","77.2","80","136","21.1","27.2",,,"16.5",,,,,,"21.6",,,,,"23",,"108","5.3","22.5","53.8",,,,,,,,,,,,,,,,,,,"27.2"
"1","마포","성인","일반","20","관리자","2등급","20250205","M","174.8","68.9","15.3","68","83","138","52.9","55.5",,,"30.2",,,,,,"22.5","52",,,"251",,,,,,"80.6",,,,,,,,"107","48.1",,,"0.296",,,,,,,
"1","남구(울산)","성인","일반","19","관리자","참가","20250205","M","165.2","53.7","17.8","74.3","71","120","29.8","31.2",,,"-0.5",,,,,,"19.7","42",,,,,,,,,"58.1",,,"107","145","165","200","44.2",,,,,"0.358","0.555",,,,,,
"3","마포","성인","일반","28","관리자","2등급","20250205","M","170.1","62.8","19.1","77","81","119","44","45.5",,,"15.1",,,,,,"21.7","47",,,"222",,,,,,"72.5",,,,,,,,"114","46.1",,,"0.331",,,,,,,
"3","보은","어르신","일반","67","관리자","3등급","20250205","M","160.2","63","20.4",,"87","143","38.5","39.1",,,"12.9",,,,,,"24.5",,,,,"20",,"102","5.28","26.35","62.1",,,,,,,,,,,,,,,,,,,"39.1"
"3","포천","성인","일반","61","관리자","1등급","20250205","M","178.8","76.5","17.6","80","83","158","48.1","49.4",,,"13.7",,,,,,"23.9","32",,"12.82",,,,,,,"64.6",,,,,,,,"90","39.1",,,,"0.495",,,,,,
"1","북구(광주)","성인","일반","19","관리자","참가","20250205","M","174.1","74.3","19.4","84.8","56","114","44.1","49.1",,,"13.3",,,,,,"24.5","41",,,"219",,,,,,"66.1",,,"84","112","137","173","44.0",,,,,"0.326",,,,,,,
"3","남구(부산)","성인","일반","42","관리자","참가","20250205","F","161","96.6","47.5",,"98","158","27.3","25.4",,,"8.7",,,,,,"37.3","28",,,,,,,,,"28.3",,,"99","132","153",,"23.9",,,,,"0.404","0.403",,,,,,
"1","서구(대전)","성인","일반","34","관리자","참가","20250205","F","150.6","68.8","38.8",,"79","119","23.3","26.9",,,"22.6",,,,,,"30.3","24",,,,,,,,,"39.1",,,,,,,,"83","35.6",,,"0.412","0.439",,,,,,
"1","계룡","성인","일반","24","관리자","참가","20250205","M","165.5","93.7","35.1",,"98","158","45.6","48",,,"7.5",,,,,,"34.2","31",,,"178",,,,,,"51.2",,,,,,,,"146","35.2",,,"0.298",,,,,,,
"1","오산","성인","일반","61","관리자","참가","20250205","M","169.2","68.2","26","86.3","88","157","38.1","39.2",,,"9.9",,,,,,"23.8","38",,,"175",,,,,,"57.5",,,,,,,,"143","32.5",,,"0.331",,,,,,,
"1","계룡","성인","일반","24","관리자","참가","20250205","M","185","75","14.4",,"78","132","42","40.3",,,"-8.6",,,,,,"21.9","41",,,"215",,,,,,"56.0",,,,,,,,"90","49.1",,,"0.327",,,,,,,
"1","부천","어르신","일반","78","관리자","3등급","20250205","F","153.5","64.5","44.7",,"74","154","19.2","20.7",,,"11.7",,,,,,"27.4",,,,,"14",,"99","6.44","24.53","32.1",,,,,,,,,,,,,,,,,,,"20.7"
"15","청주","성인","일반","57","관리자","3등급","20250205","F","157","49.9","25.9","72.6","80","130","22.7","25.9",,,"21.4",,,,,,"20.2","10",,,"154",,,,,,"51.9",,,,,,,,"98","34.8",,,"0.358",,,,,,,
"1","동작","성인","일반","28","관리자","3등급","20250205","M","187.7","84.4","19.5","88","68","111","49.6","51.2",,,"14.1",,,,,,"24.0","48",,,"214",,,,,,"60.7",,,"97","117","137",,"41.5",,,,,"0.304",,,,,,,
"1","화성","성인","일반","22","관리자","참가","20250205","M","182","72.8","17",,"63","113","45.1","50.5",,,"6.9",,,,,,"22.0","42","35",,,,,,,,"69.4",,"40.5",,,,,,,,,,"0.324",,,,,,,
"7","청주","성인","일반","59","관리자","1등급","20250205","F","151.8","54.5","54.4","72.6","78","122","25.3","28.8",,,"24.9",,,,,,"23.7","23",,,"143",,,,,,"52.8",,,,,,,,"94","33.3",,,"0.455",,,,,,,
"5","동작","성인","일반","52","관리자","참가","20250205","M","174.3","92.6","32.3","95","99","150","49.8","50.3",,,"14",,,,,,"30.5","44",,,,,,,,,"54.3",,,"73","99","119","148","35.2",,,,,"0.316","0.490",,,,,,
"1","익산","어르신","일반","73","관리자","참가","20250205","M","167.2","57.4","18.1",,"79","140","34.2","36.7",,,"21.2",,,,,,"20.5",,,,,"15",,"85","6.22","29.10","63.9",,,,,,,,,,,,,,,,,,,"36.7"
"5","청주","성인","일반","52","관리자","참가","20250205","F","162","57.1","36.4","79.6","73","125","30.8","31.1",,,"10.7",,,,,,"21.8","16",,,"145",,,,,,"54.5",,,,,,,,"70","37.8",,,"0.379",,,,,,,
"1","사상","어르신","일반","70","관리자","참가","20250205","M","165.7","77.1","33.5","97.6","97","150","32.3","33.8",,,"-1.6",,,,,,"28.1",,,,,"19",,"104","6.2","27.7","43.8",,,,,,,,,,,,,,,,,,,"33.8"
"16","청주","성인","일반","61","관리자","2등급","20250205","F","159.8","63.2","37.1","86","88","123","29","20.2",,,"20.8",,,,,,"24.7","14",,,"140",,,,,,"45.9",,,,,,,,"85","32.6",,,"0.435",,,,,,,
"75","곡성","어르신","일반","77","관리자","참가","20250205","F","148.7","59","43.5","81.3","64","134","14.8","15.6",,,"5",,,,,,"26.7",,,,,"14",,"120","7.16","33.40","26.4",,,,,,,,,,,,,,,,,,,"15.6"
"3","서구(대전)","성인","일반","20","관리자","참가","20250205","F","163.2","79.7","45.7",,"70","122","26","30.4",,,"19.8",,,,,,"29.9","30","23",,,,,,,,"38.1",,"30.6",,,,,,,,,,"0.298","0.501",,,,,,
"1","안산","성인","일반","20","관리자","참가","20250205","M","179.1","84.6","23.8","81","85","146","40.1","46.8",,,"5.5",,,,,,"26.4","53","52",,,,,,,,"55.3",,"43.0",,,,,,,,,,"0.356","0.501",,,,,,
"3","청주","성인","일반","39","관리자","3등급","20250205","F","162","54.2","29.1","77.4","65","118","24.9","29.2",,,"20.5",,,,,,"20.7","24",,,"163",,,,,,"53.9",,,,,,,,"120","34.9",,,"0.394",,,,,,,
"1","안산","성인","일반","57","관리자","참가","20250205","M","169.4","72.1","30.6","88","98","138","34.8","34.5",,,"5",,,,,,"25.1","13",,"13.01","170",,,,,,"48.3",,,,,,,,"137","33.5",,,,,,,,,,
"1","서대문","성인","일반","20","관리자","3등급","20250205","M","169.2","69.5","20.9",,"73","131","35.7","46.2",,,"17.5",,,,,,"24.3","46","51","9.69",,,,,,,"66.5",,"45.2",,,,,,,,,,,"0.637",,,,,,
"1","청주","성인","일반","63","관리자","참가","20250205","F","150.3","52.5","37.1","81.9","96","135","19.2","22.4",,,"9.9",,,,,,"23.2","4",,,"121",,,,,,"42.7",,,,,,,,"120","29.7",,,"0.382",,,,,,,
"3","서대문","성인","일반","23","관리자","3등급","20250205","F","162.0","49.6","24.9",,"82","117","27.2","27.7",,,"24.3",,,,,,"18.9","30","21","13.10",,,,,,,"55.8",,"34.7",,,,,,,,,,,"0.547",,,,,,
"3","서대문","성인","일반","51","관리자","1등급","20250205","M","181.0","66.3","11.7",,"83","123","47","48.4",,,"19.9",,,,,,"20.2","47","43","10.36",,,,,,,"73.0",,"41.1",,,,,,,,,,,"0.547",,,,,,
"1","포항","성인","일반","32","관리자","2등급","20250205","M","169.2","75.2","24",,"81","138","45.1","49",,,"15.5",,,,,,"26.3","43",,,"192",,,,,,"65.2",,,,,,,,"115","42.2",,,"0.277",,,,,,,
"3","양평","어르신","일반","66","관리자","2등급","20250205","F","154.8","67.9","40.7",,"79","158","26.3","32.1",,,"18.4",,,,,,"28.3",,,,,"24",,"105","5.8","24.41","47.3",,,,,,,,,,,,,,,,,,,"32.1"
"3","양평","어르신","일반","66","관리자","3등급","20250205","F","141.1","46.7","32.7",,"74","150","25.6","26.6",,,"14.8",,,,,,"23.5",,,,,"25",,"109","5.65","19.47","57.0",,,,,,,,,,,,,,,,,,,"26.6"
"1","서대문","성인","일반","58","관리자","참가","20250205","M","168.5","82.3","35.7",,"80","120","33.1","32.2",,,"6.5",,,,,,"29.0","20","15","12.81",,,,,,,"40.2",,"31.9",,,,,,,,,,,"0.464",,,,,,
"1","전주","성인","일반","19","관리자","참가","20250205","M","179.1","80.8","25.8","95.8","91","128","40.4","52.4",,,"2.1",,,,,,"25.2","43",,,,,,,,,"64.9",,,,,,,,"119","44.3",,,"0.359","0.551",,,,,,
"1","사상","성인","일반","52","관리자","참가","20250205","M","175.5","111.3","38.8","112.2","72","116","39","41.7",,,"-8.9",,,,,,"36.1","16","4",,,,,,,,"37.5",,"25.4",,,,,,,,,,"0.459","0.368",,,,,,
"3","서대문","성인","일반","64","관리자","2등급","20250205","M","170.2","69.9","28.6",,"80","120","39.1","36.3",,,"11.9",,,,,,"24.1","43","32","13.58",,,,,,,"55.9",,"37.1",,,,,,,,,,,"0.428",,,,,,
"1","창원","성인","일반","19","관리자","참가","20250205","M","172.2","58","13.8","77","89","135","32.6","33",,,"8",,,,,,"19.6","26","28",,"175",,,,,,"56.9",,"41.5",,,,,,,,,,"0.447",,,,,,,
"2","서대문","성인","일반","19","관리자","1등급","20250205","M","179.2","91.6","18.9",,"80","120","63.8","68.8",,,"22.6",,,,,,"28.5","65","63","9.49",,,,,,,"75.1",,"44.6",,,,,,,,,,,"0.654",,,,,,
"1","서대문","성인","일반","19","관리자","참가","20250205","M","171.3","62.9","12.3",,"80","120","41.4","41.7",,,"5.8",,,,,,"21.4","46","63","10.40",,,,,,,"66.3",,"49.0",,,,,,,,,,,"0.607",,,,,,
"1","서구(대전)","성인","일반","30","관리자","참가","20250205","M","171.3","81.4","28.2",,"61","107","39.1","37.7",,,"-0.5",,,,,,"27.7","28",,,"172",,,,,,"48.0",,,,,,,,"121","40.5",,,"0.334",,,,,,,
"7","수원","어르신","일반","72","관리자","3등급","20250205","F","148.4","60.6","36.8","87","68","156","23","22.7",,,"15.9",,,,,,"27.5",,,,,"22",,"87","5.6","24.2","38.0",,,,,,,,,,,,,,,,,,,"23.0"
"1","창원","성인","일반","19","관리자","참가","20250205","M","172.6","80.1","28","81","87","131","35.7","43.4",,,"19.6",,,,,,"26.9","36",,,"215",,,,,,"54.2",,,"89","109","133","167","42.9",,,,,"0.320",,,,,,,
"4","동작","어르신","일반","65","관리자","1등급","20250205","M","164.5","67.3","28.2","83","96","146","35.7","37.8",,,"15.1",,,,,,"24.9",,,,,"34",,"140","4.95","19.25","56.2",,,,,,,,,,,,,,,,,,,"37.8"
"1","천안","성인","일반","37","관리자","참가","20250205","F","158","62","44.3",,"83","109","12.6","11.9",,,"1.5",,,,,,"24.8","18",,,"59",,,,,,"20.3",,,"105",,,,,,,,,"0.450",,,,,,,
"10","동작","어르신","일반","65","관리자","2등급","20250205","F","147.6","50.3","12.7","69","69","131","27","27.9",,,"18.5",,,,,,"23.1",,,,,"33",,"131","4.94","21.17","55.5",,,,,,,,,,,,,,,,,,,"27.9"
"2","스포원(금정)","성인","일반","27","관리자","참가","20250205","M","177.5","76.3","29.1",,"82","132","48.3","51.3",,,"8.2",,,,,,"24.2","24",,,"186",,,,,,"67.2",,,,,,,,"125","42.3",,,"0.331",,,,,,,
"1","사하","성인","일반","63","관리자","1등급","20250205","M","171.4","65.4","13.1","74.9","87","135","39.6","42.1",,,"21",,,,,,"22.3","39",,"12.51","204",,,,,,"64.4",,,"71","90","100","136","42.2",,,,,,,,,,,,
"1","스포원(금정)","성인","일반","36","관리자","3등급","20250205","M","171.2","66.1","22.3",,"80","138","42.7","44.2",,,"11.2",,,,,,"22.6","35",,"11.1","185",,,,,,"66.9",,,,,,,,"104","45.0",,,,,,,,,,
"1","서구(대전)","성인","일반","36","관리자","2등급","20250205","M","172.8","67.4","23.8",,"68","143","40.2","39.8",,,"15.4",,,,,,"22.6","47",,,"200",,,,,,"59.6",,,,,,,,"102","45.1",,,"0.321",,,,,,,
"1","수원","성인","일반","19","관리자","참가","20250205","M","175.8","85.9","28","91","84","133","40.5","46.3",,,"8.7",,,,,,"27.8","15","33",,"223",,,,,,"53.9",,"38.5",,,,,,,,,,"0.354",,,,,,,
"1","성동","성인","일반","21","관리자","3등급","20250205","M","170.2","66.1","18.9",,"70","134","43","45.9",,,"10.4",,,,,,"22.8","44","42",,"229",,,,,,"69.4",,"43.5",,,,,,,,,,"0.281",,,,,,,
"1","서대문","성인","일반","19","관리자","참가","20250205","M","175.6","65.0","14.4",,"87","121","37.7","42",,,"13.8",,,,,,"21.1","35","40","9.91",,,,,,,"64.6",,"43.2",,,,,,,,,,,"0.565",,,,,,
"1","서대문","성인","일반","33","관리자","3등급","20250205","M","180.4","67.5","16.0",,"71","149","27","38",,,"6.0",,,,,,"20.7","55","66","10.21",,,,,,,"56.3",,"47.7",,,,,,,,,,,"0.590",,,,,,
"1","강북","성인","일반","36","관리자","참가","20250205","M","174.9","84.8","26.7","95.5","99","152","42.1","50.6",,,"18.3",,,,,,"27.7","43",,,"215",,,,,,"59.7",,,,,,,,"131","37.1",,,"0.319",,,,,,,
"1","제주","성인","일반","20","관리자","참가","20250205","M","170","73.2","30.8","91.9","85","130","32.8","38.3",,,"-1.1",,,,,,"25.3","35","31",,"203",,,,,,"52.3",,"39.9",,,,,,,,,,"0.378",,,,,,,
"1","안산","성인","일반","19","관리자","참가","20250205","M","166.7","58.5","24.6","72","80","112","25.1","22.1",,,"5.5",,,,,,"21.1","38","42","11.5","141",,,,,,"42.9",,"44.8",,,,,,,,,,,,,,,,,
"1","포항","청소년","일반","18","관리자","참가","20250205","M","174.8","73.2","27.5",,"74","119","39.3","42.4",,"40","-9.9","18.06","0.564","48.495","11","49.001","24.0",,,,,,,,,,"57.9",,,"94","131","142",,"46.8",,,,,,,,,,,,
"1","안산","성인","일반","24","관리자","2등급","20250205","M","179","83.5","16.8","80","80","145","47.8","43.6",,,"16.0",,,,,,"26.1","50","53","9.9","241",,,,,,"57.2",,"43.1",,,,,,,,,,,,,,,,,
"1","포항","청소년","일반","18","관리자","3등급","20250205","M","180.4","81.4","22.7",,"89","136","37.6","45.4",,"53","17.7","17.17","0.576","48.629","10","49.089","25.0",,,,,,,,,,"55.8",,,"104","94","102",,"51.2",,,,,,,,,,,,
"1","서대문","성인","일반","24","관리자","참가","20250205","M","188.9","98.9","27.9",,"84","136","55.3","53.8",,,"-13",,,,,,"27.7","38","35","12.56",,,,,,,"55.9",,"36.4",,,,,,,,,,,"0.441",,,,,,
"13","서대문","성인","일반","63","관리자","2등급","20250205","M","167","63.2","20.1",,"91","151","30.8","37.3",,,"8",,,,,,"22.7","28","45","12.72",,,,,,,"59.0",,"41.3",,,,,,,,,,,"0.516",,,,,,
"1","서대문","성인","일반","62","관리자","2등급","20250205","M","171.4","79.1","25.3",,"89","150","41.4","42.3",,,"7.3",,,,,,"26.9","35","31","13.37",,,,,,,"53.5",,"35.7",,,,,,,,,,,"0.446",,,,,,
"2","서대문","성인","일반","23","관리자","3등급","20250205","M","174.8","62.2","12.5",,"59","112","51.4","55.5",,,"9.3",,,,,,"20.4","64","62","10.52",,,,,,,"89.2",,"48.5",,,,,,,,,,,"0.653",,,,,,
"2","김천","성인","일반","25","관리자","2등급","20250205","M","170.5","77.0","25.7","94.6","81","151","48.6","40.4",,,"15.1",,,,,,"26.5","56","51",,"217",,,,,,"63.1",,"43.7",,,,,,,,,,"0.335",,,,,,,
"1","마포","성인","일반","24","관리자","참가","20250205","F","170.9","58.7","25.8","70","76","136","36.1","38.1",,,"9.6",,,,,,"20.1","39",,,"167",,,,,,"64.9",,,,,,,,"119","37.5",,,"0.348",,,,,,,
"6","마포","성인","일반","24","관리자","2등급","20250205","F","168.6","56.1","32.5","69","69","112","24.4","28",,,"16.4",,,,,,"19.7","35",,,"138",,,,,,"49.9",,,,,,,,"111","38.9",,,"0.374",,,,,,,
"14","청주","어르신","일반","66","관리자","참가","20250205","F","155.9","61.6","37.1","80.3","72","143","22.6","24.1",,,"5.3",,,,,,"25.3",,,,,"23",,"132","5.2","21","39.1",,,,,,,,,,,,,,,,,,,"24.1"
"16","청주","어르신","일반","65","관리자","참가","20250205","F","154.3","60.7","46.8","85.5","58","124",,"31.1",,,"7.2",,,,,,"25.5",,,,,"19",,"110","6.35","25.84","51.2",,,,,,,,,,,,,,,,,,,
"1","천안","어르신","일반","72","관리자","3등급","20250205","F","154.8","50.7","28",,"67","123","18.5","21.9",,,"17.7",,,,,,"21.2",,,,,"16",,"96","6.82","30.94","43.2",,,,,,,,,,,,,,,,,,,"21.9"
"1","천안","어르신","일반","72","관리자","참가","20250205","M","163.8","69.7","32.5",,"65","124","34","36.3",,,"-16.9",,,,,,"26.0",,,,,"16",,"80","6.28","25.57","52.1",,,,,,,,,,,,,,,,,,,"36.3"
"1","창원","성인","일반","39","관리자","참가","20250205","F","162.7","52.4","22.7","68","74","131","27.4","26.7",,,"5.9",,,,,,"19.8","30",,,"130",,,,,,"52.3",,,"73","99","110",,"41.7",,,,,"0.386",,,,,,,
"2","중구(서울)","어르신","일반","65","관리자","2등급","20250205","M","156.5","54.7","20.8","80","85","135","30.6","38.1",,,"7.9",,,,,,"22.3",,,,,"27",,"121","4.6","19.2","69.7",,,,,,,,,,,,,,,,,,,"38.1"
"1","부천","성인","일반","21","관리자","참가","20250205","M","175.3","77.1","22.3",,"77","155","31.6","31.4",,,"13.9",,,,,,"25.1","61","54","10","247",,,,,,"41.0",,"44.6",,,,,,,,,,,,,,,,,
"1","부천","성인","일반","21","관리자","1등급","20250205","M","175.6","63.4","17.3",,"66","137","34","39.9",,,"17.3",,,,,,"20.6","60","63","10.03","253",,,,,,"62.9",,"48.7",,,,,,,,,,,,,,,,,
"7","청주","성인","일반","57","관리자","3등급","20250205","F","157.5","52.4","35.3","76.4","80","138","23.6","26.6",,,"16.1",,,,,,"21.1","11",,,"130",,,,,,"50.8",,,,,,,,"92","35.0",,,"0.446",,,,,,,
"4","청주","성인","일반","54","관리자","참가","20250205","F","161","54.4","35.3","77.7","76","126","14.2","17",,,"3.9",,,,,,"21.0","0",,,"109",,,,,,"31.3",,,,,,,,"109","33.3",,,"0.461",,,,,,,
"2","오산","성인","일반","24","관리자","참가","20250205","F","171","62.1","31","83.6","89","128","25.4","28.2",,,"29.6",,,,,,"21.2","12","16",,,,,,,,"45.4",,"31.3",,,,,,,,,,"0.293","0.477",,,,,,
"4","청주","성인","일반","62","관리자","참가","20250205","F","159.6","68.3","36.9","86.7","68","130","19","23.8",,,"13.1",,,,,,"26.8","2",,,"99",,,,,,"34.8",,,,,,,,"103","29.0",,,"0.445",,,,,,,
"5","청주","성인","일반","55","관리자","1등급","20250205","F","164.4","59.7","25.9","80.9","70","116","31.8","29.7",,,"19.5",,,,,,"22.1","29",,,"170",,,,,,"53.3",,,,,,,,"95","33.8",,,"0.427",,,,,,,
"5","청주","성인","일반","56","관리자","3등급","20250205","F","154.8","51.4","35.2","76.4","82","140","24.4","30.1",,,"17",,,,,,"21.4","10",,,"133",,,,,,"58.6",,,,,,,,"93","35.0",,,"0.371",,,,,,,
"1","청주","성인","일반","59","관리자","3등급","20250205","F","164.3","64.9","33.6","87.1","76","123","29.5","30.5",,,"22",,,,,,"24.0","10",,,"105",,,,,,"47.0",,,,,,,,"88","32.7",,,"0.509",,,,,,,
"3","청주","성인","일반","57","관리자","참가","20250205","F","147.7","54","40.1","83.8","58","105","20","22.3",,,"15.3",,,,,,"24.8","0",,,"106",,,,,,"41.3",,,,,,,,"116","30.7",,,"0.346",,,,,,,
"4","청주","성인","일반","60","관리자","참가","20250205","F","152.8","47.4","42.6","52.9","57","105","19.8","22.7",,,"23.3",,,,,,"20.3","9",,,"109",,,,,,"47.9",,,,,,,,,,,,"0.334",,,,,,,
"3","오산","성인","일반","26","관리자","2등급","20250205","F","166.8","48.5","32.9","72.8","87","132","23.5","23.8",,,"17.8",,,,,,"17.4","36",,,,,,,,,"49.1",,,"96","141","171",,"37.2",,,,,"0.368","0.477",,,,,,
"1","청주","성인","일반","52","관리자","참가","20250205","F","160.1","60.3","33","89.7","80","130","22","30.2",,,"11.5",,,,,,"23.5","13",,,"99",,,,,,"50.1",,,,,,,,"102","33.0",,,"0.399",,,,,,,
"1","사상","성인","일반","49","관리자","2등급","20250205","M","166.7","63.4","9.8","77.7","71","137","45.3","47.1",,,"13",,,,,,"22.8","45",,"9.9","240",,,,,,"74.3",,,"60","79","95","120","48.0",,,,,,,,,,,,
"1","중구(서울)","성인","일반","23","관리자","참가","20250205","M","181.2","83.1","16.5","89.9","74","129","40","54.4",,,"-12.5",,,,,,"25.3","32",,,"229",,,,,,"65.5",,,"78","115","135","179","41.7",,,,,"0.340",,,,,,,
"1","창원","성인","일반","30","관리자","참가","20250205","F","151.9","45.6","27.1","63","37","100","18.4","17.8",,,"17",,,,,,"19.8","19",,"14.19",,,,,,,"40.4",,,,,,,,"106","39.4",,,,"0.402",,,,,,
"1","부천","청소년","일반","18","관리자","2등급","20250205","M","177.5","67.0","15.8",,"82","136","48.3","43.5","56",,"11.1","17.96","0.527","43.625","15","44.315","21.3",,"56",,,,,,,,"72.1",,"46.3",,,,,,,,,,,,,,,,,
"1","증평","성인","일반","19","관리자","참가","20250205","M","177.4","89.4","23.1","100.6","86","143","58.2","65.5",,,"-11.4",,,,,,"28.4","55",,,"226",,,,,,"73.3",,,"87","105","120","147","45.4",,,,,"0.310",,,,,,,
"1","중구(서울)","성인","일반","24","관리자","참가","20250205","F","167","64.1","32.8","79.8","78","121","25.1","29",,,"3.7",,,,,,"23.0","30",,,,,,,,,"45.2",,,"96","123","152",,"35.4",,,,,"0.359","0.461",,,,,,
"2","동작","성인","일반","20","관리자","참가","20250205","M","175.3","70.8","15.4","77","66","99","48","39.1",,,"11.5",,,,,,"23.0","25",,,,,,,,,"67.8",,,"96","119","136","167","46.1",,,,,"0.306","0.564",,,,,,
"1","동구(인천)","성인","일반","25","관리자","3등급","20250205","M","173.5","68.4","21.6",,"85","128","36.9","40.4",,,"11.8",,,,,,"22.7","46","40",,,,,,,,"59.1",,"42.3",,,,,,,,,,"0.387","0.55",,,,,,
"4","청주","성인","일반","51","관리자","1등급","20250205","F","163.1","65","35","84.2","98","152","32.8","34.2",,,"23.2",,,,,,"24.4","34",,,"170",,,,,,"52.6",,,,,,,,"91","33.6",,,"0.441",,,,,,,
"10","청주","성인","일반","56","관리자","2등급","20250205","F","162.2","52.9","24.7","73.5","73","122","24","23",,,"19.1",,,,,,"20.1","36",,,"130",,,,,,"45.4",,,,,,,,"91","35.6",,,"0.356",,,,,,,
"2","청주","성인","일반","53","관리자","참가","20250205","F","153.9","53.8","33.1","80.7","69","131","26.1","26.4",,,"18.3",,,,,,"22.7","9",,,"125",,,,,,"49.1",,,,,,,,"96","34.5",,,"0.425",,,,,,,
"6","청주","성인","일반","60","관리자","참가","20250205","M","167.7","77.3","35.1","96.3","77","141","35.5","38.2",,,"4",,,,,,"27.5","28",,,"172",,,,,,"49.4",,,,,,,,"102","36.6",,,"0.299",,,,,,,
"10","중구(서울)","성인","일반","24","관리자","3등급","20250205","F","166.5","48.3","24.5","74.5","59","114","20.4","23.4",,,"11.5",,,,,,"17.4","32",,,,,,,,,"48.4",,,,,,,,"84","43.9",,,"0.388","0.448",,,,,,
"3","동구(인천)","성인","일반","25","관리자","3등급","20250205","F","163.7","46.7","21.1",,"62","97","27.2","32.6",,,"17.3",,,,,,"17.4","21",,,"162",,,,,,"69.8",,,"85","155","179",,"37.8",,,,,"0.324",,,,,,,
"1","청주","성인","일반","52","관리자","참가","20250205","F","164.7","69.1","33.3","89.5","76","125","28.7","28.4",,,"18.2",,,,,,"25.5","24",,,"125",,,,,,"41.5",,,,,,,,"96","32.0",,,"0.413",,,,,,,
"4","청주","성인","일반","57","관리자","3등급","20250205","F","161.5","52.4","40.1","78.9","81","140","24.2","22",,,"18.1",,,,,,"20.1","13",,,"124",,,,,,"46.2",,,,,,,,"95","35.0",,,"0.348",,,,,,,
"4","청주","성인","일반","55","관리자","참가","20250205","F","161.3","56.7","28.6","78.6","88","159","25.8","32.2",,,"8.5",,,,,,"21.8","29",,,"179",,,,,,"56.8",,,,,,,,"114","32.0",,,"0.379",,,,,,,
"18","청주","성인","일반","56","관리자","2등급","20250205","F","163.8","62.2","36.4","89.2","98","159","31.5","32.6",,,"19.1",,,,,,"23.2","24",,,"149",,,,,,"52.4",,,,,,,,"80","34.8",,,"0.277",,,,,,,
"4","청주","성인","일반","61","관리자","2등급","20250205","M","169.6","77.5","28.7","91.4","88","159","45.6","47.5",,,"10.8",,,,,,"26.9","34",,,"164",,,,,,"61.3",,,,,,,,"94","37.6",,,"0.315",,,,,,,
"3","청주","성인","일반","60","관리자","참가","20250205","F","160","65.5","38.7","84.1","90","153","24.5","29.6",,,"12.5",,,,,,"25.6","23",,,"109",,,,,,"45.2",,,,,,,,"133","26.4",,,"0.445",,,,,,,
"2","동구(인천)","성인","일반","62","관리자","2등급","20250205","F","153.4","56.8","28.2",,"88","141","26.3","22.9",,,"25.8",,,,,,"24.1","18","12",,,,,,,,"46.3",,"29.2",,,,,,,,,,"0.486","0.394",,,,,,
"3","중구(서울)","성인","일반","61","관리자","참가","20250205","M","169.3","85.2","29","95.8","75","134","42.3","48.2",,,"19.3",,,,,,"29.7","30",,,"184",,,,,,"56.6",,,,,,,,"142","28.8",,,"0.334",,,,,,,
"1","동구(인천)","어르신","일반","68","관리자","3등급","20250205","M","155.9","63.6","31.2",,"69","140","39.4","38.4",,,"3.4",,,,,,"26.2",,,,,"29",,"126","5.43","20.56","61.9",,,,,,,,,,,,,,,,,,,"39.4"
"1","청주","성인","일반","51","관리자","참가","20250205","F","166.5","55.6","25.4","75.3","81","141","26.9","27.6",,,"12.5",,,,,,"20.1",,,,"145",,,,,,"49.6",,,,,,,,"82","37.4",,,"0.364",,,,,,,
"1","동구(인천)","성인","일반","20","관리자","2등급","20250205","F","166.1","51.5","23.5",,"59","109","17.1","25.7",,,"31",,,,,,"18.7","50","25","12.46",,,,,,,"49.9",,"35.8",,,,,,,,,,,"0.465",,,,,,
"1","동작","성인","일반","20","관리자","3등급","20250205","M","172.2","59.4","7","67","85","143","48.2","52.4",,,"9.6",,,,,,"20.0","43",,,,,,,,,"88.2",,,"119","133","144","158","49.7",,,,,"0.322","0.602",,,,,,
"1","구미","성인","출장","48","관리자","3등급","20250205","M","174.5","78.2","23.2",,"97","143","42.8","42.7",,,"9.6",,,,,,"25.7","38",,,,,,,,,"54.7",,,,,,,,"114","38.1",,,"0.43","0.522",,,,,,
"1","동작","성인","일반","20","관리자","3등급","20250205","M","180","80.8","14.7","74","75","130","53.2","50.5",,,"8.1",,,,,,"24.9","56",,,"253",,,,,,"65.8",,,"87","110","123","149","47.8",,,,,"0.288",,,,,,,
"1","구미","성인","출장","48","관리자","참가","20250205","M","177.4","79","25.1",,"97","143","39","37.5",,,"0.5",,,,,,"25.1","27",,,,,,,,,"49.4",,,,,,,,"118","37.6",,,"0.44","0.471",,,,,,
"1","구미","어르신","출장","65","관리자","참가","20250205","M","174.8","94.3","38.5",,"96","157","40.2","41.1",,,"-5.7",,,,,,"30.9",,,,,"16",,"133","5.363","22.554","43.6",,,,,,,,,,,,,,,,,,,"41.1"
"1","구미","성인","출장","33","관리자","참가","20250205","M","175.4","91.9","27",,"93","136","52.2","52.2",,,"4",,,,,,"29.9","44",,,,,,,,,"56.8",,,,,,,,"75","44.6",,,"0.43","0.5",,,,,,
"1","구미","성인","출장","58","관리자","3등급","20250205","M","167.8","63.6","25.1",,"87","124","45.6","44.4",,,"9",,,,,,"22.6","36",,,,,,,,,"71.7",,,,,,,,"103","40.0",,,"0.459","0.431",,,,,,
"1","구미","성인","출장","54","관리자","3등급","20250205","M","166.5","70.4","24.3",,"96","158","39.2","49.4",,,"9.3",,,,,,"25.4","30",,,,,,,,,"70.2",,,,,,,,"129","35.5",,,"0.431","0.452",,,,,,
"1","구미","성인","출장","38","관리자","참가","20250205","M","174.9","77.3","29.4",,"97","151","39","42.8",,,"8.7",,,,,,"25.3","27",,,,,,,,,"55.4",,,,,,,,"95","43.6",,,"0.359","0.46",,,,,,
"9","청주","성인","일반","55","관리자","2등급","20250205","M","165.1","70.1","23.9","85.1","68","115","46.3","49.7",,,"17.2",,,,,,"25.7","35",,,"221",,,,,,"70.9",,,,,,,,"114","37.5",,,"0.398",,,,,,,
"1","청주","성인","일반","62","관리자","참가","20250205","M","169.3","66.7","28.4","86.7","79","138","37.6","39.5",,,"-4.1",,,,,,"23.3","26",,,"164",,,,,,"59.2",,,,,,,,"85","41.1",,,"0.533",,,,,,,
"1","구미","성인","출장","52","관리자","참가","20250205","M","173.6","85.8","33.6",,"98","149","42.4","49.8",,,"0",,,,,,"28.5","20",,,,,,,,,"58.0",,,,,,,,"108","36.2",,,"0.402","0.495",,,,,,
"1","북구(광주)","어르신","일반","65","관리자","참가","20250205","F","163.7","70.1","38.1","92.0","65","134","30.4","30",,,"9.6",,,,,,"26.2",,,,,"19",,"107","5.22","20.59","43.4",,,,,,,,,,,,,,,,,,,"30.4"
"2","청주","성인","일반","50","관리자","참가","20250205","F","161.9","57.2","25.3","74.8","65","103","28.1","28.6",,,"13.5",,,,,,"21.8","10",,,"123",,,,,,"50.0",,,,,,,,"86","36.2",,,"0.366",,,,,,,
"1","구미","성인","출장","42","관리자","참가","20250205","M","172.3","86.7","27.8",,"97","150","51.3","53.2",,,"4",,,,,,"29.2","19",,,,,,,,,"61.4",,,,,,,,"121","36.5",,,"0.332","0.54",,,,,,
"1","청주","성인","일반","22","관리자","참가","20250205","F","163.6","76.4","46.6","98.6","70","125","23.6","29.8",,,"2.1",,,,,,"28.5","2",,,"131",,,,,,"39.0",,,,,,,,"146","29.5",,,"0.513",,,,,,,
"1","구미","성인","출장","50","관리자","참가","20250205","M","166.7","100","38.3",,"92","151","48.2","43.6",,,"-8",,,,,,"36.0","24",,,,,,,,,"48.2",,,,,,,,"135","29.1",,,"0.392","0.468",,,,,,
"1","청주","성인","일반","48","관리자","참가","20250205","F","160.7","62.1","33.21","82.1","78","119","30.1","32.3",,,"17.9",,,,,,"24.0","4",,,"129",,,,,,"52.0",,,,,,,,"114","31.9",,,"0.402",,,,,,,
"1","구미","성인","출장","45","관리자","참가","20250205","M","162.9","74.9","28.6",,"89","133","16.2","43",,,"-7.3",,,,,,"28.2","34",,,,,,,,,"57.4",,,,,,,,"98","41.0",,,"0.406","0.476",,,,,,
"5","청주","성인","일반","63","관리자","2등급","20250205","F","164.6","51.9","20.5","71.2","60","125","29.7","32.4",,,"19",,,,,,"19.2","15",,,"154",,,,,,"62.4",,,,,,,,"83","35.8",,,"0.373",,,,,,,
"1","구미","성인","출장","32","관리자","참가","20250205","M","172.4","99.2","39",,"79","123","46.8","48.2",,,"12",,,,,,"33.4","27",,,,,,,,,"48.6",,,,,,,,"95","40.0",,,"0.425","0.464",,,,,,
"1","구미","성인","출장","60","관리자","참가","20250205","M","170.1","85.3","36.2",,"92","151","36","42",,,"2",,,,,,"29.5","8",,,,,,,,,"49.2",,,,,,,,"113","33.4",,,"0.512","0.369",,,,,,
"1","구미","성인","출장","54","관리자","참가","20250205","M","166.7","82","37.2",,"92","150","38.5","35.1",,,"8.3",,,,,,"29.5","17",,,,,,,,,"47.0",,,,,,,,"110","35.8",,,"0.507","0.343",,,,,,
"1","구미","성인","출장","63","관리자","참가","20250205","M","168.8","73.9","32.1",,"88","151","37","40.3",,,"4",,,,,,"25.9","24",,,,,,,,,"54.5",,,,,,,,"101","36.8",,,"0.572","0.31",,,,,,
"1","구미","성인","출장","56","관리자","참가","20250205","M","166.2","94.9","38.7",,"99","137","40.3","48.9",,,"6.5",,,,,,"34.4","10",,,,,,,,,"51.5",,,,,,,,"110","32.4",,,"0.462","0.397",,,,,,
"1","구미","성인","출장","57","관리자","3등급","20250205","M","172.3","71.4","24.8",,"97","152","40.8","39.6",,,"17",,,,,,"24.1","28",,,,,,,,,"57.1",,,,,,,,"103","38.9",,,"0.408","0.46",,,,,,
"3","청주","성인","일반","56","관리자","참가","20250205","F","156.7","66.8","42.9","88.3","78","134","31","32.3",,,"9.5",,,,,,"27.2","11",,,"149",,,,,,"48.4",,,,,,,,"92","31.5",,,"0.290",,,,,,,
"1","구미","성인","출장","56","관리자","참가","20250205","M","171.5","78.6","27",,"92","152","44.1","43.8",,,"18",,,,,,"26.7","17",,,,,,,,,"56.1",,,,,,,,"136","32.6",,,"0.483","0.497",,,,,,
"1","구미","성인","출장","35","관리자","참가","20250205","M","178.3","110","39.7",,"96","158","47.6","48.5",,,"1.1",,,,,,"34.6","20",,,,,,,,,"44.1",,,,,,,,"165","27.0",,,"0.426","0.483",,,,,,
"1","구미","성인","출장","60","관리자","참가","20250205","M","169.5","73.6","25.5",,"85","153","42.9","39",,,"7",,,,,,"25.6","20",,,,,,,,,"58.3",,,,,,,,"92","39.0",,,"0.513","0.41",,,,,,
"1","구미","성인","출장","43","관리자","참가","20250205","M","169","85","34.4",,"83","145","40.3","36.7",,,"5.3",,,,,,"29.8","31",,,,,,,,,"47.4",,,,,,,,"117","37.0",,,"0.484","0.394",,,,,,
"1","구미","성인","출장","35","관리자","참가","20250205","M","165.3","60.3","17.8",,"79","126","46.1","46.9",,,"-9",,,,,,"22.1","22",,,,,,,,,"77.8",,,,,,,,"143","40.3",,,"0.479","0.458",,,,,,
"1","구미","어르신","출장","69","관리자","3등급","20250205","M","164.4","55.3","29.1",,"67","147","38.2","40.5",,,"4",,,,,,"20.5",,,,,"23",,"130","6.06","25.46","73.2",,,,,,,,,,,,,,,,,,,"40.5"
"1","청주","성인","일반","50","관리자","참가","20250205","F","155.8","56","36.9","80.8","77","135","25.9","28.7",,,"13.4",,,,,,"23.1","10",,,"125",,,,,,"51.2",,,,,,,,"97","34.6",,,"0.365",,,,,,,
"1","구미","어르신","출장","67","관리자","3등급","20250205","M","159.7","65.3","31",,"96","152","42.1","41.4",,,"10",,,,,,"25.6",,,,,"17",,"120","4.92","22.74","64.5",,,,,,,,,,,,,,,,,,,"42.1"
"1","구미","어르신","출장","65","관리자","참가","20250205","M","164.6","70","27.5",,"87","150","38.1","36.9",,,"2.5",,,,,,"25.8",,,,,"18",,"108","6.66","29.56","54.4",,,,,,,,,,,,,,,,,,,"38.1"
"4","청주","성인","일반","54","관리자","참가","20250205","F","157.2","62.5","37.3","85.5","95","159","21.5","28",,,"9.9",,,,,,"25.3","13",,,"125",,,,,,"44.8",,,,,,,,"93","32.9",,,"0.408",,,,,,,
"1","구미","성인","출장","64","관리자","참가","20250205","M","169.2","75.6","32.3",,"86","144","34.2","42",,,"0",,,,,,"26.4","15",,,,,,,,,"55.6",,,,,,,,"101","36.3",,,"0.4","0.398",,,,,,
"1","구미","성인","출장","50","관리자","참가","20250205","M","170.5","77.4","26.7",,"98","132","52.3","51.9",,,"21.5",,,,,,"26.6","26",,,,,,,,,"67.6",,,,,,,,"115","37.3",,,"0.382","0.452",,,,,,
"1","구미","성인","출장","64","관리자","3등급","20250205","M","175.3","70.7","25.6",,"80","143","38.4","38.5",,,"4",,,,,,"23.0","22",,,,,,,,,"54.5",,,,,,,,"117","35.5",,,"0.493","0.395",,,,,,
"1","구미","성인","출장","64","관리자","3등급","20250205","M","168.6","79","22.2",,"98","153","37.6","41.2",,,"17.3",,,,,,"27.8","36",,,,,,,,,"52.2",,,,,,,,"103","35.2",,,"0.483","0.385",,,,,,
"1","구미","성인","출장","59","관리자","참가","20250205","M","162.1","70.9","28.3",,"97","156","41.2","43.4",,,"19.7",,,,,,"27.0","21",,,,,,,,,"61.2",,,,,,,,"117","35.6",,,"0.408","0.454",,,,,,
"1","구미","어르신","출장","66","관리자","3등급","20250205","M","163.3","69.7","33.2",,"95","149","41.8","36.4",,,"5.7",,,,,,"26.1",,,,,"28",,"145","4.78","22.03","60.0",,,,,,,,,,,,,,,,,,,"41.8"
"1","구미","성인","출장","43","관리자","참가","20250205","M","171.4","86.7","32.7",,"88","138","45.3","48.8",,,"7",,,,,,"29.5","26",,,,,,,,,"56.3",,,,,,,,"110","37.8",,,"0.404","0.473",,,,,,
"9","청주","성인","일반","53","관리자","참가","20250205","F","151.1","45.8","23.7","68.9","82","133","22.2","22.5",,,"6.9",,,,,,"20.1","10",,,"136",,,,,,"49.1",,,,,,,,"96","36.2",,,"0.360",,,,,,,
"1","구미","성인","출장","62","관리자","3등급","20250205","M","162.9","51.6","17.8",,"76","130","26.6","24.1",,,"5.5",,,,,,"19.4","24",,,,,,,,,"51.6",,,,,,,,"72","45.8",,,"0.498","0.373",,,,,,
"1","구미","성인","출장","57","관리자","참가","20250205","M","180.5","96","32.7",,"92","146","51","48.8",,,"26",,,,,,"29.5","24",,,,,,,,,"53.1",,,,,,,,"133","29.6",,,"0.384","0.387",,,,,,
"5","청주","성인","일반","58","관리자","2등급","20250205","F","156.3","58.7","34.1","79.1","75","142","29.4","29",,,"18.9",,,,,,"24.0","33",,,"142",,,,,,"50.1",,,,,,,,"70","35.8",,,"0.336",,,,,,,
"1","구미","성인","출장","33","관리자","참가","20250205","F","156.9","57","27.8",,"82","126","32.8","30.1",,,"0.6",,,,,,"23.2","46",,,,,,,,,"57.5",,,,,,,,"112","35.8",,,"0.528","0.435",,,,,,
"1","구미","성인","출장","32","관리자","2등급","20250205","F","160.3","61.1","24",,"86","134","28.2","28.7",,,"20",,,,,,"23.8","41",,,,,,,,,"47.0",,,,,,,,"124","33.8",,,"0.433","0.493",,,,,,
"1","청주","어르신","일반","81","관리자","참가","20250205","F","155.9","65","38.1","83.2","99","159","15.4","18.1",,,"1.6",,,,,,"26.7",,,,,,,,"12.1","46.3","27.8",,,,,,,,,,,,,,,,,,,"18.1"
"1","청주","어르신","일반","70","관리자","3등급","20250205","M","167.3","74.1","28.8","88.9","56","146","49.1","47.6",,,"7.3",,,,,,"26.5",,,,,"18",,"100","6.4","23.1","66.3",,,,,,,,,,,,,,,,,,,"49.1"
"1","구미","성인","출장","62","관리자","참가","20250205","M","164.4","70.8","33.4",,"89","157","42.7","44.8",,,"6.5",,,,,,"26.2","26",,,,,,,,,"63.3",,,,,,,,"140","31.7",,,"0.355","0.428",,,,,,
"1","구미","성인","출장","52","관리자","참가","20250205","M","173.7","81.9","27",,"79","117","43.2","41.5",,,"5.2",,,,,,"27.1","20",,,,,,,,,"52.7",,,,,,,,"135","33.2",,,"0.369","0.444",,,,,,
"5","청주","어르신","일반","67","관리자","2등급","20250205","F","155.9","50.3","25","73.4","70","119","30","29.8",,,"22.4",,,,,,"20.7",,,,,"26",,"122","5.7","17.7","59.6",,,,,,,,,,,,,,,,,,,"30.0"
"1","구미","성인","출장","40","관리자","참가","20250205","M","178.9","102.8","30.6",,"99","156","54.8","52",,,"9.7",,,,,,"32.1","31",,,,,,,,,"53.3",,,,,,,,"125","33.3",,,"0.539","0.558",,,,,,
"1","청주","어르신","일반","67","관리자","3등급","20250205","F","165.9","61.6","36.3","82.3","72","123","23.4","31.2",,,"14.5",,,,,,"22.4",,,,,"21",,"125","5.3","21","50.6",,,,,,,,,,,,,,,,,,,"31.2"
"3","청주","성인","일반","42","관리자","참가","20250205","F","157","47.7","28.4","72.2","72","124","25.5","32.8",,,"13.3",,,,,,"19.4","17",,,"123",,,,,,"68.8",,,,,,,,"122","35.2",,,"0.305",,,,,,,
"1","구미","성인","출장","53","관리자","참가","20250205","M","171.9","88.2","31.9",,"73","117","45","46.2",,,"5",,,,,,"29.8","22",,,,,,,,,"52.4",,,,,,,,"124","33.0",,,"0.495","0.52",,,,,,
"1","구미","성인","출장","57","관리자","2등급","20250205","M","169.7","64","18.3",,"79","141","41.1","37.9",,,"17.6",,,,,,"22.2","30",,,,,,,,,"64.2",,,,,,,,"107","39.7",,,"0.41","0.481",,,,,,
"1","구미","성인","출장","55","관리자","참가","20250205","M","175.2","81.9","29.3",,"97","150","46.8","47.4",,,"23",,,,,,"26.7","41",,,,,,,,,"57.9",,,,,,,,,,,,"0.378","0.498",,,,,,
"1","구미","성인","출장","61","관리자","참가","20250205","M","174.7","79.5","22.5",,"98","159","42.5","43.6",,,"14.5",,,,,,"26.0","16",,,,,,,,,"54.8",,,,,,,,"99","36.8",,,"0.468","0.497",,,,,,
"1","구미","성인","출장","61","관리자","참가","20250205","M","169.9","82.5","24.4",,"79","154","43.9","43.3",,,"15",,,,,,"28.6","22",,,,,,,,,"53.2",,,,,,,,"132","31.0",,,"0.367","0.418",,,,,,
"1","구미","성인","출장","55","관리자","참가","20250205","M","168.8","85.1","28",,"99","143","42.6","37.5",,,"9",,,,,,"29.9","30",,,,,,,,,"50.1",,,,,,,,"122","33.2",,,"0.389","0.478",,,,,,
"1","구미","성인","출장","43","관리자","참가","20250205","M","180","84.5","24",,"91","154","44.2","45.6",,,"18.5",,,,,,"26.1","50",,,,,,,,,"54.0",,,,,,,,"129","36.2",,,"0.394","0.519",,,,,,
"1","구미","성인","출장","64","관리자","참가","20250205","M","174.7","85.1","18.5",,"85","148","40.6","46.1",,,"5",,,,,,"27.9","18",,,,,,,,,"54.2",,,,,,,,"101","34.6",,,"0.584","0.407",,,,,,
"1","구미","성인","출장","34","관리자","참가","20250205","M","176.7","107.6","38.6",,"96","149","53.4","60.6",,,"8.5",,,,,,"34.5","20",,,,,,,,,"56.3",,,,,,,,"109","35.9",,,"0.44","0.474",,,,,,
"1","구미","성인","출장","56","관리자","참가","20250205","M","170.8","74.7","21.4",,"90","144","49.1","50.1",,,"6.5",,,,,,"25.6","20",,,,,,,,,"67.1",,,,,,,,"124","35.2",,,"0.399","0.486",,,,,,
"1","구미","성인","출장","61","관리자","2등급","20250205","M","166.5","72.6","24",,"88","145","32.8","38.1",,,"22.5",,,,,,"26.2","30",,,,,,,,,"52.5",,,,,,,,"99","37.7",,,"0.419","0.49",,,,,,
"1","구미","성인","출장","56","관리자","참가","20250205","M","171.3","78.3","25.1",,"99","149","47.3","41.8",,,"19",,,,,,"26.7","28",,,,,,,,,"60.4",,,,,,,,"92","39.1",,,"0.358","0.519",,,,,,
"1","구미","성인","출장","42","관리자","참가","20250205","M","170.3","86.8","31.6",,"96","140","48.5","43.6",,,"18",,,,,,"29.9","42",,,,,,,,,"55.9",,,,,,,,"105","38.7",,,"0.433","0.451",,,,,,
"1","구미","성인","출장","53","관리자","참가","20250205","M","168.8","84","28.2",,"88","139","46.2","42.9",,,"13.1",,,,,,"29.5","29",,,,,,,,,"55.0",,,,,,,,"113","35.3",,,"0.426","0.504",,,,,,
"1","구미","성인","출장","27","관리자","참가","20250205","M","166.4","75.9","27.3",,"73","124","43.6","39.6",,,"2.9",,,,,,"27.4","36",,,,,,,,,"57.4",,,,,,,,"118","42.6",,,"0.343","0.569",,,,,,
"1","구미","성인","출장","36","관리자","참가","20250205","F","163.8","57.6","29.9",,"70","111","28.5","35.1",,,"22.4",,,,,,"21.5","10",,,,,,,,,"60.9",,,,,,,,"101","37.1",,,"0.364","0.412",,,,,,
"1","구미","성인","출장","28","관리자","참가","20250205","F","154.2","47.5","31.6",,"90","138","25.7","26.9",,,"5",,,,,,"20.0","25",,,,,,,,,"56.6",,,,,,,,"110","39.0",,,"0.416","0.408",,,,,,
"1","화성","성인","일반","63","관리자","2등급","20250205","F","153.8","58.7","33.6",,"64","154","23.2","22.1",,,"25",,,,,,"24.8","20","18",,"126",,,,,,"39.5",,"30.7",,,,,,,,,,"0.324",,,,,,,
"2","화성","성인","일반","59","관리자","3등급","20250205","M","169.5","64.3","27",,"96","159","33.6","33.4",,,"11.9",,,,,,"22.4","28","18",,"174",,,,,,"52.3",,"35.1",,,,,,,,,,"0.349",,,,,,,
"1","시흥","어르신","일반","69","관리자","2등급","20250205","F","152.8","56.9","34.3","80.5","70","124","19.9","22.2",,,"26.9",,,,,,"24.4",,,,,"25","592",,"5.06","21.22","39.0",,,,,,,,,,,,,,,,,,,"22.2"
"21","청주","어르신","일반","65","관리자","2등급","20250205","F","156.5","48.4","33.2","77.5","78","138","22.7","24.7",,,"15.7",,,,,,"19.8",,,,,"22",,"104","5.3","21.19","51.0",,,,,,,,,,,,,,,,,,,"24.7"
"5","청주","어르신","일반","70","관리자","1등급","20250205","F","156.9","53","33.5","77.1","63","138","25.7","28.1",,,"22.3",,,,,,"21.5",,,,,"29",,"122","5.38","18.7","53.0",,,,,,,,,,,,,,,,,,,"28.1"
"1","청주","어르신","일반","69","관리자","3등급","20250205","F","147.9","53.2","39.8","75.2","74","159","22.2","22.8",,,"11.6",,,,,,"24.3",,,,,"23",,"124","6.3","22.56","42.9",,,,,,,,,,,,,,,,,,,"22.8"
"4","강북","어르신","일반","67","관리자","2등급","20250205","M","169.0","57.30","14.1","74.5","78","124","35.7","36.4",,,"17.2",,,,,,"20.1",,,,,"28",,"121","5","20.5","63.5",,,,,,,,,,,,,,,,,,,"36.4"
"22","청주","어르신","일반","70","관리자","3등급","20250205","F","154.4","53","37.1","79.4","67","129","29.6","26.7",,,"12.4",,,,,,"22.2",,,,,"34",,"138","4.8","17.6","55.8",,,,,,,,,,,,,,,,,,,"29.6"
"2","화성","어르신","일반","80","관리자","3등급","20250205","M","164.7","72.3","37.7",,"83","156","28.9","24.8",,,"-1.9",,,,,,"26.7",,,,,"20",,"91","6.6","27.5","40.0",,,,,,,,,,,,,,,,,,,"28.9"
"2","청주","어르신","일반","68","관리자","2등급","20250205","F","155.5","56.4","34.7","79.3","58","109","29.7","33.7",,,"19.1",,,,,,"23.3",,,,,"26",,"125","5.4","22.6","59.8",,,,,,,,,,,,,,,,,,,"33.7"
"2","진천","성인","일반","50","관리자","참가","20250205","F","151.7","58.6","32.8","73.9","71","130","25.5","29.7",,,"20.4",,,,,,"25.5","21",,,"122",,,,,,"50.7",,,"69","112","144",,"32.2",,,,,"0.415",,,,,,,
"13","청주","어르신","일반","65","관리자","2등급","20250205","F","155","64.6","41.9","91.1","77","137","31.7","31.2",,,"17.8",,,,,,"26.9",,,,,"29",,"135","4.4","16.2","49.1",,,,,,,,,,,,,,,,,,,"31.7"
"1","진천","성인","일반","39","관리자","3등급","20250205","M","171.9","78","19.8","84.9","76","145","39.1","50.9",,,"11.6",,,,,,"26.4","37","32","11.6","212",,,,,,"65.3",,"37.9",,,,,,,,,,,,,,,,,
"1","청주","어르신","일반","79","관리자","3등급","20250205","M","175.1","75.1","21.2","86.1","75","147","42.2","45",,,"-0.5",,,,,,"24.5",,,,,"26",,"130","5.1","19.2","59.9",,,,,,,,,,,,,,,,,,,"45.0"
"3","청주","어르신","일반","65","관리자","3등급","20250205","F","163.2","61.1","41.6","85.8","50","115","19.6","23.9",,,"23.4",,,,,,"22.9",,,,,"18",,"131","5.75","22.2","39.1",,,,,,,,,,,,,,,,,,,"23.9"
"4","영동","성인","일반","21","관리자","참가","20250205","M","185.2","82.5","13.5",,"84","144","43.7","44.9",,,"11.6",,,,,,"24.1","49",,,,,,,,,"54.4",,,,,,,,"134","41.7",,,"0.290","0.564",,,,,,
"5","청주","어르신","일반","70","관리자","1등급","20250205","F","158.2","56.7","34.7","84.3","75","156","27.9","32.9",,,"18.8",,,,,,"22.7",,,,,"22",,"115","5.9","21.6","58.0",,,,,,,,,,,,,,,,,,,"32.9"
"11","청주","어르신","일반","69","관리자","3등급","20250205","F","155.3","62.3","37.6","83.6","78","139","24.7","28.2",,,"13.9",,,,,,"25.8",,,,,"18",,"114","5.9","22.1","45.3",,,,,,,,,,,,,,,,,,,"28.2"
"15","동구(광주)","어르신","일반","83","관리자","1등급","20250205","M","168.7","68.2","24.1","94","67","152","37.7","37.6",,,"8.2",,,,,,"24.0",,,,,"33",,"142","4.8","19.59","55.3",,,,,,,,,,,,,,,,,,,"37.7"
"5","청주","어르신","일반","67","관리자","참가","20250205","F","157.2","73.4","46.1","95.7","78","151","25.4","27.6",,,"15.4",,,,,,"29.7",,,,,"20",,"56","5.9","22","37.6",,,,,,,,,,,,,,,,,,,"27.6"
"2","중구(서울)","어르신","일반","68","관리자","참가","20250205","M","165.3","54.4","16.8","74.9","91","156","35.7","36.2",,,"-0.3",,,,,,"19.9",,,,,"34",,"124","5","19","66.5",,,,,,,,,,,,,,,,,,,"36.2"
"1","광주","성인","일반","19","관리자","2등급","20250205","M","163.9","61.7","15.7",,"60","120","37.6","39.4",,,"14.8",,,,,,"23.0","56",,,"252",,,,,,"63.9",,,"63","80","106",,"50.9",,,,,"0.334",,,,,,,
"2","익산","성인","일반","62","관리자","3등급","20250205","M","178.6","77.8","20.8",,"91","140","35","43.4",,,"5.3",,,,,,"24.4","19",,,"158",,,,,,"55.8",,,,,,,,"118","34.5",,,"0.387",,,,,,,
"1","진천","어르신","일반","65","관리자","3등급","20250205","M","162.3","72.5","23.6","87.6","89","146","33.6","28.6",,,"10.7",,,,,,"27.5",,,,,"29",,"130","4.88","19.49","46.3",,,,,,,,,,,,,,,,,,,"33.6"
"2","광주","성인","일반","53","관리자","참가","20250205","F","160.1","58.4","36.7",,"93","143","24.3","27.8",,,"13.5",,,,,,"22.8","10",,,"128",,,,,,"47.6",,,"85","122","153",,"31.2",,,,,"0.423",,,,,,,
"18","청주","어르신","일반","72","관리자","1등급","20250205","F","148.1","60.3","49.5","87","97","159","20.9","25.3",,,"24.2",,,,,,"27.5",,,,,"25",,"116","5.9","23.3","42.0",,,,,,,,,,,,,,,,,,,"25.3"
"4","청주","어르신","일반","65","관리자","3등급","20250205","F","166.8","50.9","18.5","71.1","95","115","30.8","31",,,"14.1",,,,,,"18.3",,,,,"20",,"117","5.5","20.7","60.9",,,,,,,,,,,,,,,,,,,"31.0"
"8","동구(광주)","성인","일반","29","관리자","2등급","20250205","F","159.5","54.3","22.9","64","67","113","29.5","31.7",,,"20.4",,,,,,"21.3","31","45","12.12","183",,,,,,"58.4",,"41.0",,,,,,,,,,,,,,,,,
"1","성동","성인","일반","19","관리자","3등급","20250205","M","172.2","70.2","27.4",,"61","133","36.4","40",,,"11",,,,,,"23.7","54",,,,,,,,,"57.0",,,,,,,,"105","48.2",,,"0.288","0.588",,,,,,
"1","서대문","성인","일반","54","관리자","2등급","20250205","F","164.8","63.6","32.5",,"96","159","28.4","28.7",,,"15.8",,,,,,"23.4","33",,,,,,,,,"45.1",,,,,,,,"107","31.6",,,"0.588","0.407",,,,,,
"1","양평","성인","일반","61","관리자","참가","20250205","F","159.9","65.3","35.9",,"92","145","30","31.5",,,"13.2",,,,,,"25.5","6","12",,"130",,,,,,"48.2",,"28.0",,,,,,,,,,"0.415",,,,,,,
"1","제주","성인","일반","22","관리자","참가","20250205","M","174.2","69.7","13","75.4","93","142","40.3","45.7",,,"13.1",,,,,,"23.0","38",,,,,,,,,"65.6",,,"79","105","120","144","50.4",,,,,"0.248","0.651",,,,,,
"1","원주","어르신","일반","65","관리자","참가","20250205","M","174.5","69.8","28.4","92.4","72","132","39.8","37.1",,,"-5.3",,,,,,"22.9",,,,,"17",,"128","5.6","25.6","57.0",,,,,,,,,,,,,,,,,,,"39.8"
"1","원주","어르신","일반","65","관리자","1등급","20250205","F","151.5","49.9","25.1","74.5","53","126","22.2","22.3",,,"23.5",,,,,,"21.7",,,,,"29",,"129","4.3","19.81","44.7",,,,,,,,,,,,,,,,,,,"22.3"
"1","미추홀","어르신","일반","69","관리자","3등급","20250205","M","162.9","67.6","31.6","89.9","70","135","37.6","40.7",,,"11.4",,,,,,"25.5",,,,,"22",,"98","6.3","26.78","60.2",,,,,,,,,,,,,,,,,,,"40.7"
"1","수원","성인","일반","51","관리자","참가","20250205","F","157.8","58.3","37.2","77","99","153","22.6","25",,,"3",,,,,,"23.4","30",,,"130",,,,,,"42.9",,,,,,,,"118","31.5",,,"0.51",,,,,,,
"1","강북","성인","일반","23","관리자","2등급","20250205","F","166.6","54.10","23.2","75.3","70","115","22.5","28.6",,,"22.9",,,,,,"19.5","35",,,,,,,,,"52.9",,,,,,,,"116","38.8",,,"0.347","0.509",,,,,,
"1","스포원(금정)","어르신","일반","68","관리자","참가","20250205","F","162.8","62.7","37",,"91","158","32.5","30.9",,,"14.3",,,,,,"23.7",,,,,"14",,"91","5.8","24.6","51.8",,,,,,,,,,,,,,,,,,,"32.5"
"1","스포원(금정)","어르신","일반","69","관리자","참가","20250205","F","156.1","70.8","42.1",,"72","152","32.5","32.5",,,"4.5",,,,,,"29.1",,,,,"17",,"98","6","26.5","45.9",,,,,,,,,,,,,,,,,,,"32.5"
"4","서구(대전)","성인","일반","24","관리자","2등급","20250205","F","167.7","50.7","23.3",,"64","100","26.9","28.6",,,"20.9",,,,,,"18.0","34",,,"178",,,,,,"56.4",,,,,,,,"112","40.0",,,"0.303",,,,,,,
"13","강북","어르신","일반","73","관리자","참가","20250205","M","167.0","79.90","26.2","99","80","158","36.1","37.3",,,,,,,,,"28.6",,,,,"18",,"95","5.7","24.5","46.7",,,,,,,,,,,,,,,,,,,"37.3"
"2","부천","성인","일반","39","관리자","참가","20250205","M","165.2","78.3","35.6",,"84","145","33.1","39",,,"10.5",,,,,,"28.7","32",,,"193",,,,,,"49.8",,,"85","106","132","161","38.0",,,,,"0.335",,,,,,,
"1","안산","성인","일반","52","관리자","참가","20250205","F","164.6","68.5","37.5","81","73","126","19.3","20",,,"4.2",,,,,,"25.3","8",,,"122",,,,,,"29.2",,,"77","114","142",,"30.8",,,,,"0.383",,,,,,,
"1","부천","성인","일반","62","관리자","3등급","20250205","F","151.7","54.0","35.9",,"77","148","22.1","23",,,"15.7",,,,,,"23.5","10",,,,,,,,,"42.6",,,,,,,,"109","31.0",,,"0.392","0.353",,,,,,
"7","안산","어르신","일반","79","관리자","3등급","20250205","M","159.1","64.3","36.3","89","61","132","32.7","35.8",,,"-0.5",,,,,,"25.4",,,,,"22",,"125","5.2","22.2","55.7",,,,,,,,,,,,,,,,,,,"35.8"
"1","제주","성인","일반","19","관리자","참가","20250205","M","173.1","60.2","19.6","77","94","144","28.2","32.5",,,"3.3",,,,,,"20.1","42","26","10.48","237",,,,,,"54.0",,"40.7",,,,,,,,,,,,,,,,,
"1","구미","성인","출장","42","관리자","참가","20250205","M","170.3","86.8","31.6",,"96","140","48.5","43.6",,,"18",,,,,,"29.9","42",,,,,,,,,"55.9",,,,,,,,"105","38.7",,,"0.433","0.451",,,,,,
"1","원주","성인","일반","44","관리자","3등급","20250206","F","167.4","58.1","33.5","73","59","115","26","27.4",,,"19.9",,,,,,"20.7","23",,,"117",,,,,,"47.2",,,,,,,,"104","35.5",,,"0.447",,,,,,,
"1","KSPO아산(출장)","유아기","출장","66","관리자","참가","20250206","F","99.8","16.4",,,,,"9","9","6",,"13.5",,,,,,"16.5",,"40",,"90",,,,,,"54.9",,,,,,,,,,,,,,,,,"9.13","23.67",
"1","KSPO아산(출장)","유아기","출장","63","관리자","3등급","20250206","M","107.8","20",,,,,"10","7.5","2",,"12",,,,,,"17.2",,"39",,"90",,,,,,"50.0",,,,,,,,,,,,,,,,,"9.242","22.74",
"6","광주","어르신","일반","71","관리자","2등급","20250206","F","153.6","64.3","37",,"80","137","25.3","25",,,"18",,,,,,"27.3",,,,,"25",,"119","6.24","23.19","39.3",,,,,,,,,,,,,,,,,,,"25.3"
"1","성동","성인","일반","60","관리자","참가","20250206","M","171.5","73","24.1",,"87","156","37.9","41.5",,,"17.9",,,,,,"24.8","10",,,"192",,,,,,"56.8",,,"73","102","123","155","36.7",,,,,"0.348",,,,,,,
"20","남구(울산)","성인","일반","29","관리자","2등급","20250206","M","168","71.4","23.2","86","84","141","44.4","43",,,"14.3",,,,,,"25.3","55",,,,,,,,,"62.2",,,,,,,,"104","45.3",,,"0.260","0.521",,,,,,
"1","청주","성인","일반","32","관리자","참가","20250206","F","155.5","68.2","41.2","97.4","73","109","33.5","36.5",,,"12.5",,,,,,"28.2","15",,,"145",,,,,,"53.5",,,"96","138","163",,"31.3",,,,,"0.367",,,,,,,
"1","청주","성인","일반","32","관리자","3등급","20250206","F","155.5","53.3","24.3","72.3","68","104","25.2","28.6",,,"25.3",,,,,,"22.0","23",,"14.8","165",,,,,,"53.7",,,"87","118","140",,"37.8",,,,,,,,,,,,
"6","포천","어르신","일반","67","관리자","3등급","20250206","F","167.5","65.3","34.4","88","97","194","33.3","34",,,"12",,,,,,"23.3",,,,,"23",,"125","4.63","18.34","52.1",,,,,,,,,,,,,,,,,,,"34.0"
"5","KSPO송파별관(어르신)","어르신","일반","75","관리자","3등급","20250206","F","142","44.6","36.5",,"65","133","18.5","17.5",,,"10.5",,,,,,"22.1",,,,,"28",,"105","6.09","24.21","41.5",,,,,,,,,,,,,,,,,,,"18.5"
"1","시흥","성인","일반","63","관리자","참가","20250206","M","167.3","52.9","18.2","78","61","135","26.1","31.3",,,"-7.5",,,,,,"18.9","18","18","16.48",,,,,,,"59.2",,"36.5",,,,,,,,,,,"0.431",,,,,,
"6","KSPO송파별관(어르신)","어르신","일반","75","관리자","1등급","20250206","F","151.5","56.4","40",,"75","139","20.7","22.2",,,"16.5",,,,,,"24.6",,,,,"27",,"122","6.27","26.20","39.4",,,,,,,,,,,,,,,,,,,"22.2"
"1","순천","어르신","출장","70","관리자","참가","20250206","M","168.1","79.9","29.1","100.2","96","155","38.4","43.9",,,"-1.4",,,,,,"28.3",,,,,"22",,"99","5.12","22.34","54.9",,,,,,,,,,,,,,,,,,,"43.9"
"7","안산","어르신","일반","74","관리자","3등급","20250206","F","152.7","73.8","40.8","89","86","151","28.3","26.3",,,"19.9",,,,,,"31.7",,,,,"30",,"91","5.23","19.89","38.3",,,,,,,,,,,,,,,,,,,"28.3"
"1","구미","성인","일반","19","관리자","참가","20250206","M","171.1","68.5","24.6","86","72","142","37.5","37.9",,,"2.6",,,,,,"23.4","38",,,"205",,,,,,"55.3",,,"75","128","150","181","45.4",,,,,"0.405",,,,,,,
"1","남구(울산)","청소년","일반","18","관리자","참가","20250206","M","165.2","57.5","17.7","71.9","68","121","32.9","37.4",,"22","-11.5","20.82","0.513","58.640","27","59.882","21.1",,,,,,,,,,"65.0",,,"92","130","162",,"44.5",,,,,,,,,,,,
"1","화성","청소년","일반","18","관리자","3등급","20250206","M","181.5","84.1","18.1",,"76","135","42.1","44.4","55",,"22.9","16.2","0.663","46.648","13","47.246","25.5",,"37",,,,,,,,"52.8",,"40.4",,,,,,,,,,,,,,,,,
"1","서구(대전)","성인","일반","23","관리자","참가","20250206","M","173.1","70.2","15.5",,"62","105","45.5","50.6",,,"2.1",,,,,,"23.4","36",,,,,,,,,"72.1",,,"89","129","161","179","42.0",,,,,"0.343","0.564",,,,,,
"1","고양","어르신","일반","65","관리자","2등급","20250206","F","153.7","60.5","30.4",,"76","136","25.6","25.7",,,"16.8",,,,,,"25.6",,,,,"38",,"120","4.82","19.25","42.5",,,,,,,,,,,,,,,,,,,"25.7"
"1","고양","청소년","일반","17","관리자","참가","20250206","M","166.8","58.9","15.2",,"70","113","34","34.9",,"51","0.6","16.93","0.733","47.571","15","48.261","21.2",,"32",,,,,,,,"59.3",,"41.6",,,,,,,,,,,,,,,,,
"1","순천","어르신","출장","71","관리자","3등급","20250206","F","157.6","60.7","37.4","90.3","80","139","23","24.4",,,"11.4",,,,,,"24.4",,,,,"22",,"115","5.18","24.18","40.2",,,,,,,,,,,,,,,,,,,"24.4"
"1","순천","어르신","출장","66","관리자","3등급","20250206","M","169.5","72.1","32.4","98.6","89","139","31.8","39.4",,,"7.8",,,,,,"25.1",,,,,"21",,"118","5.56","24.31","54.6",,,,,,,,,,,,,,,,,,,"39.4"
"3","광주","어르신","일반","70","관리자","3등급","20250206","M","173.6","77","32.7",,"90","159","36.6","37.4",,,"2.7",,,,,,"25.6",,,,,"22",,"113","5.58","23.87","48.6",,,,,,,,,,,,,,,,,,,"37.4"
"1","안산","청소년","일반","18","관리자","참가","20250206","M","177.4","82.1","28.2","80","68","116","40.7","36.6",,"29","5.1","21.59","0.488","51.552","7","51.874","26.1",,"43",,,,,,,,"49.6",,"41.3",,,,,,,,,,,,,,,,,
"2","제주","어르신","일반","65","관리자","2등급","20250206","F","154.8","59","34.3","82.3","80","156","24.1","27.4",,,"23",,,,,,"24.6",,,,,"26",,"127","5.41","22.74","46.4",,,,,,,,,,,,,,,,,,,"27.4"
"1","순천","어르신","출장","71","관리자","2등급","20250206","F","150.9","57.5","35.1","84.8","85","159","28.7","28.7",,,"20.5",,,,,,"25.3",,,,,"23",,"139","4.91","25.85","49.9",,,,,,,,,,,,,,,,,,,"28.7"
"1","포항","성인","일반","19","관리자","3등급","20250206","M","178.5","70.3","15.6",,"90","150","40.3","44.9",,,"13.3",,,,,,"22.1","58","41",,,,,,,,"63.9",,"42.6",,,,,,,,,,"0.279","0.564",,,,,,
"1","순천","어르신","출장","70","관리자","2등급","20250206","F","156.6","53.2","33.5","83.7","93","139","23","23.7",,,"19.2",,,,,,"21.7",,,,,"22",,"127","5.75","26.41","44.5",,,,,,,,,,,,,,,,,,,"23.7"
"3","KSPO송파","성인","일반","21","관리자","참가","20250206","F","166.8","58.9","27","63","59","109","24.7","24.2",,,"28.1",,,,,,"21.2","18",,,"165",,,,,,"41.9",,,,,,,,"150","33.8",,,"0.371",,,,,,,
"3","강북","청소년","일반","17","관리자","2등급","20250206","F","157.3","58.40","28.6","70.1","74","130","25.4","27.4",,"51","19.3","18.69","0.531","43.648","9","44.062","23.6",,,,,,,,,,"46.9",,,"64","134","155",,"36.2",,,,,,,,,,,,
"2","KSPO송파","성인","일반","20","관리자","3등급","20250206","M","173.5","79","13.5","74","75","131","46.1","43",,,"19.8",,,,,,"26.2","45","62",,,,,,,,"58.4",,"46.3",,,,,,,,,,"0.4","0.621",,,,,,
"4","동구(인천)","성인","일반","19","관리자","1등급","20250206","M","169.6","62.3","11.5",,"68","128","41.6","43.6",,,"19.5",,,,,,"21.7","57","62","10.06",,,,,,,"70.0",,"48.9",,,,,,,,,,,"0.628",,,,,,
"1","순천","어르신","출장","72","관리자","3등급","20250206","F","157.3","62.3","41.2","86.8","76","140","25.5","26.1",,,"15.1",,,,,,"25.2",,,,,"16",,"110","6.53","29.44","41.9",,,,,,,,,,,,,,,,,,,"26.1"
"1","강북","청소년","일반","17","관리자","1등급","20250206","F","155.4","54.90","26.9","69.2","93","145","24.9","31.5","49",,"25.8","18.88","0.510","48.976","12","49.528","22.7",,,,,,,,,,"57.4",,,"91","117","138",,"38.9",,,,,,,,,,,,
"2","사상","어르신","일반","78","관리자","2등급","20250206","M","162.7","54.1","29.2","84.6","85","140","29.6","32.7",,,"3.9",,,,,,"20.4",,,,,"29",,"108","4.7","19.1","60.4",,,,,,,,,,,,,,,,,,,"32.7"
"1","미추홀","성인","일반","23","관리자","참가","20250206","M","177.5","70","17.3","84.3","75","103","42.2","45.5",,,"-11.6",,,,,,"22.2","43",,,,,,,,,"65.0",,,,,,,,"121","45.3",,,"0.331","0.576",,,,,,
"3","목포","성인","일반","61","관리자","1등급","20250206","M","180.1","68.8","13.8","79.5","86","142","42","48.3",,,"22.9",,,,,,"21.2","39",,"10.09","206",,,,,,"70.2",,,,,,,,"70","43.9",,,,,,,,,,
"1","사상","어르신","일반","69","관리자","2등급","20250206","M","166.9","68.5","23.2","84","82","119","22.8","34.4",,,"9.3",,,,,,"24.6",,,,,"24",,"109","4.8","21","50.2",,,,,,,,,,,,,,,,,,,"34.4"
"1","순천","어르신","출장","74","관리자","3등급","20250206","F","151.4","60.8","40.7","86.3","75","159","24.3","25.4",,,"13.1",,,,,,"26.5",,,,,"22",,"117","5.06","24.97","41.8",,,,,,,,,,,,,,,,,,,"25.4"
"2","미추홀","성인","일반","21","관리자","참가","20250206","M","168.8","59.7","24.9","82.8","78","117","31.8","29.2",,,"-2.5",,,,,,"21.0","41",,,,,,,,,"53.3",,,,,,,,"128","46.4",,,"0.297","0.588",,,,,,
"1","순천","어르신","출장","71","관리자","3등급","20250206","M","171.4","76","23.1","90.4","92","153","34.8","43.5",,,"12.4",,,,,,"25.9",,,,,"17",,"114","5.99","22.35","57.2",,,,,,,,,,,,,,,,,,,"43.5"
"1","양평","어르신","일반","65","관리자","1등급","20250206","M","167.4","70.8","26.1",,"79","136","40.7","42.5",,,"22",,,,,,"25.3",,,,,"33",,"134","4.13","17.78","60.0",,,,,,,,,,,,,,,,,,,"42.5"
"1","미추홀","성인","일반","22","관리자","참가","20250206","M","176","62.2","13.1","74","78","117","30","36.1",,,"-9.5",,,,,,"20.1","43",,,,,,,,,"58.0",,,,,,,,"105","49.5",,,"0.323","0.613",,,,,,
"2","서구(광주)","성인","일반","63","관리자","참가","20250206","M","160.6","65.1","26","84","97","173","40.3","43.2",,,"19.7",,,,,,"25.2","30",,,"170",,,,,,"66.4",,,,,,,,"137","32.9",,,"0.357",,,,,,,
"2","미추홀","성인","일반","27","관리자","1등급","20250206","F","164.3","47.8","19.1","69","73","122","23.4","27.8",,,"19.9",,,,,,"17.7","38",,,,,,,,,"58.2",,,,,,,,"138","36.7",,,"0.314","0.498",,,,,,
"1","순천","어르신","출장","72","관리자","3등급","20250206","F","156.5","54.8","31.8","81.9","80","155","20.4","28.3",,,"20.6",,,,,,"22.4",,,,,"15",,"116","5.85","30.52","51.6",,,,,,,,,,,,,,,,,,,"28.3"
"1","청주","성인","일반","23","관리자","참가","20250206","F","155.5","47.5","29.7","70.9","69","108","21.5","24",,,"16.9",,,,,,"19.6","19",,,"150",,,,,,"50.5",,,,,,,,"107","40.4",,,"0.344",,,,,,,
"1","마포","성인","일반","25","관리자","2등급","20250206","F","162.4","51","27.9","57","71","118","25.9","26.1",,,"16.8",,,,,,"19.3","28",,,,,,,,,"51.2",,,,,,,,"126","37.5",,,"0.360","0.430",,,,,,
"5","고양","어르신","일반","80","관리자","3등급","20250206","M","155.8","66.6","32.7",,"74","130","29.4","26.6",,,"-2.2",,,,,,"27.4",,,,,"28",,"111","6.22","26.06","44.1",,,,,,,,,,,,,,,,,,,"29.4"
"1","마포","성인","일반","31","관리자","2등급","20250206","M","167.7","74.6","23.2","81","86","156","45.5","43.4",,,"21.1",,,,,,"26.5","41",,,"230",,,,,,"61.0",,,,,,,,"91","45.9",,,"0.343",,,,,,,
"1","중구(서울)","청소년","일반","16","관리자","3등급","20250206","M","180.7","84.3","16.1","86","66","116","45.7","47.3","27",,"10.1","20.2","0.467","57.438","15","58.128","25.8",,"59",,,,,,,,"56.1",,"44.4",,,,,,,,,,,,,,,,,
"6","동작","어르신","일반","75","관리자","1등급","20250206","M","168.8","82.1","23","92","73","104","50","45.6",,,"19.7",,,,,,"28.8",,,,,"34",,"138","4.10","17.07","60.9",,,,,,,,,,,,,,,,,,,"50.0"
"2","KSPO대구","성인","일반","19","관리자","2등급","20250206","M","174.4","67.7","18.9","78.3","66","123","44.7","42.4",,,"14",,,,,,"22.3","48",,,"226",,,,,,"66.0",,,"83","112","137","172","46.0",,,,,"0.348",,,,,,,
"1","성동","성인","일반","45","관리자","1등급","20250206","F","156.3","51.4","24.5",,"65","105","29.5","29.0",,,"30.8",,,,,,"21.0","50",,,"165",,,,,,"57.4",,,"74","103","119",,"39.0",,,,,"0.261",,,,,,,
"1","연제","어르신","일반","70","관리자","참가","20250206","F","145.6","59.3","38.6","96","54","110","15.9","16",,,"0.5",,,,,,"28.0",,,,,"19",,"99","6.1","25.7","27.0",,,,,,,,,,,,,,,,,,,"16.0"
"1","전주","성인","일반","36","관리자","3등급","20250206","F","153.5","48.8","21.6","67.9","57","116","18.7","25.9",,,"13.7",,,,,,"20.7","43",,"12.53","166",,,,,,"53.1",,,,,,,,"80","40.8",,,,,,,,,,
"1","연제","어르신","일반","77","관리자","참가","20250206","M","166.2","63.6","24.3","88","73","118","27.9","30.9",,,"-18.4",,,,,,"23.0",,,,,"20",,"104","6.2","28.3","48.6",,,,,,,,,,,,,,,,,,,"30.9"
"8","포천","어르신","일반","70","관리자","3등급","20250206","M","162.4","60.1","28.3","81","56","119","27.4","23.9",,,"13",,,,,,"22.8",,,,,"23",,"109","6.16","23.18","45.6",,,,,,,,,,,,,,,,,,,"27.4"
"4","서대문","성인","일반","63","관리자","2등급","20250206","M","177.2","71.9","14.3",,"96","156","42.4","44.4",,,"22.2",,,,,,"22.9","25",,,,,,,,,"61.8",,,"84","99","115","130","40.5",,,,,"0.365","0.487",,,,,,
"1","마포","어르신","일반","73","관리자","참가","20250206","M","167.9","79.4","33.8",,"90","156","39.2","42.2",,,"-2.4",,,,,,"28.2",,,,,"29",,"130","4.26","16.50","53.1",,,,,,,,,,,,,,,,,,,"42.2"
"1","군산","어르신","일반","67","관리자","참가","20250206","F","164.9","63.7","30.6","82","49","97","20.5","21.4",,,"17",,,,,,"23.4",,,,,"19",,"92","5.75","28.09","33.6",,,,,,,,,,,,,,,,,,,"21.4"
"5","마포","어르신","일반","82","관리자","1등급","20250206","M","162","51.9","12.5","75","82","171","35.5","37.5",,,"8.7",,,,,,"19.8",,,,,"18",,"124","5.6","24.6","72.3",,,,,,,,,,,,,,,,,,,"37.5"
"1","포항","성인","일반","19","관리자","참가","20250206","M","171","53.8","11",,"67","126","33.7","37",,,"-1.8",,,,,,"18.4","40","52",,"219",,,,,,"68.8",,"47.8",,,,,,,,,,"0.325",,,,,,,
"64","화성","성인","일반","62","관리자","2등급","20250206","F","153.7","45.5","32.4",,"94","126","18.8","18.3",,,"19.1",,,,,,"19.3","24",,,"145",,,,,,"41.3",,,,,,,,"95","35.0",,,"0.312",,,,,,,
"1","중구(서울)","청소년","일반","18","관리자","3등급","20250206","M","179.9","76.5","13.7","78.5","74","157","50.8","55.4",,"45","18.9","19.66","0.576","48.408","11","48.914","23.6",,"56",,,,,,,,"72.4",,"45.1",,,,,,,,,,,,,,,,,
"1","성동","어르신","일반","68","관리자","2등급","20250206","M","173.7","88.9","34.7",,"86","142","42.4","47.4",,,"9.8",,,,,,"29.5",,,,,"25",,"117","4.65","20.35","53.3",,,,,,,,,,,,,,,,,,,"47.4"
"1","원주","성인","일반","62","관리자","1등급","20250206","F","154.6","47.4","25.2","61.5","70","128","28.3","31.1",,,"30.1",,,,,,"19.8","25",,"14.55",,,,,,,"65.6",,,,,,,,"124","31.1",,,,"0.377",,,,,,
"1","KSPO송파별관(어르신)","어르신","일반","74","관리자","참가","20250206","F","150.4","47.7","39.8",,"72","133","19.3","21.5",,,"7",,,,,,"21.1",,,,,"25",,"126","5.01","19.50","45.1",,,,,,,,,,,,,,,,,,,"21.5"
"1","KSPO송파별관(어르신)","어르신","일반","72","관리자","참가","20250206","M","176.5","80.1","27.5",,"81","133","24","26.7",,,"-12.5",,,,,,"25.7",,,,,"24",,"110","6.21","23.86","33.3",,,,,,,,,,,,,,,,,,,"26.7"
"1","춘천","성인","일반","62","관리자","참가","20250206","M","168.9","60.4","18.1","80.6","98","156","50.5","50.6",,,"17.7",,,,,,"21.2","22",,"13.19","168",,,,,,"83.8",,,,,,,,"151","32.7",,,,,,,,,,
"2","남구(부산)","어르신","일반","66","관리자","참가","20250206","M","158.4","65.8","29.4",,"79","146","31.9","35.9",,,"0.5",,,,,,"26.2",,,,,"27",,"133","4.18","18.45","54.6",,,,,,,,,,,,,,,,,,,"35.9"
"1","부천","성인","일반","62","관리자","참가","20250206","F","159.2","67.8","42.7",,"97","151","25.7","26.3",,,"14.2",,,,,,"26.8","4",,,"125",,,,,,"38.8",,,"112","147","150",,"29.1",,,,,"0.422",,,,,,,
"1","서구(대전)","성인","일반","31","관리자","참가","20250206","F","164.3","52.2","16.7",,"63","111","27.0","30.1",,,"3.1",,,,,,"19.3","45",,,"165",,,,,,"57.7",,,"96","121","146",,"37.9",,,,,"0.317",,,,,,,
"1","안산","성인","일반","63","관리자","3등급","20250206","M","170.3","68.1","28.1","84","95","138","33","43.8",,,"2.5",,,,,,"23.5","24",,"13.6",,,,,,,"64.3",,,"85","120","135","150","38.2",,,,,,"0.448",,,,,,
"3","부천","성인","일반","51","관리자","1등급","20250206","F","157.0","48.2","26.0",,"57","107","24.7","26.9",,,"20.6",,,,,,"19.6","30",,"14.68","164",,,,,,"55.8",,,"77","120","134",,"37.6",,,,,,,,,,,,
"1","서구(대전)","성인","일반","35","관리자","2등급","20250206","M","173.5","65.8","21.4",,"64","113","37.9","38.8",,,"13.3",,,,,,"21.9","46",,,,,,,,,"59.0",,,,,,,,"104","45.5",,,"0.233","0.663",,,,,,
"1","양평","청소년","일반","18","관리자","1등급","20250206","M","176.9","71.6","14",,"83","118","46.1","50.4","53",,"16.3","18.8","0.629","49.828","14","50.472","22.9",,"62",,,,,,,,"70.4",,"46.7",,,,,,,,,,,,,,,,,
"1","원주","성인","일반","62","관리자","참가","20250206","M","169","82.4","28.8","94.5","81","146","40.9","46.9",,,"-0.5",,,,,,"28.9","35","22",,,,,,,,"56.9",,"33.2",,,,,,,,,,"0.379","0.477",,,,,,
"2","화성","어르신","일반","68","관리자","3등급","20250206","M","168.5","74.4","26.8",,"71","126","34","32",,,"15.1",,,,,,"26.2",,,,,"32",,"132","3.54","14.59","45.7",,,,,,,,,,,,,,,,,,,"34.0"
"1","KSPO아산","어르신","일반","69","관리자","3등급","20250206","M","160.7","61.7","22.2","86","58","133","33.6","37.3",,,"2.4",,,,,,"23.9",,,,,"28",,"117","5.3","23.1","60.5",,,,,,,,,,,,,,,,,,,"37.3"
"1","곡성","성인","일반","60","관리자","참가","20250206","M","173.4","80.7","30.1","97.3","84","145","33.3","35.5",,,"5.4",,,,,,"26.8","25",,"15.29","164",,,,,,"44.0",,,"63","94","114","134","38.8",,,,,,,,,,,,
"2","남구(울산)","어르신","일반","69","관리자","3등급","20250206","M","165.5","68.3","35.3","92.6","90","144","37.8","37.4",,,"14.2",,,,,,"24.9",,,,,"28",,"100","5.25","19.87","55.3",,,,,,,,,,,,,,,,,,,"37.8"
"1","순천","어르신","출장","69","관리자","참가","20250206","M","166","68.5","27.7","94.5","69","149","29.5","30.9",,,"-2.7",,,,,,"24.9",,,,,"21",,"111","5.31","25.34","45.1",,,,,,,,,,,,,,,,,,,"30.9"
"1","순천","어르신","출장","74","관리자","2등급","20250206","M","180","79.1","30.1","97.3","95","155","42.2","43.6",,,"5.6",,,,,,"24.4",,,,,"22",,"145","5.16","22.50","55.1",,,,,,,,,,,,,,,,,,,"43.6"
"1","남구(부산)","성인","일반","26","관리자","참가","20250206","M","175.7","86.9","24.6",,"64","118","45.4","53.5",,,"-8.2",,,,,,"28.1","39",,,"212",,,,,,"61.6",,,,,,,,"123","40.4",,,"0.334",,,,,,,
"2","서구(대전)","어르신","일반","65","관리자","3등급","20250206","M","166.5","78.5","30.4",,"61","125","43.2","48.6",,,"2.6",,,,,,"28.3",,,,,"22",,"97","5.81","22.04","61.9",,,,,,,,,,,,,,,,,,,"48.6"
"1","KSPO송파","성인","일반","61","관리자","참가","20250206","M","170.1","75.6","24.9","89.3","82","149","38.9","36.9",,,"-10.8",,,,,,"26.1","32",,,,,,,,,"51.5",,,,,,,,"94","38.1",,,"0.423","0.393",,,,,,
"1","시흥","어르신","일반","69","관리자","3등급","20250206","M","168.3","64.4","23.8","88.5","70","104","28.9","36",,,"1.8",,,,,,"22.7",,,,,"26",,"112","5.37","20.94","55.9",,,,,,,,,,,,,,,,,,,"36.0"
"3","오산","어르신","일반","65","관리자","3등급","20250206","M","172","59.8","32.6","82.9","81","137","30.7","31.9",,,"7.3",,,,,,"20.2",,,,,"19",,"99","5.31","22.32","53.3",,,,,,,,,,,,,,,,,,,"31.9"
"1","남구(부산)","성인","일반","29","관리자","참가","20250206","M","167.5","77.1","30",,"90","131","41.6","47",,,"5.7",,,,,,"27.5","39",,,"203",,,,,,"61.0",,,,,,,,"141","38.5",,,"0.306",,,,,,,
"1","부천","어르신","일반","71","관리자","3등급","20250206","F","154.0","60.3","37.5",,"76","142","20.8","23.8",,,"9.5",,,,,,"25.4",,,,,"32",,"114","5.11","19.12","39.5",,,,,,,,,,,,,,,,,,,"23.8"
"6","오산","어르신","일반","65","관리자","3등급","20250206","F","153.4","61.4","44","91.3","70","121","24.9","25",,,"18.6",,,,,,"26.1",,,,,"27",,"99","6.03","23.81","40.7",,,,,,,,,,,,,,,,,,,"25.0"
"1","순천","어르신","출장","68","관리자","참가","20250206","M","172.5","78.5","30.1","93.4","93","144","42.3","43.8",,,"0.9",,,,,,"26.4",,,,,"25",,"115","4.75","21.72","55.8",,,,,,,,,,,,,,,,,,,"43.8"
"6","고양","어르신","일반","70","관리자","1등급","20250206","F","151.9","57.6","35.4",,"88","159","25.8","26.4",,,"20",,,,,,"25.0",,,,,"37",,"128","4.71","20.89","45.8",,,,,,,,,,,,,,,,,,,"26.4"
"1","KSPO송파","성인","일반","52","관리자","참가","20250206","M","178.4","76","28.9","95.5","85","155","36.9","39.9",,,"3.6",,,,,,"23.9","26",,,"186",,,,,,"52.5",,,,,,,,"166","30.3",,,"0.420",,,,,,,
"1","의정부","어르신","일반","80","관리자","2등급","20250206","M","164.6","71.3","32.5","86.3","77","171","25.8","30.7",,,"6.9",,,,,,"26.3",,,,,"24",,"108","6.24","25.36","43.1",,,,,,,,,,,,,,,,,,,"30.7"
"1","창원","성인","일반","19","관리자","3등급","20250206","M","170.8","67.4","17","78","76","129","35.3","45.8",,,"10.9",,,,,,"23.1","50",,,"206",,,,,,"68.0",,,,,,,,"129","45.1",,,"0.330",,,,,,,
"6","오산","어르신","일반","74","관리자","1등급","20250206","M","161.8","72.6","33.4","92","90","146","41.4","41.7",,,"10.6",,,,,,"27.7",,,,,"26",,"128","4.94","20.13","57.4",,,,,,,,,,,,,,,,,,,"41.7"
"1","사상","성인","일반","56","관리자","2등급","20250206","M","168.6","74.5","24.4","76.5","93","146","40.4","40.3",,,"10.7",,,,,,"26.2","34",,,"180",,,,,,"54.2",,,,,,,,"109","37.2",,,"0.352",,,,,,,
"1","수원","성인","일반","19","관리자","참가","20250206","M","169.6","52.9","10.3","77","62","107","36","38.6",,,"-7.9",,,,,,"18.4","37",,"11.9","182",,,,,,"73.0",,,,,,,,"114","50.5",,,,,,,,,,
"2","KSPO송파별관(어르신)","어르신","일반","70","관리자","참가","20250206","M","167.3","55","22.6",,"49","110","25.8","29.7",,,"-2",,,,,,"19.7",,,,,"23",,"125","5.61","21.28","54.0",,,,,,,,,,,,,,,,,,,"29.7"
"3","수원","어르신","일반","66","관리자","3등급","20250206","F","156.7","75.2","42.3","94","76","151","25.4","31.8",,,"16",,,,,,"30.6",,,,,"23",,"101","5.2","26.2","42.3",,,,,,,,,,,,,,,,,,,"31.8"
"1","사상","성인","일반","63","관리자","참가","20250206","M","176.8","74.8","25.9","93.2","99","159","34.9","39.9",,,"8.7",,,,,,"23.9","15",,,"141",,,,,,"53.3",,,,,,,,"131","32.9",,,"0.458",,,,,,,
"1","의정부","어르신","일반","68","관리자","참가","20250206","M","161.1","63.5","29.6","86","86","139","33.3","29.2",,,"-2.5",,,,,,"24.5",,,,,"18","620",,"5.16","21.30","52.4",,,,,,,,,,,,,,,,,,,"33.3"
"9","수원","어르신","일반","69","관리자","참가","20250206","M","161.6","70.5","30.5","89","83","159","30","33.3",,,"-2",,,,,,"27.0",,,,,"21",,"98","5.3","24.8","47.2",,,,,,,,,,,,,,,,,,,"33.3"
"6","수원","어르신","일반","81","관리자","2등급","20250206","M","169.8","56.7","20.2","74","70","132","33.3","35.6",,,"7.3",,,,,,"19.7",,,,,"22",,"100","5","26.4","62.8",,,,,,,,,,,,,,,,,,,"35.6"
"3","포천","성인","일반","35","관리자","1등급","20250206","M","169.7","72","20.1","83","79","128","36.9","46.4",,,"14",,,,,,"25.0","54",,,"214",,,,,,"64.4",,,,,,,,"104","43.8",,,"0.310",,,,,,,
"1","미추홀","성인","일반","25","관리자","참가","20250206","M","177.9","85","27.3","98","71","127","34.1","45.4",,,"6.6",,,,,,"26.9","34",,"10.4","224",,,,,,"53.4",,,,,,,,"144","38.1",,,,,,,,,,
"1","미추홀","성인","일반","53","관리자","3등급","20250206","F","153.4","55.9","44.2","85","84","144","19.2","20.7",,,"15",,,,,,"23.8","21","15","13.44",,,,,,,"37.0",,"30.6",,,,,,,,,,,"0.378",,,,,,
"4","보은","어르신","일반","67","관리자","2등급","20250206","M","160.2","62.4","21.5",,"88","142","40.6","38.8",,,"14.1",,,,,,"24.3",,,,,"27",,"112","4.19","18.53","65.1",,,,,,,,,,,,,,,,,,,"40.6"
"2","천안","성인","일반","58","관리자","3등급","20250206","F","163.1","53.8","32.9",,"84","135","22.8","28",,,"13.8",,,,,,"20.2","30",,,,,,,,,"52.0",,,,,,,,"116","32.0",,,"0.366","0.390",,,,,,
"1","사상","성인","일반","62","관리자","참가","20250206","M","161.5","65.9","29.8","82.7","79","144","37.2","38.7",,,"-6.4",,,,,,"25.3","20",,,"158",,,,,,"58.7",,,,,,,,"130","34.0",,,"0.360",,,,,,,
"1","KSPO송파","성인","일반","27","관리자","3등급","20250206","F","163.7","53.3","23.9",,"73","113","28.3","27.5",,,"23.4",,,,,,"19.9","36",,,,,,,,,"53.1",,,"91","114","135",,"39.9",,,,,"0.419","0.412",,,,,,
"1","사상","성인","일반","64","관리자","3등급","20250206","M","166.2","65.4","14","74.8","73","118","36.4","33.1",,,"18.6",,,,,,"23.7","39",,,"128",,,,,,"55.7",,,,,,,,"83","40.9",,,"0.429",,,,,,,
"3","동구(광주)","성인","일반","34","관리자","참가","20250206","M","172","66","20.1","76","76","113","38","40.5",,,"12.6",,,,,,"22.3","48","25",,"200",,,,,,"61.4",,"38.4",,,,,,,,,,"0.388",,,,,,,
"1","KSPO송파","성인","일반","35","관리자","참가","20250206","F","158.1","64","37.3",,"82","117","24.8","22.9",,,"21.7",,,,,,"25.6","14","10",,,,,,,,"38.8",,"28.5",,,,,,,,,,"0.405","0.428",,,,,,
"1","동구(광주)","성인","일반","32","관리자","참가","20250206","M","183","83.1","20.2","85","80","116","41","36.2",,,"3",,,,,,"24.8","46","25",,"210",,,,,,"49.3",,"35.9",,,,,,,,,,"0.372",,,,,,,
"1","청주","성인","일반","27","관리자","3등급","20250206","M","168.7","83.4","19.2","91.3","78","125","60.4","60.1",,,"16.2",,,,,,"29.3","50",,,"209",,,,,,"72.4",,,,,,,,"114","41.7",,,"0.344",,,,,,,
"2","계룡","어르신","일반","73","관리자","1등급","20250206","M","167.2","57.3","18.4",,"80","140","34.7","38.8",,,"21.5",,,,,,"20.5",,,,,"32",,"125","5.18","21.9","67.7",,,,,,,,,,,,,,,,,,,"38.8"
"1","세종","성인","일반","55","관리자","3등급","20250206","F","151.6","55.4","33.9","79.4","63","116","18.8","23.2",,,"12.8",,,,,,"24.1","24",,,"112",,,,,,"41.9",,,,,,,,"127","29.7",,,"0.381",,,,,,,
"1","남구(울산)","어르신","일반","66","관리자","2등급","20250206","M","164.8","69.1","25.7","85.9","88","148","37.4","41.5",,,"19.8",,,,,,"25.4",,,,,"30",,"117","4.84","20","60.1",,,,,,,,,,,,,,,,,,,"41.5"
"1","화성","청소년","일반","18","관리자","참가","20250206","M","169.2","63.4","19.9",,"85","139","35.5","39.3","19",,"15.2","18.3","0.614","36.656","23","37.714","22.1",,"35",,,,,,,,"62.0",,"41.8",,,,,,,,,,,,,,,,,
"2","창원마산회원","성인","일반","50","관리자","2등급","20250206","F","157.5","55.2","27.6","81","67","126","28.7","30.6",,,"15.7",,,,,,"22.3","36","32","12.80","155",,,,,,"55.4",,"36.1",,,,,,,,,,,,,,,,,
"2","창원마산회원","성인","일반","36","관리자","참가","20250206","M","171.3","92.5","31.2","100","99","147","46.1","53.6",,,"8.9",,,,,,"31.5","47","45","11.04","210",,,,,,"57.9",,"39.1",,,,,,,,,,,,,,,,,
"1","동작","성인","일반","63","관리자","참가","20250206","M","169.2","56.9","16.9","75","75","107","38","39.1",,,"10.2",,,,,,"19.9","7",,,"155",,,,,,"68.7",,,,,,,,"94","41.7",,,"0.614",,,,,,,
"1","마포","성인","일반","21","관리자","1등급","20250206","F","165.8","56","26.9","78","67","116","31.8","32.5",,,"20.6",,,,,,"20.4","47",,,"187",,,,,,"58.0",,,,,,,,"124","37.6",,,"0.371",,,,,,,
"1","동작","성인","일반","24","관리자","3등급","20250206","F","167.2","46.9","18.4","59","76","110","26.1","26",,,"10.2",,,,,,"16.8","28",,,"186",,,,,,"55.7",,,,,,,,"133","38.4",,,"0.338",,,,,,,
"5","고양","어르신","일반","68","관리자","3등급","20250206","F","150.2","63.8","43.4",,"78","141","17.8","23.6",,,"16.3",,,,,,"28.3",,,,,"31",,"95","6.12","21.68","37.0",,,,,,,,,,,,,,,,,,,"23.6"
"1","충주","성인","일반","19","관리자","참가","20250206","F","159.5","58.1","34.4","73","64","121","15.8","19.2",,,"8.8",,,,,,"22.8","17",,,"148",,,,,,"33.0",,,"74","120","154",,"37.3",,,,,"0.381",,,,,,,
"1","서구(광주)","성인","일반","64","관리자","참가","20250206","F","151.5","51.9","33.8","84","90","142","22.3","21.1",,,"15.2",,,,,,"22.6","0",,,,,,,,,"43.0",,,,,,,,"115","30.4",,,"0.402","0.368",,,,,,
"5","화성","어르신","일반","65","관리자","3등급","20250206","F","146.2","53.4","36",,"58","119","24.6","23.2",,,"17.9",,,,,,"25.0",,,,,"18",,"96","5.1","20.7","46.1",,,,,,,,,,,,,,,,,,,"24.6"
"1","충주","성인","일반","19","관리자","참가","20250206","F","167.4","48","27.8","65","78","117","23.8","23.7",,,"-4.8",,,,,,"17.1","0",,,"146",,,,,,"49.6",,,"63","152","183",,"38.7",,,,,"0.404",,,,,,,
"1","김천","유소년","출장","12","관리자","참가","20250206","M","155.3","58",,"78.9",,,"25.2","22.9","37",,"2.8",,,,,,"24.0",,"72",,"169",,,,,,"43.4",,,,,,,,,,,,,,"0.51","44","14",,,
"1","청주","성인","일반","20","관리자","2등급","20250206","M","172.8","60.8","9.4","72.7","55","128","50.3","50.3",,,"24.8",,,,,,"20.4","50","55","9.9","257",,,,,,"82.7",,"47.3",,,,,,,,,,,,,,,,,
"1","김천","유소년","출장","12","관리자","참가","20250206","M","149.6","34.8",,"59.8",,,"12.5","16.2","26",,"2.5",,,,,,"15.5",,"82",,"163",,,,,,"46.6",,,,,,,,,,,,,,"0.40","35","6",,,
"1","구미","성인","일반","20","관리자","참가","20250206","M","177.7","76.8","8.1","78.7","74","139","70.8","60.9",,,"1.4",,,,,,"24.3","32",,"10.95","292",,,,,,"92.2",,,,,,,,"115","45.4",,,,,,,,,,
"1","남구(부산)","어르신","일반","81","관리자","3등급","20250206","M","161","74.6","39.1",,"60","153","28.6","29.9",,,"11.8",,,,,,"28.8",,,,,"14",,"103","6.75","33.08","40.1",,,,,,,,,,,,,,,,,,,"29.9"
"4","중구(서울)","어르신","일반","66","관리자","1등급","20250206","M","168","77.9","22.8","96.8","98","157","46.9","48.3",,,"16.7",,,,,,"27.6",,,,,"30",,"146","4.1","17.7","62.0",,,,,,,,,,,,,,,,,,,"48.3"
"1","중구(서울)","어르신","일반","71","관리자","참가","20250206","M","158.6","73.9","40.3","112.7","85","151","29.7","30.7",,,,,,,,,"29.4",,,,,"17",,"95","6.1","26.5","41.5",,,,,,,,,,,,,,,,,,,"30.7"
"1","KSPO대구","청소년","일반","18","관리자","참가","20250206","M","174.2","87.8","28.4","101.2","87","130","42.1","52","13",,"5.3","20.1","0.523","44.672","16","45.408","28.9",,"20",,,,,,,,"59.2",,"35.3",,,,,,,,,,,,,,,,,
"1","안산","어르신","일반","74","관리자","1등급","20250206","M","160.8","53.3","20.8","69","74","137","28.8","30.2",,,"26.4",,,,,,"20.6",,,,,"31",,"118","4.93","20.37","56.7",,,,,,,,,,,,,,,,,,,"30.2"
"1","안산","성인","일반","64","관리자","3등급","20250206","M","166.7","68.4","25.4","79","82","148","36.9","39.3",,,"6.7",,,,,,"24.6","43",,"11.97","220",,,,,,"57.5",,,,,,,,"116","35.5",,,,,,,,,,
"1","사상","성인","일반","64","관리자","참가","20250206","M","168.7","66.1","25.8","88.2","87","141","41.1","39.9",,,"-7.2",,,,,,"23.2","12",,,"165",,,,,,"62.2",,,,,,,,"99","38.6",,,"0.389",,,,,,,
"1","김천","유소년","출장","12","관리자","참가","20250206","M","158.2","73.8",,"94.9",,,"23.7","23.7","15",,"3.2",,,,,,"29.5",,"20",,"144",,,,,,"32.1",,,,,,,,,,,,,,"0.60","33","10",,,
"1","김천","유소년","출장","12","관리자","참가","20250206","F","164.3","58.9",,"84.8",,,"24.4","22.2","25",,"6.1",,,,,,"21.8",,"19",,"137",,,,,,"41.4",,,,,,,,,,,,,,"0.52","22","0",,,
"1","김천","유소년","출장","12","관리자","참가","20250206","F","151.1","45",,"71.3",,,"15.2","14.9","23",,"1.7",,,,,,"19.7",,"38",,"151",,,,,,"33.8",,,,,,,,,,,,,,"0.47","32","0",,,
"1","김천","유소년","출장","12","관리자","참가","20250206","M","152.1","61.9",,"78.3",,,"20.7","25","18",,"8.5",,,,,,"26.8",,"32",,"156",,,,,,"40.4",,,,,,,,,,,,,,"0.51","28","8",,,
"3","청주","어르신","일반","66","관리자","3등급","20250206","F","171.7","66.3","36.3","93","76","153","31","32.1",,,"19.1",,,,,,"22.5",,,,,"19",,"103","4.7","20","48.4",,,,,,,,,,,,,,,,,,,"32.1"
"1","사상","성인","일반","64","관리자","3등급","20250206","M","165.7","62.6","26.6","82","91","153","32.9","35.7",,,"4.3",,,,,,"22.8","29",,,"176",,,,,,"57.0",,,,,,,,"121","35.9",,,"0.431",,,,,,,
"1","김천","유소년","출장","12","관리자","참가","20250206","M","149.7","43.4",,"68.6",,,"19","17.9","47",,"2.7",,,,,,"19.4",,"50",,"135",,,,,,"43.8",,,,,,,,,,,,,,"0.46","31","3",,,
"1","김천","유소년","출장","12","관리자","참가","20250206","F","156.3","47.4",,"74.4",,,"20","18.5","20",,"10.7",,,,,,"19.4",,"18",,"113",,,,,,"42.2",,,,,,,,,,,,,,"0.48","33","1",,,
"1","양평","어르신","일반","70","관리자","1등급","20250206","F","148","46.2","26.6",,"60","141","24","24.5",,,"17.4",,,,,,"21.1",,,,,"21",,"112","4.72","19.72","53.0",,,,,,,,,,,,,,,,,,,"24.5"
"1","마포","성인","일반","19","관리자","참가","20250206","M","176.1","83.1","19.9","75","75","129","40.7","37.9",,,"15.1",,,,,,"26.8","47","51",,"226",,,,,,"49.0",,"43.1",,,,,,,,,,"0.405",,,,,,,
"6","천안","어르신","일반","68","관리자","참가","20250206","M","161.9","63.3","36.3",,"80","130","36.3","41.2",,,"14.3",,,,,,"24.1",,,,,"22",,"94","5.56","22.78","65.1",,,,,,,,,,,,,,,,,,,"41.2"
"21","서구(대전)","성인","일반","27","관리자","참가","20250206","F","155.6","72.5","39.8",,"77","130","26.1","27.8",,,"18.5",,,,,,"29.9","39","17","13.06","138",,,,,,"38.3",,"29.6",,,,,,,,,,,,,,,,,
"2","사상","어르신","일반","66","관리자","참가","20250206","M","150.2","52.5","29","82","99","157","30","29.1",,,"-4.9",,,,,,"23.3",,,,,"22",,"96","6.1","24.9","57.1",,,,,,,,,,,,,,,,,,,"30.0"
"1","천안","성인","일반","30","관리자","참가","20250206","F","169.9","57.6","31.6",,"75","123","21.2","18.3",,,"8.4",,,,,,"20.0","34",,,,,,,,,"36.8",,,,,,,,"84","40.8",,,"0.363","0.427",,,,,,
"1","KSPO대구","성인","일반","19","관리자","참가","20250206","M","185","104","29.1","93","78","144","55.9","57.9",,,"16",,,,,,"30.4","44",,,"218",,,,,,"55.7",,,,,,,,"130","38.0",,,"0.344",,,,,,,
"1","안산","어르신","일반","68","관리자","참가","20250206","F","153.9","62","33.7","86","79","164","22.6","24.6",,,"-3.6",,,,,,"26.2",,,,,"18",,"90","5","20.6","39.7",,,,,,,,,,,,,,,,,,,"24.6"
"4","마포","어르신","일반","66","관리자","3등급","20250206","F","148.1","45.3","28.5",,"80","158","21.4","28.3",,,"13.8",,,,,,"20.7",,,,,"32",,"109","4.04","17.65","62.5",,,,,,,,,,,,,,,,,,,"28.3"
"4","마포","어르신","일반","70","관리자","1등급","20250206","M","165.8","60.2","17.1","75","75","130","40","46.7",,,"18.4",,,,,,"21.9",,,,,"34",,"144","3.48","17.13","77.6",,,,,,,,,,,,,,,,,,,"46.7"
"5","중구(서울)","성인","일반","55","관리자","2등급","20250206","F","150","59.2","34.4","80.8","82","138","26.2","27.6",,,"15.8",,,,,,"26.3","22",,,,,,,,,"46.6",,,"102","140","157",,"30.1",,,,,"0.347","0.442",,,,,,
"1","서구(대전)","성인","일반","19","관리자","3등급","20250206","M","172.4","58.4","15.5",,"66","129","42.6","43.4",,,"8.7",,,,,,"19.6","49",,"10.13",,,,,,,"74.3",,,,,,,,"132","46.8",,,,"0.564",,,,,,
"9","동작","어르신","일반","72","관리자","3등급","20250206","F","156.8","62.8","36.3","91","80","130","24.9","26",,,"10.3",,,,,,"25.5",,,,,"25",,"105","5.36","21.16","41.4",,,,,,,,,,,,,,,,,,,"26.0"
"1","부천","성인","일반","19","관리자","참가","20250206","M","169.5","69.6","23.4",,"80","122","34.6","39.1",,,"-8.1",,,,,,"24.2","44",,"11.1","216",,,,,,"56.2",,,,,,,,"115","46.6",,,,,,,,,,
"1","사하","성인","일반","19","관리자","참가","20250206","M","176.3","99.5","38.6","115.3","99","158","34.7","40.6",,,"1.6",,,,,,"32.0","37",,,"187",,,,,,"40.8",,,,,,,,"148","35.7",,,"0.311",,,,,,,
"2","동구(광주)","성인","일반","26","관리자","1등급","20250206","F","166.2","61","28","74","74","110","30.5","30.1",,,"25.1",,,,,,"22.1","40",,,"180",,,,,,"50.0",,,,,,,,"85","40.3",,,"0.335",,,,,,,
"1","양평","성인","일반","55","관리자","3등급","20250206","F","150.3","44.1","28.2",,"67","102","21.5","25.1",,,"18.9",,,,,,"19.5","11",,,"140",,,,,,"56.9",,,,,,,,"129","32.2",,,"0.314",,,,,,,
"1","남구(울산)","성인","일반","19","관리자","참가","20250206","M","168.7","74.5","22.3","87.6","83","123","35.4","43.2",,,"2.9",,,,,,"26.2","40",,,"192",,,,,,"58.0",,,,,,,,"109","46.4",,,"0.363",,,,,,,
"1","안산","성인","일반","53","관리자","참가","20250206","F","152.3","52.6","33.7","80","90","156","21.3","24.7",,,"9.5",,,,,,"22.7","4",,,"136",,,,,,"47.0",,,,,,,,"119","31.8",,,"0.448",,,,,,,
"2","KSPO송파별관(어르신)","어르신","일반","67","관리자","2등급","20250206","M","172.6","75","20.4",,"96","158","44","41.7",,,"15.5",,,,,,"25.2",,,,,"30",,"121","4.79","17.84","58.7",,,,,,,,,,,,,,,,,,,"44.0"
"5","KSPO송파별관(어르신)","어르신","일반","74","관리자","2등급","20250206","M","163","56.2","29.7",,"86","157","30.3","31.7",,,"13.9",,,,,,"21.2",,,,,"32",,"107","5.65","23.02","56.4",,,,,,,,,,,,,,,,,,,"31.7"
"2","남구(울산)","성인","일반","19","관리자","3등급","20250206","M","177.8","72.1","25.7","89.3","82","139","36.4","42.3",,,"13.3",,,,,,"22.8","46",,,"203",,,,,,"58.7",,,,,,,,"123","45.5",,,"0.332",,,,,,,
"1","KSPO송파","성인","일반","63","관리자","2등급","20250206","M","170.2","64.6","17.5","76.9","71","138","37.7","36.2",,,"9.4",,,,,,"22.3","31",,,"172",,,,,,"58.4",,,,,,,,"120","36.2",,,"0.364",,,,,,,
"6","포천","어르신","일반","79","관리자","1등급","20250206","M","166.3","69.4","28.5","90","92","158","41.1","45",,,"11.0",,,,,,"25.1",,,,,"21",,"121","5.41","20.70","64.8",,,,,,,,,,,,,,,,,,,"45.0"
"1","KSPO송파","성인","일반","54","관리자","참가","20250206","M","176.4","78.6","26.7","92.4","73","130","40.3","49.4",,,"12.7",,,,,,"25.3","31",,,"203",,,,,,"62.8",,,,,,,,"121","35.7",,,"0.389",,,,,,,
"1","진천","청소년","일반","18","관리자","참가","20250206","M","177.4","77.3","21.8","81.3","91","143","38.7","38.7",,"53","8.8","16.82","0.62","43.057","9","43.471","24.6",,,,,,,,,,"50.1",,,"90","136","155",,"44.0",,,,,,,,,,,,
"2","강북","어르신","일반","70","관리자","2등급","20250206","M","162.9","59.70","25.3","85.7","83","138","34.2","28.6",,,"9",,,,,,"22.5",,,,,"26",,"136","4.8","18.8","57.3",,,,,,,,,,,,,,,,,,,"34.2"
"5","성남","어르신","일반","75","관리자","3등급","20250206","M","163.0","62.4","27.1",,"86","145","39.7","36.3",,,"-0.4",,,,,,"23.5",,,,,"24",,"112","5.0","20.62","63.6",,,,,,,,,,,,,,,,,,,"39.7"
"4","성남","어르신","일반","70","관리자","1등급","20250206","F","151.9","53.8","34.0",,"75","141","25.7","24.7",,,"26.2",,,,,,"23.3",,,,,"26",,"122","4.92","20.12","47.8",,,,,,,,,,,,,,,,,,,"25.7"
"7","중구(서울)","성인","일반","64","관리자","참가","20250206","M","170.4","69.2","26.9","86.5","85","145","10.6","33.9",,,"7.3",,,,,,"23.8","22",,,,,,,,,"49.0",,,,,,,,"139","32.2",,,"0.383","0.402",,,,,,
"1","성동","성인","일반","61","관리자","참가","20250206","M","168","74.1","26.5",,"92","158","47","44.7",,,"-4.9",,,,,,"26.3","27",,"12.41","179",,,,,,"63.4",,,"67","98","115","149","37.6",,,,,,,,,,,,
"1","춘천","성인","일반","22","관리자","참가","20250206","F","160.3","89.3","44.3","114.4","94","148","36.8","37.8",,,"16",,,,,,"34.8","29","16",,"138",,,,,,"42.3",,"26.8",,,,,,,,,,"0.382",,,,,,,
"1","김천","유소년","출장","12","관리자","참가","20250206","F","148.1","34.6",,"58.6",,,"11.6","14.2","21",,"2.5",,,,,,"15.8",,"25",,"149",,,,,,"41.0",,,,,,,,,,,,,,"0.40","30","1",,,
"1","춘천","성인","일반","63","관리자","참가","20250206","M","160.1","66.3","32.9","92.4","89","152","50.4","45.9",,,"17.5",,,,,,"25.9","22","16",,"176",,,,,,"76.0",,"34.2",,,,,,,,,,"0.371",,,,,,,
"1","성동","성인","일반","56","관리자","2등급","20250206","M","163.2","55.3","13.2",,"75","130","38.4","40.4",,,"8.9",,,,,,"20.8","34",,"11.94","201",,,,,,"73.1",,,"79","100","119","158","40.8",,,,,,,,,,,,
"4","KSPO송파별관(어르신)","어르신","일반","74","관리자","참가","20250206","M","160.2","64.7","32.6",,"95","153","32.3","29.1",,,"-13.5",,,,,,"25.2",,,,,"31",,"117","5.19","18.71","49.9",,,,,,,,,,,,,,,,,,,"32.3"
"2","오산","성인","일반","62","관리자","참가","20250206","F","148.3","66.2","45","88.9","90","139","20.1","25.6",,,"12.8",,,,,,"30.1","16",,,,,,,,,"38.7",,,,,,,,"146","23.2",,,"0.428","0.365",,,,,,
"1","김천","유소년","출장","12","관리자","참가","20250206","F","156.1","51",,"72.0",,,"16.2","18.1","0",,"-5.4",,,,,,"20.9",,"7",,"165",,,,,,"35.5",,,,,,,,,,,,,,"0.46","17","4",,,
"4","수원","성인","일반","64","관리자","2등급","20250206","M","172.7","71.5","21.4","86","60","130","44.8","47.1",,,"22.5",,,,,,"24.0","34",,"12.2","198",,,,,,"65.9",,,,,,,,"114","35.5",,,,,,,,,,
"1","오산","어르신","일반","76","관리자","참가","20250206","M","169.5","67.7","30.7","86","90","140","26.6","29.4",,,"-3.5",,,,,,"23.6",,,,,"18",,"97","7.28","27.25","43.4",,,,,,,,,,,,,,,,,,,"29.4"
"3","수원","성인","일반","19","관리자","참가","20250206","M","167.6","62.2","23.2","82","73","114","30.8","38",,,"1.1",,,,,,"22.1","27",,"10.9","198",,,,,,"61.1",,,,,,,,"132","45.6",,,,,,,,,,
"1","수원","성인","일반","20","관리자","2등급","20250206","M","166.3","71.2","15.8","78","79","127","49.2","53",,,"24.9",,,,,,"25.7","53",,,,,,,,,"74.4",,,,,,,,"106","47.1",,,"0.314","0.683",,,,,,
"2","제주","성인","일반","31","관리자","3등급","20250206","M","181.8","84.5","18.6","90.2","84","156","18.9","50",,,"13.4",,,,,,"25.6","36","62",,"239",,,,,,"59.2",,"44.4",,,,,,,,,,"0.322",,,,,,,
"8","오산","어르신","일반","70","관리자","1등급","20250206","F","142.8","51","35.8","78","89","155","25","23.4",,,"23.9",,,,,,"25.0",,,,,"27",,"114","5.90","22.10","49.0",,,,,,,,,,,,,,,,,,,"25.0"
"1","제주","성인","일반","30","관리자","3등급","20250206","M","166.3","73.5","24.4","88.2","99","152","42","50",,,"21.7",,,,,,"26.6","46","34",,"216",,,,,,"68.0",,"39.9",,,,,,,,,,"0.362",,,,,,,
"1","서구(대전)","성인","일반","19","관리자","참가","20250206","M","177.1","93.1","31.2",,"76","138","37","37.8",,,"19.2",,,,,,"29.7","35",,,"214",,,,,,"40.6",,,,,,,,"148","37.1",,,"0.371",,,,,,,
"1","서대문","청소년","일반","16","관리자","1등급","20250206","F","156.1","53.5","25.1",,"86","117","25.2","27.6",,"35","22.5","18.98","0.497","55.629","14","56.273","22.0",,"45",,,,,,,,"51.6",,"38.7",,,,,,,,,,,,,,,,,
"2","시흥","성인","일반","60","관리자","3등급","20250206","M","170.7","76.5","19.9","83","85","158","41","43.4",,,"17.2",,,,,,"26.3","35","16","12.36","178",,,,,,"56.7",,"32.7",,,,,,,,,,,,,,,,,
"1","서대문","청소년","일반","17","관리자","2등급","20250206","F","161.5","62.8","36.7",,"75","124","33.4","32.6","37",,"23.4","19.92","0.552","40.530","14","41.174","24.1",,"35",,,,,,,,"53.2",,"35.7",,,,,,,,,,,,,,,,,
"1","경산","성인","일반","19","관리자","2등급","20250206","M","169.3","57.9","12.2","68","68","146","40.4","42.4",,,"12",,,,,,"20.2","51",,"10.7","233",,,,,,"73.2",,,"95","111","128",,"50.0",,,,,,,,,,,,
"1","청주","성인","일반","20","관리자","참가","20250206","M","175.6","95.8","26.1","101.1","77","125","59.7","49.8",,,"-2.3",,,,,,"31.1","34",,"10.9","203",,,,,,"62.3",,,"91","135","155","176","38.6",,,,,,,,,,,,
"2","마포","성인","일반","24","관리자","2등급","20250206","F","165.8","52.7","26.9","64","80","114","25.8","29.8",,,"18.2",,,,,,"19.2","38",,,"170",,,,,,"56.5",,,,,,,,"146","35.2",,,"0.278",,,,,,,
"1","오산","성인","일반","19","관리자","3등급","20250206","M","172.4","61","16","75.7","61","119","38.1","41.6",,,"7.7",,,,,,"20.5","50",,"11.22","215",,,,,,"68.2",,,"94","118","140","186","45.2",,,,,,,,,,,,
"1","수원","청소년","일반","18","관리자","참가","20250206","M","172.5","74.1","21.9","84","67","113","36.7","41.8",,"58","-12.4","20.1","0.51","40.754","11","41.260","24.9",,,,,,,,,,"56.4",,,,,,,,,,,,,,,,,,,
"1","전주","청소년","일반","18","관리자","참가","20250206","M","178.2","86.2","28.9","102.2","77","131","36.5","44.2",,"44","-10","18.47","0.519","45.926","5","46.156","27.1",,,,,,,,,,"51.3",,,"99","124","147",,"42.8",,,,,,,,,,,,
"3","중구(서울)","어르신","일반","65","관리자","참가","20250206","F","155.3","60.9","43.5","87.3","84","154","15.9","18",,,"14.9",,,,,,"25.3",,,,,"33",,"116","4.9","19.2","29.6",,,,,,,,,,,,,,,,,,,"18.0"
"1","전주","성인","일반","59","관리자","참가","20250206","F","164.8","65.4","29.3","82.3","70","113","29.6","27.2",,,"15.2",,,,,,"24.1","7",,,,,,,,,"45.3",,,"87","114","137",,"31.0",,,,,"0.516","0.360",,,,,,
"2","KSPO송파","성인","일반","25","관리자","2등급","20250206","M","176.9","74.4","11.4",,"78","134","46.9","50.1",,,"10.5",,,,,,"23.8","54",,"10.8",,,,,,,"67.3",,,"78","95","119","145","47.0",,,,,,"0.606",,,,,,
"1","KSPO송파","성인","일반","19","관리자","참가","20250206","M","168.2","69.4","23.2",,"64","109","34.7","35.4",,,"-20",,,,,,"24.5","40","40",,"176",,,,,,"51.0",,"42.7",,,,,,,,,,"0.466",,,,,,,
"2","남구(부산)","성인","일반","23","관리자","3등급","20250206","F","160.1","51.5","30.1",,"61","119","24.6","27",,,"26",,,,,,"20.1","24",,,,,,,,,"52.4",,,"93","124","140",,"40.6",,,,,"0.417","0.439",,,,,,
"1","천안","성인","일반","27","관리자","참가","20250206","M","174.8","88.5","25.8",,"79","134","38.3","42.6",,,"10.1",,,,,,"29.0","38","43",,"184",,,,,,"48.1",,"39.9",,,,,,,,,,"0.421",,,,,,,
"1","천안","성인","일반","20","관리자","참가","20250206","M","185.9","67.8","11.2",,"69","127","40.8","38.7",,,"6.1",,,,,,"19.6","27","36",,"201",,,,,,"60.2",,"41.6",,,,,,,,,,"0.342",,,,,,,
"2","남구(부산)","성인","일반","24","관리자","3등급","20250206","F","162.2","51.8","28.1",,"74","127","27.4","29.4",,,"23.9",,,,,,"19.7","23",,,,,,,,,"56.8",,,,,,,,"119","38.4",,,"0.374","0.427",,,,,,
"1","광주","성인","일반","20","관리자","3등급","20250206","M","183.1","79.9","21.5",,"73","133","41.9","43.2",,,"16",,,,,,"23.8","48",,,"217",,,,,,"54.1",,,,,,,,"127","43.4",,,"0.417",,,,,,,
"1","광주","성인","일반","55","관리자","참가","20250206","M","177.1","85.2","28.4",,"71","122","36","34.6",,,"16.8",,,,,,"27.2","27",,,"170",,,,,,"42.3",,,,,,,,"82","39.7",,,"0.377",,,,,,,
"4","증평","성인","일반","63","관리자","참가","20250206","M","164.4","69.1","29.6","91.8","80","150","34.1","36.4",,,"5.5",,,,,,"25.6","40",,,"184",,,,,,"52.7",,,,,,,,"139","32.0",,,"0.356",,,,,,,
"2","광주","성인","일반","22","관리자","참가","20250206","F","160.8","47.9","28.4",,"79","119","25.2","21.2",,,"8.4",,,,,,"18.5","27",,,"154",,,,,,"52.6",,,,,,,,"124","39.0",,,"0.386",,,,,,,
"2","강북","성인","일반","19","관리자","참가","20250206","M","175.2","81.30","20.0","89.5","87","159","51","54.3",,,"16",,,,,,"26.5","44",,,,,,,,,"66.8",,,"103","128","152","176","41.0",,,,,"0.332","0.574",,,,,,
"1","청주","성인","일반","41","관리자","1등급","20250206","F","166.5","54.8","19.7","71.6","74","130","32","33.8",,,"24.8",,,,,,"19.8","35",,,"213",,,,,,"61.7",,,,,,,,"108","36.2",,,"0.352",,,,,,,
"1","남구(부산)","성인","일반","20","관리자","3등급","20250206","M","164.6","64.4","20.6",,"77","123","46.3","50.4",,,"9.8",,,,,,"23.8","64",,,"260",,,,,,"78.3",,,,,,,,"131","44.8",,,"0.289",,,,,,,
"1","강북","성인","일반","19","관리자","3등급","20250206","M","173.8","72.60","18.9","78.5","96","139","40.3","42.9",,,"13.2",,,,,,"24.0","51",,,,,,,,,"59.1",,,"103","130","157","180","42.1",,,,,"0.328","0.598",,,,,,
"1","청주","성인","일반","41","관리자","참가","20250206","M","176.1","99.4","30.7","108.5","84","138","39.6","46.7",,,"-4.2",,,,,,"32.1","40",,"11.8","181",,,,,,"47.0",,,,,,,,"102","37.0",,,,,,,,,,
"2","성남","성인","일반","54","관리자","참가","20250206","F","152.9","64.1","38.4",,"91","157","24.4","27.5",,,"17.8",,,,,,"27.4","0","9",,"137",,,,,,"42.9",,"27.4",,,,,,,,,,"0.438",,,,,,,
"2","양평","어르신","일반","70","관리자","2등급","20250206","F","158.6","59","28",,"89","162","30.4","25.4",,,"16.1",,,,,,"23.5",,,,,"24",,"119","5.44","20.5","51.5",,,,,,,,,,,,,,,,,,,"30.4"
"1","사하","성인","일반","31","관리자","참가","20250206","F","167.2","52.8","35.8","80","74","129","19.1","21.5",,,"10.5",,,,,,"18.9","7",,,,,,,,,"40.7",,,,,,,,"121","37.1",,,"0.483","0.377",,,,,,
"6","양평","어르신","일반","81","관리자","3등급","20250206","M","171.7","72.4","24",,"86","179","36.9","37.2",,,"-3.7",,,,,,"24.6",,,,,"26",,"115","6.28","27.22","51.4",,,,,,,,,,,,,,,,,,,"37.2"
"1","서구(광주)","성인","일반","21","관리자","참가","20250206","F","163.2","48.6","24.6","66","74","116","21.3","24.1",,,"15.7",,,,,,"18.2","22",,,"162",,,,,,"49.6",,,"84","117","150",,"39.8",,,,,"0.392",,,,,,,
"1","서구(광주)","성인","일반","22","관리자","참가","20250206","F","158.8","51.9","32.8","73","80","120","18.3","18.3",,,"2.2",,,,,,"20.6","12",,,"141",,,,,,"35.3",,,"74","119","171",,"35.0",,,,,"0.329",,,,,,,
"3","마포","성인","일반","26","관리자","3등급","20250206","F","162.6","58.1","31.7",,"66","110","30","32.3",,,"22.8",,,,,,"22.0","25",,,,,,,,,"55.6",,,,,,,,"126","35.6",,,"0.307","0.451",,,,,,
"3","KSPO대구","성인","일반","22","관리자","2등급","20250206","F","166.5","50.6","23.9","62","62","103","22.8","23.4",,,"26.9",,,,,,"18.3","43",,,,,,,,,"46.2",,,,,,,,"113","40.2",,,"0.384","0.464",,,,,,
"1","스포원(금정)","성인","일반","24","관리자","참가","20250206","F","158.8","50.8","31.3",,"69","125","26.6","26.1",,,"8.2",,,,,,"20.1","19",,,,,,,,,"52.4",,,"90","135","164",,"37.2",,,,,"0.397","0.425",,,,,,
"7","중구(서울)","어르신","일반","74","관리자","참가","20250206","M","164.6","74.6","31.6","92.5","88","153","34.2","39.1",,,"4.3",,,,,,"27.5",,,,,"27",,"85","6.2","27.9","52.4",,,,,,,,,,,,,,,,,,,"39.1"
"2","춘천","성인","일반","43","관리자","2등급","20250206","F","160.6","62.7","32.4","81.7","81","129","29.6","28.6",,,"23.9",,,,,,"24.3","36",,,"152",,,,,,"47.2",,,"70","106","135",,"34.3",,,,,"0.346",,,,,,,
"1","안산","성인","일반","19","관리자","참가","20250206","M","175.1","64.8","19.3","70","78","128","38.5","44.9",,,"13.6",,,,,,"21.1","50","38","10.2",,,,,,,"69.3",,"42.8",,,,,,,,,,,"0.540",,,,,,
"1","안산","성인","일반","19","관리자","참가","20250206","M","181.9","83.9","21.8","83","62","129","37.8","47",,,"9.2",,,,,,"25.4","35","38",,,,,,,,"56.0",,"39.9",,,,,,,,,,"0.363","0.516",,,,,,
"9","포천","어르신","일반","67","관리자","3등급","20250206","F","142.2","63","39.5","88","84","157","24.4","17",,,"15",,,,,,"31.2",,,,,"31",,"110","5.47","23.53","38.7",,,,,,,,,,,,,,,,,,,"24.4"
"2","서대문","어르신","일반","66","관리자","2등급","20250206","M","169.9","69.2","30.3",,"86","156","41.3","43.4",,,"7.4",,,,,,"24.0",,,,,"26",,"119","4.96","20.29","62.7",,,,,,,,,,,,,,,,,,,"43.4"
"1","포항","청소년","일반","18","관리자","2등급","20250206","M","178.8","61","12.5",,"85","157","44.9","47.6",,"50","15.2","16.86","0.601","42.061","7","42.383","19.1",,,,,,,,,,"78.0",,,"85","88","93",,"56.8",,,,,,,,,,,,
"2","서대문","성인","일반","20","관리자","2등급","20250206","M","174.7","74.8","12.7",,"85","145","53","55.4",,,"12.1",,,,,,"24.5","55","53",,,,,,,,"74.1",,"44.8",,,,,,,,,,"0.338","0.581",,,,,,
"3","동작","성인","일반","24","관리자","2등급","20250206","F","165","55.5","27.8","68","82","128","28.6","31.1",,,"20.5",,,,,,"20.4","36",,,,,,,,,"56.0",,,,,,,,"116","38.1",,,"0.345","0.477",,,,,,
"1","동구(광주)","성인","일반","38","관리자","3등급","20250206","F","169.1","60.2","32.5","71.8","61","99","26.5","26.8",,,"21",,,,,,"21.1","22",,,"156",,,,,,"44.5",,,"96","120","143",,"35.5",,,,,"0.451",,,,,,,
"1","동작","성인","일반","19","관리자","3등급","20250206","M","168.6","59.6","17.1","70","76","118","40.3","44.2",,,"22.7",,,,,,"21.0","50",,,"224",,,,,,"74.2",,,,,,,,"148","43.9",,,"0.31",,,,,,,
"13","KSPO송파별관(어르신)","어르신","일반","69","관리자","2등급","20250206","M","162.2","60.9","28.9",,"92","159","31.9","27.3",,,"9.8",,,,,,"23.1",,,,,"31",,"137","5.09","19.46","52.4",,,,,,,,,,,,,,,,,,,"31.9"
"4","KSPO송파별관(어르신)","어르신","일반","66","관리자","3등급","20250206","M","170.7","63.7","20.1",,"89","153","30","31.6",,,"10.4",,,,,,"21.9",,,,,"27",,"130","4.93","18.78","49.6",,,,,,,,,,,,,,,,,,,"31.6"
"1","KSPO송파","성인","일반","61","관리자","참가","20250206","M","161.4","66.2","25.4",,"90","149","38.5","34.1",,,"14.6",,,,,,"25.4","34",,,"158",,,,,,"58.2",,,,,,,,"141","32.6",,,"0.416",,,,,,,
"8","사천","성인","일반","29","관리자","2등급","20250206","M","172.9","78.9","24","94.2","83","143","36.4","45.1",,,"19",,,,,,"26.4","50","55",,"212",,,,,,"57.2",,"43.9",,,,,,,,,,"0.293",,,,,,,
"1","KSPO송파","성인","일반","26","관리자","3등급","20250206","F","164.3","56.4","26.3","76.1","72","120","25.3","29.5",,,"11.8",,,,,,"20.9","22","30",,"149",,,,,,"52.3",,"36.3",,,,,,,,,,"0.317",,,,,,,
"2","포천","어르신","일반","71","관리자","2등급","20250206","M","169.5","68.7","24","85","75","154","31.9","40.2",,,"10.5",,,,,,"23.9",,,,,"24",,"110","5.77","24.19","58.5",,,,,,,,,,,,,,,,,,,"40.2"
"4","KSPO광주","성인","일반","27","관리자","참가","20250206","F","165.6","75.9","40.1","88","86","129","28","28.7",,,"10.5",,,,,,"27.7","26","15",,"161",,,,,,"37.8",,"28.6",,,,,,,,,,"0.339",,,,,,,
"1","수원","성인","일반","29","관리자","3등급","20250206","M","174.8","78.6","19.3","87","70","131","54.1","54",,,"13.8",,,,,,"25.7","43",,"10.1",,,,,,,"68.8",,,,,,,,"111","43.2",,,,"0.558",,,,,,
"3","수원","성인","일반","19","관리자","3등급","20250206","M","165.4","55.3","11.6","75","80","110","43.1","53.4",,,"7.9",,,,,,"20.2","62",,,,,,,,,"96.6",,,"82","101","127",,"49.4",,,,,,"0.661",,,,,,
"1","시흥","성인","일반","55","관리자","참가","20250206","F","156.3","52.2","25","76.8","86","131","24.5","21",,,"11.4",,,,,,"21.4","20",,"14.07","147",,,,,,"46.9",,,,,,,,"85","36.1",,,,,,,,,,
"8","북구(광주)","어르신","일반","73","관리자","3등급","20250206","M","162.4","81.4","44.2","106.2","69","143","31.3","35.9",,,"1.4",,,,,,"30.9",,,,,"26",,"106","4.50","22.78","44.1",,,,,,,,,,,,,,,,,,,"35.9"
"6","중구(서울)","어르신","일반","77","관리자","3등급","20250206","M","164.6","64.2","28.2","91.5","82","153","29.7","34.8",,,"0.6",,,,,,"23.7",,,,,"19",,"94","5.5","23.5","54.2",,,,,,,,,,,,,,,,,,,"34.8"
"2","포항","성인","일반","20","관리자","3등급","20250206","M","179.7","65.7","8.4",,"68","127","36.1","36.5",,,"13",,,,,,"20.3","52",,,"256",,,,,,"55.6",,,"74","104","128","169","47.9",,,,,"0.270",,,,,,,
"1","KSPO송파별관(어르신)","어르신","일반","68","관리자","참가","20250206","M","166","78.2","31.2",,"91","159","34.6","28.9",,,"10",,,,,,"28.4",,,,,"22",,"146","5.22","23.01","44.2",,,,,,,,,,,,,,,,,,,"34.6"
"1","KSPO송파별관(어르신)","어르신","일반","67","관리자","3등급","20250206","M","170.4","70.8","26.9",,"94","133","34.7","38.6",,,"2",,,,,,"24.4",,,,,"28",,"150","4.31","18.91","54.5",,,,,,,,,,,,,,,,,,,"38.6"
"1","창원마산회원","성인","일반","22","관리자","참가","20250206","M","169.9","58.3","11.0","74","74","128","39.4","44.8",,,"-4.8",,,,,,"20.2","41","39",,"209",,,,,,"76.8",,"43.8",,,,,,,,,,"0.331",,,,,,,
"2","부천","성인","일반","63","관리자","1등급","20250206","F","149.2","49.3","25.3",,"78","138","20.3","22.4",,,"22.0",,,,,,"22.1","44",,"12.53","159",,,,,,"45.4",,,"52","85","105",,"37.4",,,,,,,,,,,,
"1","창원마산회원","성인","일반","22","관리자","참가","20250206","F","161.6","51.9","27.0","76","74","114","25.9","32.6",,,"20.4",,,,,,"19.9","31","15","12.14","182",,,,,,"62.8",,"32.6",,,,,,,,,,,,,,,,,
"12","부천","어르신","일반","68","관리자","참가","20250206","F","153.3","68.4","46.3",,"82","133","18.9","20.8",,,"10.7",,,,,,"29.1",,,,,"22",,"96","6.08","23.19","30.4",,,,,,,,,,,,,,,,,,,"20.8"
"1","계룡","청소년","일반","17","관리자","2등급","20250206","M","175.8","69.9","19.1",,"58","104","39.8","42.2",,"54","16.8","18","0.66","49.356","12","49.908","22.6",,,,,,,,,,"60.4",,,,,,,,"129","48.7",,,,,,,,,,
"1","계룡","청소년","일반","17","관리자","3등급","20250206","M","170.3","63.9","18.6",,"69","115","38.1","44.8",,"44","12.8","18","0.667","44.757","5","44.987","22.0",,"42",,,,,,,,"70.1",,"43.2",,,,,,,,,,,,,,,,,
"1","KSPO송파","성인","일반","19","관리자","2등급","20250206","M","168.9","57.7","14.5",,"67","116","39.9","39.7",,,"15.5",,,,,,"20.2","56",,"9.46","240",,,,,,"69.2",,,"103","109","127","151","50.6",,,,,,,,,,,,
"2","영암","청소년","일반","18","관리자","참가","20250206","M","173","56.8","15.3",,"80","131","32","33",,"30","4.1","21.79","0.557","48.857","12","49.409","19.0",,,,,,,,,,"58.1",,,,,,,,"167","48.5",,,,,,,,,,
"2","성남","성인","일반","25","관리자","참가","20250206","M","166.3","67.2","26.9",,"64","110","33.4","32.8",,,"7.8",,,,,,"24.3","43",,"11.72",,,,,,,"49.7",,,,,,,,"117","45.1",,,,"0.539",,,,,,
"1","KSPO송파","성인","일반","25","관리자","참가","20250206","F","167.6","60","34.6",,"62","111","22.1","23.1",,,"23.1",,,,,,"21.4","1",,,"106",,,,,,"38.5",,,,,,,,"127","35.7",,,"0.407",,,,,,,
"1","서구(대전)","성인","일반","20","관리자","2등급","20250206","M","179.5","74.9","10.1",,"76","146","44.1","51",,,"15.5",,,,,,"23.2","55",,,"232",,,,,,"68.1",,,"88","101","119","155","47.3",,,,,"0.276",,,,,,,
"1","계룡","청소년","일반","18","관리자","3등급","20250206","M","176.5","74.2","18.4",,"77","123","39.7","45.8",,"54","7.8","17","0.673","40.601","8","40.969","23.8",,"42",,,,,,,,"61.7",,"42.3",,,,,,,,,,,,,,,,,
"1","북구(광주)","성인","일반","63","관리자","1등급","20250206","M","176.5","87.7","24.8","95.7","79","137","51.6","54",,,"15.9",,,,,,"28.2","32",,,"177",,,,,,"61.6",,,"83","137","120","160","37.5",,,,,"0.385",,,,,,,
"1","북구(광주)","성인","일반","21","관리자","참가","20250206","M","172.9","98.7","33.1","99.6","94","149","48.2","41.9",,,"6.7",,,,,,"33.0","29",,"10.19","214",,,,,,"48.8",,,"90","125","138","145","42.8",,,,,,,,,,,,
"2","성남","청소년","일반","15","관리자","3등급","20250206","M","176.7","70.6","19.1",,"69","128","38.7","42.3",,"47","4.4","18.42","0.582","46.991","11","47.497","22.6",,"60",,,,,,,,"59.9",,"46.2",,,,,,,,,,,,,,,,,
"1","성남","성인","일반","29","관리자","3등급","20250206","F","160.8","53.3","21.3",,"85","133","24.1","24.4",,,"12.8",,,,,,"20.6","45","32","12.33",,,,,,,"45.8",,"37.2",,,,,,,,,,,"0.461",,,,,,
"1","시흥","성인","일반","61","관리자","참가","20250206","M","172","89.9","33.9","99","95","145","39.9","44",,,"3.8",,,,,,"30.4","26","12",,"170",,,,,,"48.9",,"29.7",,,,,,,,,,"0.392",,,,,,,
"1","성남","성인","일반","19","관리자","참가","20250206","M","184.0","82.8","17.9",,"91","153","39.8","59.7",,,"13.1",,,,,,"24.5","39",,,,,,,,,"72.1",,,,,,,,"113","45.1",,,"0.359","0.530",,,,,,
"1","동작","성인","일반","64","관리자","3등급","20250206","M","162","60.5","24","83","92","145","38.4","34",,,"3.9",,,,,,"23.1","36",,,"165",,,,,,"63.5",,,,,,,,"116","36.8",,,"0.315",,,,,,,
"3","성남","성인","일반","20","관리자","참가","20250206","M","170.6","82.6","27.6",,"90","145","39.6","43",,,"-3.2",,,,,,"28.4","37","42",,,,,,,,"52.1",,"41.1",,,,,,,,,,"0.352","0.514",,,,,,
"2","시흥","성인","일반","61","관리자","참가","20250206","F","151.6","50.4","33.4","79.5","88","157","23.5","24",,,"9",,,,,,"21.9","1",,,"110",,,,,,"47.6",,,,,,,,"108","32.2",,,"0.315",,,,,,,
"1","시흥","어르신","일반","71","관리자","3등급","20250206","M","160.3","44.2","10.7","70.5","86","158","24.9","26.9",,,,,,,,,"17.2",,,,,"23",,"99","5.9","23.65","60.9",,,,,,,,,,,,,,,,,,,"26.9"
"2","부천","어르신","일반","66","관리자","3등급","20250206","F","148","46","27.1",,"70","140","15.8","14.6",,,"17.5",,,,,,"21.0",,,,,"25",,"112","5.15","20.73","34.3",,,,,,,,,,,,,,,,,,,"15.8"
"3","시흥","성인","일반","58","관리자","1등급","20250206","F","152.8","46.8","28.1","69","82","135","23.8","21.7",,,"21.2",,,,,,"20.0","32",,,"139",,,,,,"50.9",,,,,,,,"109","33.6",,,"0.353",,,,,,,
"2","고양","성인","일반","25","관리자","3등급","20250206","F","166.5","57.9","24.7",,"66","116","24.3","29.3",,,"26.6",,,,,,"20.9","21",,"12.96","150",,,,,,"50.6",,,,,,,,"111","38.1",,,,,,,,,,
"5","동작","성인","일반","60","관리자","참가","20250206","M","156.7","61.6","30.5","86","85","148","38","43.7",,,"10.1",,,,,,"25.1","21",,,,,,,,,"70.9",,,,,,,,"103","39.1",,,"0.34","0.489",,,,,,
"2","동작","성인","일반","24","관리자","3등급","20250206","F","164","60.7","28.1","71","82","118","30.8","30.4",,,"22.1",,,,,,"22.6","25",,,"172",,,,,,"50.7",,,,,,,,"128","35.3",,,"0.312",,,,,,,
"1","고양","성인","일반","20","관리자","참가","20250206","M","171.8","72.7","27.6",,"92","133","40.7","34.4",,,"-3.5",,,,,,"24.6","40","23","10.77","184",,,,,,"56.0",,"38.1",,,,,,,,,,,,,,,,,
"7","광주","어르신","일반","85","관리자","2등급","20250206","M","169.8","61.5","32.5",,"58","120","19.9","24.6",,,"7.1",,,,,,"21.3",,,,,"17",,"96","5.79","24.23","40.0",,,,,,,,,,,,,,,,,,,"24.6"
"6","안산","어르신","일반","81","관리자","참가","20250206","M","165.9","69.2","18","88","73","153","37.3","31.3",,,"-5.4",,,,,,"25.1",,,,,"19",,"100","5.6","24.9","53.9",,,,,,,,,,,,,,,,,,,"37.3"
"1","광주","어르신","일반","82","관리자","3등급","20250206","M","163.8","66.6","29.2",,"64","155","26.5","27.2",,,"0.4",,,,,,"24.8",,,,,"14",,"97","6.20","26.50","40.8",,,,,,,,,,,,,,,,,,,"27.2"
"1","고양","어르신","일반","67","관리자","참가","20250206","F","148.6","60.3","42",,"90","152","17.1","23",,,"14",,,,,,"27.3",,,,,"32",,"85","5.56","22.98","38.1",,,,,,,,,,,,,,,,,,,"23.0"
"10","KSPO아산","어르신","일반","77","관리자","2등급","20250206","M","164","65","24.4","82","96","155","31.7","30.4",,,"2.7",,,,,,"24.2",,,,,"29",,"117","4.2","18.4","48.8",,,,,,,,,,,,,,,,,,,"31.7"
"2","강북","성인","일반","47","관리자","참가","20250206","M","177.3","87.10","20.7","95","94","158","57.7","64.9",,,"16.1",,,,,,"27.7","24",,,"210",,,,,,"74.5",,,,,,,,"135","33.5",,,"0.369",,,,,,,
"1","KSPO송파별관(어르신)","어르신","일반","75","관리자","1등급","20250206","M","171.2","69.2","22.5",,"65","130",,"37",,,"12.2",,,,,,"23.6",,,,,"29",,"114","5.74","21.10","53.5",,,,,,,,,,,,,,,,,,,
"1","창원","성인","일반","39","관리자","2등급","20250206","F","157","56","25.6","64","78","148","25.6","27.4",,,"24",,,,,,"22.7","27",,,"144",,,,,,"48.9",,,"78","102","134",,"35.9",,,,,"0.441",,,,,,,
"1","북구(광주)","성인","일반","48","관리자","참가","20250206","F","159.7","64.5","35.3","90.8","74","133","33.1","34.4",,,"20.2",,,,,,"25.3","30",,"12.25",,,,,,,"53.3",,,"95","128","150",,"31.3",,,,,,"0.478",,,,,,
"2","포천","성인","일반","42","관리자","2등급","20250206","F","168.1","68.4","27.6","74","74","121","30.7","34.1",,,"19.6",,,,,,"24.2","28",,,,,,,,,"49.9",,,"90","122","147",,"32.3",,,,,"0.457","0.440",,,,,,
"1","달서","성인","일반","64","관리자","참가","20250206","M","167.9","59.6","19.7","74.9","84","119","30.9","30.6",,,"-3.7",,,,,,"21.1","25",,,"153",,,,,,"51.8",,,,,,,,"98","40.1",,,"0.334",,,,,,,
"5","춘천","어르신","일반","67","관리자","참가","20250206","M","176.7","64.8","19.7","78.8","82","119","46.9","48.4",,,"-1.6",,,,,,"20.8",,,,,"25",,"101","3.84","17.06","74.7",,,,,,,,,,,,,,,,,,,"48.4"
"1","동작","성인","일반","25","관리자","참가","20250206","M","171.3","73.5","30.5","92","88","148","45","42.9",,,"12.8",,,,,,"25.0","35","34",,,,,,,,"61.2",,"40.2",,,,,,,,,,"0.344","0.502",,,,,,
"14","미추홀","성인","일반","34","관리자","2등급","20250206","F","160.3","64","31","75","68","110","29","31",,,"18.9",,,,,,"24.9","42","43",,,,,,,,"48.4",,"38.7",,,,,,,,,,"0.344","0.489",,,,,,
"4","남구(부산)","성인","일반","23","관리자","1등급","20250206","F","165.8","55.7","24",,"62","102","28.6","29.6",,,"21.3",,,,,,"20.3","41",,,"178",,,,,,"53.1",,,,,,,,"119","37.9",,,"0.311",,,,,,,
"4","안산","성인","일반","55","관리자","참가","20250206","F","153.3","64.3","40.6","84","76","156","20.7","23.7",,,"0.6",,,,,,"27.4","4",,"13.6","142",,,,,,"36.9",,,"50","85","107",,"35.0",,,,,,,,,,,,
"2","구미","성인","일반","40","관리자","참가","20250206","M","174.8","73.2","26.9","89.7","93","141","51.1","48.5",,,"11",,,,,,"24.0","35",,,,,,,,,"69.8",,,,,,,,"147","36.4",,,"0.35","0.54",,,,,,
"1","제주","성인","일반","19","관리자","참가","20250206","M","177.4","77.8","24","86.7","94","133","31.7","36.7",,,"9.5",,,,,,"24.7","14","41",,"208",,,,,,"47.2",,"41.5",,,,,,,,,,"0.461",,,,,,,
"4","안산","성인","일반","52","관리자","참가","20250206","F","158.3","56.3","25.2","68","56","103","23.3","26.4",,,"11.6",,,,,,"22.5","25",,"13.1","146",,,,,,"46.9",,,"50","82","113",,"36.7",,,,,,,,,,,,
"2","북구(광주)","성인","일반","34","관리자","2등급","20250206","M","177.3","72.5","16.6","81.6","55","123","46.2","42.2",,,"20.6",,,,,,"23.1","46","49",,,,,,,,"63.7",,"43.0",,,,,,,,,,"0.291","0.641",,,,,,
"1","증평","성인","일반","20","관리자","3등급","20250206","M","178.9","70.4","23.0","84.1","82","146","40","41.1",,,"16.8",,,,,,"22.0","49","42","10.4","188",,,,,,"58.4",,"42.7",,,,,,,,,,,,,,,,,
"1","연제","어르신","일반","65","관리자","3등급","20250206","F","153.9","57.5","29.8","86","80","114","20.7","21.6",,,"25.0",,,,,,"24.3",,,,,"28",,"93","5.6","21.5","37.6",,,,,,,,,,,,,,,,,,,"21.6"
"1","서대문","성인","일반","19","관리자","참가","20250206","F","164.5","47.1","23.6",,"77","117","26.2","24.6",,,"17.3",,,,,,"17.4","15",,"15.99",,,,,,,"55.6",,,,,,,,"130","39.3",,,,"0.398",,,,,,
"5","서대문","어르신","일반","74","관리자","1등급","20250206","F","151","43.1","25.0",,"97","159","20.8","23.4",,,"23",,,,,,"18.9",,,,,"27",,"119","4.46","18.91","54.3",,,,,,,,,,,,,,,,,,,"23.4"
"5","수원","어르신","일반","69","관리자","2등급","20250206","M","167.4","52","5.5","79","61","134","36.4","38.8",,,"8.5",,,,,,"18.6",,,,,"22",,"130","5","19.3","74.6",,,,,,,,,,,,,,,,,,,"38.8"
"11","KSPO대구","성인","일반","36","관리자","참가","20250206","M","178","94","29.2","101.7","98","139","48.5","52",,,"8",,,,,,"29.7","34",,,,,,,,,"55.3",,,,,,,,"120","36.9",,,"0.38","0.504",,,,,,
"1","곡성","성인","일반","56","관리자","3등급","20250206","F","152.3","53.2","36.1","80.2","80","158","20.8","21.7",,,"14.9",,,,,,"22.9","20",,,,,,,,,"40.8",,,"77","109","130",,"34.6",,,,,"0.342","0.378",,,,,,
"6","화성","성인","일반","31","관리자","2등급","20250206","M","180.1","68.9","15.5",,"68","122","42.4","40.2",,,"9.4",,,,,,"21.2","56",,"10.44","220",,,,,,"61.5",,,,,,,,"98","47.1",,,,,,,,,,
"1","마포","성인","일반","20","관리자","2등급","20250206","M","184.9","82.9","15.5","74","96","155","53.7","57",,,"18.7",,,,,,"24.2","52","64",,"238",,,,,,"68.8",,"45.9",,,,,,,,,,"0.324",,,,,,,
"4","중구(서울)","성인","일반","62","관리자","참가","20250206","M","166","66.6","29.4","90","77","127","36.1","36.4",,,"5.3",,,,,,"24.2","27",,,"163",,,,,,"54.7",,,,,,,,"142","32.5",,,"0.378",,,,,,,
"1","마포","성인","일반","37","관리자","2등급","20250206","M","172.7","70.8","18.1","78","80","131","47.9","49.1",,,"16.5",,,,,,"23.7","50","54",,"202",,,,,,"69.4",,"44.3",,,,,,,,,,"0.337",,,,,,,
"1","KSPO송파","성인","일반","63","관리자","3등급","20250206","M","167.6","54.7","8.8","66.6","75","118","32.9","36.3",,,"9.8",,,,,,"19.5","23",,,,,,,,,"66.4",,,"88","108","130","167","37.4",,,,,"0.354","0.514",,,,,,
"6","진천","성인","일반","62","관리자","3등급","20250206","M","171.2","74.3","23.2","89","82","133","48.8","48.8",,,"6",,,,,,"25.4","20",,,"175",,,,,,"65.7",,,"89","118","138",,"34.3",,,,,"0.368",,,,,,,
"1","서구(대전)","성인","일반","51","관리자","참가","20250206","M","172.5","101.5","36.2",,"89","144","39","42.2",,,"0.1",,,,,,"34.1","20",,,"152",,,,,,"41.6",,,"89","125","150",,"28.4",,,,,"0.355",,,,,,,
"1","스포원(금정)","어르신","일반","70","관리자","2등급","20250206","M","160.9","66.2","30.7",,"82","146","31.9","37.1",,,"8.3",,,,,,"25.6",,,,,"19",,"109","5.3","22.2","56.0",,,,,,,,,,,,,,,,,,,"37.1"
"2","안산","성인","일반","53","관리자","참가","20250206","F","151.8","58.3","44.7","80.3","82","149","21.9","24.9",,,"15.8",,,,,,"25.3","3",,,"112",,,,,,"42.7",,,"75","114","133",,"33.8",,,,,"0.500",,,,,,,
"3","KSPO송파","성인","일반","52","관리자","3등급","20250206","F","158.1","58.2","32.2","81.9","72","136","23","22.3",,,"11.7",,,,,,"23.3","13",,,,,,,,,"39.5",,,"96","123","147",,"32.1",,,,,"0.434","0.359",,,,,,
"1","강북","성인","일반","53","관리자","참가","20250206","M","167.4","78.20","32.2","92.7","98","152","39.7","40.6",,,"8.7",,,,,,"27.9","41",,,"202",,,,,,"51.9",,,"76","103","126","164","35.0",,,,,"0.378",,,,,,,
"2","스포원(금정)","성인","일반","51","관리자","2등급","20250206","F","165.9","63.9","36.1",,"79","114","34.6","34.5",,,"16.8",,,,,,"23.2","25",,"13","139",,,,,,"54.1",,,"86","106","124",,"34.6",,,,,,,,,,,,
"2","세종","어르신","일반","73","관리자","참가","20250206","F","160.6","56.6","26.4","76.85","88","139","21.3","19.9",,,"8.1",,,,,,"21.9",,,,,"23",,"117","4.62","21.16","37.6",,,,,,,,,,,,,,,,,,,"21.3"
"1","안산","성인","일반","45","관리자","참가","20250206","M","173.2","78.5","27.3","90.6","81","119","46.8","50.6",,,"12.9",,,,,,"26.2","39","24","11.17","215",,,,,,"64.5",,"35.5",,,,,,,,,,,,,,,,,
"1","세종","성인","일반","45","관리자","3등급","20250206","F","160.7","54","22.3","75.5","77","128","21.3","23.1",,,"20.5",,,,,,"20.9","30",,,"131",,,,,,"42.8",,,,,,,,"120","33.7",,,"0.423",,,,,,,
"1","수원","성인","일반","19","관리자","참가","20250206","M","171.8","67.6","24.9","85","87","119","34.4","38.6",,,"-9",,,,,,"22.9","31",,"11","202",,,,,,"57.1",,,"108","119","148",,"42.5",,,,,,,,,,,,
"1","수원","성인","일반","20","관리자","2등급","20250206","M","173.8","80.5","16.4","87","53","110","41","47.6",,,"14.8",,,,,,"26.6","48",,,"216",,,,,,"59.1",,,"73","97","121",,"45.4",,,,,"0.372",,,,,,,
"1","고양","어르신","일반","67","관리자","3등급","20250206","F","150.7","70.6","41.2",,"78","142","26.1","31",,,"14.5",,,,,,"31.1",,,,,"29",,"109","6.09","23.04","43.9",,,,,,,,,,,,,,,,,,,"31.0"
"1","마포","어르신","일반","75","관리자","1등급","20250206","F","159.8","47.1","18.1",,"79","145","23.1","25.2",,,"17.9",,,,,,"18.4",,,,,"19",,"134","5.06","20.67","53.5",,,,,,,,,,,,,,,,,,,"25.2"
"1","동구(인천)","성인","일반","63","관리자","참가","20250206","F","157.1","63.8","37.2",,"78","154","26.8","24.3",,,"11.5",,,,,,"25.9","0",,,,,,,,,"42.0",,,,,,,,"154","23.4",,,"0.471","0.301",,,,,,
"1","서구(대전)","성인","일반","19","관리자","참가","20250206","M","185.3","59.2","10.8",,"70","118","33.9","39.2",,,"0.9",,,,,,"17.2","32",,,"214",,,,,,"66.2",,,,,,,,"145","45.7",,,"0.309",,,,,,,
"2","포천","성인","일반","58","관리자","2등급","20250206","F","158.6","54.3","28.4","70","62","137","22.9","22.9",,,"17.1",,,,,,"21.6","17",,"14.52","140",,,,,,"42.2",,,,,,,,"72","36.8",,,,,,,,,,
"2","서대문","어르신","일반","73","관리자","2등급","20250206","M","165.7","75.3","34.4",,"85","134","34.3","41.1",,,"6.8",,,,,,"27.4",,,,,"24",,"126","4.61","22.44","54.6",,,,,,,,,,,,,,,,,,,"41.1"
"3","양평","어르신","일반","67","관리자","2등급","20250206","F","150.3","67.3","34.8",,"83","158","27.2","27",,,"16.9",,,,,,"29.8",,,,,"28",,"117","6.09","23.03","40.4",,,,,,,,,,,,,,,,,,,"27.2"
"2","서대문","성인","일반","26","관리자","3등급","20250206","M","178.8","65.9","21.6",,"73","133","42","41.1",,,"12.4",,,,,,"20.6","43",,,,,,,,,"63.7",,,,,,,,"126","44.8",,,"0.297","0.496",,,,,,
"1","동작","성인","일반","26","관리자","2등급","20250206","M","165.6","72.7","17.8","77","95","141","44.9","41.3",,,"18.8",,,,,,"26.5","50",,,,,,,,,"61.8",,,,,,,,"91","47.4",,,"0.337","0.638",,,,,,
"1","안산","어르신","일반","74","관리자","참가","20250206","M","165.5","77.1","32.9","95.7","77","142","31.3","36.1",,,"-1.5",,,,,,"28.1",,,,,"25",,"119","4.8","19.7","46.8",,,,,,,,,,,,,,,,,,,"36.1"
"2","동작","성인","일반","23","관리자","1등급","20250206","F","155.3","50","22.8","57.8","80","121","31.9","34.6",,,"21.4",,,,,,"20.7","36",,,,,,,,,"69.2",,,,,,,,"97","41.0",,,"0.380","0.490",,,,,,
"2","안산","어르신","일반","72","관리자","2등급","20250206","F","155.5","60.1","29.9","83","81","157","22.1","27.6",,,"14.1",,,,,,"24.9",,,,,"30",,"108","5.43","21.37","45.9",,,,,,,,,,,,,,,,,,,"27.6"
"6","안산","어르신","일반","78","관리자","참가","20250206","M","172.8","68.5","19.7","90","79","151","31.3","30",,,"-4.4",,,,,,"22.9",,,,,"25",,"128","5.1","23.5","45.7",,,,,,,,,,,,,,,,,,,"31.3"
"1","안산","어르신","일반","70","관리자","2등급","20250206","M","169.3","61.4","19.5","80","71","145","39.6","35.5",,,"9",,,,,,"21.4",,,,,"28",,"125","4.63","20.15","64.5",,,,,,,,,,,,,,,,,,,"39.6"
"2","포항","성인","일반","19","관리자","참가","20250206","M","172.1","53.9","17.2",,"75","131","27.4","24.3",,,"-8.1",,,,,,"18.2","45",,"12.76","166",,,,,,"50.8",,,"84","127","152","144","53.8",,,,,,,,,,,,
"62","달서","성인","일반","49","관리자","3등급","20250206","F","167.3","63.36","29","85","75","111","29.2","35",,,"14.3",,,,,,"22.6","33",,,"180",,,,,,"55.2",,,,,,,,"99","33.8",,,"0.309",,,,,,,
"3","중구(서울)","성인","일반","26","관리자","2등급","20250206","F","159.5","45.6","23.5","66.7","75","108","23.6","24.6",,,"21.2",,,,,,"17.9","36",,,"154",,,,,,"53.9",,,,,,,,"133","37.6",,,"0.4",,,,,,,
"1","경산","성인","일반","19","관리자","3등급","20250206","M","172.6","71.6","21.9","83","85","145","31.9","41.9",,,"15.9",,,,,,"24.0","48",,,"231",,,,,,"58.5",,,,,,,,"133","43.8",,,"0.316",,,,,,,
"11","정읍","성인","일반","21","관리자","3등급","20250206","M","178","82.9","18.2",,"65","130","44.4","46.5",,,"12.2",,,,,,"26.2","44","51",,"229",,,,,,"56.1",,"43.0",,,,,,,,,,"0.316",,,,,,,
"1","사천","성인","일반","24","관리자","3등급","20250206","M","175.5","81.4","23.6","98.6","73","132","42.7","43.3",,,"8.6",,,,,,"26.4","45","51",,,,,,,,"53.2",,"43.0",,,,,,,,,,"0.337","0.502",,,,,,
"1","사천","성인","일반","25","관리자","3등급","20250206","F","162.2","52.4","28.5","79","72","108","20.3","22.8",,,"22",,,,,,"19.9","26",,,,,,,,,"43.5",,,"95","123","155",,"37.3",,,,,"0.367","0.415",,,,,,
"7","오산","어르신","일반","79","관리자","3등급","20250206","M","160.1","66.3","28.6","89","71","151","28","30.1",,,"-0.3",,,,,,"25.9",,,,,"28",,"109","5.19","21.57","45.4",,,,,,,,,,,,,,,,,,,"30.1"
"6","오산","어르신","일반","72","관리자","3등급","20250206","M","162.7","65.3","30.7","88.7","90","144","33.4","26.8",,,"0.8",,,,,,"24.7",,,,,"21",,"111","6.31","24.12","51.1",,,,,,,,,,,,,,,,,,,"33.4"
"6","오산","어르신","일반","83","관리자","3등급","20250206","M","161.2","79.8","44.6","104.5","73","144","29.2","26.3",,,"-3.5",,,,,,"30.7",,,,,"18",,"92","6.37","26.81","36.6",,,,,,,,,,,,,,,,,,,"29.2"
"1","창원","성인","일반","61","관리자","참가","20250206","F","155.7","69.9","43.6","89","96","146","20.4","21",,,"9.3",,,,,,"28.8","14",,,"122",,,,,,"30.0",,,,,,,,"103","28.4",,,"0.473",,,,,,,
"1","KSPO광주","성인","일반","19","관리자","3등급","20250206","M","170.1","79.3","16.6","89.2","88","147","37","43.4",,,"8.2",,,,,,"27.4","44",,,,,,,,,"54.7",,,"95","125","142","176","42.5",,,,,"0.343","0.587",,,,,,
"1","KSPO광주","성인","일반","19","관리자","2등급","20250206","M","160","59.6","21","74.4","89","158","35.1","40.1",,,"19.4",,,,,,"23.3","54","52","9.49","225",,,,,,"67.3",,"47.1",,,,,,,,,,,,,,,,,
"2","광주","성인","일반","62","관리자","참가","20250206","F","155.5","60.9","37.6",,"87","157","25.2","21.9",,,"18.8",,,,,,"25.2","6",,,,,,,,,"41.4",,,,,,,,"128","27.4",,,"0.543","0.337",,,,,,
"2","광주","성인","일반","64","관리자","3등급","20250206","F","160.3","59.8","27.9",,"80","130","28.8","27.2",,,"23",,,,,,"23.3","11",,,,,,,,,"48.2",,,"74","112","137",,"31.4",,,,,"0.414","0.378",,,,,,
"2","광주","성인","일반","62","관리자","참가","20250206","F","156","63.9","35.1",,"69","140","28","28.2",,,"13.4",,,,,,"26.3","32",,,,,,,,,"44.1",,,"98","112","71",,"41.7",,,,,"0.407","0.409",,,,,,
"1","오산","성인","일반","19","관리자","참가","20250206","M","182.5","74.3","23.2","91.1","91","126","35.6","30.3",,,"0.3",,,,,,"22.3","40","28",,"195",,,,,,"47.9",,"38.9",,,,,,,,,,"0.324",,,,,,,
"3","화성","어르신","일반","77","관리자","3등급","20250206","M","157.9","63.7","23",,"80","152","37.9","35.4",,,"-1.2",,,,,,"25.5",,,,,"25",,"99","5.6","23.2","59.5",,,,,,,,,,,,,,,,,,,"37.9"
"6","화성","성인","일반","60","관리자","3등급","20250206","M","172.6","77.1","19.9",,"70","137","39.1","41.6",,,"16.4",,,,,,"25.9","20","26",,"172",,,,,,"54.0",,"35.0",,,,,,,,,,"0.379",,,,,,,
"7","KSPO송파별관(어르신)","어르신","일반","78","관리자","3등급","20250206","M","150.5","48","22.5",,"82","137","25.7","26.1",,,"-1",,,,,,"21.2",,,,,"32",,"111","5.57","22.97","54.4",,,,,,,,,,,,,,,,,,,"26.1"
"1","KSPO송파별관(어르신)","어르신","일반","80","관리자","1등급","20250206","F","151.1","47.1","31.8",,"88","157","20.2","20.1",,,"14",,,,,,"20.6",,,,,"34",,"122","5.60","26.21","42.9",,,,,,,,,,,,,,,,,,,"20.2"
"1","오산","성인","일반","55","관리자","참가","20250206","M","175.5","81","31.3","99.1","94","140","40.4","46.6",,,"-13.5",,,,,,"26.3","4",,,,,,,,,"57.5",,,,,,,,"128","33.8",,,"0.322","0.453",,,,,,
"2","오산","성인","일반","29","관리자","참가","20250206","M","174.4","57.9","13.1","71.2","98","145","32.9","37.3",,,"4.4",,,,,,"19.0","39",,"10.97",,,,,,,"64.4",,,,,,,,"134","44.3",,,,"0.539",,,,,,
"3","진천","어르신","일반","68","관리자","2등급","20250206","M","165","58.3","22.1","84.5","74","122","33.6","35",,,"7.1",,,,,,"21.4",,,,,"30",,"132","4.574","16.685","60.0",,,,,,,,,,,,,,,,,,,"35.0"
"1","곡성","성인","일반","19","관리자","참가","20250206","M","179","67.6","19.8","80.7","72","132","32.9","39.5",,,"3.7",,,,,,"21.1","22",,,,,,,,,"58.4",,,"85","108","121","159","49.9",,,,,"0.304","0.502",,,,,,
"1","중구(서울)","성인","일반","52","관리자","참가","20250206","F","154.2","58.9","38.5","89.3","99","157","24.3","30.9",,,"11.8",,,,,,"24.8","23",,,,,,,,,"52.5",,,"123","150","173",,"28.3",,,,,"0.512","0.397",,,,,,
"3","강북","어르신","일반","69","관리자","3등급","20250206","M","169.5","73.10","26.9","93.3","90","158","37.3","31.5",,,"4",,,,,,"25.4",,,,,"23",,"152","4.9","22.5","51.0",,,,,,,,,,,,,,,,,,,"37.3"
"2","창원","성인","일반","36","관리자","3등급","20250206","F","162.1","55","33.1","72","62","105","17.7","22.3",,,"15.4",,,,,,"20.9","20",,,,,,,,,"40.5",,,"110","126","144",,"36.5",,,,,"0.437","0.353",,,,,,
"2","KSPO송파","성인","일반","25","관리자","2등급","20250206","F","161.6","49.9","21.5","58.3","59","111","25.4","28.4",,,"17.8",,,,,,"19.1","39",,,"152",,,,,,"56.9",,,,,,,,"123","38.1",,,"0.348",,,,,,,
"1","KSPO송파","성인","일반","24","관리자","3등급","20250206","F","161.8","47.9","19.6","56.4","68","113","21.7","26",,,"27.9",,,,,,"18.3","23",,,"111",,,,,,"54.3",,,,,,,,"111","40.3",,,"0.412",,,,,,,
"1","오산","어르신","일반","81","관리자","2등급","20250206","M","175.6","72.3","28.2","90.4","84","152","32.6","31.5",,,"9.9",,,,,,"23.4",,,,,"25",,"113","5.53","23.22","45.1",,,,,,,,,,,,,,,,,,,"32.6"
"1","고양","어르신","일반","89","관리자","2등급","20250206","F","152.9","51.1","29.4",,"80","170","20.7","18",,,"7.5",,,,,,"21.9",,,,,"17",,"76","7.31","31.03","40.5",,,,,,,,,,,,,,,,,,,"20.7"
"1","성남","성인","일반","19","관리자","참가","20250206","M","190.4","83.2","25.3",,"93","147","47","46.7",,,"-3.3",,,,,,"23.0","10",,,"209",,,,,,"56.5",,,,,,,,"133","42.6",,,"0.279",,,,,,,
"1","KSPO아산(출장)","유아기","출장","72","관리자","참가","20250206","M","120.7","23.7",,,,,"10.5","11.5","8",,"4",,,,,,"16.3",,"40",,"117",,,,,,"48.5",,,,,,,,,,,,,,,,,"9.64","22.41",
"1","KSPO아산(출장)","유아기","출장","71","관리자","참가","20250206","M","119.7","21.1",,,,,"8.5","6.5","3",,"1.5",,,,,,"14.7",,"40",,"100",,,,,,"40.3",,,,,,,,,,,,,,,,,"11.5","21.53",
"1","KSPO아산(출장)","유아기","출장","71","관리자","1등급","20250206","M","115.2","22.7",,,,,"13","12","12",,"15.5",,,,,,"17.1",,"86",,"125",,,,,,"57.3",,,,,,,,,,,,,,,,,"9.84","27.67",
"4","성동","성인","일반","54","관리자","참가","20250206","F","164.9","73.1","36.3",,"64","149","30.2","33",,,"17.2",,,,,,"26.9","27",,,"156",,,,,,"45.1",,,,,,,,"134","26.0",,,"0.389",,,,,,,
"1","KSPO아산(출장)","유아기","출장","66","관리자","참가","20250206","M","113.3","21.6",,,,,"10.5","10.5","1",,"5",,,,,,"16.8",,"29",,"88",,,,,,"48.6",,,,,,,,,,,,,,,,,"8.816","24.84",
"7","춘천","어르신","일반","68","관리자","3등급","20250206","M","159.7","62.6","30.7","87.4","85","159","40.2","30.3",,,"6.1",,,,,,"24.5",,,,,"34",,"127","4.72","20.09","64.2",,,,,,,,,,,,,,,,,,,"40.2"
"1","KSPO아산(출장)","유아기","출장","64","관리자","3등급","20250206","M","108.6","19.2",,,,,"12","10.5","3",,"13.5",,,,,,"16.3",,"102",,"118",,,,,,"62.5",,,,,,,,,,,,,,,,,"8.80","29.04",
"1","KSPO아산(출장)","유아기","출장","68","관리자","참가","20250206","M","108.3","17.2",,,,,"10","10","7",,"3.1",,,,,,"14.7",,"66",,"131",,,,,,"58.1",,,,,,,,,,,,,,,,,"9.43","21.64",
"1","KSPO송파별관(어르신)","어르신","일반","70","관리자","2등급","20250206","M","175.2","64","18.6",,"86","149","31.4","33.5",,,"8",,,,,,"20.9",,,,,"28",,"120","4.71","18.05","52.3",,,,,,,,,,,,,,,,,,,"33.5"
"1","서구(대전)","성인","일반","35","관리자","참가","20250206","M","167.1","70","24.2",,"65","126","45.7","44.4",,,"-2",,,,,,"25.1","44",,,,,,,,,"65.3",,,"89","116","131","163","42.6",,,,,"0.313","0.601",,,,,,
"1","KSPO아산(출장)","유아기","출장","63","관리자","참가","20250206","M","107.2","18.4",,,,,"9","10","2",,"2",,,,,,"16.0",,"39",,"90",,,,,,"54.3",,,,,,,,,,,,,,,,,"9.817","30.65",
"5","KSPO송파별관(어르신)","어르신","일반","75","관리자","2등급","20250206","M","156.5","55.3","32",,"70","135","27.1","27.7",,,"11.4",,,,,,"22.6",,,,,"32",,"123","4.81","20.1","50.1",,,,,,,,,,,,,,,,,,,"27.7"
"1","군산","성인","일반","41","관리자","참가","20250206","F","156.5","55.2","34.9","83","84","132","21.5","23.1",,,"13",,,,,,"22.5","4",,,,,,,,,"41.8",,,,,,,,"129","32.6",,,"0.420","0.36",,,,,,
"1","KSPO아산(출장)","유아기","출장","68","관리자","2등급","20250206","M","113.1","20.8",,,,,"11","14.5","7",,"12",,,,,,"16.3",,"84",,"123",,,,,,"69.7",,,,,,,,,,,,,,,,,"9.12","21.68",
"1","KSPO아산(출장)","유아기","출장","72","관리자","참가","20250206","F","113.1","21",,,,,"10","8","7",,"10",,,,,,"16.4",,"33",,"97",,,,,,"47.6",,,,,,,,,,,,,,,,,"9.81","25.08",
"4","태백","어르신","일반","67","관리자","1등급","20250206","M","163.1","51.7","8.6","70","70","125","35.4","32.8",,,"13.4",,,,,,"19.4",,,,,"29",,"126","4.40","19.78","68.5",,,,,,,,,,,,,,,,,,,"35.4"
"4","수원","어르신","일반","69","관리자","2등급","20250206","F","157.6","59.8","32.8","84","70","127","26.1","25.1",,,"15.2",,,,,,"24.1",,,,,"21",,"111","6","24.2","43.6",,,,,,,,,,,,,,,,,,,"26.1"
"1","화성","어르신","일반","72","관리자","1등급","20250206","F","153.8","52.9","28.1",,"74","142","24.8","24.1",,,"19",,,,,,"22.4",,,,,"25",,"129","4.66","18.78","46.9",,,,,,,,,,,,,,,,,,,"24.8"
"1","KSPO아산(출장)","유아기","출장","71","관리자","참가","20250206","M","117.1","21.2",,,,,"8.5","10.5","5",,"7.5",,,,,,"15.5",,"23",,"90",,,,,,"49.5",,,,,,,,,,,,,,,,,"12.53","21.29",
"1","안산","성인","일반","52","관리자","2등급","20250206","F","161","60.6","37.1","75","85","145","27.1","29.1",,,"16.1",,,,,,"23.4","37",,"12.1",,,,,,,"48.0",,,"65","103","130",,"34.1",,,,,,"0.417",,,,,,
"5","포천","어르신","일반","72","관리자","3등급","20250206","M","161.4","46.1","8.9","70","54","106","19.3","25.9",,,"5",,,,,,"17.7",,,,,"16",,"115","5.78","27.60","56.2",,,,,,,,,,,,,,,,,,,"25.9"
"1","KSPO아산(출장)","유아기","출장","70","관리자","참가","20250206","F","112.6","22.5",,,,,"9","8.5","8",,"16.5",,,,,,"17.7",,"38",,"93",,,,,,"40.0",,,,,,,,,,,,,,,,,"9.74","28.33",
"1","KSPO아산(출장)","유아기","출장","64","관리자","참가","20250206","F","110.6","19.1",,,,,"10","10.5","4",,"9.6",,,,,,"15.6",,"59",,"63",,,,,,"55.0",,,,,,,,,,,,,,,,,"10.41","29.67",
"1","안산","어르신","일반","68","관리자","2등급","20250206","F","157.5","58.7","32.8","80","91","152","22.3","23.3",,,"16.1",,,,,,"23.7",,,,,"27",,"131","4.3","19.1","39.7",,,,,,,,,,,,,,,,,,,"23.3"
"1","KSPO아산(출장)","유아기","출장","69","관리자","3등급","20250206","M","106.6","19.1",,,,,"9","10","8",,"8.5",,,,,,"16.8",,"90",,"115",,,,,,"52.4",,,,,,,,,,,,,,,,,"9.46","22.53",
"1","창원","성인","일반","22","관리자","3등급","20250206","F","168.4","43.6","18.7","59","85","137","25","27.6",,,"14.8",,,,,,"15.4","33",,,,,,,,,"63.3",,,,,,,,"126","40.5",,,"0.286","0.427",,,,,,
"4","KSPO아산","성인","일반","64","관리자","2등급","20250206","M","162.6","74","30.6","95","92","151","43.8","43.5",,,"7.5",,,,,,"28.0","25","20",,"184",,,,,,"59.2",,"33.9",,,,,,,,,,"0.383",,,,,,,
"1","성남","성인","일반","39","관리자","2등급","20250206","F","160.0","68.0","35.6",,"75","125","32.3","32.1",,,"23.2",,,,,,"26.6","25","22",,,,,,,,"47.5",,"31.4",,,,,,,,,,"0.370","0.401",,,,,,
"1","KSPO아산(출장)","유아기","출장","72","관리자","참가","20250206","F","108.2","18.1",,,,,"7.5","9","4",,"15.5",,,,,,"15.5",,"46",,"85",,,,,,"49.7",,,,,,,,,,,,,,,,,"10.93","25.98",
"1","KSPO아산(출장)","유아기","출장","71","관리자","3등급","20250206","F","114.9","21.4",,,,,"11.5","15.5","11",,"11",,,,,,"16.2",,"61",,"110",,,,,,"72.4",,,,,,,,,,,,,,,,,"9.86","23.78",
"1","의정부","성인","일반","24","관리자","2등급","20250206","F","160.2","51.4","27.7","79.2","77","120","24.5","27.2",,,"23.2",,,,,,"20.0","30",,,,,,,,,"52.9",,,,,,,,"139","35.8",,,"0.258","0.458",,,,,,
"8","중구(서울)","성인","일반","29","관리자","3등급","20250206","M","173.1","77.8","23.2","91.9","60","112","46","43.3",,,"13.6",,,,,,"26.0","43","66",,"222",,,,,,"59.1",,"46.7",,,,,,,,,,"0.302",,,,,,,
"1","부천","성인","일반","61","관리자","참가","20250206","F","151.6","45.6","27.2",,"77","154","21.5","19.1",,,"18.5",,,,,,"19.8","0",,,"108",,,,,,"47.1",,,,,,,,"88","35.8",,,"0.360",,,,,,,
"2","서대문","성인","일반","59","관리자","2등급","20250206","F","153.6","64.4","40.5",,"82","152","27.6","27.7",,,"16.0",,,,,,"27.3","19",,,,,,,,,"43.0",,,"94","117","133",,"30.9",,,,,"0.471","0.374",,,,,,
"1","강북","청소년","일반","16","관리자","3등급","20250206","M","169.7","59.60","6.2","75","75","123","43.8","33.5","30",,"6.9","17.26","0.558","40.172","10","40.632","20.7",,"60",,,,,,,,"73.5",,"47.3",,,,,,,,,,,,,,,,,
"1","동구(인천)","성인","일반","60","관리자","참가","20250206","M","169.6","61","16.3",,"90","157","37.4","40",,,"10.4",,,,,,"21.2","45","11","12.31","194",,,,,,"65.6",,"33.9",,,,,,,,,,,,,,,,,
"1","서대문","어르신","일반","70","관리자","2등급","20250206","M","166.3","92.2","40.3",,"82","152","45.7","49.9",,,"13.8",,,,,,"33.3",,,,,"24",,"109","4.96","21.48","54.1",,,,,,,,,,,,,,,,,,,"49.9"
"4","제주","성인","일반","23","관리자","2등급","20250206","M","174.7","76.8","13.6","81.6","71","132","40.4","44.9",,,"21.7",,,,,,"25.2","51","66","9.57","236",,,,,,"58.5",,"47.3",,,,,,,,,,,,,,,,,
"1","KSPO아산(출장)","유아기","출장","64","관리자","참가","20250206","F","111","20.7",,,,,"8.1","7","3",,"9.3",,,,,,"16.8",,"19",,"88",,,,,,"39.1",,,,,,,,,,,,,,,,,"10.54","22.48",
"3","부천","성인","일반","29","관리자","3등급","20250206","F","166.8","49.1","25.4",,"77","117","23.6","25.4",,,"12.6",,,,,,"17.6","21",,,"141",,,,,,"51.7",,,,,,,,"133","36.8",,,"0.339",,,,,,,
"20","KSPO광주","성인","일반","48","관리자","1등급","20250206","M","164.6","61.8","13.6","75.9","82","132","41.3","41.8",,,"26.1",,,,,,"22.8","56","43","11.16","220",,,,,,"67.6",,"42.3",,,,,,,,,,,,,,,,,
"1","수원","성인","일반","51","관리자","참가","20250206","F","158.2","53.4","36.7","75","78","112","20.6","21.5",,,"11.7",,,,,,"21.3","0",,,"94",,,,,,"40.3",,,,,,,,"147","29.2",,,"0.466",,,,,,,
"2","KSPO송파","성인","일반","63","관리자","2등급","20250206","M","171.7","67.8","19.9","83","60","119","39.5","43.2",,,"23.5",,,,,,"23.0","28",,,"182",,,,,,"63.7",,,"74","102","115","149","39.3",,,,,"0.367",,,,,,,
"1","KSPO대구","어르신","일반","75","관리자","참가","20250206","M","159.3","57.6","29.5","91","73","153","19.4","24.9",,,"-5.7",,,,,,"22.7",,,,,"13",,"97","6.4","34.4","43.2",,,,,,,,,,,,,,,,,,,"24.9"
"1","스포원(금정)","어르신","일반","72","관리자","참가","20250206","M","165.5","76.7","37",,"81","123","42.9","43.5",,,"6.2",,,,,,"28.0",,,,,"15",,"74","6.7","28.1","56.7",,,,,,,,,,,,,,,,,,,"43.5"
"1","남구(울산)","성인","일반","38","관리자","참가","20250206","M","178","82.6","26","97.2","80","138","42.8","38",,,"-2.1",,,,,,"26.1","47",,,"197",,,,,,"51.8",,,"86","122","153","186","34.4",,,,,"0.343",,,,,,,
"1","양평","성인","일반","27","관리자","참가","20250206","M","183.6","81.3","24.9",,"63","101","41.3","42.9",,,"-5.2",,,,,,"24.1","43",,"12.7",,,,,,,"52.8",,,,,,,,"137","39.9",,,,"0.570",,,,,,
"2","수원","성인","일반","60","관리자","3등급","20250206","F","156.1","56.4","28.1","78","74","136","29.9","28.5",,,"12.5",,,,,,"23.1","26",,,,,,,,,"53.0",,,,,,,,"102","32.1",,,"0.42","0.419",,,,,,
"1","목포","성인","일반","19","관리자","참가","20250206","M","172.5","81.2","22.7","92.9","81","131","37.5","39.5",,,"10.7",,,,,,"27.3","31",,,"206",,,,,,"48.6",,,,,,,,"114","44.4",,,"0.339",,,,,,,
"2","KSPO송파","성인","일반","45","관리자","참가","20250206","M","165","69.1","27","86.7","79","131","40.8","42.5",,,"6.1",,,,,,"25.4","46",,,,,,,,,"61.5",,,,,,,,"137","36.8",,,"0.320","0.587",,,,,,
"1","강북","청소년","일반","18","관리자","3등급","20250206","M","178.9","79.20","21.2","80","95","152","51.9","54.8","43",,"19.7","17.12","0.627","42.096","11","42.602","24.7",,"42",,,,,,,,"69.2",,"41.8",,,,,,,,,,,,,,,,,
"2","스포원(금정)","성인","일반","25","관리자","1등급","20250206","F","164.6","52.6","25.6",,"66","107","30.3","30.6",,,"27.2",,,,,,"19.4","35",,,"169",,,,,,"58.2",,,,,,,,"122","37.9",,,"0.389",,,,,,,
"5","원주","어르신","일반","67","관리자","1등급","20250206","F","149.4","41.9","23.3","65.3","71","157","22.1","23",,,"21.5",,,,,,"18.8",,,,,"29",,"138","4.8","20.94","54.9",,,,,,,,,,,,,,,,,,,"23.0"
"1","화성","성인","일반","36","관리자","2등급","20250206","F","161.4","56.4","27.5",,"71","116","23.2","26.2",,,"23.4",,,,,,"21.7","29","22",,"170",,,,,,"46.5",,"33.4",,,,,,,,,,"0.291",,,,,,,
"1","수원","성인","일반","50","관리자","참가","20250206","M","186.5","97","30.8","97","88","153","57.4","54.4",,,"-13.2",,,,,,"27.9","19",,,"199",,,,,,"59.2",,,,,,,,"112","34.7",,,"0.346",,,,,,,
"2","서구(광주)","어르신","일반","69","관리자","참가","20250206","M","161.4","64.5","24.7","93","54","86","28.9","30.4",,,"0",,,,,,"24.8",,,,,"20",,"65","4.83","19.82","47.1",,,,,,,,,,,,,,,,,,,"30.4"
"1","서구(광주)","어르신","일반","67","관리자","2등급","20250206","F","155.2","56.3","24.6","83.5","62","103","17.6","27.1",,,"26.2",,,,,,"23.4",,,,,"24",,"108","4","18.86","48.1",,,,,,,,,,,,,,,,,,,"27.1"
"1","중구(서울)","성인","일반","21","관리자","참가","20250206","M","177.4","78.5","21.7","90.5","92","135","40.8","41.8",,,"2.1",,,,,,"24.9","43",,,"207",,,,,,"53.2",,,,,,,,"143","40.6",,,"0.351",,,,,,,
"1","북구(광주)","성인","일반","19","관리자","참가","20250206","M","167.7","87.4","25.7","93.4","85","139","49.9","47.8",,,"17.0",,,,,,"31.1","50",,,"213",,,,,,"57.1",,,"77","123","119","154","47.6",,,,,,,,,,,,
"1","미추홀","성인","일반","39","관리자","3등급","20250206","F","165.1","53.2","22.5","75.8","66","110","26.3","31.8",,,"14",,,,,,"19.5","41",,,"194",,,,,,"59.8",,,,,,,,"125","34.8",,,"0.361",,,,,,,
"3","서구(광주)","어르신","일반","79","관리자","2등급","20250206","M","160.4","52.8","20.4","85","70","104","34.6","36.3",,,"5.5",,,,,,"20.5",,,,,"25",,"111","4.30","18.30","68.8",,,,,,,,,,,,,,,,,,,"36.3"
"1","미추홀","성인","일반","19","관리자","3등급","20250206","M","177.2","60.2","6.6","69","71","117","36.2","40.1",,,"7.2",,,,,,"19.2","59","41","9.6","253",,,,,,"66.6",,"44.1",,,,,,,,,,,,,,,,,
"1","군산","성인","일반","63","관리자","참가","20250206","M","170.7","67","22.1","84","70","149","41.2","38.3",,,"13.7",,,,,,"23.0","17",,"16.19","153",,,,,,"61.5",,,,,,,,"81","41.5",,,,,,,,,,
"1","남구(울산)","어르신","일반","69","관리자","참가","20250206","M","165.9","73.8","32.1","93.1","94","131","39.9","43.5",,,"9.2",,,,,,"26.8",,,,,"16",,"90","5.96","25.16","58.9",,,,,,,,,,,,,,,,,,,"43.5"
"6","안산","어르신","일반","67","관리자","2등급","20250206","M","171.8","81.1","28.6","87","72","130","44.3","44.6",,,"7.4",,,,,,"27.5",,,,,"34",,"120","4.8","21.6","55.0",,,,,,,,,,,,,,,,,,,"44.6"
"15","포천","어르신","일반","77","관리자","3등급","20250206","M","161.6","68.6","35.1","92","81","178","33","27.9",,,"-1.9",,,,,,"26.3",,,,,"18",,"92","6.0","24.63","48.1",,,,,,,,,,,,,,,,,,,"33.0"
"1","수원","성인","일반","36","관리자","참가","20250206","F","162.2","61.8","23.9","74","79","128","25.2","27.4",,,"4.2",,,,,,"23.5","21",,"14","129",,,,,,"44.3",,,"76","110","136",,"35.9",,,,,,,,,,,,
"1","미추홀","성인","일반","28","관리자","참가","20250206","F","156","69.6","44.1","94","64","112","18.5","23.5",,,"1",,,,,,"28.6","25",,,"142",,,,,,"33.8",,,,,,,,"147","29.2",,,"0.318",,,,,,,
"1","서구(광주)","성인","일반","30","관리자","참가","20250206","F","167.5","60.8","30.8","82","60","94","27.1","28.4",,,"15.9",,,,,,"21.7","22","12",,"114",,,,,,"46.7",,"30.0",,,,,,,,,,"0.488",,,,,,,
"5","사하","성인","일반","52","관리자","3등급","20250206","M","173.6","75.6","22.4","86.1","99","151","36.2","41.5",,,"9.2",,,,,,"25.1","35",,,"172",,,,,,"54.9",,,,,,,,"90","41.2",,,"0.303",,,,,,,
"1","안동","성인","일반","35","관리자","2등급","20250206","F","161.7","57.5","24.6","69","73","122","25.6","26.2",,,"23.6",,,,,,"22.0","27",,"13.16","149",,,,,,"45.6",,,"65","87","103",,"41.5",,,,,,,,,,,,
"1","계룡","성인","일반","45","관리자","참가","20250206","M","180.7","92.3","28",,"75","128","45.5","47.1",,,"18.8",,,,,,"28.3","39",,,,,,,,,"51.0",,,,,,,,"106","37.4",,,"0.377","0.559",,,,,,
"1","고양","성인","일반","33","관리자","3등급","20250206","F","158","49.8","20.9",,"95","128","22.9","22.3",,,"13.7",,,,,,"19.9","26","21","13.94","144",,,,,,"46.0",,"34.2",,,,,,,,,,,,,,,,,
"1","춘천","어르신","일반","72","관리자","2등급","20250206","F","154.3","58.9","37.1","87.1","79","154","21.3","22.4",,,"13.3",,,,,,"24.7",,,,,"33",,"121","6.25","22.62","38.0",,,,,,,,,,,,,,,,,,,"22.4"
"1","서대문","성인","일반","21","관리자","2등급","20250206","M","173.0","63.7","8.7",,"68","121","40.4","46.4",,,"16.9",,,,,,"21.3","55","54","9.92",,,,,,,"72.8",,"46.6",,,,,,,,,,,"0.540",,,,,,
"1","부천","성인","일반","23","관리자","참가","20250206","M","176.2","73.7","25.4",,"87","142","40.8","43.7",,,"-4.5",,,,,,"23.7","36",,,,,,,,,"59.3",,,,,,,,"127","43.5",,,"0.328","0.502",,,,,,
"1","안동","성인","일반","35","관리자","참가","20250206","M","165.8","73.4","22.4","84","96","147","46.7","46.9",,,"-0.3",,,,,,"26.7","46","49","11.86",,,,,,,"63.9",,"43.0",,,,,,,,,,,"0.548",,,,,,
"8","부천","성인","일반","27","관리자","2등급","20250206","M","166.5","65","19.8",,"41","101","40.8","40.8",,,"12.2",,,,,,"23.4","53",,,"225",,,,,,"62.8",,,,,,,,"113","45.7",,,"0.277",,,,,,,
"6","KSPO송파","성인","일반","25","관리자","3등급","20250206","F","163.3","53.5","21.7","72.1","41","90","23.3","25.9",,,"10.6",,,,,,"20.1","33",,,"180",,,,,,"48.4",,,"80","104","124",,"41.6",,,,,"0.327",,,,,,,
"1","남구(울산)","어르신","일반","67","관리자","3등급","20250206","M","172.5","75.8","32.1","99.6","90","152","37.5","44.8",,,"9.1",,,,,,"25.5",,,,,"25",,"99","5.06","25.06","59.1",,,,,,,,,,,,,,,,,,,"44.8"
"1","안산","어르신","일반","68","관리자","3등급","20250206","M","168.9","69.1","27.0","86","91","147","39.6","39.4",,,"9.1",,,,,,"24.2",,,,,"34",,"108","5.1","22.1","57.3",,,,,,,,,,,,,,,,,,,"39.6"
"1","남구(울산)","어르신","일반","65","관리자","2등급","20250206","M","169.4","64.6","23.6","85.4","83","141","43.9","37.6",,,"8.1",,,,,,"22.5",,,,,"25",,"114","5.5","22.6","68.0",,,,,,,,,,,,,,,,,,,"43.9"
"1","사천","성인","일반","27","관리자","참가","20250206","M","181.3","90.8","27.4","106.4","71","141","48.4","54.6",,,"3",,,,,,"27.6","53","46",,"214",,,,,,"60.1",,"40.1",,,,,,,,,,"0.305",,,,,,,
"5","KSPO송파","성인","일반","38","관리자","참가","20250206","M","177","79.4","23.5","89.1","92","149","45.1","48.7",,,"1",,,,,,"25.3","34","46",,"182",,,,,,"61.3",,"41.0",,,,,,,,,,"0.362",,,,,,,
"1","서구(대전)","성인","일반","24","관리자","참가","20250206","M","176.9","74.4","29.1",,"81","140","41.5","44.1",,,"-9",,,,,,"23.8","39","23",,,,,,,,"59.3",,"37.4",,,,,,,,,,"0.401","0.365",,,,,,
"1","양평","어르신","일반","81","관리자","참가","20250206","F","153.8","59.6","35.2",,"66","142","15.1","16.2",,,"-2.5",,,,,,"25.2",,,,,"10",,"23","12.37","48.18","27.2",,,,,,,,,,,,,,,,,,,"16.2"
"2","KSPO송파별관(어르신)","어르신","일반","69","관리자","3등급","20250206","M","161.2","64.8","33.4",,"86","152","30.1","30.7",,,"11.4",,,,,,"24.9",,,,,"18",,"103","6.64","25.31","47.4",,,,,,,,,,,,,,,,,,,"30.7"
"2","양평","어르신","일반","66","관리자","2등급","20250206","M","169.8","69.9","20.8",,"90","159","43","43.8",,,"9.3",,,,,,"24.2",,,,,"26",,"129","4.9","20.79","62.7",,,,,,,,,,,,,,,,,,,"43.8"
"8","포천","어르신","일반","66","관리자","2등급","20250206","M","165.6","61.4","22.7","78","93","130","36.1","38",,,"18.3",,,,,,"22.4",,,,,"30",,"120","4.21","16.78","61.9",,,,,,,,,,,,,,,,,,,"38.0"
"14","군산","성인","일반","63","관리자","2등급","20250206","F","155.9","58.3","33.3","77","62","149","26.5","27.9",,,"18.9",,,,,,"24.0","15",,,"126",,,,,,"47.9",,,,,,,,"113","29.7",,,"0.377",,,,,,,
"2","광주","성인","일반","52","관리자","참가","20250206","F","157.7","67.8","32.5",,"80","136","32.2","33.8",,,"13.9",,,,,,"27.3","19",,,"163",,,,,,"49.9",,,,,,,,"100","31.1",,,"0.377",,,,,,,
"3","사천","성인","일반","20","관리자","1등급","20250206","M","179.7","80.9","12.4","79.2","74","132","55.7","67.9",,,"34.8",,,,,,"25.1","63","63",,"269",,,,,,"83.9",,"46.1",,,,,,,,,,"0.242",,,,,,,
"1","화성","성인","일반","19","관리자","3등급","20250206","M","175.7","58.9","12.8",,"84","127","35.7","37",,,"7.9",,,,,,"19.1","42",,,"216",,,,,,"62.8",,,,,,,,"99","51.8",,,"0.392",,,,,,,
"1","KSPO송파별관(어르신)","어르신","일반","71","관리자","2등급","20250206","F","150.6","63.6","40.9",,"86","152","18.8","22.3",,,"18",,,,,,"28.0",,,,,"24",,"112","5.44","21.79","35.1",,,,,,,,,,,,,,,,,,,"22.3"
"1","광주","성인","일반","19","관리자","참가","20250206","M","173.7","74.4","18.6",,"74","129","44.3","46.8",,,"4.1",,,,,,"24.7","51",,,"216",,,,,,"62.9",,,"79","115","130",,"48.0",,,,,"0.342",,,,,,,
"2","안동","성인","일반","28","관리자","3등급","20250206","M","164.6","63.8","17.7","73","78","122","41.4","39.5",,,"5.8",,,,,,"23.5","50",,,"206",,,,,,"64.9",,,,,,,,"78","50.8",,,"0.294",,,,,,,
"2","군산","성인","일반","63","관리자","참가","20250206","F","153.8","62","38.9","86","81","139","22.4","20.4",,,"-7.1",,,,,,"26.2","14",,"15.25",,,,,,,"36.1",,,"75","150","153",,"31.0",,,,,,"0.376",,,,,,
"2","스포원(금정)","어르신","일반","66","관리자","3등급","20250206","M","170","76.8","29.7",,"80","159","38.7","36.9",,,"5.2",,,,,,"26.6",,,,,"19",,"109","4.7","22.4","50.4",,,,,,,,,,,,,,,,,,,"38.7"
"2","북구(광주)","성인","일반","61","관리자","2등급","20250206","M","173.9","75.1","26.8","93.0","69","141","39","37",,,"18.8",,,,,,"24.8","36","20",,,,,,,,"51.9",,"33.7",,,,,,,,,,"0.360","0.465",,,,,,
"1","진천","성인","일반","60","관리자","2등급","20250206","M","167.1","79.2","27.3","90.5","76","138","43.8","47.5",,,"9.6",,,,,,"28.4","31",,,,,,,,,"60.0",,,,,,,,"109","35.1",,,"0.39","0.486",,,,,,
"1","안동","성인","일반","41","관리자","3등급","20250206","M","172.1","74.6","19.5","80","79","123","53.6","57.3",,,"23.1",,,,,,"25.2","37",,,"222",,,,,,"76.8",,,"98","110","138","171","36.6",,,,,"0.331",,,,,,,
"1","광주","성인","일반","40","관리자","참가","20250206","F","168.4","61.1","24.9",,"66","116","22.9","21.6",,,"14",,,,,,"21.5","40",,,"154",,,,,,"37.5",,,,,,,,"87","37.6",,,"0.524",,,,,,,
"1","스포원(금정)","성인","일반","41","관리자","3등급","20250206","M","169.4","69","32.6",,"74","123","48.1","45.7",,,"8.1",,,,,,"24.0","39",,,,,,,,,"69.7",,,"74","103","129","164","40.6",,,,,"0.440","0.554",,,,,,
"4","군산","성인","일반","48","관리자","참가","20250206","F","165.1","77.3","42.3","89","69","113","22.9","22.3",,,"13.8",,,,,,"28.4","14",,,,,,,,,"29.6",,,"77","98","130",,"30.0",,,,,"0.392","0.372",,,,,,
"1","화성","어르신","일반","69","관리자","3등급","20250206","M","165.4","65.5","25.3",,"72","153","31.4","33.7",,,"6.2",,,,,,"23.9",,,,,"22",,"112","5.4","23.9","51.5",,,,,,,,,,,,,,,,,,,"33.7"
"6","고양","어르신","일반","69","관리자","3등급","20250206","M","163.4","52.7","17.9",,"86","150","29.7","31.4",,,"2.1",,,,,,"19.7",,,,,"24",,"116","5.99","24.42","59.6",,,,,,,,,,,,,,,,,,,"31.4"
"3","화성","어르신","일반","66","관리자","2등급","20250206","M","163.4","58.7","11.2",,"78","133","39","40.1",,,"25.4",,,,,,"22.0",,,,,"29",,"112","5","20.8","68.3",,,,,,,,,,,,,,,,,,,"40.1"
"1","동구(인천)","성인","일반","19","관리자","참가","20250206","F","166.1","65.2","33",,"72","115","25.3","24.1",,,"11.5",,,,,,"23.6","31",,,,,,,,,"38.8",,,"94","127","172",,"32.7",,,,,"0.39","0.413",,,,,,
"3","화성","성인","일반","61","관리자","참가","20250206","M","164.2","79.9","35.8",,"90","133","36.3","38.7",,,"8.9",,,,,,"29.6","8","17",,"180",,,,,,"48.4",,"32.5",,,,,,,,,,"0.315",,,,,,,
"2","화성","성인","일반","61","관리자","3등급","20250206","M","161","60.8","19.5",,"95","158","36.4","34.3",,,"10.2",,,,,,"23.5","26","15",,"182",,,,,,"59.9",,"34.9",,,,,,,,,,"0.339",,,,,,,
"10","동구(광주)","어르신","일반","69","관리자","2등급","20250206","F","157.1","62.7","37.5","82","71","135","21.2","25",,,"15.5",,,,,,"25.4",,,,,"23",,"104","4.72","19.86","39.9",,,,,,,,,,,,,,,,,,,"25.0"
"3","부천","어르신","일반","66","관리자","3등급","20250206","M","164.5","64.9","25.8",,"54","132","30.2","32",,,"10.6",,,,,,"24.0",,,,,"34",,"127","4.15","16.20","49.3",,,,,,,,,,,,,,,,,,,"32.0"
"2","KSPO광주","성인","일반","28","관리자","참가","20250206","F","159.9","57.3","38.2","74","79","114","19.3","21.9",,,"2.8",,,,,,"22.4","21",,,,,,,,,"38.2",,,"96","147","180",,"32.9",,,,,"0.364","0.377",,,,,,
"2","화성","성인","일반","61","관리자","2등급","20250206","M","169.3","67.7","21.9",,"78","159","35.8","41.1",,,"14.4",,,,,,"23.6","41","22",,"178",,,,,,"60.7",,"35.4",,,,,,,,,,"0.386",,,,,,,
"2","영동","어르신","일반","66","관리자","3등급","20250206","M","166.9","68.3","28.4",,"78","153","32.9","32.2",,,"5.4",,,,,,"24.5",,,,,"32",,"120","4.63","20.12","48.2",,,,,,,,,,,,,,,,,,,"32.9"
"4","고양","어르신","일반","68","관리자","3등급","20250206","M","170.5","59.9","7.3",,"77","147","34.9","37.6",,,"19.9",,,,,,"20.6",,,,,"29",,"108","4.59","24.95","62.8",,,,,,,,,,,,,,,,,,,"37.6"
"4","고양","성인","일반","60","관리자","참가","20250206","F","153.6","69.7","38.2",,"92","157","30","29.9",,,"15.9",,,,,,"29.5","18",,"14.09","124",,,,,,"43.0",,,,,,,,"136","24.4",,,,,,,,,,
"1","연제","어르신","일반","65","관리자","3등급","20250206","M","164.9","74.0","24.9","87","83","112","26.1","37.5",,,"6.4",,,,,,"27.2",,,,,"28",,"108","6.2","21.1","50.7",,,,,,,,,,,,,,,,,,,"37.5"
"6","부천","어르신","일반","69","관리자","3등급","20250206","F","153.6","57.3","38.4",,"94","154","24.3","23.5",,,"13.3",,,,,,"24.3",,,,,"30",,"115","4.84","19.74","42.4",,,,,,,,,,,,,,,,,,,"24.3"
"1","사천","성인","일반","33","관리자","참가","20250206","M","176.5","92","31.1","107.2","91","146","50.1","53.7",,,"11",,,,,,"29.5","31",,,,,,,,,"58.4",,,,,,,,"117","38.4",,,"0.316","0.514",,,,,,
"1","원주","성인","일반","19","관리자","참가","20250206","M","179.3","70.1","15.2","79","85","142","34.1","39.2",,,"-2.1",,,,,,"21.8","30",,,,,,,,,"55.9",,,,,,,,"139","43.7",,,"0.364","0.613",,,,,,
"1","사천","성인","일반","28","관리자","2등급","20250206","F","162.7","55.2","27.7","75.6","82","120","28.5","30.1",,,"21.5",,,,,,"20.9","31",,,,,,,,,"54.5",,,,,,,,"120","36.7",,,"0.263","0.453",,,,,,
"4","KSPO송파별관(어르신)","어르신","일반","66","관리자","참가","20250206","M","175.4","66.6","12.2",,"83","143","48.5","50.3",,,"0.5",,,,,,"21.6",,,,,"32",,"140","4.54","18.78","75.5",,,,,,,,,,,,,,,,,,,"50.3"
"7","KSPO송파","성인","일반","46","관리자","3등급","20250206","F","157.2","58.1","28.7","72","77","127","25.4","27.1",,,"15.2",,,,,,"23.5","24","14",,,,,,,,"46.6",,"30.3",,,,,,,,,,"0.430","0.427",,,,,,
"6","강북","어르신","일반","81","관리자","참가","20250206","M","166.5","79.30","32.8","98.2","78","150","27.5","28.9",,,"-10.8",,,,,,"28.6",,,,,"20",,"79","6.5","27.2","36.4",,,,,,,,,,,,,,,,,,,"28.9"
"6","KSPO송파별관(어르신)","어르신","일반","83","관리자","2등급","20250206","M","168","73.1","35.2",,"84","154","33.5","36.3",,,"3",,,,,,"25.9",,,,,"27",,"130","5.53","23.08","49.7",,,,,,,,,,,,,,,,,,,"36.3"
"1","수원","성인","일반","20","관리자","참가","20250206","M","172.3","82.1","26.3","91","82","144","41.2","47.8",,,"-5",,,,,,"27.7","33",,,"222",,,,,,"58.2",,,"88","108","142",,"39.7",,,,,"0.4",,,,,,,
"3","동작","성인","일반","19","관리자","참가","20250206","M","174.8","68.1","17.2","74","88","133","47.2","53.2",,,"11.9",,,,,,"22.3","39",,,"221",,,,,,"78.1",,,,,,,,"116","47.2",,,"0.284",,,,,,,
"1","서대문","성인","일반","64","관리자","참가","20250206","M","173.4","76.6","28.7",,"99","154","43.6","46.6",,,"8.8",,,,,,"25.5","19",,,,,,,,,"60.8",,,,,,,,"93","37.5",,,"0.370","0.474",,,,,,
"1","수원","성인","일반","63","관리자","참가","20250206","F","155.3","53.7","23.9","77","64","132","21.6","22.1",,,"13",,,,,,"22.3","0",,"15.6","137",,,,,,"41.2",,,"72","110","125",,"34.8",,,,,,,,,,,,
"3","마포","어르신","일반","66","관리자","2등급","20250206","F","154.2","52","26.9",,"71","151","31.3","30.4",,,"16.4",,,,,,"21.9",,,,,"26",,"126","5.08","19.98","60.2",,,,,,,,,,,,,,,,,,,"31.3"
"10","마포","어르신","일반","74","관리자","3등급","20250206","F","153.1","58.2","37.9",,"75","145","28","29.5",,,"10.6",,,,,,"24.8",,,,,"16",,"98","6.60","27.75","50.7",,,,,,,,,,,,,,,,,,,"29.5"
"1","서구(대전)","성인","일반","28","관리자","3등급","20250206","F","157.8","52.7","26.8",,"68","123","26.7","27.2",,,"25.7",,,,,,"21.2","21",,,,,,,,,"51.6",,,,,,,,"132","35.4",,,"0.329","0.465",,,,,,
"2","수원","성인","일반","35","관리자","2등급","20250206","F","166.2","59.6","18.7","70","67","118","30.3","35",,,"14.7",,,,,,"21.6","34",,"12.3","145",,,,,,"58.7",,,"92","111","136",,"36.6",,,,,,,,,,,,
"2","북구(광주)","어르신","일반","65","관리자","2등급","20250207","F","163.7","69.7","38.0","90.5","81","154","33.3","34.1",,,"15.9",,,,,,"26.0",,,,,"24",,"118","5.38","21.91","48.9",,,,,,,,,,,,,,,,,,,"34.1"
"1","사하","성인","일반","28","관리자","참가","20250207","M","181.3","71.7","11.6","83.1","70","138","50.6","53.5",,,"-2.4",,,,,,"21.8","50",,,"255",,,,,,"74.6",,,,,,,,"122","43.8",,,"0.352",,,,,,,
"3","익산","성인","일반","19","관리자","참가","20250207","M","168","73.3","21.3",,"78","119","57.7","72.9",,,"17",,,,,,"26.0","37","21",,,,,,,,"99.5",,"37.7",,,,,,,,,,"0.342","0.614",,,,,,
"1","KSPO대구","성인","일반","62","관리자","2등급","20250207","F","162.4","54.6","26","70.5","72","135","24.3","25.4",,,"18.4",,,,,,"20.7","14",,,,,,,,,"46.5",,,"64","94","117",,"35.6",,,,,"0.416","0.467",,,,,,
"2","전주","어르신","일반","68","관리자","2등급","20250207","M","165.1","70","20.2","82.7","78","119","35.4","35.9",,,"18",,,,,,"25.7",,,,,"28",,"111","4.91","19","51.3",,,,,,,,,,,,,,,,,,,"35.9"
"1","서구(광주)","성인","일반","28","관리자","참가","20250207","F","163.8","57.5","27.9","80","72","113","22","25.7",,,"25.6",,,,,,"21.4","28","15",,"126",,,,,,"44.7",,"31.5",,,,,,,,,,"0.422",,,,,,,
"1","남구(부산)","성인","일반","19","관리자","참가","20250207","M","169.8","56.9","10.8",,"60","131","41.6","43",,,"15.7",,,,,,"19.7","39",,,,,,,,,"75.6",,,,,,,,"106","50.8",,,"0.316","0.527",,,,,,
"1","창원","성인","일반","19","관리자","참가","20250207","M","165.6","65.6","15.5","71","78","140","40.3","48.3",,,"8",,,,,,"23.9","18",,,"208",,,,,,"73.6",,,,,,,,"102","49.1",,,"0.282",,,,,,,
"4","사상","성인","일반","49","관리자","참가","20250207","M","164.8","73","32","88","110","150","33.8","34.9",,,"10.9",,,,,,"26.9","40",,"11.6",,,,,,,"47.8",,,,,,,,"103","39.9",,,,"0.485",,,,,,
"1","오산","성인","일반","20","관리자","참가","20250207","M","174.5","63.9","19.1","80.1","81","121","34.5","37.5",,,"23.8",,,,,,"21.0","43","28","12","215",,,,,,"58.7",,"40.5",,,,,,,,,,,,,,,,,
"5","KSPO아산","어르신","일반","65","관리자","2등급","20250207","F","148.3","56.1","36.6","87.5","72","156","21.9","22.1",,,"16.4",,,,,,"25.5",,,,,"22","598",,"5.1","20.9","39.4",,,,,,,,,,,,,,,,,,,"22.1"
"2","남구(부산)","성인","일반","19","관리자","참가","20250207","M","172.7","62.2","15.4",,"85","140","51.6","53.3",,,"12.4",,,,,,"20.9","24",,,"253",,,,,,"85.7",,,,,,,,"103","50.3",,,"0.295",,,,,,,
"6","오산","성인","일반","21","관리자","1등급","20250207","M","166.7","63.7","19.5","80.4","89","149","50.1","54.3",,,"16.5",,,,,,"22.9","63","63",,"235",,,,,,"85.2",,"48.8",,,,,,,,,,"0.293",,,,,,,
"4","KSPO아산","어르신","일반","67","관리자","3등급","20250207","M","174","87.3","25.7","98","76","132","49.3","48.8",,,"3.6",,,,,,"28.8",,,,,"33",,"114","3.8","17.6","56.5",,,,,,,,,,,,,,,,,,,"49.3"
"3","서구(대전)","성인","일반","19","관리자","3등급","20250207","M","171.7","60.5","10.2",,"69","111","42.3","44.7",,,"20.8",,,,,,"20.5","44",,,"226",,,,,,"73.9",,,,,,,,"104","50.4",,,"0.254",,,,,,,
"9","KSPO아산","어르신","일반","70","관리자","참가","20250207","F","146","39.6","20.3","73","99","159","18.7","21",,,"8.4",,,,,,"18.6",,,,,"18",,"79","6.8","29.6","53.0",,,,,,,,,,,,,,,,,,,"21.0"
"1","남구(울산)","성인","일반","19","관리자","참가","20250207","M","174.3","60.8","12.4","75.4","91","134","33.5","32.9",,,"10.9",,,,,,"20.0","37",,,"202",,,,,,"55.1",,,,,,,,"104","50.6",,,"0.371",,,,,,,
"2","남구(부산)","성인","일반","58","관리자","참가","20250207","F","154.7","51.8","23.3",,"74","120","29.8","29.4",,,"24",,,,,,"21.6","7",,,"156",,,,,,"57.5",,,,,,,,"120","31.2",,,"0.361",,,,,,,
"1","안산","성인","일반","60","관리자","참가","20250207","F","150.3","49.8","31.5","73","91","149","24.6","18.2",,,"2.1",,,,,,"22.0","10",,"14.37","139",,,,,,"49.4",,,,,,,,"116","31.4",,,,,,,,,,
"1","오산","성인","일반","61","관리자","참가","20250207","M","166.3","73","29.7","89","99","159","40.8","43.9",,,"-1.2",,,,,,"26.4","27","23",,,,,,,,"60.1",,"34.9",,,,,,,,,,"0.46","0.44",,,,,,
"4","남구(부산)","성인","일반","57","관리자","참가","20250207","F","157.3","51.9","34.9",,"66","128","25.3","29.1",,,"16.6",,,,,,"21.0","0",,,,,,,,,"56.1",,,,,,,,"104","33.6",,,"0.298","0.375",,,,,,
"1","남구(울산)","성인","일반","19","관리자","참가","20250207","M","178.4","67.4","20.4","79.5","72","121","40.6","40",,,"7.5",,,,,,"21.2","10",,,"217",,,,,,"60.2",,,,,,,,"75","53.7",,,"0.366",,,,,,,
"6","익산","성인","일반","23","관리자","3등급","20250207","F","173.5","51.8","30.5","66","68","100","20.3","24.3",,,"23.2",,,,,,"17.2","30",,,"147",,,,,,"46.9",,,,,,,,"140","37.1",,,"0.422",,,,,,,
"4","남구(울산)","성인","일반","24","관리자","1등급","20250207","F","165.2","50.8","28.5","75.7","66","114","25.3","31.4",,,"20.7",,,,,,"18.6","43",,,"179",,,,,,"61.8",,,,,,,,"108","40.2",,,"0.315",,,,,,,
"1","춘천","성인","일반","19","관리자","참가","20250207","M","177.1","64.8","12","76.1","75","132","51.1","49.8",,,"8.6",,,,,,"20.7","33","51","10.53","230",,,,,,"78.9",,"45.8",,,,,,,,,,,,,,,,,
"1","강북","어르신","일반","72","관리자","참가","20250207","M","159.2","62.8","24.9","93.8","80","157","32.9","37.3",,,"8.4",,,,,,"24.8",,,,,"14",,"86","5.7","24.9","59.4",,,,,,,,,,,,,,,,,,,"37.3"
"1","KSPO송파별관(어르신)","어르신","일반","65","관리자","2등급","20250207","M","173.2","80.5","35.2",,"99","157","36.1","41.3",,,"17",,,,,,"26.8",,,,,"26",,"135","4.46","17.66","51.3",,,,,,,,,,,,,,,,,,,"41.3"
"2","양평","성인","일반","62","관리자","참가","20250207","M","171","75.9","28.4",,"97","158","40.9","45.2",,,"4.4",,,,,,"26.0","32","19",,"173",,,,,,"59.6",,"33.4",,,,,,,,,,"0.336",,,,,,,
"1","북구(광주)","성인","일반","34","관리자","참가","20250207","F","170.4","76.3","31.8","92.9","72","110","34.6","37.3",,,"8.2",,,,,,"26.3","49",,,,,,,,,"48.9",,,"85","112","138",,"32.8",,,,,"0.383","0.461",,,,,,
"1","제주","성인","일반","23","관리자","참가","20250207","M","161.1","61.1","21","80.2","77","133","34.6","37.9",,,"-10.4",,,,,,"23.5","31",,,,,,,,,"62.0",,,,,,,,"125","45.4",,,,"0.477",,,,,,
"1","제주","성인","일반","21","관리자","참가","20250207","M","179","66.2","12.3","81.1","69","123","32.2","33.3",,,"5.6",,,,,,"20.7","26",,"11.2","196",,,,,,"50.3",,,,,,,,"120","46.9",,,,,,,,,,
"1","제주","성인","일반","27","관리자","참가","20250207","M","173","86.9","38.4","108.7","89","150","19.3","18.5",,,"-13.6",,,,,,"29.0","24",,,,,,,,,"22.2",,,,,,,,"138","37.7",,,"0.403","0.377",,,,,,
"5","청주","성인","일반","54","관리자","참가","20250207","F","147.2","46.4","30.4","70.7","56","113","24.1","29.5",,,"3.6",,,,,,"21.4","0",,,"130",,,,,,"63.6",,,,,,,,"83","37.1",,,"0.384",,,,,,,
"1","전주","청소년","일반","18","관리자","3등급","20250207","M","172.8","65.8","13.5","74.6","85","138","35.3","38.2","36",,"16.6","18.28","0.617","40.268","9","40.682","22.0",,"41",,,,,,,,"58.1",,"43.0",,,,,,,,,,,,,,,,,
"7","청주","성인","일반","62","관리자","1등급","20250207","F","149.5","50.2","29.2","72.2","96","159","20.6","23.8",,,"27.3",,,,,,"22.5","27",,,"146",,,,,,"47.4",,,,,,,,"74","36.0",,,"0.396",,,,,,,
"1","제주","성인","일반","29","관리자","참가","20250207","M","175.8","111.5","47.8","132.4","96","131","30.5","35.7",,,"-17.1",,,,,,"36.1","2",,,,,,,,,"32.0",,,,,,,,,,,,"0.438","0.353",,,,,,
"6","청주","성인","일반","58","관리자","참가","20250207","F","150.9","64.4","39.9","93.9","82","159","20","22",,,"13.4",,,,,,"28.3","5",,,"104",,,,,,"34.2",,,,,,,,"113","28.6",,,"0.414",,,,,,,
"3","청주","성인","일반","62","관리자","참가","20250207","F","157.1","52.6","37.2","78.7","62","120","10.6","22.8",,,"6.1",,,,,,"21.3","7",,,"108",,,,,,"43.3",,,,,,,,"111","31.6",,,"0.479",,,,,,,
"1","KSPO대구","성인","일반","33","관리자","3등급","20250207","M","173.4","78.6","18.4","81.5","66","113","43.5","42.1",,,"7",,,,,,"26.1","50",,,,,,,,,"55.3",,,,,,,,"77","47.1",,,"0.313","0.597",,,,,,
"1","스포원(금정)","성인","일반","59","관리자","1등급","20250207","M","171.6","64.2","16.7",,"71","132","41.8","50.2",,,"22.7",,,,,,"21.8","35",,"11.1","212",,,,,,"78.2",,,"72","77","94","106","46.7",,,,,,,,,,,,
"1","KSPO대구","성인","일반","22","관리자","2등급","20250207","F","164.2","65.7","34","85.5","72","117","27.4","28.5",,,"29.9",,,,,,"24.4","40",,,,,,,,,"43.4",,,,,,,,"100","37.8",,,"0.441","0.453",,,,,,
"1","동작","어르신","일반","73","관리자","3등급","20250207","M","171.8","87.8","34.8","104","74","145","41.1","44",,,"3.4",,,,,,"29.7",,,,,"28",,"117","5.08","27.07","50.1",,,,,,,,,,,,,,,,,,,"44.0"
"1","스포원(금정)","성인","일반","27","관리자","참가","20250207","F","171.7","76.5","38.1",,"73","132","28","28.5",,,"13.4",,,,,,"25.9","7","12",,,,,,,,"37.3",,"27.7",,,,,,,,,,"0.382","0.410",,,,,,
"5","중구(서울)","어르신","일반","73","관리자","1등급","20250207","M","171.5","75.7","23.2","89.4","84","153","40.6","50.2",,,"12.4",,,,,,"25.7",,,,,"31",,"134","4.2","18.9","66.3",,,,,,,,,,,,,,,,,,,"50.2"
"4","동작","어르신","일반","75","관리자","1등급","20250207","M","169.2","73.8","29","98","90","155","47.2","47.2",,,"12.4",,,,,,"25.8",,,,,"31",,"117","4.26","18.70","64.0",,,,,,,,,,,,,,,,,,,"47.2"
"3","고양","어르신","일반","75","관리자","2등급","20250207","M","172.4","76.1","30.8",,"73","168","36.1","33.1",,,"8",,,,,,"25.6",,,,,"28",,"115","5.06","21.18","47.4",,,,,,,,,,,,,,,,,,,"36.1"
"1","사천","성인","일반","19","관리자","참가","20250207","M","172.8","61.3","18.2","78.9","84","136","44.6","46.4",,,"12",,,,,,"20.5","28",,,,,,,,,"75.7",,,,,,,,"144","44.5",,,"0.391","0.539",,,,,,
"21","스포원(금정)","성인","일반","29","관리자","2등급","20250207","M","166.8","70.3","23.6",,"83","140","45","44.6",,,"13.6",,,,,,"25.3","45",,,,,,,,,"64.0",,,,,,,,"97","46.4",,,"0.289","0.485",,,,,,
"8","중구(서울)","성인","일반","64","관리자","참가","20250207","M","170","72.7","26.1","88.2","86","144","35.8","42.4",,,"13",,,,,,"25.2","22",,,,,,,,,"58.3",,,,,,,,"142","30.9",,,"0.299","0.422",,,,,,
"1","사천","성인","일반","60","관리자","2등급","20250207","M","167.9","66.4","22.8","82.9","71","144","37.5","37.8",,,"12",,,,,,"23.6","30",,,,,,,,,"56.9",,,,,,,,"111","37.7",,,"0.379","0.527",,,,,,
"1","오산","성인","일반","43","관리자","참가","20250207","F","166.6","76.9","40.8","100","93","137","23.4","29.1",,,"7.5",,,,,,"27.7","23",,,"123",,,,,,"37.8",,,,,,,,"137","26.9",,,"0.318",,,,,,,
"3","남구(부산)","어르신","일반","67","관리자","2등급","20250207","M","173.3","66.6","15",,"85","152","37.4","44.2",,,"8.9",,,,,,"22.2",,,,,"31",,"141","5.45","19.30","66.4",,,,,,,,,,,,,,,,,,,"44.2"
"1","천안","성인","일반","59","관리자","2등급","20250207","F","158.3","52.8","29.3",,"66","119","24.1","26.7",,,"16.9",,,,,,"21.1","24",,,"119",,,,,,"50.6",,,"79","103","124",,"35.2",,,,,"0.374",,,,,,,
"1","고양","청소년","일반","18","관리자","참가","20250207","M","176.5","69.8","14.4",,"91","143","41.3","44.2",,"41","5.8","18.67","0.44","42.486","6","42.762","22.4",,,,,,,,,,"63.3",,,,,,,,,,,,,,,,,,,
"1","천안","성인","일반","54","관리자","2등급","20250207","F","161.7","54","30.6",,"95","153","27.2","24.7",,,"17.3",,,,,,"20.7","29",,,"140",,,,,,"50.4",,,"82","111","135",,"34.7",,,,,"0.405",,,,,,,
"2","서구(대전)","청소년","일반","18","관리자","3등급","20250207","M","181.4","67.6","12.6",,"66","117","43.6","47.1",,"48","5.5","18.25","0.614","41.227","14","41.871","20.5",,"61",,,,,,,,"69.7",,"47.7",,,,,,,,,,,,,,,,,
"1","마포","성인","일반","29","관리자","2등급","20250207","F","154.5","46.2","33.3","62","59","111","20.6","23.3",,,"23.1",,,,,,"19.4","31",,,"118",,,,,,"50.4",,,,,,,,"144","35.0",,,"0.319",,,,,,,
"1","오산","성인","일반","31","관리자","참가","20250207","M","169.7","71.6","28.1","93.2","81","118","35.9","43.7",,,"9",,,,,,"24.9","29",,"12.80","195",,,,,,"61.0",,,"94","123","156","187","37.3",,,,,,,,,,,,
"7","마포","성인","일반","62","관리자","참가","20250207","F","142.8","58","44.3","91","90","154","25.5","24.7",,,"20.1",,,,,,"28.4","24",,,"125",,,,,,"44.0",,,,,,,,"123","27.4",,,"0.308",,,,,,,
"1","오산","성인","일반","19","관리자","참가","20250207","M","191","82","22","88.2","83","122","35.2","36.8",,,"8.7",,,,,,"22.5","39","24",,,,,,,,"44.9",,"36.7",,,,,,,,,,"0.446","0.613",,,,,,
"3","안산","어르신","일반","68","관리자","2등급","20250207","M","169.5","61.3","19.8","76","103","178","36.7","33.1",,,"19.2",,,,,,"21.3",,,,,"30",,"122","4.9","21.5","59.9",,,,,,,,,,,,,,,,,,,"36.7"
"1","강북","성인","일반","63","관리자","3등급","20250207","M","164.8","72.00","20.1","95.5","92","150","44.7","45.3",,,"3.8",,,,,,"26.5","29",,,"187",,,,,,"62.9",,,"84","113","129",,"36.0",,,,,"0.388",,,,,,,
"1","사상","청소년","일반","17","관리자","3등급","20250207","M","178.6","72.4","23.9","81.6","82","147","38.1","38.9",,"53","16.9","18.18","0.607","39.895","8","40.263","22.7",,,,,,,,,,"53.7",,,"84","120","140",,"46.8",,,,,,,,,,,,
"1","나주","성인","일반","49","관리자","참가","20250207","M","170","74.8","24.1","82.5","89","152","40.4","45.1",,,"11.9",,,,,,"25.9","29","15",,"220",,,,,,"60.3",,"33.6",,,,,,,,,,"0.297",,,,,,,
"1","사상","청소년","일반","17","관리자","2등급","20250207","M","167","57.8","18.1","73.6","63","114","31","34.6",,"58","19.1","19.08","0.581","39.241","10","39.701","20.7",,,,,,,,,,"59.9",,,"98","124","143",,"47.9",,,,,,,,,,,,
"2","동해","어르신","일반","69","관리자","3등급","20250207","M","161.8","76.1","35.9",,"76","126","31.2","34.3",,,"5.0",,,,,,"29.1",,,,,"27",,"125","5.22","21.82","45.1",,,,,,,,,,,,,,,,,,,"34.3"
"2","동해","어르신","일반","75","관리자","2등급","20250207","M","163.7","63.1","27.6",,"81","120","32.5","29.3",,,"18.9",,,,,,"23.5",,,,,"25",,"120","5.32","24.90","51.5",,,,,,,,,,,,,,,,,,,"32.5"
"3","KSPO송파","성인","일반","21","관리자","참가","20250207","F","170.2","55.7","29.4","71.2","63","100","24.6","24.4",,,"15.2",,,,,,"19.2","21",,,"156",,,,,,"44.2",,,,,,,,"139","36.3",,,"0.368",,,,,,,
"1","서대문","성인","일반","21","관리자","참가","20250207","M","175.1","73.4","20.4",,"80","120","41.3","43.9",,,"-3.2",,,,,,"23.9","34","53","11.88",,,,,,,"59.8",,"44.9",,,,,,,,,,,"0.604",,,,,,
"1","서대문","성인","일반","20","관리자","3등급","20250207","M","170.9","69.6","20.3",,"80","120","56.1","57.4",,,"9.8",,,,,,"23.8","54","65","11.76",,,,,,,"82.5",,"48.4",,,,,,,,,,,"0.628",,,,,,
"3","KSPO송파","성인","일반","23","관리자","3등급","20250207","F","165.4","48.1","19","64","81","115","24.7","26.5",,,"12.7",,,,,,"17.6","36",,,"163",,,,,,"55.1",,,"109","134","151",,"40.3",,,,,"0.344",,,,,,,
"2","안산","성인","일반","64","관리자","2등급","20250207","F","161.7","57.7","34.3","74","85","159","25.6","28.4",,,"17.3",,,,,,"22.1","14",,,,,,,,,"49.2",,,"94","112","144",,"30.0",,,,,"0.433","0.373",,,,,,
"1","서대문","성인","일반","25","관리자","참가","20250207","M","178.4","62.9","19.1",,"80","120","41.1","44.2",,,"11",,,,,,"19.8","39","31","12.31",,,,,,,"70.3",,"40.9",,,,,,,,,,,"0.546",,,,,,
"1","곡성","성인","일반","61","관리자","참가","20250207","M","161.9","72.9","28.1","90.1","85","152","38.2","34.5",,,"4.2",,,,,,"27.8","38",,,,,,,,,"52.4",,,"95","116","136","162","33.3",,,,,"0.407","0.427",,,,,,
"1","서대문","성인","일반","20","관리자","3등급","20250207","M","164.8","70","17.4",,"80","120","51.5","58.9",,,"7.6",,,,,,"25.8","51","65","10.99",,,,,,,"84.1",,"48.5",,,,,,,,,,,"0.716",,,,,,
"1","KSPO대구","성인","일반","62","관리자","1등급","20250207","F","164.4","66.5","33","74","70","121","26.9","28.3",,,"22",,,,,,"24.6","20","16",,,,,,,,"42.6",,"29.0",,,,,,,,,,"0.375","0.418",,,,,,
"2","나주","성인","일반","33","관리자","참가","20250207","M","173.8","75.6","22.5","86.8","85","144","44.9","48.5",,,"4",,,,,,"25.0","57","40","11.84",,,,,,,"64.2",,"40.6",,,,,,,,,,,"0.499",,,,,,
"1","KSPO대구","성인","일반","62","관리자","참가","20250207","M","174.6","71.8","21.5","87","85","147","35.8","34.1",,,"-1.7",,,,,,"23.6","19","15",,,,,,,,"49.9",,"33.0",,,,,,,,,,"0.458","0.462",,,,,,
"4","제주","성인","일반","28","관리자","3등급","20250207","M","168.2","57.8","10.7","74.7","81","130","32.5","40",,,"9.5",,,,,,"20.4","39",,,"184",,,,,,"69.2",,,,,,,,"130","44.7",,,"0.306",,,,,,,
"1","사하","성인","일반","32","관리자","3등급","20250207","M","177.8","75.2","15.7","88.1","63","125","42.1","37.5",,,"11.4",,,,,,"23.8","53","51",,,,,,,,"56.0",,"43.2",,,,,,,,,,"0.337","0.601",,,,,,
"1","증평","성인","일반","28","관리자","참가","20250207","M","185.6","78.4","20.2","86.6","73","128","39","45.8",,,"-2.9",,,,,,"22.8","42",,,,,,,,,"58.4",,,,,,,,"114","43.8",,,"0.325","0.575",,,,,,
"1","안산","성인","일반","60","관리자","참가","20250207","F","163.3","53.6","26.6","71","107","182","33.9",,,,"8.2",,,,,,"20.1","9",,,"118",,,,,,"63.2",,,"62","90","112",,"36.9",,,,,"0.461",,,,,,,
"2","동구(광주)","성인","일반","40","관리자","3등급","20250207","F","158.6","54.8","25.4","66","71","118","24.5","24.1",,,"12.5",,,,,,"21.8","22",,,,,,,,,"44.7",,,"99","120","141",,"35.9",,,,,"0.452","0.452",,,,,,
"1","고양","어르신","일반","65","관리자","2등급","20250207","F","154.2","58.5","31",,"90","178","22.6","24.7",,,"22.9",,,,,,"24.6",,,,,"32",,"112","5.96","22.91","42.2",,,,,,,,,,,,,,,,,,,"24.7"
"5","고양","어르신","일반","70","관리자","2등급","20250207","F","151.1","61.2","33.5",,"91","155","24","26.9",,,"16",,,,,,"26.8",,,,,"28",,"113","5.73","23.36","44.0",,,,,,,,,,,,,,,,,,,"26.9"
"1","달서","성인","일반","20","관리자","참가","20250207","M","184","83.4","20.4","95.8","90","152","48.4","41.6",,,"5.7",,,,,,"24.6","34",,,"220",,,,,,"58.0",,,,,,,,"121","43.5",,,"0.398",,,,,,,
"1","창원마산회원","성인","일반","51","관리자","2등급","20250207","F","162.9","59","22.2","80","91","152","27.4","35.3",,,"17.7",,,,,,"22.2","48",,"12.73","158",,,,,,"59.8",,,,,,,,"91","35.1",,,,,,,,,,
"2","달서","성인","일반","20","관리자","3등급","20250207","M","179.5","85.2","18.7","96.8","97","150","52.1","60.4",,,"6.7",,,,,,"26.4","50",,,"245",,,,,,"70.9",,,,,,,,"92","47.1",,,"0.325",,,,,,,
"2","KSPO광주","성인","일반","20","관리자","참가","20250207","M","181.3","81.5","14.4","74","73","156","37.5","49.4",,,"12.9",,,,,,"24.8","41","25",,,,,,,,"60.6",,"37.1",,,,,,,,,,"0.330","0.603",,,,,,
"1","KSPO광주","성인","일반","19","관리자","참가","20250207","M","178","69.6","20","75.9","69","119","37","40.3",,,"4.2",,,,,,"22.0","37","20",,"207",,,,,,"57.9",,"37.8",,,,,,,,,,"0.364",,,,,,,
"4","양평","성인","일반","55","관리자","2등급","20250207","M","171","60.3","16.7",,"83","133","40.7","44.2",,,"12.7",,,,,,"20.6","47",,,"213",,,,,,"73.3",,,,,,,,"133","37.3",,,"0.316",,,,,,,
"1","곡성","성인","일반","60","관리자","참가","20250207","M","167.2","66.8","33.3","85.6","83","136","29.7","33.5",,,"-2.7",,,,,,"23.9","26",,,"153",,,,,,"50.1",,,,,,,,"98","39.5",,,"0.355",,,,,,,
"1","양평","성인","일반","24","관리자","참가","20250207","F","161.1","64.9","36.2",,"82","117","27.4","31.4",,,"7.3",,,,,,"25.0","32","14","14.66","158",,,,,,"48.4",,"30.1",,,,,,,,,,,,,,,,,
"1","서대문","성인","일반","22","관리자","참가","20250207","F","158.8","49.3","13.5",,"76","117","21.6","24.5",,,"19.5",,,,,,"19.5","22","20","12.30",,,,,,,"49.7",,"34.5",,,,,,,,,,,"0.441",,,,,,
"3","서대문","성인","일반","61","관리자","2등급","20250207","M","163.9","79.8","32.9",,"74","158","51.6","51.0",,,"11.5",,,,,,"29.7","27","26","11.84",,,,,,,"64.7",,"34.7",,,,,,,,,,,"0.450",,,,,,
"1","경산","성인","일반","20","관리자","참가","20250207","M","182.7","91.3","25.5","88","72","135","51.4","55.4",,,,,,,,,"27.4","51","42",,"203",,,,,,"60.7",,"39.6",,,,,,,,,,"0.368",,,,,,,
"1","서대문","성인","일반","23","관리자","참가","20250207","F","162.9","59.3","39.6",,"74","125","22.8","24.6",,,"19.8",,,,,,"22.3","14","21","12.56",,,,,,,"41.5",,"33.2",,,,,,,,,,,"0.414",,,,,,
"1","서대문","성인","일반","26","관리자","2등급","20250207","F","163.1","47.6","21.6",,"75","134","21.4","23.2",,,"33.5",,,,,,"17.9","28","29","12.29",,,,,,,"48.7",,"37.4",,,,,,,,,,,"0.412",,,,,,
"4","군산","성인","일반","49","관리자","2등급","20250207","M","173.8","62.6","18.2","77","63","125","37.5","46.3",,,"14.9",,,,,,"20.7","40","44",,,,,,,,"74.0",,"42.1",,,,,,,,,,"0.308","0.561",,,,,,
"4","창원","성인","일반","47","관리자","1등급","20250207","F","168.4","67.2","27.2","74","79","126","32.6","30.5",,,"22.1",,,,,,"23.7","33",,"11.69","185",,,,,,"48.5",,,,,,,,"95","33.9",,,,,,,,,,
"3","창원","성인","일반","47","관리자","1등급","20250207","M","183.3","67","11.1","72","79","122","46.3","54.9",,,"15.9",,,,,,"19.9","53",,"10.663","238",,,,,,"81.9",,,,,,,,"74","47.4",,,,,,,,,,
"5","사하","어르신","일반","72","관리자","1등급","20250207","M","170.9","65.4","18","77.8","98","159","37.9","39.9",,,"10.3",,,,,,"22.4",,,,,"28",,"122","4.6","20.23","61.0",,,,,,,,,,,,,,,,,,,"39.9"
"1","KSPO송파","성인","일반","19","관리자","참가","20250207","M","173.6","67.5","16.4","80.7","81","143","47.3","49.6",,,"15.8",,,,,,"22.4","40",,,"222",,,,,,"73.5",,,,,,,,"121","46.5",,,"0.329",,,,,,,
"1","남원","청소년","일반","18","관리자","참가","20250207","M","173.2","79.5","26.6","93","81","142","39.2","45.8",,"41","10.6","19.06","0.552","44.028","11","44.534","26.5",,"34",,,,,,,,"57.6",,"39.3",,,,,,,,,,,,,,,,,
"1","서대문","성인","일반","19","관리자","참가","20250207","M","178.2","98.9","34.3",,"88","145","39","48.8",,,"12.7",,,,,,"31.1","28","24","12.2",,,,,,,"49.3",,"34.5",,,,,,,,,,,"0.521",,,,,,
"1","서대문","성인","일반","20","관리자","참가","20250207","M","172.7","71.6","15.5",,"83","128","48.4","46.9",,,"12.3",,,,,,"24.0","45","38","10.7",,,,,,,"67.6",,"41.8",,,,,,,,,,,"0.641",,,,,,
"1","서대문","성인","일반","20","관리자","참가","20250207","M","169.7","57.2","17.4",,"66","120","33.9","33.6",,,"-7.8",,,,,,"19.9","38","51","11.1",,,,,,,"59.3",,"47.0",,,,,,,,,,,"0.555",,,,,,
"1","서대문","성인","일반","21","관리자","2등급","20250207","M","172.3","71.8","16",,"80","130","43.4","44.3",,,"13.8",,,,,,"24.2","51","56","12.51",,,,,,,"61.7",,"45.9",,,,,,,,,,,"0.590",,,,,,
"1","동작","성인","일반","52","관리자","참가","20250207","M","177.8","79.4","23.7","90","98","140","47","52.1",,,"3",,,,,,"25.1","16",,,,,,,,,"65.6",,,,,,,,"125","35.5",,,"0.292","0.502",,,,,,
"1","동작","성인","일반","58","관리자","참가","20250207","M","165.5","62.3","18.9","78","92","157","29.4","33",,,"9.1",,,,,,"22.7","22",,,"154",,,,,,"53.0",,,"91","112","126","140","41.6",,,,,"0.229",,,,,,,
"1","시흥","성인","일반","59","관리자","3등급","20250207","F","160.4","59.9","31.8","81.3","75","145","23.1","23.5",,,"16.6",,,,,,"23.3","14",,,"111",,,,,,"39.2",,,"97","129","138",,"32.8",,,,,"0.370",,,,,,,
"3","북구(광주)","성인","일반","19","관리자","2등급","20250207","M","171.9","59.7","19.1","70.6","56","116","41.3","44.1",,,"13.6",,,,,,"20.2","51",,,"222",,,,,,"73.9",,,"94","112","138","166","47.7",,,,,"0.292",,,,,,,
"4","마포","성인","일반","64","관리자","2등급","20250207","M","167.1","71","26.5","85","94","151","40.3","44.5",,,"14.5",,,,,,"25.4","34",,,"186",,,,,,"62.7",,,,,,,,"107","36.2",,,"0.313",,,,,,,
"1","마포","성인","일반","24","관리자","참가","20250207","F","158.1","64.4","41","70","74","131","24.8","26.7",,,"29.8",,,,,,"25.8","0",,,"122",,,,,,"41.5",,,,,,,,"134","33.0",,,"0.385",,,,,,,
"2","서대문","성인","일반","27","관리자","2등급","20250207","M","183.6","82.5","20.8",,"81","150","50.6","50.7",,,"19.8",,,,,,"24.5","52","56","11.16",,,,,,,"61.5",,"43.6",,,,,,,,,,,"0.687",,,,,,
"2","양평","성인","일반","24","인바디","참가","20250207","M","175.0","92.30","28.4","103.3",,,"47.0","48.0",,,"3.6",,,,,,"30.1","8",,,,,,,,,"52",,,,,,,,,,,,"0.652",,"0.59",,,,,"48.0"
"7","서대문","성인","일반","63","관리자","참가","20250207","M","165.1","69.5","25.4",,"91","148","41.1","43.4",,,"16.4",,,,,,"25.5","18","18","12.26",,,,,,,"62.4",,"34.1",,,,,,,,,,,"0.480",,,,,,
"1","강북","성인","일반","25","관리자","참가","20250207","F","163","50.7","31","65","55","99","16.7","18.9",,,"19.5",,,,,,"19.1","14",,,,,,,,,"37.3",,,,,,,,"147","35.1",,,"0.418","0.383",,,,,,
"1","청주","성인","일반","59","관리자","참가","20250207","F","151.1","63.5","45.4","97.2","82","159","27","27.6",,,"5.5",,,,,,"27.8","9",,,,,,,,,"43.5",,,,,,,,,,,,"0.547",,,,,,,
"1","스포원(금정)","성인","일반","22","관리자","참가","20250207","M","172.1","80.1","25.8",,"83","146","44","44.3",,,"7.9",,,,,,"27.0","44","36","10.8","185",,,,,,"55.3",,"39.9",,,,,,,,,,,,,,,,,
"4","서대문","성인","일반","23","관리자","1등급","20250207","F","162.0","57.8","31.3",,"86","133","29.6","31.1",,,"22.4",,,,,,"22.0","46","53","12.27",,,,,,,"53.8",,"43.2",,,,,,,,,,,"0.539",,,,,,
"1","스포원(금정)","성인","일반","36","관리자","참가","20250207","M","182.3","75.8","26.5",,"91","145","44.6","47.9",,,"-0.7",,,,,,"22.8","35",,,"165",,,,,,"63.2",,,,,,,,"121","41.2",,,"0.355",,,,,,,
"1","서대문","성인","일반","60","관리자","3등급","20250207","F","164.1","57.5","22.1",,"78","127","27.6","35.4",,,"11.9",,,,,,"21.4","12","19","13.21",,,,,,,"61.6",,"31.5",,,,,,,,,,,"0.429",,,,,,
"5","청주","성인","일반","51","관리자","3등급","20250207","F","154.9","55.9","33.5","82.2","79","132","27.8","29.6",,,"14",,,,,,"23.3","27",,,"134",,,,,,"53.0",,,,,,,,"85","35.8",,,"0.365",,,,,,,
"1","고양","어르신","일반","80","관리자","2등급","20250207","M","148.3","56.8","25.5",,"71","142","23.3","25.1",,,"8.1",,,,,,"25.8",,,,,"28",,"106","6.71","29.89","44.2",,,,,,,,,,,,,,,,,,,"25.1"
"1","오산","성인","일반","25","관리자","2등급","20250207","M","165.7","69.3","18.8","85.1","62","124","52","48.9",,,"16.3",,,,,,"25.2","48","50","10.77","240",,,,,,"75.0",,"44.7",,,,,,,,,,,,,,,,,
"4","청주","성인","일반","54","관리자","참가","20250207","M","169.9","90.2","35.3","109.4","59","131","47.6","52.4",,,"-4.1",,,,,,"31.2","16",,,"153",,,,,,"58.1",,,,,,,,"110","34.2",,,"0.494",,,,,,,
"2","오산","성인","일반","19","관리자","참가","20250207","M","174.4","59.8","14.3","75.7","92","125","40","41.7",,,"10.5",,,,,,"19.7","28",,,"223",,,,,,"69.7",,,,,,,,"135","46.2",,,"0.247",,,,,,,
"16","KSPO송파별관(어르신)","어르신","일반","69","관리자","2등급","20250207","M","174","66.5","19.8",,"75","134","33.5","34.2",,,"18",,,,,,"22.0",,,,,"34",,"160","4.23","18.32","51.4",,,,,,,,,,,,,,,,,,,"34.2"
"1","KSPO송파별관(어르신)","어르신","일반","66","관리자","3등급","20250207","M","179.3","82.8","24.6",,"75","121","40.7","38.7",,,"10.5",,,,,,"25.8",,,,,"30",,"144","4.27","16.27","49.2",,,,,,,,,,,,,,,,,,,"40.7"
"1","KSPO광주","성인","일반","25","관리자","참가","20250207","F","154.5","49.7","25.4","66","84","136","24","23.6",,,"0.4",,,,,,"20.8","30",,,,,,,,,"48.3",,,,,,,,"125","37.2",,,"0.385","0.460",,,,,,
"1","청주","성인","일반","59","관리자","참가","20250207","F","152.4","62.2","36.5","84.4","72","132","20.5","27.5",,,"17.8",,,,,,"26.8","14",,,"81",,,,,,"44.2",,,,,,,,"115","28.9",,,"0.392",,,,,,,
"1","KSPO광주","성인","일반","25","관리자","3등급","20250207","F","167.1","50.7","29.6","69","90","121","22.1","24.1",,,"11.5",,,,,,"18.2","23",,,,,,,,,"47.5",,,,,,,,"142","36.1",,,"0.512","0.423",,,,,,
"19","청주","성인","일반","54","관리자","참가","20250207","F","155.9","59.3","38.2","83.7","65","106","27.9","27.2",,,"18.6",,,,,,"24.4","6",,,"137",,,,,,"47.0",,,,,,,,"113","31.1",,,"0.422",,,,,,,
"1","고양","성인","일반","59","관리자","참가","20250207","M","167","61.2","16.7",,"107","162","45.1","48.1",,,"13.3",,,,,,"21.9","49","15","11.74","180",,,,,,"78.6",,"34.9",,,,,,,,,,,,,,,,,
"6","청주","성인","일반","50","관리자","참가","20250207","F","169.8","78.1","30.9","93.6","83","159","31.1","31.7",,,"15",,,,,,"27.1","16",,,"153",,,,,,"40.6",,,,,,,,"131","26.4",,,"0.400",,,,,,,
"8","중구(서울)","어르신","일반","74","관리자","참가","20250207","M","164.4","74.3","32.1","94.4","80","149","35.6","39.2",,,"0.8",,,,,,"27.5",,,,,"24",,"94","7.4","28.6","52.8",,,,,,,,,,,,,,,,,,,"39.2"
"4","청주","성인","일반","58","관리자","3등급","20250207","F","151.7","47.3","22.5","70.7","67","138","20.9","25",,,"14.3",,,,,,"20.6","17",,,"114",,,,,,"52.9",,,,,,,,"70","38.1",,,"0.395",,,,,,,
"1","포천","성인","일반","37","관리자","1등급","20250207","M","170.8","69.6","15.2","74","88","128","42.1","43.7",,,"15.6",,,,,,"23.9","47",,"10.84",,,,,,,"62.8",,,,,,,,"84","46.8",,,,"0.585",,,,,,
"1","중구(서울)","성인","일반","35","관리자","2등급","20250207","F","158.4","56.6","30.6","82.2","66","124","23.4","27.4",,,"24.2",,,,,,"22.6","28",,,"144",,,,,,"48.4",,,"103","128","138",,"37.4",,,,,"0.459",,,,,,,
"1","창원","성인","일반","24","관리자","참가","20250207","F","159.4","61.3","40.5","76","71","121","19.3","21",,,"-14.8",,,,,,"24.1","19",,,"103",,,,,,"34.3",,,"110","149","167",,"34.6",,,,,"0.522",,,,,,,
"1","KSPO송파","성인","일반","20","관리자","참가","20250207","M","177.4","75.9","22.9","86.5","78","116","36.2","39.9",,,"-9.1",,,,,,"24.1","38","38",,"225",,,,,,"52.6",,"41.0",,,,,,,,,,"0.339",,,,,,,
"1","KSPO송파","성인","일반","20","관리자","참가","20250207","M","172.8","73.4","27","88.5","48","107","32.1","42.8",,,"3.3",,,,,,"24.6","38","34",,"203",,,,,,"58.3",,"40.6",,,,,,,,,,"0.300",,,,,,,
"1","동구(인천)","성인","일반","41","관리자","3등급","20250207","M","167.8","63.8","17.9",,"82","152","43.1","46.3",,,"14.1",,,,,,"22.7","33",,,"221",,,,,,"72.6",,,,,,,,"91","45.9",,,"0.325",,,,,,,
"1","동구(인천)","성인","일반","28","관리자","참가","20250207","F","168.2","70.1","35.6",,"87","132","14.2","18.7",,,"17.7",,,,,,"24.8","13","9","14.25","86",,,,,,"26.7",,"27.7",,,,,,,,,,,,,,,,,
"1","동구(인천)","성인","일반","30","관리자","2등급","20250207","F","168.9","60.2","23.6",,"64","109","31.9","33.8",,,"15.8",,,,,,"21.1","52",,,"191",,,,,,"56.1",,,,,,,,"92","39.1",,,"0.272",,,,,,,
"1","동구(인천)","성인","일반","19","관리자","2등급","20250207","M","174.5","73.8","17.6",,"77","151","55.1","58.7",,,"18.7",,,,,,"24.2","70",,,,,,,,,"79.5",,,,,,,,"122","45.0",,,"0.323","0.608",,,,,,
"6","안산","어르신","일반","76","관리자","참가","20250207","M","165.2","83","29.3","95","63","132","31","40.1",,,"-3.2",,,,,,"30.4",,,,,"18",,"95","6.82","27.69","48.3",,,,,,,,,,,,,,,,,,,"40.1"
"3","화성","어르신","일반","74","관리자","2등급","20250207","M","163.3","65.2","27.9",,"85","148","33.8","33.7",,,"19.6",,,,,,"24.4",,,,,"25",,"129","4.78","23.66","51.8",,,,,,,,,,,,,,,,,,,"33.8"
"3","화성","어르신","일반","75","관리자","1등급","20250207","F","150.7","51.1","33.3",,"81","135","30.1","22.7",,,"17",,,,,,"22.5",,,,,"29",,"118","4.32","19","58.9",,,,,,,,,,,,,,,,,,,"30.1"
"1","화성","성인","일반","20","관리자","참가","20250207","M","173.7","73.5","20.9",,"80","129","42","46.1",,,"4.3",,,,,,"24.4","49","43",,"228",,,,,,"62.7",,"42.6",,,,,,,,,,"0.287",,,,,,,
"1","청주","성인","일반","64","관리자","참가","20250207","F","156.3","70.9","46.1","97.8","87","144","19","23.9",,,"13.2",,,,,,"29.0","8",,,"59",,,,,,"33.7",,,,,,,,"110","26.8",,,"0.587",,,,,,,
"4","청주","성인","일반","55","관리자","참가","20250207","F","154.9","45.4","28.4","71.4","67","124","23.8","24.9",,,"10.2",,,,,,"18.9","5",,,"111",,,,,,"54.8",,,,,,,,"127","32.5",,,"0.408",,,,,,,
"16","청주","성인","일반","55","관리자","참가","20250207","F","167.6","69.2","37.3","87.7","68","116","21.4","30.8",,,"6.8",,,,,,"24.6","0",,,"126",,,,,,"44.5",,,,,,,,"102","31.0",,,"0.291",,,,,,,
"2","청주","성인","일반","60","관리자","2등급","20250207","F","157.4","58.8","32.2","81.4","90","145","16.6","26.5",,,"19.3",,,,,,"23.7","18",,,"110",,,,,,"45.1",,,,,,,,"87","33.4",,,"0.455",,,,,,,
"7","청주","성인","일반","61","관리자","3등급","20250207","F","152.9","56.3","36.5","81.3","80","146","20.5","13.9",,,"11.8",,,,,,"24.1","20",,,"122",,,,,,"36.4",,,,,,,,"118","29.6",,,"0.243",,,,,,,
"8","강북","어르신","일반","69","관리자","참가","20250207","M","157.1","52.70","28.6","82.5","99","158","32.9","38.7",,,"0.4",,,,,,"21.4",,,,,"25",,"113","5.4","23.9","73.4",,,,,,,,,,,,,,,,,,,"38.7"
"2","청주","성인","일반","54","관리자","참가","20250207","F","151.7","73.8","40.6","96.6","95","159","30.1","31.5",,,"6.2",,,,,,"32.1","9",,,"119",,,,,,"42.7",,,,,,,,"121","26.1",,,"0.377",,,,,,,
"1","청주","성인","일반","52","관리자","참가","20250207","F","158.4","61.7","37.4","86.4","98","159","23.3","21.7",,,"19",,,,,,"24.6","18",,,"153",,,,,,"37.8",,,,,,,,"135","28.4",,,"0.365",,,,,,,
"1","청주","성인","일반","63","관리자","2등급","20250207","F","160.1","53.2","29.6","77.1","85","144","25.9","23.7",,,"22.6",,,,,,"20.8","21",,,"117",,,,,,"48.7",,,,,,,,"115","31.1",,,"0.507",,,,,,,
"2","창원","어르신","일반","65","관리자","1등급","20250207","F","148.8","52.5","33.1","71","52","111","21.9","22.3",,,"22",,,,,,"23.7",,,,,"22",,"135","4.724","21.196","42.5",,,,,,,,,,,,,,,,,,,"22.3"
"3","KSPO송파별관(어르신)","어르신","일반","81","관리자","1등급","20250207","M","163.8","57.7","21.4",,"84","129","26.4","27.5",,,"6.2",,,,,,"21.5",,,,,"34",,"122","4.66","19.27","47.7",,,,,,,,,,,,,,,,,,,"27.5"
"6","KSPO송파별관(어르신)","어르신","일반","78","관리자","3등급","20250207","F","144.1","43.7","28.7",,"81","153","17.8","21.8",,,"9.5",,,,,,"21.0",,,,,"37",,"111","5","21.33","49.9",,,,,,,,,,,,,,,,,,,"21.8"
"2","충주","성인","일반","62","관리자","3등급","20250207","M","168.2","60.4","21.9","78","88","151","46","45.7",,,"18.4",,,,,,"21.3","20","16","12.63","177",,,,,,"76.2",,"35.0",,,,,,,,,,,,,,,,,
"2","KSPO광주","성인","일반","30","관리자","3등급","20250207","F","167.1","60.9","26.6","84","46","100","24.1","27.6",,,"17.3",,,,,,"21.8","24",,,"122",,,,,,"45.3",,,"80","105","135",,"37.2",,,,,"0.453",,,,,,,
"1","성동","성인","일반","28","관리자","2등급","20250207","M","172.9","65.3","12.6",,"81","117","42.8","41.6",,,"17.6",,,,,,"21.8","49",,,"241",,,,,,"65.5",,,,,,,,"100","47.8",,,"0.244",,,,,,,
"1","서구(대전)","성인","일반","19","관리자","참가","20250207","M","178.9","62.8","10.1",,"67","107","38.8","42.7",,,"1.1",,,,,,"19.6","50",,,,,,,,,"68.0",,,,,,,,"141","45.0",,,"0.324","0.601",,,,,,
"2","사하","어르신","일반","66","관리자","1등급","20250207","M","160.4","50","16.8","71","71","135","31.1","34.3",,,"15",,,,,,"19.4",,,,,"29",,"137","4.67","17.38","68.6",,,,,,,,,,,,,,,,,,,"34.3"
"1","서구(대전)","성인","일반","19","관리자","참가","20250207","M","170.5","66.3","15.7",,"74","120","31.3","43.5",,,"-0.5",,,,,,"22.8","54",,,,,,,,,"65.6",,,,,,,,"88","51.4",,,"0.358","0.564",,,,,,
"1","양평","성인","일반","56","관리자","2등급","20250207","M","175","71.6","19",,"76","127","41.4","39.2",,,"10.7",,,,,,"23.4","33",,,"170",,,,,,"57.8",,,"85","105","120","142","40.6",,,,,"0.328",,,,,,,
"4","성남","어르신","일반","72","관리자","3등급","20250207","F","154.7","55.7","31.1",,"84","147","24.3","27.6",,,"11.4",,,,,,"23.3",,,,,"19",,"116","5.64","24.23","49.6",,,,,,,,,,,,,,,,,,,"27.6"
"3","성남","어르신","일반","79","관리자","1등급","20250207","M","161.3","65.6","22.8",,"67","137","35.6","38.6",,,"13.4",,,,,,"25.2",,,,,"22",,"117","5.19","21.15","58.8",,,,,,,,,,,,,,,,,,,"38.6"
"1","강북","성인","일반","64","관리자","참가","20250207","M","170.8","62.00","16.5","73.4","82","152","38.6","39.2",,,"-0.7",,,,,,"21.3","36","18","11.8","205",,,,,,"63.2",,"35.0",,,,,,,,,,,,,,,,,
"5","안산","어르신","일반","68","관리자","2등급","20250207","F","145.5","59.3","50.5","83","65","141","23.4","24.4",,,"18",,,,,,"28.0",,,,,"28",,"125","5.44","22.22","41.1",,,,,,,,,,,,,,,,,,,"24.4"
"1","강북","어르신","일반","72","관리자","참가","20250207","F","153.3","53.7","32.3","77.7","94","154","19.1","23.1",,,"5.8",,,,,,"22.9",,,,,"15",,"70","6","25.5","43.0",,,,,,,,,,,,,,,,,,,"23.1"
"7","광주","어르신","일반","78","관리자","2등급","20250207","M","169.3","71.3","26.7",,"69","127","31.4","39.6",,,"7.9",,,,,,"24.9",,,,,"20",,"102","6.04","26.56","55.5",,,,,,,,,,,,,,,,,,,"39.6"
"1","강북","성인","일반","20","관리자","3등급","20250207","M","169.4","71.90","21.8","77","69","116","42.7","38.7",,,"9.0",,,,,,"25.1","43","48","10.0","223",,,,,,"59.4",,"44.1",,,,,,,,,,,,,,,,,
"1","KSPO대구","성인","일반","19","관리자","참가","20250207","M","174.6","75.1","21.2","86","93","139","42.3","43.3",,,"8",,,,,,"24.6","41","37","10.6","220",,,,,,"57.7",,"41.1",,,,,,,,,,,,,,,,,
"7","광주","어르신","일반","87","관리자","3등급","20250207","M","166.4","56.5","20.7",,"77","159","31.1","33.1",,,"4.1",,,,,,"20.4",,,,,"16",,"70","7.48","27.32","58.6",,,,,,,,,,,,,,,,,,,"33.1"
"1","창원","성인","일반","21","관리자","2등급","20250207","M","172.8","67.3","20.8","83","96","137","40.1","43.8",,,"19.3",,,,,,"22.5","48",,,"226",,,,,,"65.1",,,"68","100","119","156","49.4",,,,,"0.360",,,,,,,
"1","원주","성인","일반","60","관리자","2등급","20250207","M","170","63.7","17.6","79.7","83","132","36.3","42.4",,,"13.3",,,,,,"22.0","34","23","11.89","171",,,,,,"66.6",,"36.3",,,,,,,,,,,,,,,,,
"1","화성","성인","일반","39","관리자","참가","20250207","F","157.4","49.6","27.3",,"75","103","22.9","22.8",,,"8.7",,,,,,"20.0","36",,,"142",,,,,,"46.2",,,"80","119","111",,"43.4",,,,,"0.351",,,,,,,
"1","KSPO광주","청소년","일반","17","관리자","참가","20250207","M","171.6","53.3","11.7","65.5","72","124","32.8","27.4","29",,"3.3","18.4","0.555","52.090","8","52.458","18.1",,,,,,,,,,"61.5",,,"86","109","125",,"52.2",,,,,,,,,,,,
"1","화성","성인","일반","38","관리자","참가","20250207","M","171.6","75.4","23.3",,"96","139","31.6","31.6",,,"-1.7",,,,,,"25.6","42",,,"208",,,,,,"41.9",,,"81","110","132","168","39.6",,,,,"0.363",,,,,,,
"8","성남","어르신","일반","78","관리자","2등급","20250207","M","162.8","59.3","26.5",,"86","156","25.1","26.9",,,"13.1",,,,,,"22.4",,,,,"29",,"113","4.66","19.26","45.4",,,,,,,,,,,,,,,,,,,"26.9"
"2","KSPO아산","어르신","일반","65","관리자","2등급","20250207","M","171","65.9","24.3","92","76","136","35.3","39.5",,,"7.6",,,,,,"22.5",,,,,"32",,"140","3.641","16.037","59.9",,,,,,,,,,,,,,,,,,,"39.5"
"2","청주","성인","일반","61","관리자","참가","20250207","F","156.9","53.2","35.8","79.6","58","104","25.7","28.3",,,"10.5",,,,,,"21.6","3",,,"101",,,,,,"53.2",,,,,,,,"90","34.2",,,"0.540",,,,,,,
"1","시흥","어르신","일반","70","관리자","3등급","20250207","F","150.6","57.7","41.4","80","75","139","20.4","17.3",,,"11.1",,,,,,"25.4",,,,,"22",,"111","6.53","26.09","35.4",,,,,,,,,,,,,,,,,,,"20.4"
"2","청주","성인","일반","64","관리자","참가","20250207","F","158.2","52.3","31.4","73.6","79","141","25.2","30.2",,,"21.2",,,,,,"20.9",,,,,,,,,,"57.7",,,,,,,,"119","30.5",,,"0.408",,,,,,,
"3","KSPO아산","성인","일반","19","관리자","2등급","20250207","M","173.7","68.4","18.8","81","84","139","44.1","43.8",,,"18.1",,,,,,"22.7","48",,,,,,,,,"64.5",,,"103","118","138","166","46.0",,,,,"0.325","0.546",,,,,,
"2","청주","성인","일반","61","관리자","3등급","20250207","F","161.2","58.9","34.7","80.4","85","131","21.9","23.7",,,"28.9",,,,,,"22.7","29",,,"135",,,,,,"40.2",,,,,,,,"133","28.0",,,"0.335",,,,,,,
"4","미추홀","성인","일반","22","관리자","3등급","20250207","M","170","65.6","24.3","83","88","125","32.1","38.2",,,"16.4",,,,,,"22.7","44",,"9.53",,,,,,,"58.2",,,,,,,,"121","45.9",,,,"0.571",,,,,,
"1","춘천","성인","일반","19","관리자","참가","20250207","M","170.1","81.2","26.8","96.1","74","128","34.7","41.1",,,"-1.8",,,,,,"28.1","42",,"11.18",,,,,,,"50.6",,,"95","133","146","190","40.6",,,,,,"0.544",,,,,,
"5","청주","성인","일반","61","관리자","참가","20250207","F","155.3","51","36.8","76.6","71","113","19.7","21.9",,,"12.5",,,,,,"21.1","6",,,"105",,,,,,"42.9",,,,,,,,"107","32.5",,,"0.347",,,,,,,
"3","미추홀","성인","일반","24","관리자","2등급","20250207","F","161.8","49.8","27.7","71.3","75","131","23.4","24.5",,,"21.4",,,,,,"19.0","32",,,"168",,,,,,"49.2",,,,,,,,"137","36.6",,,"0.351",,,,,,,
"5","부천","어르신","일반","71","관리자","1등급","20250207","M","164","61.8","24",,"65","137","31.9","34.8",,,"9.8",,,,,,"23.0",,,,,"33",,"133","4.47","17.85","56.3",,,,,,,,,,,,,,,,,,,"34.8"
"1","포항","성인","일반","64","관리자","참가","20250207","M","165.1","68.6","19.5",,"93","150","29.9","40.6",,,"7.8",,,,,,"25.2","33",,"12.47","185",,,,,,"59.2",,,,,,,,"152","30.0",,,,,,,,,,
"1","부천","어르신","일반","71","관리자","3등급","20250207","F","156.3","68.5","43.6",,"73","150","28.2","26.1",,,"10.9",,,,,,"28.0",,,,,"23",,"115","5.56","21.91","41.2",,,,,,,,,,,,,,,,,,,"28.2"
"1","화성","성인","일반","60","관리자","3등급","20250207","M","165.7","60.2","20.2",,"89","139","36.5","38.5",,,"13.5",,,,,,"21.9","24",,"12.8",,,,,,,"64.0",,,,,,,,"124","37.0",,,,"0.489",,,,,,
"5","청주","성인","일반","54","관리자","참가","20250207","F","164.1","57.4","32.9","79.8","77","123","25.8","31.3",,,"6.9",,,,,,"21.3","20",,,"165",,,,,,"54.5",,,,,,,,"83","36.0",,,"0.421",,,,,,,
"4","KSPO광주","성인","일반","40","관리자","참가","20250207","M","173","85.4","34.5","93.5","79","123","40.6","46.3",,,"-4.7",,,,,,"28.5","44",,,,,,,,,"54.2",,,"98","131","164","186","31.7",,,,,"0.363","0.501",,,,,,
"4","청주","성인","일반","59","관리자","2등급","20250207","F","161.1","49","25.5","76.2","76","130","28","24.6",,,"22.5",,,,,,"18.9","19",,,"139",,,,,,"57.1",,,,,,,,"106","34.1",,,"0.319",,,,,,,
"16","청주","성인","일반","62","관리자","1등급","20250207","F","159","50.3","30.9","74.1","65","103","24.8","27.8",,,"20.2",,,,,,"19.9","22",,,"145",,,,,,"55.3",,,,,,,,"81","36.0",,,"0.454",,,,,,,
"2","청주","성인","일반","56","관리자","1등급","20250207","F","154.4","43.9","25.9","70.6","84","138","20.1","22.9",,,"24.7",,,,,,"18.4","22",,,"128",,,,,,"52.2",,,,,,,,"123","33.1",,,"0.310",,,,,,,
"2","화성","어르신","일반","77","관리자","3등급","20250207","M","151.7","66.8","34.4",,"85","159","27.3","26.6",,,"0.5",,,,,,"29.0",,,,,"15",,"98","5","22.4","40.9",,,,,,,,,,,,,,,,,,,"27.3"
"2","청주","성인","일반","63","관리자","3등급","20250207","F","154.2","54.7","38.8","81.3","72","133","25.8","27.5",,,"18.4",,,,,,"23.0","10",,,"101",,,,,,"50.3",,,,,,,,"112","30.5",,,"0.519",,,,,,,
"6","춘천","어르신","일반","72","관리자","2등급","20250207","M","153.5","54.1","25.9","75.8","62","138","28.6","31.6",,,"10.2",,,,,,"23.0",,,,,"32",,"104","4.97","19.91","58.4",,,,,,,,,,,,,,,,,,,"31.6"
"1","강북","성인","일반","61","관리자","참가","20250207","M","164.9","70.40","24.6","85.1","89","130","33.3","32.7",,,"6.6",,,,,,"25.9","15",,,"166",,,,,,"47.3",,,"91","108","124","149","36.9",,,,,"0.439",,,,,,,
"4","청주","성인","일반","64","관리자","참가","20250207","F","152.2","50.3","33.9","80.2","76","133","19.5","25.4",,,"9.9",,,,,,"21.7","8",,,"90",,,,,,"50.5",,,,,,,,"114","31.0",,,"0.455",,,,,,,
"1","KSPO송파","성인","일반","50","관리자","참가","20250207","M","174.8","61.1","15",,"86","132","38.8","40.3",,,"-20",,,,,,"20.0","27","26",,,,,,,,"66.0",,"38.0",,,,,,,,,,"0.412","0.420",,,,,,
"2","청주","성인","일반","61","관리자","참가","20250207","F","158.8","47.9","25.4","73.5","73","125","23","25.5",,,"-8.1",,,,,,"19.0","21",,,"87",,,,,,"53.2",,,,,,,,"100","34.5",,,"0.278",,,,,,,
"1","서대문","성인","일반","54","관리자","참가","20250207","M","158.5","67.6","30.7",,"97","138","37.3","43.9",,,"11.0",,,,,,"26.9","26","21","12.16",,,,,,,"64.9",,"35.9",,,,,,,,,,,"0.482",,,,,,
"2","고양","성인","일반","34","관리자","3등급","20250207","M","171.4","80.2","23.8",,"86","144","46.2","51.7",,,"7.7",,,,,,"27.3","37",,"10.82","181",,,,,,"64.5",,,,,,,,"102","42.6",,,,,,,,,,
"7","서대문","성인","일반","62","관리자","3등급","20250207","M","169.7","77.0","21.2",,"91","159","47.9","41.2",,,"17.7",,,,,,"26.7","33","15","12.51",,,,,,,"62.2",,"32.3",,,,,,,,,,,"0.472",,,,,,
"2","고양","어르신","일반","82","관리자","3등급","20250207","M","160.9","83.6","37.9",,"95","145","37.5","37.2",,,"-0.2",,,,,,"32.3",,,,,"16",,"91","6.28","28.30","44.9",,,,,,,,,,,,,,,,,,,"37.5"
"1","사천","성인","일반","43","관리자","참가","20250207","F","152.9","58.9","37.6","84.7","87","131","22.4","23.5",,,"24.4",,,,,,"25.2","14",,,"134",,,,,,"39.9",,,"98","133","162",,"31.1",,,,,"0.409",,,,,,,
"1","안산","어르신","일반","70","관리자","참가","20250207","M","163","60.9","28.6","81","65","127","31.3","36.1",,,"-13.5",,,,,,"22.9",,,,,"22",,"103","5.6","23.1","59.3",,,,,,,,,,,,,,,,,,,"36.1"
"5","포항","성인","일반","42","관리자","3등급","20250207","F","153.9","44.4","26.8",,"74","116","23.9","26.1",,,"18.8",,,,,,"18.7","22",,,"150",,,,,,"58.8",,,"95","114","103",,"44.4",,,,,"0.286",,,,,,,
"2","포항","성인","일반","46","관리자","참가","20250207","F","164.6","51.7","22.7",,"56","103","27.2","28.8",,,"9.1",,,,,,"19.1","24",,,"136",,,,,,"55.7",,,"67","94","111",,"40.4",,,,,"0.346",,,,,,,
"2","안산","어르신","일반","72","관리자","3등급","20250207","M","170.1","57.3","18.7","80","77","144","34.1","40.6",,,"0.0",,,,,,"19.8",,,,,"31",,"114","4.5","19.0","70.9",,,,,,,,,,,,,,,,,,,"40.6"
"1","KSPO송파별관(어르신)","어르신","일반","65","관리자","3등급","20250207","F","151.7","45.7","29.3",,"60","112","20.3","22.2",,,"12.5",,,,,,"19.9",,,,,"26",,"118","4.37","17.11","48.6",,,,,,,,,,,,,,,,,,,"22.2"
"3","KSPO송파별관(어르신)","어르신","일반","69","관리자","3등급","20250207","M","169.6","75.5","29.7",,"86","149","41.9","40.4",,,"5.5",,,,,,"26.2",,,,,"30",,"140","5.17","21.48","55.5",,,,,,,,,,,,,,,,,,,"41.9"
"1","서대문","성인","일반","20","관리자","2등급","20250207","M","178.1","80.2","14.1",,"80","120","53.9","57.2",,,"13.5",,,,,,"25.3","50","64","10.56",,,,,,,"71.3",,"46.5",,,,,,,,,,,"0.579",,,,,,
"1","서구(대전)","어르신","일반","70","관리자","참가","20250207","F","158.3","53.9","29.4",,"94","144","24.2","26.5",,,"3.3",,,,,,"21.5",,,,,"18",,"120","5.5","21.19","49.2",,,,,,,,,,,,,,,,,,,"26.5"
"6","서대문","성인","일반","38","관리자","2등급","20250207","M","180.4","93.5","26.4",,"81","120","60.1","62.6",,,"16.6",,,,,,"28.7","51","42","11.91",,,,,,,"67.0",,"37.9",,,,,,,,,,,"0.565",,,,,,
"1","서대문","성인","일반","25","관리자","3등급","20250207","M","180.8","72.7","20.1",,"80","120","32.8","38.9",,,"15.1",,,,,,"22.2","42","57","11.22",,,,,,,"53.5",,"45.5",,,,,,,,,,,"0.563",,,,,,
"1","사하","성인","일반","44","관리자","2등급","20250207","F","175.2","70.5","32.2","88.2","81","120","27.6","30.7",,,"18.1",,,,,,"23.0","45",,,"165",,,,,,"43.5",,,"74","99","121",,"35.3",,,,,"0.349",,,,,,,
"2","사하","성인","일반","42","관리자","참가","20250207","F","167.5","62.4","26.9","78.1","73","126","20.4","17",,,"22.0",,,,,,"22.2","38",,,"153",,,,,,"32.7",,,"84","100","118",,"37.3",,,,,"0.347",,,,,,,
"2","광주","성인","일반","59","관리자","1등급","20250207","F","153.4","54.7","26.2",,"83","145","29.1","30.9",,,"20.3",,,,,,"23.2","20",,,,,,,,,"56.5",,,"95","126","140",,"32.9",,,,,"0.375","0.407",,,,,,
"1","사상","어르신","일반","65","관리자","2등급","20250207","M","167","64.6","26.1","77.3","86","153","39.6","37.3",,,"14.2",,,,,,"23.2",,,,,"23",,"110","5","21.3","61.3",,,,,,,,,,,,,,,,,,,"39.6"
"2","제주","성인","일반","19","관리자","참가","20250207","M","173.5","92.7","22.6","95.3","79","138","46.1","47.6",,,"11.3",,,,,,"30.8","44",,,,,,,,,"51.3",,,"74","103","115","155","44.2",,,,,"0.397","0.539",,,,,,
"2","광주","성인","일반","29","관리자","참가","20250207","F","159","56.8","35.3",,"70","102","21.7","23.8",,,"10.9",,,,,,"22.5","20",,,,,,,,,"41.9",,,"71","98","115",,"41.1",,,,,"0.498","0.415",,,,,,
"1","정읍","성인","일반","40","관리자","참가","20250207","M","162.5","74.4","34.3",,"71","138","35.9","38",,,"13.6",,,,,,"28.2","18","19",,"157",,,,,,"51.1",,"35.5",,,,,,,,,,"0.462",,,,,,,
"5","정읍","성인","일반","59","관리자","참가","20250207","M","176.4","87.8","31",,"81","140","43.4","45.4",,,"6.8",,,,,,"28.2","18","15",,"178",,,,,,"51.7",,"30.8",,,,,,,,,,"0.364",,,,,,,
"1","곡성","성인","일반","60","관리자","2등급","20250207","M","171.8","74","23.5","90.4","91","143","42.2","56.7",,,"10.3",,,,,,"25.1","27",,,,,,,,,"76.6",,,,,,,,"110","36.5",,,"0.408","0.477",,,,,,
"1","정읍","성인","일반","51","관리자","3등급","20250207","M","165.1","68","20.8",,"71","119","44.6","43.1",,,"6.8",,,,,,"24.9","36","22",,"214",,,,,,"65.6",,"36.2",,,,,,,,,,"0.34",,,,,,,
"1","정읍","성인","일반","52","관리자","참가","20250207","M","170.8","68.4","19.3",,"74","138","40.3","36",,,"7.8",,,,,,"23.4","32","14",,"139",,,,,,"58.9",,"34.1",,,,,,,,,,"0.49",,,,,,,
"1","서대문","성인","일반","25","관리자","2등급","20250207","F","167.5","69.9","30.9",,"78","122","21.4","32.1",,,"13.8",,,,,,"24.9","28","24","12.69",,,,,,,"45.9",,"32.4",,,,,,,,,,,"0.448",,,,,,
"3","고양","어르신","일반","71","관리자","2등급","20250207","M","167","67.5","26.8",,"56","132","35.6","36.1",,,"13.6",,,,,,"24.2",,,,,"23",,"104","5.79","25.10","53.5",,,,,,,,,,,,,,,,,,,"36.1"
"4","서대문","성인","일반","24","관리자","1등급","20250207","F","163.0","51.3","21.1",,"90","136","30.1","33.6",,,"26.4",,,,,,"19.3","57","31","11.88",,,,,,,"65.5",,"37.5",,,,,,,,,,,"0.489",,,,,,
"1","서대문","성인","일반","42","관리자","참가","20250207","F","171.0","49.1","23.9",,"78","120","23.3","26.2",,,"23.5",,,,,,"16.8","6","17",,,,,,,,"53.4",,"33.0",,,,,,,,,,"0.356","0.435",,,,,,
"3","서구(대전)","성인","일반","19","관리자","참가","20250207","M","184.8","86.3","18.5",,"62","129","45.1","47.7",,,"13.5",,,,,,"25.3","40","1",,"236",,,,,,"55.3",,"30.8",,,,,,,,,,"0.266",,,,,,,
"1","춘천","성인","일반","57","관리자","참가","20250207","M","169.5","79.7","30.6","95.1","98","157","18.9","38.3",,,"4.2",,,,,,"27.7","24",,,"139",,,,,,"48.1",,,,,,,,"139","31.5",,,"0.453",,,,,,,
"1","안산","어르신","일반","78","관리자","3등급","20250207","M","158.9","61.8","27.6","80","67","134","31.5","37.9",,,"2.1",,,,,,"24.5",,,,,"28",,"105","6.04","24.94","61.3",,,,,,,,,,,,,,,,,,,"37.9"
"7","안산","어르신","일반","69","관리자","3등급","20250207","F","146.2","47.8","38","75","77","169","22.4","24",,,"11.3",,,,,,"22.4",,,,,"33",,"119","5.38","20.06","50.2",,,,,,,,,,,,,,,,,,,"24.0"
"1","곡성","성인","일반","24","관리자","2등급","20250207","M","184.1","80.8","16.2","90.6","83","159","54.7","62.3",,,"13.7",,,,,,"23.8","50","53","10.01","242",,,,,,"77.1",,"43.4",,,,,,,,,,,,,,,,,
"1","서대문","성인","일반","46","관리자","참가","20250207","M","170.1","81.9","26.9",,"96","145","52.7","52.6",,,"17.2",,,,,,"28.3","25","36","11.62",,,,,,,"64.3",,"37.8",,,,,,,,,,,"0.530",,,,,,
"1","서대문","성인","일반","21","관리자","참가","20250207","F","166","50.4","17.5",,"71","114","25.1","26.7",,,"10.3",,,,,,"18.3","28","16","13.91",,,,,,,"53.0",,"33.2",,,,,,,,,,,"0.460",,,,,,
"1","KSPO대구","어르신","일반","70","관리자","참가","20250207","F","155.7","53.7","35.4","84","54","123","22.9","23.2",,,"9.2",,,,,,"22.2",,,,,"20",,"98","6.1","24.5","43.2",,,,,,,,,,,,,,,,,,,"23.2"
"2","강북","성인","일반","25","관리자","참가","20250207","M","167.9","76.5","26.2","85","88","134","42.7","51.7",,,"-2",,,,,,"27.1","44","39",,,,,,,,"67.6",,"41.0",,,,,,,,,,"0.327","0.582",,,,,,
"1","사천","성인","일반","64","관리자","2등급","20250207","M","175","79.2","23.6",,"97","148","43","45.2",,,"14.2",,,,,,"25.9","26",,,,,,,,,"57.1",,,,,,,,"107","35.0",,,"0.489","0.502",,,,,,
"1","강북","어르신","일반","73","관리자","참가","20250207","M","168.7","58.60","26.0","85","80","158","24.2","24.2",,,"-5.8",,,,,,"20.6",,,,,"15",,"82","5.7","23.7","41.3",,,,,,,,,,,,,,,,,,,"24.2"
"2","KSPO대구","성인","일반","44","관리자","참가","20250207","F","165.1","46.4","28.6","70","68","102","22.2","19.7",,,"12.7",,,,,,"17.0","2",,,,,,,,,"47.8",,,"97","135","160",,"35.9",,,,,"0.362","0.408",,,,,,
"3","강북","성인","일반","63","관리자","참가","20250207","M","173.3","93.00","36.3","107.7","87","157","39.5","47.6",,,"1.3",,,,,,"31.0","11","11",,"138",,,,,,"51.2",,"28.9",,,,,,,,,,"0.390",,,,,,,
"7","부천","어르신","일반","84","관리자","2등급","20250207","M","165","59.7","27.1",,"88","157","28.2","30.7",,,"3.4",,,,,,"21.9",,,,,"27",,"110","6.37","27.71","51.4",,,,,,,,,,,,,,,,,,,"30.7"
"1","성남","성인","일반","52","관리자","참가","20250207","F","154.5","51.9","28.9",,"91","154","22.5","21.9",,,"25.6",,,,,,"21.7","3",,,"112",,,,,,"43.4",,,,,,,,"133","30.7",,,"0.439",,,,,,,
"2","성남","성인","일반","44","관리자","1등급","20250207","F","168.5","50.0","23.6",,"70","110","27.4","27.2",,,"25.9",,,,,,"17.6","39",,,"158",,,,,,"54.8",,,,,,,,"107","37.2",,,"0.389",,,,,,,
"1","강릉","성인","일반","19","관리자","2등급","20250207","M","171.0","82.5","29.6","102.7","88","145","43.6","48.7",,,"11.6",,,,,,"28.2","49",,,,,,,,,"59.0",,,,,,,,"90","47.5",,,"0.391","0.614",,,,,,
"2","청주","성인","일반","49","관리자","3등급","20250207","F","159.4","55.3","28.9","79.3","74","134","27.9","31.7",,,"13.9",,,,,,"21.8","32",,,"138",,,,,,"57.3",,,,,,,,"117","32.9",,,"0.312",,,,,,,
"10","청주","성인","일반","61","관리자","3등급","20250207","F","153.2","55.9","38.3","83.6","89","159","23","24.6",,,"19.5",,,,,,"23.8","9",,,"50",,,,,,"44.0",,,,,,,,"114","30.3",,,"0.406",,,,,,,
"5","청주","성인","일반","54","관리자","3등급","20250207","F","163.8","60.7","37.8","84.1","73","143","28","30.9",,,"15.4",,,,,,"22.6","24",,,"144",,,,,,"50.9",,,,,,,,"103","32.7",,,"0.385",,,,,,,
"3","청주","성인","일반","55","관리자","2등급","20250207","F","157.7","55.3","24.1","74.9","91","140","28.7","33.3",,,"18.8",,,,,,"22.2","31",,,"150",,,,,,"60.2",,,,,,,,"100","33.7",,,"0.545",,,,,,,
"3","중구(서울)","성인","일반","55","관리자","참가","20250207","F","153.2","59.9","33.5","85.2","77","125","22.3","26.1",,,"15.2",,,,,,"25.5","15",,,"125",,,,,,"43.6",,,"72","102","129",,"32.9",,,,,"0.447",,,,,,,
"1","화성","성인","일반","50","관리자","참가","20250207","F","163.1","53.7","27.8",,"56","102","23.2","22.8",,,"8.2",,,,,,"20.2","30",,,,,,,,,"43.2",,,,,,,,"98","35.7",,,"0.284","0.378",,,,,,
"3","청주","성인","일반","55","관리자","참가","20250207","F","162","57.7","36.5","84.2","66","113","27.3","30.3",,,"8.3",,,,,,"22.0",,,,"128",,,,,,"52.5",,,,,,,,"100","33.5",,,"0.292",,,,,,,
"1","마포","성인","일반","24","관리자","2등급","20250207","F","169.2","51.1","19.8","66","93","144","29.2","28.8",,,"17.1",,,,,,"17.8","35",,,"195",,,,,,"57.1",,,,,,,,"135","37.3",,,"0.319",,,,,,,
"3","청주","성인","일반","55","관리자","3등급","20250207","F","167.4","59.8","27","78.9","84","156","31.3","30.1",,,"20.9",,,,,,"21.3","18",,,"107",,,,,,"52.3",,,,,,,,"139","28.7",,,"0.382",,,,,,,
"1","마포","성인","일반","19","관리자","참가","20250207","M","168.4","69.2","34.4","75","60","125","37.1","37.3",,,"5.6",,,,,,"24.4","38",,,"194",,,,,,"53.9",,,,,,,,"105","48.1",,,"0.356",,,,,,,
"1","남구(부산)","성인","일반","26","관리자","참가","20250207","M","178.3","87.7","24.8",,"47","120","31.4","37.1",,,"-6.8",,,,,,"27.6","28",,,,,,,,,"42.3",,,,,,,,"136","38.5",,,"0.305","0.551",,,,,,
"1","화성","성인","일반","57","관리자","참가","20250207","F","150.7","39.8","34.1",,"90","150","18.3","23.9",,,"20.7",,,,,,"17.5","6",,,,,,,,,"60.1",,,,,,,,"98","36.7",,,"0.430","0.377",,,,,,
"6","부천","어르신","일반","75","관리자","3등급","20250207","M","169.4","58.1","25.7",,"65","124","28.1","29.5",,,"1.6",,,,,,"20.2",,,,,"23",,"108","5.32","21.85","50.8",,,,,,,,,,,,,,,,,,,"29.5"
"1","KSPO대구","성인","일반","19","관리자","참가","20250207","M","172.3","73.2","16.6","80.6","86","148","45.6","47.9",,,"7.8",,,,,,"24.7","47","26","10.5",,,,,,,"65.4",,"38.8",,,,,,,,,,,"0.572",,,,,,
"1","남구(부산)","성인","일반","28","관리자","2등급","20250207","F","165.8","61.7","29.5",,"61","102","22.3","26.7",,,"19.8",,,,,,"22.4","35",,,,,,,,,"43.3",,,"80","112","141",,"36.8",,,,,"0.318","0.502",,,,,,
"9","부천","어르신","일반","73","관리자","3등급","20250207","M","170.3","74.7","37.9",,"90","140","35.3","36.6",,,"-0.2",,,,,,"25.8",,,,,"27",,"109","5.74","23.77","49.0",,,,,,,,,,,,,,,,,,,"36.6"
"6","안산","어르신","일반","72","관리자","참가","20250207","M","153.7","52.7","26.2","84","71","136","30.7","31.6",,,"-1.0",,,,,,"22.3",,,,,"32",,"111","4.2","19.9","60.0",,,,,,,,,,,,,,,,,,,"31.6"
"1","북구(광주)","유아기","일반","74","관리자","3등급","20250207","M","120.2","23.5",,,,,"12.5","14.5","33",,"18.6",,,,,,"16.3",,"45",,"136",,,,,,"61.7",,,,,,,,,,,,,,,,,"7.55","21.08",
"1","북구(광주)","유아기","일반","71","관리자","참가","20250207","M","125.6","29.1",,,,,"10","11.2","2",,"-1.5",,,,,,"18.4",,"41",,"80",,,,,,"38.5",,,,,,,,,,,,,,,,,"10.44","23.02",
"3","남구(부산)","성인","일반","64","관리자","3등급","20250207","F","155.3","48.8","35.3",,"68","128","23","20.3",,,"20.6",,,,,,"20.2","18",,,,,,,,,"47.1",,,,,,,,"142","28.2",,,"0.356","0.452",,,,,,
"4","화성","어르신","일반","67","관리자","2등급","20250207","F","156.8","48.4","18.2",,"90","144","24.8","23.8",,,"16.3",,,,,,"19.7",,,,,"29",,"128","4.15","16.13","51.2",,,,,,,,,,,,,,,,,,,"24.8"
"1","북구(광주)","유아기","일반","61","관리자","참가","20250207","M","101.8","17.3",,,,,"9","10","0",,"4.4",,,,,,"16.7",,"62",,"82",,,,,,"57.8",,,,,,,,,,,,,,,,,"8.88","24.29",
"1","남구(부산)","성인","일반","46","관리자","참가","20250207","M","172.7","84","22.6",,"75","112","53.3","58.3",,,"0.4",,,,,,"28.2","49",,,,,,,,,"69.4",,,"88","106","129","150","37.3",,,,,"0.292","0.626",,,,,,
"1","북구(광주)","유아기","일반","65","관리자","3등급","20250207","M","108.3","20.2",,,,,"11","11.5","8",,"11.2",,,,,,"17.2",,"42",,"105",,,,,,"56.9",,,,,,,,,,,,,,,,,"7.78","31.64",
"1","북구(광주)","유아기","일반","71","관리자","참가","20250207","F","113.1","23.2",,,,,"7.5","9","1",,"11.0",,,,,,"18.1",,"25",,"92",,,,,,"38.8",,,,,,,,,,,,,,,,,"9.63","24.09",
"1","북구(광주)","유아기","일반","57","관리자","참가","20250207","M","109.2","19.7",,,,,"9","9.5","0",,"8.5",,,,,,"16.5",,"16",,"79",,,,,,"48.2",,,,,,,,,,,,,,,,,"8.46","29.62",
"1","포항","청소년","일반","18","관리자","참가","20250207","M","174.2","71.4","21.7",,"75","136","40.9","44.9",,"35","23.1","20.58","0.514","44.976","10","45.436","23.5",,,,,,,,,,"62.9",,,"97","125","149",,"45.1",,,,,,,,,,,,
"1","고양","성인","일반","20","관리자","참가","20250207","M","176.2","82.3","25.9",,"69","135","43","46.6",,,"6.3",,,,,,"26.5","34",,"9.91","213",,,,,,"56.6",,,,,,,,"107","45.2",,,,,,,,,,
"1","고양","어르신","일반","74","관리자","참가","20250207","F","152.3","55.6","32.2",,"60","155","22.1","20.6",,,"10.6",,,,,,"24.0",,,,,"20",,"81","5.82","26.67","39.7",,,,,,,,,,,,,,,,,,,"22.1"
"1","북구(광주)","유아기","일반","82","관리자","참가","20250207","M","116.0","21.9",,,,,"12","15","30",,"7.0",,,,,,"16.3",,"105",,"89",,,,,,"68.5",,,,,,,,,,,,,,,,,"8.35","21.15",
"1","경산","성인","일반","63","관리자","참가","20250207","M","177.6","60.4","12.7","79","84","149","39.4","36.8",,,,,,,,,"19.1","17",,,"178",,,,,,"65.2",,,,,,,,"143","34.3",,,"0.301",,,,,,,
"1","북구(광주)","유아기","일반","57","관리자","참가","20250207","F","105.7","20.2",,,,,"5.5","6.5","1",,"15",,,,,,"18.1",,"30",,"64",,,,,,"32.2",,,,,,,,,,,,,,,,,"11.66","27.1",
"1","양평","성인","일반","32","관리자","3등급","20250207","F","161","50.6","28.2",,"51","90","22.6","21.8",,,"14.5",,,,,,"19.5","32",,,"156",,,,,,"44.7",,,,,,,,"120","36.9",,,"0.334",,,,,,,
"2","마포","어르신","일반","71","관리자","3등급","20250207","F","148.1","41","18.2",,"78","147","24.6","28.9",,,"12.3",,,,,,"18.7",,,,,"21",,"107","4.20","20.75","70.5",,,,,,,,,,,,,,,,,,,"28.9"
"2","마포","어르신","일반","66","관리자","2등급","20250207","F","156","39.7","13.9",,"77","143","24.4","25.8",,,"16.2",,,,,,"16.3",,,,,"31",,"120","4.14","15.35","65.0",,,,,,,,,,,,,,,,,,,"25.8"
"1","남구(부산)","어르신","일반","72","관리자","참가","20250207","F","147.7","52.7","36",,"62","122","14.5","14.5",,,"14.1",,,,,,"24.2",,,,,"14",,"97","6.44","20.56","27.5",,,,,,,,,,,,,,,,,,,"14.5"
"2","남구(부산)","어르신","일반","80","관리자","참가","20250207","F","157","57.6","31.2",,"50","127","19.2","23.5",,,"0.9",,,,,,"23.4",,,,,"14",,"86","6.52","30.7","40.8",,,,,,,,,,,,,,,,,,,"23.5"
"4","사상","성인","일반","30","관리자","3등급","20250207","M","176.3","76.7","22.7","82.7","68","131","37.3","43.2",,,"11.9",,,,,,"24.7","54","50","10.5","200",,,,,,"56.3",,"42.9",,,,,,,,,,,,,,,,,
"1","KSPO광주","성인","일반","27","관리자","참가","20250207","M","181.8","77.2","19.7","81.8","81","139","39.9","39.9",,,"-0.8",,,,,,"23.4","36","33","10.53","215",,,,,,"51.7",,"39.0",,,,,,,,,,,,,,,,,
"1","KSPO광주","성인","일반","27","관리자","참가","20250207","M","177.4","95.5","30.7","92.5","85","138","52.8","45.1",,,"-15.1",,,,,,"30.3","35","16","11.65","194",,,,,,"55.3",,"32.5",,,,,,,,,,,,,,,,,
"2","오산","청소년","일반","18","관리자","3등급","20250207","F","168.3","57.9","31","78","67","104","25.1","27.2",,"43","20.3","21.3","0.44","52.535","6","52.811","20.4",,"21",,,,,,,,"47.0",,"35.0",,,,,,,,,,,,,,,,,
"3","의정부","성인","일반","19","관리자","2등급","20250207","M","176.6","69.7","14.2","83","83","137","54","53.3",,,"11.3",,,,,,"22.3","53",,"10.10","255",,,,,,"77.5",,,"111","119","131",,"47.4",,,,,,,,,,,,
"2","의정부","성인","일반","24","관리자","3등급","20250207","F","160.5","51.6","32","76","99","133","25.4","26.9",,,"18.1",,,,,,"20.0","30","20","12.44",,,,,,,"52.1",,"34.1",,,,,,,,,,,"0.485",,,,,,
"2","양평","성인","일반","33","관리자","참가","20250207","M","176.6","85.2","28.3",,"92","152","47","44.5",,,"-9.8",,,,,,"27.3","25",,,"206",,,,,,"55.2",,,,,,,,"145","35.8",,,"0.318",,,,,,,
"2","오산","성인","일반","25","관리자","2등급","20250207","M","171.3","71.1","21.6","86.1","76","128","40.9","43.5",,,"10.5",,,,,,"24.2","52","56","9.75",,,,,,,"61.2",,"45.7",,,,,,,,,,,"0.576",,,,,,
"1","오산","성인","일반","57","관리자","2등급","20250207","M","164.2","65","19.8","81","99","153","44.2","40.9",,,"10.6",,,,,,"24.1","53","26","10.85","203",,,,,,"68.0",,"37.1",,,,,,,,,,,,,,,,,
"2","오산","어르신","일반","65","관리자","2등급","20250207","F","159.4","63.9","35.2","87.5","93","152","31.4","32.2",,,"22.6",,,,,,"25.1",,,,,"24",,"113","5.50","22.63","50.4",,,,,,,,,,,,,,,,,,,"32.2"
"6","광주","어르신","일반","81","관리자","참가","20250207","M","164.3","70.6","31.6",,"78","142","34.6","35.9",,,"-8.6",,,,,,"26.2",,,,,"17",,"100","6.82","27.09","50.8",,,,,,,,,,,,,,,,,,,"35.9"
"1","광주","어르신","일반","66","관리자","1등급","20250207","F","148.5","48.1","27.5",,"81","153","28.3","28.4",,,"19.8",,,,,,"21.8",,,,,"26",,"123","4.5","17.5","59.0",,,,,,,,,,,,,,,,,,,"28.4"
"4","광주","어르신","일반","77","관리자","2등급","20250207","M","164.7","74","36.2",,"79","135","33","34.1",,,"4.2",,,,,,"27.3",,,,,"20",,"102","6.29","25.65","46.1",,,,,,,,,,,,,,,,,,,"34.1"
"5","청주","어르신","일반","69","관리자","1등급","20250207","F","157.6","50.5","31.8","76.4","75","131","25.8","31.6",,,"22",,,,,,"20.3",,,,,"22",,"124","5.5","18.9","62.6",,,,,,,,,,,,,,,,,,,"31.6"
"24","청주","어르신","일반","73","관리자","2등급","20250207","F","159.3","57.5","29.9","69.6","66","126","21.7","20.7",,,"14.5",,,,,,"22.7",,,,,"23",,"97","5.4","22.3","37.7",,,,,,,,,,,,,,,,,,,"21.7"
"1","오산","성인","일반","42","관리자","참가","20250207","M","175.4","60.8","12.9","74.6","70","122","36.4","44.3",,,"5.5",,,,,,"19.8","29",,,,,,,,,"72.9",,,,,,,,"133","40.7",,,"0.327","0.576",,,,,,
"18","청주","어르신","일반","65","관리자","참가","20250207","F","156.5","51.5","34.8","74.7","62","109","28.5","31",,,"-6.1",,,,,,"21.0",,,,,"27",,"118","5","18.8","60.2",,,,,,,,,,,,,,,,,,,"31.0"
"2","청주","어르신","일반","66","관리자","참가","20250207","F","155.6","59.3","39.2","84.6","90","147","21.6","23.3",,,"6.9",,,,,,"24.5",,,,,"27",,"120","5.6","20","39.3",,,,,,,,,,,,,,,,,,,"23.3"
"1","KSPO송파","성인","일반","42","관리자","참가","20250207","F","158.2","46.8","22.3",,"56","111","25","23.9",,,"0",,,,,,"18.7","16",,,"42",,,,,,"53.4",,,"73","163","150",,"40.9",,,,,"0.434",,,,,,,
"1","중구(서울)","성인","일반","23","관리자","3등급","20250207","F","167.1","59","20.5","68.5","65","107","30.3","32.4",,,"23.9",,,,,,"21.1","25",,,,,,,,,"54.9",,,"72","101","131",,"39.6",,,,,"0.470","0.503",,,,,,
"3","화성","성인","일반","19","관리자","2등급","20250207","M","165.6","65.9","13.4",,"76","151","37.2","45.3",,,"11.9",,,,,,"24.0","53",,"10.2",,,,,,,"68.7",,,,,,,,"122","46.1",,,,"0.638",,,,,,
"2","청주","어르신","일반","66","관리자","1등급","20250207","F","153","49.8","27.8","70.1","76","138","23.1","23.8",,,"20.4",,,,,,"21.3",,,,,"31",,"132","5","17.6","47.8",,,,,,,,,,,,,,,,,,,"23.8"
"10","청주","어르신","일반","69","관리자","참가","20250207","F","156.3","56","30.1","80","75","118","30.3","28.8",,,"7.6",,,,,,"22.9",,,,,"28",,"134","5","19.9","54.1",,,,,,,,,,,,,,,,,,,"30.3"
"3","화성","성인","일반","19","관리자","3등급","20250207","M","175","65.3","10",,"96","152","43.3","49.6",,,"17.3",,,,,,"21.3","44",,"9.5","244",,,,,,"76.0",,,,,,,,"115","48.0",,,,,,,,,,
"2","오산","성인","일반","19","관리자","참가","20250207","M","170.2","72.2","22.4","86.3","83","135","39.1","40",,,"7.8",,,,,,"24.9","56","40",,,,,,,,"55.4",,"42.3",,,,,,,,,,"0.306","0.576",,,,,,
"4","청주","어르신","일반","72","관리자","2등급","20250207","F","144.3","48.8","30.9","74.1","93","155","25.3","26.8",,,"15.8",,,,,,"23.4",,,,,"25",,"125","5","19.9","54.9",,,,,,,,,,,,,,,,,,,"26.8"
"3","청주","어르신","일반","74","관리자","참가","20250207","M","167.6","69.1","21.7","83.2","70","126","33.2","33",,,"-0.8",,,,,,"24.6",,,,,"26",,"127","5.1","21.5","48.0",,,,,,,,,,,,,,,,,,,"33.2"
"7","KSPO송파별관(어르신)","어르신","일반","75","관리자","3등급","20250207","M","170.7","72.8","32.1",,"79","154","29.7","26.6",,,"1.3",,,,,,"25.0",,,,,"26",,"128","4.8","18.68","40.8",,,,,,,,,,,,,,,,,,,"29.7"
"6","KSPO송파별관(어르신)","어르신","일반","82","관리자","3등급","20250207","M","169.6","82.7","39.1",,"88","155","27.6","33.3",,,"15.2",,,,,,"28.8",,,,,"23",,"109","5.98","25.66","40.3",,,,,,,,,,,,,,,,,,,"33.3"
"3","목포","성인","일반","20","관리자","3등급","20250207","M","172.2","68.9","18.31","84.4","78","139","33.6","38.4",,,"11.6",,,,,,"23.2","48","52",,,,,,,,"55.7",,"45.4",,,,,,,,,,"0.310","0.589",,,,,,
"5","화성","어르신","일반","75","관리자","1등급","20250207","M","166.5","61.9","21.3",,"78","156","36.3","41.4",,,"9",,,,,,"22.3",,,,,"20",,"115","3.84","17.62","66.9",,,,,,,,,,,,,,,,,,,"41.4"
"8","화성","어르신","일반","70","관리자","2등급","20250207","F","152.6","57.5","40.5",,"83","150","21.1","23.9",,,"14",,,,,,"24.7",,,,,"30",,"118","5","20.68","41.6",,,,,,,,,,,,,,,,,,,"23.9"
"1","수원","유아기","출장","62","관리자","참가","20250207","F","103.9","10.8",,,,,"7","9","20",,"6.2",,,,,,"10.0",,"19",,"80",,,,,,"83.3",,,,,,,,,,,,,,,,,"8.7","35",
"1","오산","성인","일반","59","관리자","참가","20250207","F","148.7","45.3","28.2","69.9","93","138","22.2","23.4",,,"4.1",,,,,,"20.5","26",,"14.88",,,,,,,"51.7",,,"63","132","152",,"34.4",,,,,,"0.39",,,,,,
"1","수원","유아기","출장","60","관리자","참가","20250207","F","94.6","16.75",,,,,"4","5","8",,"-2.6",,,,,,"18.7",,"12",,"64",,,,,,"29.9",,,,,,,,,,,,,,,,,"10.838","31.833",
"5","강북","어르신","일반","69","관리자","1등급","20250207","M","176.7","74.20","22.1","88.3","97","170","38.2","42.9",,,"14.7",,,,,,"23.8",,,,,"28",,"124","4.8","20.3","57.8",,,,,,,,,,,,,,,,,,,"42.9"
"1","남원","성인","일반","20","관리자","참가","20250207","M","177.5","74.1","22.4","85.3","75","123","37.4","43.2",,,"-16",,,,,,"23.5","26","24","10.8","197",,,,,,"58.3",,"38.0",,,,,,,,,,,,,,,,,
"1","수원","유아기","출장","62","관리자","참가","20250207","M","105.6","11",,,,,"8","9.5","3",,"5.4",,,,,,"9.9",,"19",,"70",,,,,,"86.4",,,,,,,,,,,,,,,,,"9.479","29.713",
"1","수원","유아기","출장","51","관리자","참가","20250207","M","108.8","21.05",,,,,"4","5","0",,"4.3",,,,,,"17.8",,"18",,"60",,,,,,"23.8",,,,,,,,,,,,,,,,,"10.361","35.49",
"1","수원","유아기","출장","64","관리자","참가","20250207","M","108.6","13.1",,,,,"5","5","0",,"-6.1",,,,,,"11.1",,"34",,"60",,,,,,"38.2",,,,,,,,,,,,,,,,,"10.955","30.428",
"4","강북","성인","일반","23","관리자","참가","20250207","F","168.5","55.90","25.4","70.3","88","136","27.1","28",,,"14.5",,,,,,"19.7","33","14","12.1","158",,,,,,"50.1",,"31.7",,,,,,,,,,,,,,,,,
"1","수원","유아기","출장","58","관리자","참가","20250207","F","105.9","16.05",,,,,"5","5","4",,"7.4",,,,,,"14.3",,"18",,"65",,,,,,"31.2",,,,,,,,,,,,,,,,,"10.972","27.62",
"1","구미","성인","일반","19","관리자","참가","20250207","M","163.8","54.8","18","68.8","77","123","34.9","31.8",,,"4.8",,,,,,"20.4","38","26","11.8","171",,,,,,"63.7",,"41.7",,,,,,,,,,,,,,,,,
"2","천안","성인","일반","63","관리자","3등급","20250207","M","169.7","70.4","22.1",,"65","121","38.9","39.6",,,"4.6",,,,,,"24.4","32",,,,,,,,,"56.3",,,,,,,,"118","35.2",,,"0.354","0.490",,,,,,
"1","수원","유아기","출장","62","관리자","참가","20250207","M","104.1","12.4",,,,,"9","7","0",,"5.7",,,,,,"11.4",,"36",,"60",,,,,,"72.6",,,,,,,,,,,,,,,,,"9.306","28.413",
"2","강릉","성인","일반","19","관리자","참가","20250207","M","185.0","74.7","19.8","86.3","75","134","46.9","44.3",,,"8.1",,,,,,"21.8","32",,,"220",,,,,,"62.8",,,,,,,,"103","48.4",,,"0.317",,,,,,,
"1","수원","유아기","출장","56","관리자","참가","20250207","M","106.1","17.2",,,,,"7","6","3",,"4",,,,,,"15.3",,"35",,"85",,,,,,"40.7",,,,,,,,,,,,,,,,,"10.3","34.67",
"1","수원","유아기","출장","68","관리자","참가","20250207","M","110.2","18.5",,,,,"8","9","5",,"0.6",,,,,,"15.2",,"63",,"76",,,,,,"48.6",,,,,,,,,,,,,,,,,"9.8","27.76",
"3","서구(대전)","성인","일반","28","관리자","3등급","20250207","M","173.8","69.1","14.8",,"64","113","46.5","43.1",,,"5.9",,,,,,"22.9","51",,,"225",,,,,,"67.3",,,,,,,,"109","45.7",,,"0.296",,,,,,,
"1","전주","성인","일반","19","관리자","참가","20250207","M","168.2","71","24.2","85.3","73","125","29.9","34.6",,,"-4.6",,,,,,"25.1","51",,,"203",,,,,,"48.7",,,"76","94","116","145","48.9",,,,,"0.359",,,,,,,
"1","수원","유아기","출장","62","관리자","참가","20250207","M","111.5","19.4",,,,,"6","10","0",,"-0.4",,,,,,"15.6",,"63",,"60",,,,,,"51.5",,,,,,,,,,,,,,,,,"10.6","24.13",
"1","수원","유아기","출장","54","관리자","참가","20250207","M","106.6","17.9",,,,,"5","3","1",,"3.5",,,,,,"15.8",,"36",,"86",,,,,,"27.9",,,,,,,,,,,,,,,,,"10.295","29.798",
"1","수원","유아기","출장","70","관리자","참가","20250207","M","109","11.5",,,,,"8","8","5",,"5.1",,,,,,"9.7",,"63",,"100",,,,,,"69.6",,,,,,,,,,,,,,,,,"9.291","26.469",
"1","수원","유아기","출장","55","관리자","3등급","20250207","M","105.8","12.5",,,,,"10","7","5",,"8",,,,,,"11.2",,"63",,"70",,,,,,"80.0",,,,,,,,,,,,,,,,,"9","32",
"1","수원","유아기","출장","61","관리자","3등급","20250207","M","106","12.2",,,,,"10","10","6",,"7",,,,,,"10.9",,"63",,"96",,,,,,"82.0",,,,,,,,,,,,,,,,,"7.7","24",
"1","수원","유아기","출장","62","관리자","참가","20250207","F","117.5","14.9",,,,,"4","5","9",,"-2.3",,,,,,"10.8",,"63",,"76",,,,,,"33.6",,,,,,,,,,,,,,,,,"9.753","26.255",
"1","수원","유아기","출장","57","관리자","3등급","20250207","M","108.6","11.9",,,,,"6","8","4",,"8",,,,,,"10.1",,"63",,"80",,,,,,"67.2",,,,,,,,,,,,,,,,,"7.9","41",
"1","전주","성인","일반","19","관리자","참가","20250207","M","179.4","61.1","15","75.4","91","128","32.5","34.9",,,"8.1",,,,,,"19.0","37",,,,,,,,,"57.1",,,"90","121","145","171","48.3",,,,,"0.344","0.545",,,,,,
"1","수원","유아기","출장","67","관리자","참가","20250207","F","115.4","19.4",,,,,"6","5","4",,"4.2",,,,,,"14.6",,"38",,"95",,,,,,"30.9",,,,,,,,,,,,,,,,,"11.3","25.56",
"5","성남","어르신","일반","83","관리자","2등급","20250207","M","152.4","52.2","23.9",,"78","156","27.6","32",,,"5.9",,,,,,"22.5",,,,,"19",,"107","6.49","26.68","61.3",,,,,,,,,,,,,,,,,,,"32.0"
"2","동구(광주)","성인","일반","61","관리자","참가","20250207","F","151.8","50.6","34.2","73","59","103","21.1","22",,,"5.1",,,,,,"22.0","18",,,"138",,,,,,"43.5",,,"98","104","129",,"33.3",,,,,"0.349",,,,,,,
"5","성남","어르신","일반","78","관리자","1등급","20250207","M","165.2","66.9","35.7",,"86","148","38.8","40.5",,,"9.3",,,,,,"24.5",,,,,"30",,"124","4.61","20.60","60.5",,,,,,,,,,,,,,,,,,,"40.5"
"3","시흥","어르신","일반","66","관리자","3등급","20250207","F","153","48.6","25.1","71.4","74","146","20.9","21",,,"16.4",,,,,,"20.8",,,,,"24",,"94","5.94","22.9","43.2",,,,,,,,,,,,,,,,,,,"21.0"
"1","고양","성인","일반","19","관리자","참가","20250207","M","174.1","62.9","12.8",,"79","138","36.9","42.3",,,"18.5",,,,,,"20.8","33",,"9.59","230",,,,,,"67.2",,,,,,,,"143","44.3",,,,,,,,,,
"10","세종","성인","일반","54","관리자","3등급","20250207","F","157","48.6","26.8","71.5","80","130","17.9","20.4",,,"14.1",,,,,,"19.7","30",,,"121",,,,,,"42.0",,,,,,,,"90","36.6",,,"0.363",,,,,,,
"1","수원","유아기","출장","56","관리자","참가","20250207","M","108.7","13.7",,,,,"6","6","5",,"12",,,,,,"11.6",,"23",,"65",,,,,,"43.8",,,,,,,,,,,,,,,,,"9.7","33",
"3","정읍","청소년","일반","18","관리자","2등급","20250207","M","173.8","69.5","15.7",,"56","110","39.7","48.7","50",,"15.1","19.98","0.576","54.731","8","55.099","23.0",,,,,,,,,,"70.1",,,"81","94","112",,"50.5",,,,,,,,,,,,
"7","세종","성인","일반","47","관리자","참가","20250207","F","153","62.5","34.3","86.7","74","129","26.5","28.7",,,"18",,,,,,"26.7","26",,,"132",,,,,,"45.9",,,,,,,,"115","31.1",,,"0.312",,,,,,,
"1","성동","성인","일반","19","관리자","참가","20250207","M","177.7","99.5","33.9",,"96","158","51.7","55.3",,,"-10.7",,,,,,"31.5","39",,,"207",,,,,,"55.6",,,,,,,,"144","36.3",,,"0.325",,,,,,,
"1","성동","성인","일반","20","관리자","참가","20250207","M","169.9","55.5","14.3",,"61","118","33.1","40.1",,,"18.7",,,,,,"19.2","39","45",,,,,,,,"72.3",,"45.8",,,,,,,,,,"0.269","0.564",,,,,,
"1","수원","유아기","출장","66","관리자","참가","20250207","F","112.1","21.5",,,,,"7","8","2",,"-4.1",,,,,,"17.1",,"20",,"67",,,,,,"37.2",,,,,,,,,,,,,,,,,"11","29.39",
"1","세종","성인","일반","41","관리자","참가","20250207","F","154.9","74.9","45.3","97.7","85","125","17.9","22.4",,,"5.5",,,,,,"31.2","11",,,"100",,,,,,"29.9",,,,,,,,"118","29.0",,,"0.430",,,,,,,
"1","세종","어르신","일반","67","관리자","참가","20250207","M","175.3","81.9","22.9","93.4","71","106","33.5","35.7",,,"13.7",,,,,,"26.7",,,,,"24",,"127","6.24","22.57","43.6",,,,,,,,,,,,,,,,,,,"35.7"
"1","군산","성인","일반","19","관리자","참가","20250207","M","172.5","57.3","15.2","71","75","118","28.3","27.9",,,"-6.1",,,,,,"19.3","30","34","15.81","213",,,,,,"49.4",,"43.0",,,,,,,,,,,,,,,,,
"1","서구(대전)","성인","일반","31","관리자","참가","20250207","M","165.6","60.9","25.1",,"87","127","34.9","38.4",,,"13.1",,,,,,"22.2","30","22",,"162",,,,,,"63.1",,"38.8",,,,,,,,,,"0.366",,,,,,,
"5","안산","어르신","일반","67","관리자","3등급","20250207","F","156.9","67.4","41.4","80","123","198","23.4","27.9",,,"15",,,,,,"27.4",,,,,"23",,"100","5.1","24.22","41.4",,,,,,,,,,,,,,,,,,,"27.9"
"1","안산","어르신","일반","69","관리자","3등급","20250207","M","173","74.5","26.8","84","77","144","41.8","45.8",,,"5.4",,,,,,"24.9",,,,,"29",,"117","5.75","21.06","61.5",,,,,,,,,,,,,,,,,,,"45.8"
"1","달서","성인","일반","22","관리자","2등급","20250207","F","165.4","50.3","24.5","75.6","84","128","23.1","25.1",,,"17.5",,,,,,"18.4","30",,,,,,,,,"49.9",,,,,,,,"105","41.1",,,"0.341","0.477",,,,,,
"1","달서","성인","일반","19","관리자","참가","20250207","M","174.5","67.7","17.9","81.8","84","132","31.8","34.5",,,"3.3",,,,,,"22.2","57",,,"240",,,,,,"51.0",,,,,,,,"110","48.2",,,"0.368",,,,,,,
"2","창원","성인","일반","47","관리자","1등급","20250207","F","159.5","61.1","30.5","75","58","105","26.3","29.9",,,"27.4",,,,,,"24.0","30",,"12.78","156",,,,,,"48.9",,,,,,,,"90","35.1",,,,,,,,,,
"5","부천","어르신","일반","71","관리자","3등급","20250207","M","156.9","62.4","31.0",,"69","134","30.3","33.7",,,"0.4",,,,,,"25.3",,,,,"24",,"105","5.70","25.72","54.0",,,,,,,,,,,,,,,,,,,"33.7"
"4","KSPO아산","어르신","일반","68","관리자","1등급","20250207","M","166.9","64.4","21.1","90","76","141","42.8","44.1",,,"15.4",,,,,,"23.1",,,,,"33",,"124","4.5","17.7","68.5",,,,,,,,,,,,,,,,,,,"44.1"
"2","창원","성인","일반","50","관리자","1등급","20250207","M","168.7","67.9","17.3","77","79","123","43.2","45.5",,,"31",,,,,,"23.9","48",,,"212",,,,,,"67.0",,,,,,,,"116","39.2",,,"0.324",,,,,,,
"6","부천","어르신","일반","85","관리자","3등급","20250207","M","164.3","58.7","25.8",,"73","152","30.5","30.9",,,"-3.0",,,,,,"21.7",,,,,"17",,"78","6.70","32.12","52.6",,,,,,,,,,,,,,,,,,,"30.9"
"1","포천","성인","일반","19","관리자","참가","20250207","M","182.1","71.4","12.4","77","69","145","41.4","43.1",,,"-0.9",,,,,,"21.5","43",,,,,,,,,"60.4",,,,,,,,"111","47.8",,,"0.317","0.569",,,,,,
"2","KSPO아산","어르신","일반","68","관리자","2등급","20250207","M","164.9","59.9","16.8","79","89","142","37.6","40.7",,,"9.1",,,,,,"22.0",,,,,"33",,"140","4.3","15.7","67.9",,,,,,,,,,,,,,,,,,,"40.7"
"11","KSPO아산","어르신","일반","72","관리자","참가","20250207","F","148","62","41.2","90","67","141","24","22.7",,,"-5.7",,,,,,"28.3",,,,,"26",,"105","6.1","26.2","38.7",,,,,,,,,,,,,,,,,,,"24.0"
"1","사하","청소년","일반","18","관리자","3등급","20250207","M","168.0","74.5","18.6","83.9","73","153","43.4","42.9",,"40","6.1","18.4","0.626","46.187","6","46.463","26.4",,"40",,,,,,,,"58.3",,"40.5",,,,,,,,,,,,,,,,,
"5","KSPO광주","성인","일반","27","관리자","참가","20250207","F","165.7","75.6","40.2","84","83","129","25.4","27.7",,,"11",,,,,,"27.5","29",,,"165",,,,,,"36.6",,,,,,,,"109","33.5",,,"0.359",,,,,,,
"1","부천","성인","일반","58","관리자","3등급","20250207","M","158.6","45.7","16.0",,"75","136","37.4","34.3",,,"15.4",,,,,,"18.2","26",,,,,,,,,"81.8",,,"78","83","119","143","41.8",,,,,"0.368","0.378",,,,,,
"2","전주","성인","일반","24","관리자","2등급","20250207","F","166.5","48.2","25.3","73.8","82","112","20.9","23.7",,,"23",,,,,,"17.4","30",,,"189",,,,,,"49.2",,,"83","128","153",,"40.2",,,,,"0.328",,,,,,,
"1","동해","성인","일반","64","관리자","참가","20250207","M","172.6","75.2","28.1",,"79","146","32.6","33.2",,,"5.5",,,,,,"25.2","28",,,"159",,,,,,"44.1",,,,,,,,"115","34.5",,,"0.371",,,,,,,
"1","사천","어르신","일반","65","관리자","2등급","20250207","M","165.3","80.9","33.3","105.4","98","158","42.8","37.4",,,"17.5",,,,,,"29.6",,,,,"23",,"129","3.84","22.34","52.9",,,,,,,,,,,,,,,,,,,"42.8"
"1","세종","성인","일반","19","관리자","1등급","20250207","M","174","56.5","14.3","72.9","79","128","32.5","36.6",,,"17.6",,,,,,"18.7","56",,,"213",,,,,,"64.8",,,,,,,,"121","49.0",,,"0.301",,,,,,,
"4","사천","어르신","일반","69","관리자","1등급","20250207","M","164.7","61.2","25.1","81.9","96","157","35.7","33.2",,,"12",,,,,,"22.6",,,,,"34",,"140","3.62","16.75","58.3",,,,,,,,,,,,,,,,,,,"35.7"
"1","KSPO광주","성인","일반","25","관리자","참가","20250207","M","177.2","94.4","34.5","101","84","147","40.8","40.1",,,"14.2",,,,,,"30.1","25","34",,,,,,,,"43.2",,"37.0",,,,,,,,,,"0.404","0.490",,,,,,
"4","KSPO송파별관(어르신)","어르신","일반","65","관리자","2등급","20250207","F","147","48.9","31.1",,"84","150","24.1","26.7",,,"16.3",,,,,,"22.6",,,,,"31",,"133","4.97","19.58","54.6",,,,,,,,,,,,,,,,,,,"26.7"
"1","KSPO송파별관(어르신)","어르신","일반","77","관리자","2등급","20250207","M","163.7","64.9","28",,"71","130","34.7","37.4",,,"20",,,,,,"24.2",,,,,"27",,"120","5.37","24.14","57.6",,,,,,,,,,,,,,,,,,,"37.4"
"1","동작","성인","일반","60","관리자","3등급","20250207","M","172.1","74","19.5","85","75","133","46.7","50",,,"5.5",,,,,,"25.0","40",,"12.86","166",,,,,,"67.6",,,,,,,,"89","39.6",,,,,,,,,,
"4","청주","어르신","일반","65","관리자","2등급","20250207","F","160.2","52.7","27.2","72.2","76","148","24","24",,,"23.5",,,,,,"20.5",,,,,"24",,"116","5.1","18.7","45.5",,,,,,,,,,,,,,,,,,,"24.0"
"5","성남","어르신","일반","83","관리자","1등급","20250207","M","165.5","63.4","34.0",,"78","158","37.5","39.9",,,"11.4",,,,,,"23.1",,,,,"19",,"107","5.78","25.72","62.9",,,,,,,,,,,,,,,,,,,"39.9"
"8","청주","어르신","일반","66","관리자","2등급","20250207","F","163.5","68.6","34.8","95.6","65","108","30.3","29.7",,,"24.7",,,,,,"25.7",,,,,"22",,"111","5.4","20.7","44.2",,,,,,,,,,,,,,,,,,,"30.3"
"5","성남","어르신","일반","78","관리자","참가","20250207","M","170.2","75.1","24.4",,"92","157","30","32.4",,,"-15.7",,,,,,"25.9",,,,,"19",,"98","5.21","23.19","43.1",,,,,,,,,,,,,,,,,,,"32.4"
"1","KSPO송파","청소년","일반","18","관리자","2등급","20250207","M","168.6","63.1","16.5","75","71","128","35.4","29.4","80",,"25.9","16.81","0.594","38.023","23","39.081","22.2",,"68",,,,,,,,"56.1",,"48.2",,,,,,,,,,,,,,,,,
"1","순천","어르신","출장","66","관리자","2등급","20250207","M","165.8","63.6","28.8","87.1","90","150","42.7","46",,,"10",,,,,,"23.1",,,,,"26",,"113","4.84","21.00","72.3",,,,,,,,,,,,,,,,,,,"46.0"
"11","청주","어르신","일반","72","관리자","3등급","20250207","F","163","74.6","38.3","96.1","77","143","30","29.9",,,"10.7",,,,,,"28.1",,,,,"17",,"103","6.2","23.3","40.2",,,,,,,,,,,,,,,,,,,"30.0"
"2","동구(인천)","성인","일반","53","관리자","1등급","20250207","F","158.7","53","19.2",,"63","121","24.9","24.3",,,"19.5",,,,,,"21.0","27",,"12.82","147",,,,,,"47.0",,,,,,,,"72","38.1",,,,,,,,,,
"1","제주","성인","일반","19","관리자","참가","20250207","M","169","56.5","11.7","68.9","76","131","35.2","35",,,"15.6",,,,,,"19.8","39","41","9.9","220",,,,,,"62.3",,"44.8",,,,,,,,,,,,,,,,,
"1","서구(대전)","성인","일반","21","관리자","참가","20250207","M","167.8","67.7","30.2",,"65","104","32.4","35.1",,,"-15",,,,,,"24.0","26",,,,,,,,,"51.8",,,,,,,,"117","46.1",,,"0.353","0.427",,,,,,
"4","청주","어르신","일반","69","관리자","3등급","20250207","F","155.9","51","30.8","77.5","75","159","28.1","31.3",,,"12.6",,,,,,"21.0",,,,,"30",,"151","4.7","15.8","61.4",,,,,,,,,,,,,,,,,,,"31.3"
"5","중구(서울)","성인","일반","29","관리자","3등급","20250207","F","167.9","63.1","31.1","81.3","82","124","24.4","27.3",,,"21.4",,,,,,"22.4","24",,,"150",,,,,,"43.3",,,"88","123","147",,"36.1",,,,,"0.334",,,,,,,
"1","제주","성인","일반","20","관리자","참가","20250207","M","178.1","65.9","14.6","76.6","84","138","37.4","44.2",,,"12.1",,,,,,"20.8","40","42","10.1","244",,,,,,"67.1",,"43.4",,,,,,,,,,,,,,,,,
"6","청주","어르신","일반","68","관리자","2등급","20250207","F","151.8","48.8","38.9","80.8","86","159","24","26.8",,,"18.6",,,,,,"21.2",,,,,"28",,"150","5","18.7","54.9",,,,,,,,,,,,,,,,,,,"26.8"
"2","성동","어르신","일반","65","관리자","2등급","20250207","M","168.5","78.1","25.3",,"79","137","39.7","37.4",,,"8.1",,,,,,"27.5",,,,,"31",,"134","4.22","18.88","50.8",,,,,,,,,,,,,,,,,,,"39.7"
"1","창원","성인","일반","43","관리자","3등급","20250207","F","164.7","61.7","30.7","77","81","126","31.6","32.3",,,"19.1",,,,,,"22.7","24",,,"146",,,,,,"52.4",,,,,,,,"119","32.7",,,"0.271",,,,,,,
"1","동구(인천)","어르신","일반","70","관리자","2등급","20250207","M","161.7","59.1","17",,"73","137","26.5","31.9",,,"8.5",,,,,,"22.6",,,,,"20",,"109","5.5","20.82","54.0",,,,,,,,,,,,,,,,,,,"31.9"
"1","고양","성인","일반","57","관리자","참가","20250207","F","169","72.4","32.7",,"79","130","32.1","25.7",,,"11",,,,,,"25.3","12","12","13.16","137",,,,,,"44.3",,"27.1",,,,,,,,,,,,,,,,,
"1","순천","어르신","출장","69","관리자","3등급","20250207","F","148.5","54","33.8","82.6","80","120","30.6","25.2",,,"11.3",,,,,,"24.5",,,,,"23",,"106","4.93","22.09","56.7",,,,,,,,,,,,,,,,,,,"30.6"
"1","고양","성인","일반","31","관리자","참가","20250207","F","162.7","59.5","34.9",,"95","152","24.4","25.7",,,"19.6",,,,,,"22.5","18","11","12.91","147",,,,,,"43.2",,"29.8",,,,,,,,,,,,,,,,,
"1","경산","성인","일반","19","관리자","참가","20250207","M","179.6","61.8","10.2","75","83","123","46.7","39",,,"11.8",,,,,,"19.2","37",,"10.69","216",,,,,,"75.6",,,"76","105","125",,"51.2",,,,,,,,,,,,
"3","계룡","성인","일반","24","관리자","참가","20250207","F","169.7","56.6","21.2",,"65","105","31.8","30.7",,,"9.2",,,,,,"19.7","34",,,,,,,,,"56.2",,,,,,,,"122","37.6",,,"0.380","0.440",,,,,,
"4","청주","어르신","일반","69","관리자","3등급","20250207","M","166.9","58.1","30.9","84.4","67","144","26.2","33.2",,,"4.4",,,,,,"20.9",,,,,"28",,"142","5.3","19.4","57.1",,,,,,,,,,,,,,,,,,,"33.2"
"1","스포원(금정)","성인","일반","34","관리자","3등급","20250207","F","156.6","56.7","39.7",,"66","125","24.6","27.7",,,"12.5",,,,,,"23.1","26",,,"127",,,,,,"48.9",,,"86","119","106",,"43.1",,,,,"0.418",,,,,,,
"1","KSPO송파","성인","일반","19","관리자","참가","20250207","M","169.3","66.7","25.1","87","81","136","39","36.8",,,"-0.3",,,,,,"23.3","40",,,,,,,,,"58.5",,,"110","139","155","185","43.7",,,,,"0.347","0.630",,,,,,
"2","스포원(금정)","성인","일반","36","관리자","참가","20250207","F","162.7","78.6","40.3",,"99","143","32","33.1",,,"12.3",,,,,,"29.7","31",,,"167",,,,,,"42.1",,,"96","122","143",,"30.8",,,,,"0.378",,,,,,,
"1","청주","어르신","일반","78","관리자","2등급","20250207","M","157.8","71.6","30.9","89.3","99","159","25.5","33.9",,,"2.7",,,,,,"28.8",,,,,"25",,"133","5.8","20.9","47.3",,,,,,,,,,,,,,,,,,,"33.9"
"1","순천","어르신","출장","66","관리자","2등급","20250207","F","154.1","55.5","35.2","83.6","74","155","23.7","27.9",,,"22.9",,,,,,"23.4",,,,,"20",,"112","5.10","22.86","50.3",,,,,,,,,,,,,,,,,,,"27.9"
"1","스포원(금정)","성인","일반","40","관리자","참가","20250207","M","182","79.8","21.2",,"99","144","44.9","49.6",,,"12.8",,,,,,"24.1","27",,,"218",,,,,,"62.2",,,"98","112","129","168","38.7",,,,,"0.365",,,,,,,
"3","KSPO송파","성인","일반","19","관리자","참가","20250207","M","161.5","57.3","20.8",,"80","96","36.3","34",,,"-0.2",,,,,,"22.0","45",,,,,,,,,"63.4",,,"102","122","141","175","46.5",,,,,"0.339","0.462",,,,,,
"1","스포원(금정)","성인","일반","36","관리자","1등급","20250207","F","167.2","49.2","15.4",,"79","130","35.1","34.1",,,"21.3",,,,,,"17.6","34",,,,,,,,,"71.3",,,"60","71","107",,"41.9",,,,,"0.411","0.505",,,,,,
"1","사하","성인","일반","28","관리자","3등급","20250207","F","160.8","63.3","30.9","84.2","87","141","25.2","26.1",,,"15.7",,,,,,"24.5","40",,"12.13","163",,,,,,"41.2",,,"74","114","147",,"35.2",,,,,,,,,,,,
"1","순천","어르신","출장","71","관리자","2등급","20250207","F","158.5","56.3","37.4","85","81","129","17.4","21.2",,,"24.6",,,,,,"22.4",,,,,"17",,"114","6.44","27.81","37.7",,,,,,,,,,,,,,,,,,,"21.2"
"1","안산","성인","일반","60","관리자","3등급","20250207","F","160.8","58.8","31.4","78","83","146","30.4","31",,,"17.2",,,,,,"22.7","11",,,"138",,,,,,"52.7",,,"79","129","154",,"30.7",,,,,"0.425",,,,,,,
"1","천안","성인","일반","19","관리자","3등급","20250207","M","179.9","81.2","24.3",,"87","140","43.6","48.8",,,"9",,,,,,"25.1","47",,,"191",,,,,,"60.1",,,,,,,,"108","45.9",,,"0.306",,,,,,,
"6","안산","어르신","일반","81","관리자","2등급","20250207","M","168.2","77.1","32.2","100","79","152","33.9","36.3",,,"3.6",,,,,,"27.3",,,,,"28",,"114","5.4","21.8","47.1",,,,,,,,,,,,,,,,,,,"36.3"
"1","북구(광주)","성인","일반","19","관리자","참가","20250207","M","170.5","65.0","8.9","76.4","82","112","41.6","39.3",,,"20.3",,,,,,"22.4","40","43","9.44","237",,,,,,"64.0",,"44.0",,,,,,,,,,,,,,,,,
"1","순천","어르신","출장","66","관리자","2등급","20250207","F","155.6","65.3","33.8","86.7","84","157","24.2","25.4",,,"15.5",,,,,,"27.0",,,,,"19",,"106","5.63","24.19","38.9",,,,,,,,,,,,,,,,,,,"25.4"
"3","곡성","성인","일반","63","관리자","2등급","20250207","M","160.7","64.5","27.8","91.7","86","136","37.7","38.4",,,"8.5",,,,,,"25.0","40",,,"180",,,,,,"59.5",,,,,,,,"112","36.7",,,"0.306",,,,,,,
"1","성동","성인","일반","25","관리자","2등급","20250207","F","167.4","55","23.4",,"71","119","21.2","27",,,"16.3",,,,,,"19.6","37",,,,,,,,,"49.1",,,"65","110","140",,"39.7",,,,,"0.388","0.452",,,,,,
"3","광주","어르신","일반","66","관리자","3등급","20250207","M","167.4","65.7","24.7",,"78","137","32.3","38",,,"3.5",,,,,,"23.4",,,,,"22",,"130","4.56","19.24","57.8",,,,,,,,,,,,,,,,,,,"38.0"
"2","포천","어르신","일반","72","관리자","3등급","20250207","M","160","56.3","24.8","80","83","157","32.9","29.6",,,"1.0",,,,,,"22.0",,,,,"22",,"120","5.84","24","58.4",,,,,,,,,,,,,,,,,,,"32.9"
"5","원주","성인","일반","20","관리자","2등급","20250207","M","172.1","64","17.5","73.5","75","126","40.1","40.2",,,"11.2",,,,,,"21.6","57",,,,,,,,,"62.8",,,"69","110","136","169","47.6",,,,,"0.238","0.663",,,,,,
"6","강북","어르신","일반","67","관리자","2등급","20250207","M","155.4","57.50","30.0","85.1","93","157","34.2","29.7",,,"13.8",,,,,,"23.8",,,,,"24",,"124","5.3","22.5","59.5",,,,,,,,,,,,,,,,,,,"34.2"
"6","광주","어르신","일반","81","관리자","1등급","20250207","M","165.1","70.4","29",,"75","158","39","40.9",,,"18.8",,,,,,"25.8",,,,,"23",,"112","4.91","21.56","58.1",,,,,,,,,,,,,,,,,,,"40.9"
"4","광주","어르신","일반","78","관리자","1등급","20250207","F","140.4","44.8","26.2",,"77","136","23.3","24.7",,,"18.3",,,,,,"22.7",,,,,"25",,"106","5.84","25.90","55.1",,,,,,,,,,,,,,,,,,,"24.7"
"1","남구(울산)","어르신","일반","66","관리자","3등급","20250207","M","164.9","59.6","24.7","83.2","82","151","34.2","33.8",,,"2.5",,,,,,"21.9",,,,,"21",,"106","5.44","19.41","57.4",,,,,,,,,,,,,,,,,,,"34.2"
"1","미추홀","성인","일반","19","관리자","2등급","20250207","M","180.6","71.9","11.3","76","79","117","51.1","59.9",,,"20",,,,,,"22.0","51","60","9","250",,,,,,"83.3",,"46.8",,,,,,,,,,,,,,,,,
"7","부천","어르신","일반","71","관리자","3등급","20250207","F","147.3","63.0","40.6",,"73","113","26.5","23.5",,,"12.8",,,,,,"29.0",,,,,"23",,"123","6.15","23.75","42.1",,,,,,,,,,,,,,,,,,,"26.5"
"1","미추홀","성인","일반","19","관리자","참가","20250207","M","173","58.5","21.1","78","74","130","35.1","41.8",,,"13.3",,,,,,"19.5","30","32","9.5","238",,,,,,"71.5",,"42.3",,,,,,,,,,,,,,,,,
"1","남구(울산)","어르신","일반","69","관리자","3등급","20250207","M","166","67.4","22.8","82.3","87","142","33.3","34.9",,,"7.7",,,,,,"24.5",,,,,"25",,"105","5.25","22.41","51.8",,,,,,,,,,,,,,,,,,,"34.9"
"6","화성","어르신","일반","72","관리자","3등급","20250207","F","151","54.3","31.7",,"103","161","24.9","23.1",,,"9.5",,,,,,"23.8",,,,,"17",,"100","5.6","25.9","45.9",,,,,,,,,,,,,,,,,,,"24.9"
"2","청주","어르신","일반","69","관리자","참가","20250207","F","149.8","52.3","36.5","79.1","85","151","20.9","24.2",,,"17.6",,,,,,"23.3",,,,,"15",,"115","6.4","24.5","46.3",,,,,,,,,,,,,,,,,,,"24.2"
"2","강북","성인","일반","19","관리자","참가","20250207","M","174.7","75.2","27.2","82.2","81","144","42.1","38.6",,,"8",,,,,,"24.6","30",,"10.4","222",,,,,,"56.0",,,"89","119","149","180","41.9",,,,,,,,,,,,
"1","강북","성인","일반","20","관리자","참가","20250207","M","180.3","68.6","8.9","68.5","84","120","31.8","29.7",,,"-8.8",,,,,,"21.1","54","33","10.4",,,,,,,"46.4",,"40.9",,,,,,,,,,,"0.590",,,,,,
"3","곡성","성인","일반","61","관리자","참가","20250207","F","159.4","57.3","27.2","82.1","80","137","24.3","25",,,"10.8",,,,,,"22.6","0",,,,,,,,,"43.6",,,"73","99","116",,"35.2",,,,,"0.337","0.291",,,,,,
"1","고양","어르신","일반","65","관리자","참가","20250207","F","158","57.8","27.1",,"84","150","28.4","29",,,"9.9",,,,,,"23.2",,,,,"23",,"98","5.28","24.17","50.2",,,,,,,,,,,,,,,,,,,"29.0"
"1","청주","어르신","일반","67","관리자","3등급","20250207","M","165.8","67","28.8","85.3","78","117","34.7","24.5",,,"9.5",,,,,,"24.4",,,,,"26",,"130","5.69","25.59","51.8",,,,,,,,,,,,,,,,,,,"34.7"
"1","순천","어르신","출장","66","관리자","참가","20250207","M","158.9","65.4","32","89.4","83","147","38.1","31.4",,,"-0.6",,,,,,"25.9",,,,,"31",,"136","4.68","20.74","58.3",,,,,,,,,,,,,,,,,,,"38.1"
"8","화성","어르신","일반","71","관리자","3등급","20250207","F","150.9","54.5","32.9",,"94","148","25.2","25.9",,,"11.2",,,,,,"23.9",,,,,"24",,"103","6.5","25.1","47.5",,,,,,,,,,,,,,,,,,,"25.9"
"2","중구(서울)","성인","일반","36","관리자","참가","20250207","M","175.3","85.5","26","92","92","132","36.7","50.2",,,"18.3",,,,,,"27.8","33",,,"207",,,,,,"58.7",,,,,,,,"130","37.1",,,"0.287",,,,,,,
"1","마포","성인","일반","27","관리자","참가","20250207","M","174.7","74.9","24.8","82","74","121","44.8","49.4",,,"10.5",,,,,,"24.5","31",,,"218",,,,,,"66.0",,,,,,,,"121","43.0",,,"0.287",,,,,,,
"1","동구(인천)","성인","일반","25","관리자","3등급","20250207","M","170","79.4","22.6",,"82","135","44.8","48.8",,,"9.5",,,,,,"27.5","52","35","10.71","224",,,,,,"61.5",,"39.6",,,,,,,,,,,,,,,,,
"2","동구(인천)","성인","일반","63","관리자","2등급","20250207","M","169.5","76.6","29.2",,"82","150","46.4","47.3",,,"7.8",,,,,,"26.7","32","21",,"184",,,,,,"61.7",,"33.7",,,,,,,,,,"0.343",,,,,,,
"5","서대문","성인","일반","63","관리자","3등급","20250207","M","166.1","68.2","25.7",,"70","122","38","40.1",,,"18.2",,,,,,"24.7","22","29","11.92",,,,,,,"58.8",,"36.9",,,,,,,,,,,"0.459",,,,,,
"1","순천","어르신","출장","67","관리자","참가","20250207","F","158.5","56.4","35.9","81.9","98","137","21.9","24.3",,,"10.9",,,,,,"22.5",,,,,"26",,"130","5.62","23.5","43.1",,,,,,,,,,,,,,,,,,,"24.3"
"1","서대문","성인","일반","20","관리자","2등급","20250207","M","176.8","72.0","15.4",,"72","122","41.4","46.2",,,"19.9",,,,,,"23.0","55","56","11.28",,,,,,,"64.2",,"45.8",,,,,,,,,,,"0.624",,,,,,
"1","사상","성인","일반","51","관리자","참가","20250207","F","166.5","59.6","32.5","78.5","97","139","21.6","26.3",,,"4",,,,,,"21.5","28",,,"153",,,,,,"44.1",,,"98","126","151",,"32.2",,,,,"0.376",,,,,,,
"1","동구(광주)","성인","일반","63","관리자","참가","20250207","F","149.6","55.6","43.8","77","84","155","17.4","18",,,"12.4",,,,,,"24.8","0",,,,,,,,,"32.4",,,,,,,,"120","28.9",,,"0.43","0.27",,,,,,
"1","원주","성인","일반","21","관리자","참가","20250207","M","175.7","72.9","21.6","92","60","100","46.1","46.5",,,"1.1",,,,,,"23.6","45","10",,"173",,,,,,"63.8",,"34.9",,,,,,,,,,"0.325",,,,,,,
"1","성남","성인","일반","19","관리자","참가","20250207","M","175.2","75.4","26.7",,"81","133","36.5","38.8",,,"15.0",,,,,,"24.6","7",,,,,,,,,"51.5",,,,,,,,"109","46.7",,,"0.339","0.568",,,,,,
"1","순천","어르신","출장","66","관리자","3등급","20250207","F","158.1","69.1","39.5","95.5","70","146","27.7","26.7",,,"13.5",,,,,,"27.6",,,,,"26",,"128","5.08","23.10","40.1",,,,,,,,,,,,,,,,,,,"27.7"
"1","화성","어르신","일반","67","관리자","2등급","20250207","F","153.4","47.4","22.9",,"74","146","23.7","22.5",,,"15.9",,,,,,"20.1",,,,,"19",,"112","5.6","24.6","50.0",,,,,,,,,,,,,,,,,,,"23.7"
"1","서대문","성인","일반","27","관리자","3등급","20250207","F","157.6","45.3","24.0",,"75","112","23.5","27",,,"11.4",,,,,,"18.2","33","21","13.61",,,,,,,"59.6",,"35.2",,,,,,,,,,,"0.467",,,,,,
"1","순천","어르신","출장","74","관리자","참가","20250207","M","165.6","75.8","32.9","85.8","79","146","36.1","44.2",,,"-1.2",,,,,,"27.6",,,,,"17",,"96","5.60","27.17","58.3",,,,,,,,,,,,,,,,,,,"44.2"
"1","서대문","성인","일반","32","관리자","2등급","20250207","F","158.4","59.4","32.0",,"65","110","31","31.4",,,"16.8",,,,,,"23.7","37","27","12.69",,,,,,,"52.9",,"34.6",,,,,,,,,,,"0.465",,,,,,
"6","화성","어르신","일반","66","관리자","1등급","20250207","F","157.1","52.9","28.1",,"83","144","25.3","27.1",,,"19.5",,,,,,"21.4",,,,,"31",,"122","4.06","17","51.2",,,,,,,,,,,,,,,,,,,"27.1"
"1","서대문","성인","일반","62","관리자","참가","20250207","F","152.7","56.4","40.8",,"78","141","28.5","31.8",,,"17.3",,,,,,"24.2","2","13","13.68",,,,,,,"56.4",,"29.5",,,,,,,,,,,"0.403",,,,,,
"1","군산","성인","일반","57","관리자","1등급","20250207","F","154.5","58.3","24","70","72","125","30.9","27.6",,,"25.1",,,,,,"24.4","25",,,"140",,,,,,"53.0",,,,,,,,"88","33.7",,,"0.388",,,,,,,
"2","군산","성인","일반","57","관리자","참가","20250207","M","173.2","82.2","24.2","86","83","132","40","38.1",,,"17.9",,,,,,"27.4","26",,"11.95","185",,,,,,"48.7",,,,,,,,"80","39.9",,,,,,,,,,
"2","서대문","성인","일반","52","관리자","2등급","20250207","F","159.8","68.7","34.6",,"78","131","26.8","33.6",,,"22.8",,,,,,"26.9","20","17","13.38",,,,,,,"48.9",,"29.3",,,,,,,,,,,"0.441",,,,,,
"2","신안","어르신","일반","66","관리자","3등급","20250207","M","168.1","62.1","17.0","83","81","148","36.7","42.9",,,"8.2",,,,,,"22.0",,,,,"19",,"135","5.7","25.7","69.1",,,,,,,,,,,,,,,,,,,"42.9"
"1","사천","성인","일반","57","관리자","참가","20250207","F","158.5","57.7","39.6","86","71","157","22.8","19.7",,,"13.7",,,,,,"23.0","1",,,,,,,,,"39.5",,,,,,,,"138","28.1",,,"0.5","0.378",,,,,,
"1","사천","성인","일반","64","관리자","참가","20250207","F","160.1","64.5","34.7","88.5","66","120","25.6","28.3",,,"19.6",,,,,,"25.2","10",,,,,,,,,"43.9",,,,,,,,"102","29.7",,,"0.376","0.377",,,,,,
"6","안산","어르신","일반","78","관리자","3등급","20250207","F","153.4","65.3","42.9","93","90","148","19.7","24.8",,,"7.2",,,,,,"27.7",,,,,"18",,"75","6.1","32.34","38.0",,,,,,,,,,,,,,,,,,,"24.8"
"2","양평","청소년","일반","18","관리자","2등급","20250207","M","164.9","56.2","12.9",,"57","104","37.3","40.6","45",,"15.3","17","0.564","45.263","6","45.539","20.7",,"62",,,,,,,,"72.2",,"47.8",,,,,,,,,,,,,,,,,
"2","경산","성인","일반","19","관리자","1등급","20250207","M","173.7","67.1","13.4","78","59","119","49","45.9",,,"16.9",,,,,,"22.2","58",,"9.4","258",,,,,,"73.0",,,,,,,,"102","49.4",,,,,,,,,,
"3","안산","어르신","일반","67","관리자","3등급","20250207","F","148.6","75.8","51.9","102","86","135","20.3","26",,,"13.5",,,,,,"34.3",,,,,"27",,"92","5.9","25.15","34.3",,,,,,,,,,,,,,,,,,,"26.0"
"1","남구(울산)","어르신","일반","69","관리자","3등급","20250207","M","169.1","61.4","18.4","78.1","80","147","28.8","26.9",,,"10",,,,,,"21.5",,,,,"23",,"106","5.13","22.47","46.9",,,,,,,,,,,,,,,,,,,"28.8"
"2","춘천","어르신","일반","65","관리자","1등급","20250207","F","150.6","59","31.6","80.3","87","153","31.5","33.8",,,"19.8",,,,,,"26.0",,,,,"34",,"126","4.59","16.68","57.3",,,,,,,,,,,,,,,,,,,"33.8"
"4","포천","어르신","일반","67","관리자","3등급","20250207","M","172.8","74.9","26.4","86","91","147","42.3","44.1",,,"3.5",,,,,,"25.1",,,,,"32",,"130","4.09","17.47","58.9",,,,,,,,,,,,,,,,,,,"44.1"
"1","남구(울산)","성인","일반","35","관리자","참가","20250207","M","186.8","90.2","25.9","110.9","89","141","30","50.4",,,"-4.9",,,,,,"25.8","39",,,"204",,,,,,"55.9",,,,,,,,"108","40.5",,,"0.469",,,,,,,
"2","춘천","어르신","일반","65","관리자","2등급","20250207","F","156","51.9","28.7","75.9","72","172","29","32.1",,,"18.9",,,,,,"21.3",,,,,"27",,"126","4.37","19.72","61.8",,,,,,,,,,,,,,,,,,,"32.1"
"3","서대문","성인","일반","28","관리자","참가","20250207","M","167.5","77.3","34.9",,"78","115","41.6","47.3",,,"6.8",,,,,,"27.6","38","36","13.38",,,,,,,"61.2",,"39.9",,,,,,,,,,,"0.492",,,,,,
"1","서대문","성인","일반","19","관리자","참가","20250207","M","176.4","57.1","12.2",,"78","118","32","40.7",,,"2.9",,,,,,"18.4","57","52","11",,,,,,,"71.3",,"47.2",,,,,,,,,,,"0.554",,,,,,
"2","서대문","성인","일반","62","관리자","3등급","20250207","M","172.3","72.5","20.7",,"86","152","32.4","34.6",,,"10.9",,,,,,"24.4","36","33","14.83",,,,,,,"47.7",,"37.1",,,,,,,,,,,"0.445",,,,,,
"1","동작","성인","일반","49","관리자","참가","20250207","F","161.5","81.5","37","93","99","141","31.8","36.2",,,"13.3",,,,,,"31.2","13",,,,,,,,,"44.4",,,,,,,,"126","25.5",,,"0.347","0.452",,,,,,
"1","제주","성인","일반","21","관리자","참가","20250207","M","184.8","138.7","40.1","132.6","87","149","40.5","39.5",,,"1.8",,,,,,"40.6","8",,,,,,,,,"29.2",,,,,,,,"130","29.8",,,"0.364","0.452",,,,,,
"1","KSPO광주","성인","일반","31","관리자","참가","20250207","F","170.1","78.5","36.6","92.8","48","91","22.9","31.4",,,"23.4",,,,,,"27.1","26",,"12.15","187",,,,,,"40.0",,,,,,,,"131","29.8",,,,,,,,,,
"2","서구(광주)","성인","일반","62","관리자","참가","20250207","M","170.6","60.2","17.3","83","74","125","36.3","31.4",,,"13.4",,,,,,"20.7","17",,,"163",,,,,,"60.3",,,,,,,,"151","32.9",,,"0.374",,,,,,,
"6","의정부","어르신","일반","73","관리자","3등급","20250207","F","152.6","59.2","32","85.1","78","142","25.9","28.8",,,"19.4",,,,,,"25.4",,,,,"23",,"96","5.62","22.37","48.6",,,,,,,,,,,,,,,,,,,"28.8"
"1","제주","성인","일반","29","관리자","참가","20250207","F","176.9","96.3","38.1","110.9","98","153","8.1","9.5",,,"13.5",,,,,,"30.8","18",,,,,,,,,"9.9",,,,,,,,"160","22.9",,,"0.396","0.415",,,,,,
"4","마포","어르신","일반","65","관리자","2등급","20250207","M","156.5","63","31.3","85","87","157","38.1","41.8",,,"14.3",,,,,,"25.7",,,,,"23",,"137","4.25","19.12","66.3",,,,,,,,,,,,,,,,,,,"41.8"
"1","제주","성인","일반","25","관리자","참가","20250207","M","177","84.2","28.7","99.2","94","137","37.3","40.1",,,"13.8",,,,,,"26.9","20",,,"198",,,,,,"47.6",,,,,,,,"133","39.8",,,"0.325",,,,,,,
"6","마포","어르신","일반","73","관리자","2등급","20250207","M","166.8","64.1","25.8","83","90","161","40.3","39.7",,,"6.4",,,,,,"23.0",,,,,"37",,"142","3.56","16.52","62.9",,,,,,,,,,,,,,,,,,,"40.3"
"7","의정부","어르신","일반","76","관리자","2등급","20250207","M","164.2","68.3","31.4","90.2","80","158","33.5","33.7",,,"6.1",,,,,,"25.3",,,,,"23","645",,"5.81","20.06","49.3",,,,,,,,,,,,,,,,,,,"33.7"
"1","충주","성인","일반","30","관리자","2등급","20250207","M","180.3","74.3","13.6","83","94","129","47.2","53.6",,,"11.7",,,,,,"22.9","51",,,,,,,,,"72.1",,,"89","109","122","148","46.8",,,,,"0.347","0.667",,,,,,
"1","KSPO광주","청소년","일반","18","관리자","참가","20250207","M","178.5","68.9","12.1","78","60","105","38.2","55","19",,"-4.4","22.78","0.539","72.747","10","73.207","21.6",,,,,,,,,,"79.8",,,"96","115","128",,"50.0",,,,,,,,,,,,
"1","KSPO송파별관(어르신)","어르신","일반","69","관리자","3등급","20250207","M","159.5","54.7","22.8",,"57","139","29.5","26.2",,,"17.5",,,,,,"21.5",,,,,"25",,"122","5.39","25.52","53.9",,,,,,,,,,,,,,,,,,,"29.5"
"1","삼척","성인","일반","28","관리자","3등급","20250207","M","169.8","79.4","24.9",,"83","128","51.5","54.5",,,"11.6",,,,,,"27.5","38",,"11.86","201",,,,,,"68.6",,,"62","98","111","163","44.2",,,,,,,,,,,,
"4","KSPO대구","성인","일반","58","관리자","3등급","20250207","F","162.4","68","31.7","89.8","79","138","35.6","38",,,"15.6",,,,,,"25.8","15",,,,,,,,,"55.9",,,,,,,,"95","31.0",,,"0.421","0.476",,,,,,
"1","KSPO송파","성인","일반","64","관리자","참가","20250207","M","166.3","72.8","31.8","92.1","78","123","39.2","43",,,"4.6",,,,,,"26.3","17",,,"122",,,,,,"59.1",,,"75","113","133","148","36.4",,,,,"0.370",,,,,,,
"2","서대문","성인","일반","26","관리자","3등급","20250207","M","179.2","87","22.9",,"80","120","55.2","57.9",,,"19.8",,,,,,"27.1","58","63","11.98",,,,,,,"66.6",,"44.7",,,,,,,,,,,"0.558",,,,,,
"1","동구(인천)","성인","일반","64","관리자","참가","20250207","F","155.4","69.5","38.9",,"80","130","17","21",,,"20.1",,,,,,"28.8","0","1",,"63",,,,,,"30.2",,"23.7",,,,,,,,,,"0.629",,,,,,,
"1","서대문","성인","일반","33","관리자","2등급","20250207","M","179.3","80.8","19.8",,"80","120","44.2","48.6",,,"9.4",,,,,,"25.1","57","51","10.81",,,,,,,"60.1",,"42.3",,,,,,,,,,,"0.611",,,,,,
"4","사천","성인","일반","21","관리자","참가","20250207","M","176.6","94.7","33.7","110.3","70","135","46.4","42.1",,,"9.7",,,,,,"30.4","41","43",,,,,,,,"49.0",,"39.4",,,,,,,,,,"0.359","0.501",,,,,,
"1","서대문","성인","일반","19","관리자","1등급","20250207","M","172","73.7","21",,"80","120","45.1","55.6",,,"21.2",,,,,,"24.9","66","64","9.48",,,,,,,"75.4",,"47.6",,,,,,,,,,,"0.667",,,,,,
"1","KSPO아산","성인","일반","58","관리자","3등급","20250207","M","173.7","68.4","18.8","81","84","139","44.1","43.8",,,"18.1",,,,,,"22.7","28",,,"179",,,,,,"64.5",,,"103","118","138","166","35.5",,,,,"0.325",,,,,,,
"2","강북","성인","일반","29","관리자","참가","20250207","M","177.8","65.4","22.2","75.1","95","137","41.9","50.6",,,"19",,,,,,"20.7","32","22","11.2","209",,,,,,"77.4",,"38.1",,,,,,,,,,,,,,,,,
"1","남구(부산)","어르신","일반","73","관리자","1등급","20250207","M","162.7","66.7","25",,"84","157","43","44.2",,,"11.6",,,,,,"25.2",,,,,"23",,"127","5.17","21.24","66.3",,,,,,,,,,,,,,,,,,,"44.2"
"1","북구(광주)","성인","일반","56","관리자","참가","20250207","F","162.2","63.8","38.7","81.5","82","154","23.6","26.3",,,"22.5",,,,,,"24.3","2",,,"131",,,,,,"41.2",,,,,,,,"113","30.2",,,"0.385",,,,,,,
"1","남구(부산)","어르신","일반","68","관리자","2등급","20250207","F","155.8","54.9","32.1",,"78","137","24.1","24.9",,,"15.3",,,,,,"22.6",,,,,"20",,"115","5.99","23.99","45.4",,,,,,,,,,,,,,,,,,,"24.9"
"5","포천","어르신","일반","69","관리자","2등급","20250207","F","147","50.4","33.3","80","76","134","18.8","21.9",,,"23",,,,,,"23.3",,,,,"23",,"105","5.66","24.10","43.5",,,,,,,,,,,,,,,,,,,"21.9"
"4","남구(부산)","어르신","일반","65","관리자","2등급","20250207","F","154.7","53.3","31.1",,"79","156","25.4","31.3",,,"16.7",,,,,,"22.3",,,,,"27",,"128","4.31","16.39","58.7",,,,,,,,,,,,,,,,,,,"31.3"
"2","창원마산회원","성인","일반","62","관리자","참가","20250207","M","177.5","79.7","21.8","92.5","69","103","52.4","48.4",,,"11.6",,,,,,"25.3","21",,,,,,,,,"65.7",,,"72","115","139","174","32.2",,,,,"0.401","0.515",,,,,,
"1","동작","성인","일반","19","관리자","참가","20250207","M","179.2","70.6","15.4","76","73","133","48.7","56.1",,,"0.5",,,,,,"22.0","53","70","10.42",,,,,,,"79.5",,"49.3",,,,,,,,,,,"0.588",,,,,,
"8","성남","어르신","일반","73","관리자","3등급","20250207","F","155.1","59.3","41.5",,"62","127","13.6","19.4",,,"16.5",,,,,,"24.7",,,,,"15",,"98","6.23","28.86","32.7",,,,,,,,,,,,,,,,,,,"19.4"
"1","남구(부산)","성인","일반","20","관리자","참가","20250207","M","173.7","71.1","10.9",,"77","123","54.3","46.6",,,"7.5",,,,,,"23.6","39",,,"258",,,,,,"76.4",,,"80","105","116","141","51.4",,,,,"0.367",,,,,,,
"1","남구(부산)","성인","일반","19","관리자","참가","20250207","M","178.7","95.2","27.4",,"58","127","45.4","45.3",,,"6.2",,,,,,"29.8","31",,,,,,,,,"47.7",,,"93","123","142","178","38.8",,,,,"0.369","0.589",,,,,,
"6","고양","어르신","일반","69","관리자","3등급","20250207","F","154.3","57.6","37",,"60","132","24.6","26.3",,,"15.4",,,,,,"24.2",,,,,"30",,"98","5.63","21.94","45.7",,,,,,,,,,,,,,,,,,,"26.3"
"1","익산","성인","일반","19","관리자","참가","20250207","M","178.1","70.5","17",,"78","131","41.3","49.1",,,"-1.3",,,,,,"22.2","40",,,"220",,,,,,"69.6",,,"90","116","139","200","41.3",,,,,"0.394",,,,,,,
"1","고양","성인","일반","24","관리자","3등급","20250207","F","166.1","48.8","27.3",,"74","114","17.9","22",,,"10.8",,,,,,"17.7","23",,"14","128",,,,,,"45.1",,,,,,,,"138","37.2",,,,,,,,,,
"11","청주","성인","일반","60","관리자","3등급","20250207","F","164","63.3","34.7","85.5","90","159","27.3","30.2",,,"13.8",,,,,,"23.5","23",,,"135",,,,,,"47.7",,,,,,,,"89","32.7",,,"0.505",,,,,,,
"7","청주","성인","일반","60","관리자","1등급","20250207","F","157.1","52.9","31.1","78.2","77","117","27","28.5",,,"19.9",,,,,,"21.4","31",,,"150",,,,,,"53.9",,,,,,,,"93","34.1",,,"0.306",,,,,,,
"4","청주","성인","일반","63","관리자","참가","20250207","F","157.8","50.7","34.8","73.1","77","148","24.3","26",,,"-1.6",,,,,,"20.4","10",,,"108",,,,,,"51.3",,,,,,,,"124","30.4",,,"0.382",,,,,,,
"1","미추홀","성인","일반","24","관리자","참가","20250207","F","162.4","55.9","23.4","75","80","131","24.6","26.9",,,"9",,,,,,"21.2","34",,,"161",,,,,,"48.1",,,,,,,,"118","37.5",,,"0.420",,,,,,,
"2","청주","성인","일반","60","관리자","참가","20250207","F","162.6","60.1","38.2","83.8","77","137","24.7","23.7",,,"22.7",,,,,,"22.7","6",,,"134",,,,,,"41.1",,,,,,,,"101","31.9",,,"0.449",,,,,,,
"3","청주","성인","일반","50","관리자","3등급","20250207","F","173.5","72.9","39.3","97.7","96","136","28.2","34.6",,,"14.3",,,,,,"24.2","25",,,"155",,,,,,"47.5",,,,,,,,"117","29.7",,,"0.300",,,,,,,
"1","KSPO광주","성인","일반","54","관리자","참가","20250207","F","153.6","57.3","35.7","82","66","116","14.6","22",,,"19.6",,,,,,"24.3","12",,,,,,,,,"38.4",,,,,,,,"113","31.4",,,"0.388","0.318",,,,,,
"1","수원","유아기","출장","70","관리자","참가","20250207","F","113.2","17.2",,,,,"6","9","8",,"3.1",,,,,,"13.4",,"63",,"96",,,,,,"52.3",,,,,,,,,,,,,,,,,"9.8","21.73",
"4","사상","성인","일반","28","관리자","참가","20250207","M","167.8","74.3","24.5","85","75","120","45.8","41",,,"18.4",,,,,,"26.4","53","26","10.5","211",,,,,,"61.6",,"38.0",,,,,,,,,,,,,,,,,
"1","스포원(금정)","어르신","일반","67","관리자","3등급","20250207","F","154.1","61.3","37.4",,"78","130","27.1","26.5",,,"11.9",,,,,,"25.8",,,,,"18",,"99","5.2","23.1","44.2",,,,,,,,,,,,,,,,,,,"27.1"
"1","화성","청소년","일반","18","관리자","참가","20250207","M","176.8","120.3","35",,"82","127","51.2","48.4",,"30","-4.5","21.8","0.489","61.951","8","62.319","38.5",,,,,,,,,,"42.6",,,"83","133","143",,"36.4",,,,,,,,,,,,
"1","청주","성인","일반","54","관리자","참가","20250207","F","166.6","76.6","38","99.2","75","141","23.9","24.1",,,"0.1",,,,,,"27.6","18",,,"112",,,,,,"31.5",,,,,,,,"134","25.3",,,"0.484",,,,,,,
"1","스포원(금정)","성인","일반","63","관리자","참가","20250207","M","179","77.9","24.7",,"91","145","45.9","49.4",,,"12.5",,,,,,"24.3","8",,,"105",,,,,,"63.4",,,"70","130","155",,"33.1",,,,,"0.488",,,,,,,
"3","스포원(금정)","성인","일반","48","관리자","1등급","20250207","M","169.1","69.3","20.4",,"70","126","48.8","52.1",,,"16.4",,,,,,"24.2","43",,"10.8","193",,,,,,"75.2",,,,,,,,"107","40.7",,,,,,,,,,
"1","스포원(금정)","어르신","일반","70","관리자","참가","20250207","M","165.8","64.1","29.9",,"85","159","40.9","38.8",,,"-0.2",,,,,,"23.3",,,,,"18",,"76","4.6","23.4","63.8",,,,,,,,,,,,,,,,,,,"40.9"
"1","성동","성인","일반","60","관리자","3등급","20250207","M","160.5","63.3","29",,"97","152","32.2","38.5",,,"6.8",,,,,,"24.6","23","20",,,,,,,,"60.8",,"35.8",,,,,,,,,,"0.304","0.477",,,,,,
"1","순천","어르신","출장","65","관리자","2등급","20250207","F","160.4","54.9","30.5","76.7","97","134","24.6","26.8",,,"24.7",,,,,,"21.3",,,,,"22",,"117","4.94","22.72","48.8",,,,,,,,,,,,,,,,,,,"26.8"
"1","중구(서울)","어르신","일반","72","관리자","2등급","20250207","M","164.1","60.3","23","79.4","106","188","33.9","35.3",,,"14",,,,,,"22.4",,,,,"35",,"123","5.9","25.4","58.5",,,,,,,,,,,,,,,,,,,"35.3"
"1","남구(울산)","청소년","일반","18","관리자","참가","20250207","M","171.2","89.4","32.3","103.2","97","156","35.5","45.7",,"43","13","18.66","0.601","58.026","8","58.394","30.5",,"30",,,,,,,,"51.1",,"36.4",,,,,,,,,,,,,,,,,
"5","강북","성인","일반","60","관리자","1등급","20250207","F","156.4","56.60","27.4","75.1","69","124","28.6","33.2",,,"23.9",,,,,,"23.1","43",,,"143",,,,,,"58.7",,,"95","125","148",,"31.0",,,,,"0.393",,,,,,,
"2","사하","어르신","일반","71","관리자","3등급","20250207","M","166.0","66.4","35.2","86.4","73","154","26.7","30",,,"1.9",,,,,,"24.1",,,,,"23",,"99","6.68","26.38","45.2",,,,,,,,,,,,,,,,,,,"30.0"
"1","순천","어르신","출장","72","관리자","참가","20250207","M","160.4","90.6","42","110.4","90","140","36","34.4",,,"-2.8",,,,,,"35.2",,,,,"23",,"102","6.12","24.60","39.7",,,,,,,,,,,,,,,,,,,"36.0"
"5","증평","성인","일반","63","관리자","2등급","20250207","M","164.5","68.7","29.8","92.2","86","147","35.2","37.8",,,"12.4",,,,,,"25.4","40","22",,"183",,,,,,"55.0",,"35.2",,,,,,,,,,"0.371",,,,,,,
"1","세종","성인","일반","19","관리자","3등급","20250207","M","171.5","53.6","11.3","69.8","78","122","42.4","39.6",,,"7.8",,,,,,"18.2","50","61",,"231",,,,,,"79.1",,"49.9",,,,,,,,,,"0.312",,,,,,,
"1","KSPO송파","성인","일반","46","관리자","참가","20250207","M","174.9","77.3","20.7","88.7","80","132","38","41.5",,,"1.4",,,,,,"25.3","32","55",,"234",,,,,,"53.7",,"42.8",,,,,,,,,,"0.369",,,,,,,
"2","마포","성인","일반","25","관리자","참가","20250207","F","166.6","58.5","30.5","69","58","119","28.3","30.1",,,"20",,,,,,"21.1","12",,,,,,,,,"51.5",,,,,,,,"137","34.8",,,"0.408","0.492",,,,,,
"2","부천","어르신","일반","74","관리자","참가","20250207","M","171.9","61.5","18.8",,"72","120","31.3","28.4",,,"-7.8",,,,,,"20.8",,,,,"16",,"80","5.91","28.62","50.9",,,,,,,,,,,,,,,,,,,"31.3"
"1","미추홀","성인","일반","20","관리자","참가","20250207","M","176.1","93.7","25.7","106","95","146","44.7","54.8",,,"13",,,,,,"30.2","40","51","9.03","247",,,,,,"58.5",,"41.5",,,,,,,,,,,,,,,,,
"4","마포","성인","일반","24","관리자","3등급","20250207","F","162.6","48.4","21.3","66","75","132","23.6","25.9",,,"20.6",,,,,,"18.3","26",,,"162",,,,,,"53.5",,,,,,,,"107","40.7",,,"0.383",,,,,,,
"1","미추홀","성인","일반","19","관리자","3등급","20250207","M","172.2","65.1","17","80","88","143","31.3","34.1",,,"17.3",,,,,,"22.0","60","63","8.81","243",,,,,,"52.4",,"48.7",,,,,,,,,,,,,,,,,
"1","성남","성인","일반","19","관리자","참가","20250207","M","175.9","77.7","19.4",,"90","157","43.5","50.3",,,"1.3",,,,,,"25.1","51","35","10.01","218",,,,,,"64.7",,"40.2",,,,,,,,,,,,,,,,,
"1","오산","어르신","일반","66","관리자","3등급","20250207","M","161","60.2","35.8","89.6","94","132","30.8","35.1",,,"2.5",,,,,,"23.2",,,,,"24",,"107","5.22","21.34","58.3",,,,,,,,,,,,,,,,,,,"35.1"
"1","순천","어르신","출장","77","관리자","2등급","20250207","M","163.5","73","31.7","92.3","99","150","40.2","44",,,"7.2",,,,,,"27.3",,,,,"24",,"114","4.81","27.79","60.3",,,,,,,,,,,,,,,,,,,"44.0"
"3","안산","어르신","일반","65","관리자","2등급","20250207","M","170.8","71.6","25.8","81","88","154","42","45.2",,,"9.5",,,,,,"24.5",,,,,"33",,"117","4.4","21.7","63.1",,,,,,,,,,,,,,,,,,,"45.2"
"1","동구(광주)","성인","일반","27","관리자","참가","20250207","M","189.1","97.3","26","89","85","136","41.3","50.4",,,"7",,,,,,"27.2","32","34",,"219",,,,,,"51.8",,"36.2",,,,,,,,,,"0.338",,,,,,,
"3","안산","성인","일반","64","관리자","3등급","20250207","M","169.6","70.9","29.5","86","92","153","46.2","43.6",,,"6.6",,,,,,"24.6","26",,,"186",,,,,,"65.2",,,"92","120","139","150","36.1",,,,,"0.342",,,,,,,
"1","익산","어르신","일반","68","관리자","3등급","20250207","M","171.5","73.1","21",,"86","150","38.1","35.4",,,"13.8",,,,,,"24.9",,,,,"17",,"99","6.37","24.07","52.1",,,,,,,,,,,,,,,,,,,"38.1"
"6","성동","어르신","일반","68","관리자","참가","20250207","M","163.6","71.6","36.9",,"86","145","28","31",,,,,,,,,"26.8",,,,,,,,,,"43.3",,,,,,,,,,,,,,,,,,,"31.0"
"2","천안","성인","일반","19","관리자","3등급","20250207","M","181.3","69.3","15.5",,"78","124","35.2","46.1",,,"16.3",,,,,,"21.1","46",,"9.9","260",,,,,,"66.5",,,"119","131","157","126","51.0",,,,,,,,,,,,
"1","천안","성인","일반","61","관리자","참가","20250207","M","176","81.4","31.6",,"89","149","39.3","43.7",,,"7.4",,,,,,"26.3","26",,,,,,,,,"53.7",,,,,,,,"110","34.9",,,"0.404","0.427",,,,,,
"2","천안","성인","일반","24","관리자","2등급","20250207","F","163.9","51.6","25.8",,"73","118","26.2","27",,,"23.9",,,,,,"19.2","39",,,"152",,,,,,"52.3",,,,,,,,"109","39.8",,,"0.360",,,,,,,
"2","시흥","어르신","일반","65","관리자","2등급","20250207","F","166.4","58.6","28.2","70.5","94","155","27.8","10.4",,,"17",,,,,,"21.2",,,,,"28",,"114","4.91","18.18","47.4",,,,,,,,,,,,,,,,,,,"27.8"
"1","마포","어르신","일반","70","관리자","3등급","20250207","F","153.1","61.7","40.5","91","64","145","27.8","25.6",,,"10.1",,,,,,"26.3",,,,,"22",,"110","5.88","21.51","45.1",,,,,,,,,,,,,,,,,,,"27.8"
"1","고양","성인","일반","26","관리자","참가","20250207","F","168.2","55.7","30.1",,"89","119","26.1","26.7",,,"7.1",,,,,,"19.7","15",,"15.21","173",,,,,,"47.9",,,,,,,,"147","34.2",,,,,,,,,,
"2","고양","성인","일반","19","관리자","3등급","20250207","M","177.8","82.9","24.5",,"73","145","39.4","47.7",,,"20.9",,,,,,"26.2","60",,"9.71","248",,,,,,"57.5",,,,,,,,"125","42.8",,,,,,,,,,
"1","마포","어르신","일반","67","관리자","3등급","20250207","M","177.9","86.6","27","101","96","154","55.8","50.3",,,"5.4",,,,,,"27.4",,,,,"25",,"125","4.31","19.07","64.4",,,,,,,,,,,,,,,,,,,"55.8"
"1","서구(대전)","청소년","일반","17","관리자","참가","20250207","M","172.6","87.2","22.7",,"70","130","49.1","46",,"50","7","19.85","0.527","38.304","8","38.672","29.3",,,,,,,,,,"56.3",,,"85","114","134",,"42.7",,,,,,,,,,,,
"4","부천","어르신","일반","67","관리자","3등급","20250207","F","149.0","72.1","47.4",,"93","153","23.8","23.6",,,"11.7",,,,,,"32.5",,,,,"24",,"121","5.13","19.00","33.0",,,,,,,,,,,,,,,,,,,"23.8"
"1","KSPO송파별관(어르신)","어르신","일반","67","관리자","참가","20250207","M","171.9","86.4","38.1",,"85","153","47.8","48",,,"-2.1",,,,,,"29.2",,,,,"37",,"142","4.8","18.07","55.6",,,,,,,,,,,,,,,,,,,"48.0"
"7","KSPO송파","성인","일반","25","관리자","참가","20250207","M","182.9","88.2","22.6","97.1","78","135","35.7","41.9",,,"17.8",,,,,,"26.4","29",,,,,,,,,"47.5",,,,,,,,"131","39.7",,,"0.355","0.551",,,,,,
"4","KSPO송파별관(어르신)","어르신","일반","68","관리자","2등급","20250207","F","155.5","50.6","32.8",,"88","159","23.4","21.9",,,"16.3",,,,,,"20.9",,,,,"33",,"135","5.07","19.58","46.2",,,,,,,,,,,,,,,,,,,"23.4"
"1","달서","성인","일반","26","관리자","참가","20250207","F","165.3","52.4","30.9","74.6","86","124","21.3","26.1",,,"25.2",,,,,,"19.2","8",,,"159",,,,,,"49.8",,,,,,,,"152","34.1",,,"0.417",,,,,,,
"9","의정부","어르신","일반","77","관리자","참가","20250207","M","156.9","58.2","34","85.5","82","134","30","30.1",,,"-12.4",,,,,,"23.6",,,,,"22","622",,"5.66","21.62","51.7",,,,,,,,,,,,,,,,,,,"30.1"
"2","양평","성인","일반","62","관리자","3등급","20250207","M","166.6","68.3","32.6",,"78","152","40.3","40.9",,,"14.7",,,,,,"24.6","31","17",,"186",,,,,,"59.9",,"34.1",,,,,,,,,,"0.326",,,,,,,
"5","동작","성인","일반","41","관리자","참가","20250207","M","180.4","92","27","99","89","123","51","53",,,"3.3",,,,,,"28.3","34",,,,,,,,,"57.6",,,,,,,,"95","40.0",,,"0.264","0.539",,,,,,
"1","KSPO대구","성인","일반","64","관리자","3등급","20250207","M","168.3","72.3","24.5","91","78","152","32.3","34.5",,,"6.8",,,,,,"25.5","30",,,,,,,,,"47.7",,,"76","105","124","163","34.4",,,,,"0.362","0.399",,,,,,
"1","동작","성인","일반","19","관리자","1등급","20250207","M","177.5","71.8","15","85","87","143","53.8","48",,,"28.9",,,,,,"22.8","59",,,,,,,,,"74.9",,,,,,,,"105","48.2",,,"0.272","0.676",,,,,,
"1","KSPO대구","성인","일반","53","관리자","3등급","20250208","M","174.8","67.8","14.6","72.5","87","141","47.4","50",,,"10.4",,,,,,"22.2","32","23","12.2","198",,,,,,"73.7",,"36.1",,,,,,,,,,,,,,,,,
"2","KSPO송파","성인","일반","26","관리자","3등급","20250208","F","161.8","49.3","22.5","64","84","127","22","22.1",,,"21.7",,,,,,"18.8","28",,,"133",,,,,,"44.8",,,,,,,,"115","39.1",,,"0.390",,,,,,,
"1","KSPO송파","성인","일반","63","관리자","참가","20250208","M","161.9","55.1","16.8","73.2","79","142","36.3","34.6",,,"8",,,,,,"21.0","17",,,,,,,,,"65.9",,,,,,,,"112","38.9",,,"0.403","0.434",,,,,,
"1","청주","성인","일반","24","관리자","3등급","20250208","M","167.8","65.5","15","76.2","80","136","50","51.1",,,"19.1",,,,,,"23.3","43","42",,,,,,,,"78.0",,"43.4",,,,,,,,,,"0.340","0.613",,,,,,
"9","KSPO대구","성인","일반","38","관리자","참가","20250208","M","171.7","68.4","22.1","82.7","93","144","45.6","44.8",,,"-2.4",,,,,,"23.2","48","46","11","197",,,,,,"66.7",,"42.7",,,,,,,,,,,,,,,,,
"1","서구(대전)","성인","일반","19","관리자","참가","20250208","M","178.2","82.6","19.1",,"64","126","43.1","48.5",,,"4.1",,,,,,"26.0","42",,,"220",,,,,,"58.7",,,"80","101","118","155","46.2",,,,,"0.315",,,,,,,
"1","남구(부산)","성인","일반","42","관리자","참가","20250208","F","162.8","56.8","16.3",,"51","88","32.6","32",,,"14.6",,,,,,"21.4","15",,,,,,,,,"57.4",,,"82","100","121",,"37.8",,,,,"0.343","0.489",,,,,,
"5","KSPO광주","성인","일반","31","관리자","2등급","20250208","M","166","78.8","26.4","86.5","81","123","47.1","48.7",,,"11.9",,,,,,"28.6","52",,,,,,,,,"61.8",,,,,,,,"96","44.1",,,"0.317","0.590",,,,,,
"1","남구(부산)","성인","일반","47","관리자","참가","20250208","M","170.1","63.6","25",,"76","119","38.4","40.4",,,"-8.9",,,,,,"22.0","25",,,,,,,,,"63.5",,,"70","94","114","144","44.4",,,,,"0.290","0.514",,,,,,
"1","KSPO광주","성인","일반","31","관리자","참가","20250208","M","175.3","110.7","40.4","113.9","79","139","39.3","46.5",,,"7.1",,,,,,"36.0","22",,,"186",,,,,,"42.0",,,,,,,,"128","33.1",,,"0.379",,,,,,,
"1","동해","성인","일반","42","관리자","3등급","20250208","M","166.6","82.7","22.6",,"99","151","41.5","50.6",,,"7.0",,,,,,"29.8","46",,"11.71","213",,,,,,"61.2",,,"75","99","115","140","41.3",,,,,,,,,,,,
"3","KSPO송파","성인","일반","26","관리자","참가","20250208","F","159.8","45.4","14.1","65.6","68","102","24.7","27.6",,,"17",,,,,,"17.8","25",,,"166",,,,,,"60.8",,,,,,,,"93","42.5",,,"0.312",,,,,,,
"1","KSPO송파","성인","일반","21","관리자","3등급","20250208","M","177.2","88.6","18.4","94.5","92","146","50.4","50.9",,,"18",,,,,,"28.2","63",,"9.98","250",,,,,,"57.4",,,"70","98","122","162","42.5",,,,,,,,,,,,
"1","KSPO대구","성인","일반","45","관리자","참가","20250208","F","164.9","78.4","38","87","77","120","35.2","39.2",,,"1.7",,,,,,"28.8","42","22","12.98","153",,,,,,"50.0",,"29.6",,,,,,,,,,,,,,,,,
"2","서구(대전)","성인","일반","32","관리자","참가","20250208","F","166.4","77","38.8",,"83","133","30.4","30.3",,,"-1.4",,,,,,"27.8","35",,,"171",,,,,,"39.5",,,"70","115","149",,"31.4",,,,,"0.369",,,,,,,
"1","남구(부산)","성인","일반","20","관리자","참가","20250208","M","166.6","59","18.7",,"74","113","36.2","36.4",,,"7.9",,,,,,"21.3","29",,"10.92","172",,,,,,"61.7",,,,,,,,"119","47.9",,,,,,,,,,
"2","세종","성인","일반","22","관리자","3등급","20250208","F","165.8","54.5","25.8","75.8","72","112","27.4","30",,,"12.3",,,,,,"19.8","32",,,"158",,,,,,"55.0",,,,,,,,"135","36.5",,,"0.311",,,,,,,
"1","계룡","성인","일반","38","관리자","참가","20250208","M","175.8","78.1","26.3",,"88","153","40.3","48.4",,,"8.1",,,,,,"25.3","26","25","14.66","189",,,,,,"62.0",,"36.3",,,,,,,,,,,,,,,,,
"1","서구(대전)","성인","일반","20","관리자","참가","20250208","M","181","95.2","22.4",,"73","134","48.3","49.1",,,"8.8",,,,,,"29.1","30",,,"230",,,,,,"51.6",,,,,,,,"89","45.4",,,"0.318",,,,,,,
"1","청주","성인","일반","25","관리자","3등급","20250208","F","173.8","61.7","27.7","85.8","70","122","30","30.3",,,"12",,,,,,"20.4","23",,,"151",,,,,,"49.1",,,,,,,,"137","34.7",,,"0.347",,,,,,,
"2","KSPO대구","성인","일반","51","관리자","3등급","20250208","M","170.2","59.4","9.9","75.2","76","125","42.7","46.6",,,"21.6",,,,,,"20.5","28",,"11.7","208",,,,,,"78.5",,,"74","101","125","161","41.1",,,,,,,,,,,,
"1","남구(부산)","성인","일반","37","관리자","참가","20250208","F","163.2","62.6","35.6",,"68","103","24.4","25",,,"-2",,,,,,"23.5","31",,,"156",,,,,,"39.9",,,"95","123","148",,"33.9",,,,,"0.355",,,,,,,
"1","남구(부산)","성인","일반","19","관리자","참가","20250208","M","168.2","76.6","25.4",,"85","149","44.8","50.1",,,"9.9",,,,,,"27.1","46",,,"193",,,,,,"65.4",,,,,,,,"121","44.1",,,"0.309",,,,,,,
"1","계룡","성인","일반","33","관리자","2등급","20250208","F","161.1","52.4","32.8",,"62","108","24.6","26.8",,,"20.2",,,,,,"20.2","30",,"13.60","125",,,,,,"51.1",,,,,,,,"125","35.7",,,,,,,,,,
"1","남구(부산)","성인","일반","31","관리자","참가","20250208","M","171.4","76","17.7",,"74","131","44.2","50.1",,,"17.5",,,,,,"25.9","33",,,"208",,,,,,"65.9",,,,,,,,"117","42.1",,,"0.330",,,,,,,
"1","서구(대전)","성인","일반","22","관리자","참가","20250208","F","168.4","55.5","30.6",,"72","122","22.4","24.1",,,"15.1",,,,,,"19.6","21",,,,,,,,,"43.4",,,"95","154","170",,"37.8",,,,,"0.343","0.278",,,,,,
"4","KSPO송파","어르신","일반","67","관리자","3등급","20250208","M","171.7","58.8","13","72","74","124","31.4","33.3",,,"5.3",,,,,,"19.9",,,,,"27",,"118","5.01","19.71","56.6",,,,,,,,,,,,,,,,,,,"33.3"
"2","서구(대전)","성인","일반","26","관리자","참가","20250208","M","175.5","104.1","31.7",,"86","133","52.6","57.7",,,"12.5",,,,,,"33.8","39","21",,,,,,,,"55.4",,"32.5",,,,,,,,,,"0.358","0.564",,,,,,
"1","KSPO송파","성인","일반","36","관리자","2등급","20250208","M","170.6","75.5","18.9","85.8","89","156","48.2","50.2",,,"10.8",,,,,,"25.9","55","45","9.85","236",,,,,,"66.5",,"41.6",,,,,,,,,,,,,,,,,
"7","구미","성인","일반","26","관리자","2등급","20250208","F","172.2","63.4","23.4","79.2","54","111","32","32.2",,,"14.8",,,,,,"21.4","27",,,"167",,,,,,"50.8",,,"88","121","147",,"36.8",,,,,"0.368",,,,,,,
"2","KSPO대구","성인","일반","20","관리자","1등급","20250208","M","169.3","58","14.8","74","77","123","38.3","38.2",,,"16.1",,,,,,"20.2","64",,,,,,,,,"66.0",,,,,,,,"101","51.0",,,"0.325","0.637",,,,,,
"2","KSPO대구","성인","일반","33","관리자","2등급","20250208","F","162.9","58","24.1","76","85","149","21.4","29.4",,,"19.9",,,,,,"21.9","40",,,,,,,,,"50.7",,,"76","90","107",,"41.0",,,,,"0.403","0.455",,,,,,
"3","세종","성인","일반","23","관리자","3등급","20250208","F","162.7","47.2","20.7","70","71","123","24.3","22.8",,,"20.5",,,,,,"17.8","25",,"12.01","162",,,,,,"51.5",,,,,,,,"142","36.9",,,,,,,,,,
"2","계룡","청소년","일반","18","관리자","참가","20250208","M","173","81.1","21.6",,"64","135","52.2","48.3",,"47","19.2","22","0.548","45.291","11","45.797","27.1",,"34",,,,,,,,"64.4",,"39.0",,,,,,,,,,,,,,,,,
"15","군산","성인","일반","61","관리자","1등급","20250208","F","154","50.6","28.7","72","66","113","23.1","20.7",,,"22.7",,,,,,"21.3","19",,"14.99","128",,,,,,"45.7",,,"63","87","102",,"38.2",,,,,,,,,,,,
"1","계룡","청소년","일반","18","관리자","3등급","20250208","M","181.4","70.9","12.9",,"60","131","39.1","38.7",,"57","12","18.38","0.531","51.274","8","51.642","21.5",,"51",,,,,,,,"55.1",,"45.3",,,,,,,,,,,,,,,,,
"1","구미","청소년","일반","18","관리자","참가","20250208","M","177.9","82.1","22.3","87.8","76","144","39.3","38",,"51","8.5","19.2","0.648","42.779","10","43.239","25.9",,"39",,,,,,,,"47.9",,"40.6",,,,,,,,,,,,,,,,,
"1","구미","성인","일반","19","관리자","3등급","20250208","M","170.7","61.1","14.9","73.0","71","127","40.4","41.5",,,"18.6",,,,,,"21.0","56","45",,"266",,,,,,"67.9",,"45.1",,,,,,,,,,"0.302",,,,,,,
"3","KSPO송파","성인","일반","25","관리자","2등급","20250208","F","164.3","49.2","21.8","70.7","66","129","27.3","30.7",,,"15.3",,,,,,"18.2","30",,"12.93","150",,,,,,"62.4",,,,,,,,"132","37.4",,,,,,,,,,
"3","서구(대전)","성인","일반","47","관리자","참가","20250208","M","176.7","66.9","21",,"67","107","36.1","40.5",,,"7.8",,,,,,"21.4","25",,,"193",,,,,,"60.5",,,,,,,,"74","46.9",,,"0.335",,,,,,,
"3","세종","어르신","일반","71","관리자","3등급","20250208","F","151.4","49.2","29.5","74.2","60","132","24","30.1",,,"10.5",,,,,,"21.5",,,,,"33",,"138","4.70","18.00","61.2",,,,,,,,,,,,,,,,,,,"30.1"
"7","KSPO송파","성인","일반","22","관리자","1등급","20250208","F","178.8","58.9","21.6","75.9","74","114","27.2","29.3",,,"25.1",,,,,,"18.4","41","30",,"169",,,,,,"49.7",,"36.3",,,,,,,,,,"0.329",,,,,,,
"2","KSPO대구","성인","일반","20","관리자","참가","20250208","M","173.7","83.4","27.9","91","91","146","37.3","44",,,"18.4",,,,,,"27.6","61",,,,,,,,,"52.8",,,"81","117","138","171","42.5",,,,,"0.354","0.619",,,,,,
"4","청주","성인","일반","31","관리자","참가","20250208","M","171.2","98","28.8","106.5","90","151","47.4","48.1",,,"5.9",,,,,,"33.4","42","34","10.5",,,,,,,"49.1",,"36.1",,,,,,,,,,,"0.527",,,,,,
"3","세종","성인","일반","19","관리자","참가","20250208","M","174.3","88.2","33.1","100.4","74","125","37.9","47.2",,,"10.2",,,,,,"29.0","37",,,,,,,,,"53.5",,,,,,,,"137","39.6",,,"0.270","0.514",,,,,,
"1","KSPO아산","성인","일반","23","관리자","3등급","20250208","F","165.3","69.1","30.9","91","63","104","34","32.3",,,"11.3",,,,,,"25.3","51",,"12","178",,,,,,"49.2",,,,,,,,"110","35.7",,,,,,,,,,
"1","KSPO아산","성인","일반","25","관리자","2등급","20250208","M","176.6","84.6","15.8","85.5","59","138","50.1","47.9",,,"15.6",,,,,,"27.1","46",,"10.5","254",,,,,,"59.2",,,,,,,,"109","43.2",,,,,,,,,,
"1","서구(대전)","성인","일반","36","관리자","3등급","20250208","M","178.6","81.4","21.1",,"62","124","51.1","53.3",,,"11.3",,,,,,"25.5","45",,,"219",,,,,,"65.5",,,"76","115","142","175","38.1",,,,,"0.328",,,,,,,
"1","서구(대전)","성인","일반","34","관리자","2등급","20250208","F","158.7","53.4","30.9",,"71","125","24.1","26.4",,,"15.4",,,,,,"21.2","40",,,"142",,,,,,"49.4",,,"89","128","149",,"36.9",,,,,"0.350",,,,,,,
"1","서구(대전)","성인","일반","60","관리자","1등급","20250208","M","174.6","78.3","26.6",,"98","152","46.5","47.2",,,"18",,,,,,"25.7","53",,,,,,,,,"60.3",,,,,,,,"77","40.6",,,"0.349","0.476",,,,,,
"1","남구(부산)","성인","일반","29","관리자","참가","20250208","F","170.4","54.7","24",,"68","105","19.2","23.9",,,"-0.1",,,,,,"18.8","31",,,,,,,,,"43.7",,,"81","104","130",,"40.1",,,,,"0.422","0.440",,,,,,
"1","남구(부산)","성인","일반","29","관리자","참가","20250208","M","174.2","73.3","12.3",,"55","115","36.2","42.2",,,"4.7",,,,,,"24.2","42",,,,,,,,,"57.6",,,"74","96","115","145","46.9",,,,,"0.331","0.601",,,,,,
"1","남구(부산)","성인","일반","28","관리자","1등급","20250208","F","159.1","52.6","21.8",,"59","103","30.1","35",,,"20",,,,,,"20.8","40",,"11.26","176",,,,,,"66.5",,,"68","90","116",,"41.5",,,,,,,,,,,,
"1","구미","청소년","일반","18","관리자","2등급","20250208","M","170.4","67.5","13.1","76.3","90","150","40","39.4",,"63","20.5","17.7","0.658","41.146","5","41.376","23.2",,"51",,,,,,,,"59.3",,"44.4",,,,,,,,,,,,,,,,,
"3","KSPO송파","성인","일반","21","관리자","참가","20250208","F","172.2","62.1","34.4","83.5","80","118","29.7","29.6",,,"23",,,,,,"20.9","5",,,"168",,,,,,"47.8",,,,,,,,"147","33.9",,,"0.310",,,,,,,
"3","KSPO송파","성인","일반","22","관리자","참가","20250208","F","166.1","62.7","36.2","82.2","54","116","25.9","30.1",,,"20.4",,,,,,"22.7","15",,,"166",,,,,,"48.0",,,,,,,,"124","35.8",,,"0.299",,,,,,,
"17","KSPO대구","성인","일반","37","관리자","1등급","20250208","M","168.2","75.2","19.8","84","83","134","58.9","62.9",,,"14.2",,,,,,"26.6","63","52","10.28",,,,,,,"83.6",,"43.2",,,,,,,,,,,"0.633",,,,,,
"1","KSPO광주","어르신","일반","68","관리자","참가","20250208","F","162.6","60.1","30.4","86","92","134","24","26.5",,,"5.6",,,,,,"22.7",,,,,"29",,"125","6.8","23.4","44.1",,,,,,,,,,,,,,,,,,,"26.5"
"6","청주","성인","일반","22","관리자","3등급","20250208","M","176.9","79.1","16.7","85.5","79","137","53.4","60.7",,,"9.8",,,,,,"25.3","50","41","10.1","224",,,,,,"76.7",,"41.1",,,,,,,,,,,,,,,,,
"1","KSPO대구","성인","일반","19","관리자","참가","20250208","M","182.3","77.1","15.8","76","80","136","39.5","50.8",,,"-14.7",,,,,,"23.2","32",,,,,,,,,"65.9",,,"85","119","148","176","43.3",,,,,"0.33","0.528",,,,,,
"1","남구(부산)","성인","일반","19","관리자","참가","20250208","M","169.8","67","18.1",,"50","121","42.1","44.7",,,"3.9",,,,,,"23.2","39",,"9.95",,,,,,,"66.7",,,"95","113","135","167","46.0",,,,,,"0.601",,,,,,
"1","남구(부산)","성인","일반","19","관리자","참가","20250208","M","172.3","67.1","18.3",,"71","122","32.6","41.3",,,"5.4",,,,,,"22.6","28",,,"230",,,,,,"61.5",,,,,,,,"129","45.3",,,"0.294",,,,,,,
"2","KSPO아산","성인","일반","21","관리자","2등급","20250208","F","157.4","57","29","67","68","132","23.5","28.8",,,"22",,,,,,"23.0","38",,,"158",,,,,,"50.5",,,,,,,,"134","35.3",,,"0.390",,,,,,,
"3","서구(대전)","성인","일반","24","관리자","2등급","20250208","F","170.5","52.1","23.2",,"65","124","29.2","29.9",,,"23.9",,,,,,"17.9","30",,,,,,,,,"57.4",,,,,,,,"136","37.0",,,"0.395","0.452",,,,,,
"1","KSPO대구","성인","일반","19","관리자","참가","20250208","M","170.1","61","12.2","71","77","141","38.2","44.5",,,"6.5",,,,,,"21.1","46","31",,,,,,,,"73.0",,"41.8",,,,,,,,,,"0.32","0.593",,,,,,
"3","KSPO대구","성인","일반","22","관리자","3등급","20250208","F","167.3","61.2","29.7","71","91","133","22.6","24",,,"13.9",,,,,,"21.9","25","19","12.3","158",,,,,,"39.2",,"32.4",,,,,,,,,,,,,,,,,
"2","청주","성인","일반","29","관리자","2등급","20250208","M","178","81","14.9","83.4","72","126","55.9","54.5",,,"19.5",,,,,,"25.6","45",,"9.3","233",,,,,,"69.0",,,,,,,,"97","44.9",,,,,,,,,,
"1","KSPO송파","성인","일반","37","관리자","2등급","20250208","M","177.6","68.6","17.4","81.5","74","118","43.3","45.4",,,"11.5",,,,,,"21.7","47","46",,"190",,,,,,"66.2",,"42.6",,,,,,,,,,"0.296",,,,,,,
"1","KSPO송파","성인","일반","33","관리자","3등급","20250208","F","159.7","56.2","23.8","74.4","78","126","27.4","24.9",,,"10.6",,,,,,"22.0","37","30",,"142",,,,,,"48.8",,"36.0",,,,,,,,,,"0.386",,,,,,,
"2","서구(대전)","성인","일반","53","관리자","3등급","20250208","M","163.5","65.1","23.2",,"65","125","34.2","34.2",,,"12",,,,,,"24.4","42",,,"205",,,,,,"52.5",,,,,,,,"74","44.8",,,"0.330",,,,,,,
"1","남구(부산)","성인","일반","61","관리자","참가","20250208","M","170","78.3","27.9",,"93","154","37.6","39",,,"9.2",,,,,,"27.1","21",,,"180",,,,,,"49.8",,,,,,,,"139","30.9",,,"0.453",,,,,,,
"1","KSPO대구","성인","일반","23","관리자","참가","20250208","F","165.2","60.4","28.6","72","63","117","24.3","26.8",,,"3.6",,,,,,"22.1","15",,,"158",,,,,,"44.4",,,"75","101","135",,"38.2",,,,,"0.316",,,,,,,
"1","KSPO대구","성인","일반","24","관리자","참가","20250208","M","171.7","65","18.6","78.2","98","155","37.2","39.8",,,"11.6",,,,,,"22.0","38","45","10.8",,,,,,,"61.2",,"44.1",,,,,,,,,,,"0.495",,,,,,
"1","남구(부산)","성인","일반","60","관리자","참가","20250208","M","167.1","77","30.5",,"72","120","38.4","38.8",,,"0.9",,,,,,"27.6","19",,,,,,,,,"50.4",,,"86","98","115","140","37.0",,,,,"0.372","0.490",,,,,,
"1","남원","성인","일반","46","관리자","참가","20250208","M","169.2","78.7","28.1","96","91","141","44.6","49.3",,,"5.2",,,,,,"27.5","52",,"12.7","219",,,,,,"62.6",,,,,,,,"71","44.4",,,,,,,,,,
"2","KSPO광주","성인","일반","24","관리자","2등급","20250208","M","175.3","74.3","11.4","75","80","143","37.8","44.6",,,"12.5",,,,,,"24.2","57",,"9.88",,,,,,,"60.0",,,"83","91","109","132","49.5",,,,,,"0.692",,,,,,
"2","KSPO대구","성인","일반","27","관리자","참가","20250208","M","178.2","79.2","21.4","91","83","122","48.1","44.6",,,"-10.9",,,,,,"24.9","42",,,,,,,,,"60.7",,,,,,,,"146","38.6",,,"0.31","0.514",,,,,,
"1","KSPO대구","성인","일반","25","관리자","3등급","20250208","M","171.3","63.7","12","74","75","127","49.4","47.9",,,"15",,,,,,"21.7","55","42","10.3",,,,,,,"77.6",,"43.5",,,,,,,,,,,"0.665",,,,,,
"1","남구(부산)","성인","일반","45","관리자","참가","20250208","M","171.7","79.7","27.4",,"68","125","43.4","41.8",,,"11.8",,,,,,"27.0","26",,,"216",,,,,,"54.5",,,,,,,,"113","38.4",,,"0.273",,,,,,,
"1","남구(부산)","성인","일반","45","관리자","참가","20250208","M","173.9","70.9","28.6",,"80","120","38.7","43.4",,,"-0.2",,,,,,"23.4","30",,"11.64",,,,,,,"61.2",,,,,,,,"102","42.2",,,,"0.489",,,,,,
"1","남구(부산)","성인","일반","45","관리자","3등급","20250208","M","172.5","81.4","23.2",,"87","151","48.8","48.2",,,"8.4",,,,,,"27.4","30",,"11.74","210",,,,,,"60.0",,,"90","113","126","157","38.6",,,,,,,,,,,,
"1","남구(부산)","성인","일반","45","관리자","2등급","20250208","M","164.3","64.3","22.2",,"94","146","40.4","44.2",,,"9.9",,,,,,"23.8","43",,,"204",,,,,,"68.7",,,"90","110","129","165","40.0",,,,,"0.346",,,,,,,
"1","서구(대전)","청소년","일반","18","관리자","2등급","20250208","M","170.3","66.3","19.8",,"73","124","43.2","40.2",,"53","15.5","20.25","0.526","40.401","8","40.769","22.9",,,,,,,,,,"65.2",,,"79","110","134",,"47.3",,,,,,,,,,,,
"2","계룡","성인","일반","29","관리자","3등급","20250208","M","176.6","77.5","20.1",,"83","139","47.8","52.7",,,"12.9",,,,,,"24.8","42","53","10.3",,,,,,,"68.0",,"43.6",,,,,,,,,,,"0.528",,,,,,
"2","성동","성인","일반","22","관리자","3등급","20250210","F","175.1","62.4","22.1",,"94","130","33.1","29.2",,,"27.1",,,,,,"20.4","41",,,"166",,,,,,"53.0",,,,,,,,"148","33.8",,,"0.255",,,,,,,
"2","달서","성인","일반","22","관리자","참가","20250210","M","174","75.5","22.5","86.3","75","145","43.5","53.4",,,"16.5",,,,,,"24.9","34",,,,,,,,,"70.7",,,,,,,,"105","46.4",,,"0.26","0.614",,,,,,
"1","KSPO송파","청소년","일반","18","관리자","3등급","20250210","M","185.8","91.5","27","98","62","110","52.7","46",,"48","9","18","0.611","41.504","6","41.780","26.5",,,,,,,,,,"57.6",,,"81","108","141",,"43.0",,,,,,,,,,,,
"1","KSPO송파","청소년","일반","18","관리자","2등급","20250210","M","177.6","55.6","8.6","72","69","132","44.1","43.5",,"50","18.9","21","0.538","41.629","5","41.859","17.6",,,,,,,,,,"79.3",,,,,,,,"157","50.4",,,,,,,,,,
"1","KSPO아산","어르신","일반","75","관리자","3등급","20250210","M","175.5","69.5","26.1","91.5","98","151","42.8","42.8",,,"1.0",,,,,,"22.6",,,,,"17",,"109","6.03","25.28","61.6",,,,,,,,,,,,,,,,,,,"42.8"
"1","포항","어르신","일반","67","관리자","2등급","20250210","M","173.6","64.7","21.7",,"78","157","42.1","46.2",,,"15.9",,,,,,"21.5",,,,,"26",,"124","5.18","22.35","71.4",,,,,,,,,,,,,,,,,,,"46.2"
"3","북구(광주)","성인","일반","25","관리자","3등급","20250210","F","164.3","47.8","30.5","70.2","74","116","23.7","26.9",,,"15.1",,,,,,"17.7","21",,,"132",,,,,,"56.3",,,,,,,,"147","36.0",,,"0.504",,,,,,,
"2","북구(광주)","성인","일반","56","관리자","참가","20250210","F","162.3","63.3","37.6","82.4","71","146","23.3","27.9",,,"25.1",,,,,,"24.0","3",,,"132",,,,,,"44.1",,,,,,,,"110","30.7",,,"0.421",,,,,,,
"4","마포","어르신","일반","70","관리자","2등급","20250210","F","165","64.5","36.4",,"73","140","29.4","31.5",,,"19.4",,,,,,"23.7",,,,,"26",,"103","4.95","20.14","48.8",,,,,,,,,,,,,,,,,,,"31.5"
"1","광주","성인","일반","21","관리자","참가","20250210","M","163.6","62.2","19.1",,"84","131","32.6","43.9",,,"3.1",,,,,,"23.2","36",,,"205",,,,,,"70.6",,,,,,,,"115","47.3",,,"0.347",,,,,,,
"1","화성","성인","일반","38","관리자","3등급","20250210","F","171.3","53.9","20.3",,"64","107","28.2","28.9",,,"11.7",,,,,,"18.4","25",,,,,,,,,"53.6",,,"72","105","129",,"39.4",,,,,"0.421","0.415",,,,,,
"1","광주","성인","일반","53","관리자","참가","20250210","M","168.2","77.4","32.8",,"90","147","37.7","35.3",,,"3.4",,,,,,"27.4","42",,,"170",,,,,,"48.7",,,"94","125","135",,"37.6",,,,,"0.385",,,,,,,
"1","광주","성인","일반","20","관리자","3등급","20250210","M","170","74","14.9",,"66","118","38.9","35.9",,,"13.8",,,,,,"25.6","59",,,"237",,,,,,"52.6",,,"94","107","125",,"45.9",,,,,"0.368",,,,,,,
"4","부천","어르신","일반","81","관리자","2등급","20250210","M","159.3","54.2","25.7",,"54.2","159","23.6","22.8",,,"3.8",,,,,,"21.4",,,,,"30",,"131","4.84","20.39","43.5",,,,,,,,,,,,,,,,,,,"23.6"
"4","시흥","어르신","일반","74","관리자","3등급","20250210","M","160.6","64.3","30.3","90.5","80","144","27.8","31.4",,,"7.3",,,,,,"24.9",,,,,"25",,"97","5.69","22.29","48.8",,,,,,,,,,,,,,,,,,,"31.4"
"2","스포원(금정)","성인","일반","59","관리자","1등급","20250210","F","163.7","62.7","28.3",,"63","106","31.4","37.7",,,"22.1",,,,,,"23.4","35",,"13.3",,,,,,,"60.1",,,"66","115","134",,"33.0",,,,,,"0.444",,,,,,
"8","고양","어르신","일반","74","관리자","참가","20250210","F","153.6","66.4","38.2",,"79","146","19","16.1",,,"17.1",,,,,,"28.1",,,,,"19",,"79","7.15","29.59","28.6",,,,,,,,,,,,,,,,,,,"19.0"
"1","부천","어르신","일반","71","관리자","2등급","20250210","F","157.3","58.9","34.6",,"57","148","21.9","21",,,"21",,,,,,"23.8",,,,,"29",,"129","5.12","20.28","37.2",,,,,,,,,,,,,,,,,,,"21.9"
"2","스포원(금정)","성인","일반","29","관리자","참가","20250210","M","167.8","76.1","28",,"78","126","46.4","50.1",,,"4.9",,,,,,"27.0","41",,,,,,,,,"65.8",,,"93","118","139","167","41.1",,,,,"0.327","0.582",,,,,,
"1","수원","어르신","일반","65","관리자","3등급","20250210","F","151.6","64.4","44.3","100","65","141","19.7","24.4",,,"11.6",,,,,,"28.0",,,,,"24",,"103","5.8","23","37.9",,,,,,,,,,,,,,,,,,,"24.4"
"4","수원","어르신","일반","76","관리자","참가","20250210","F","151.7","52.1","29.6","84","93","159","28","27.2",,,"4.4",,,,,,"22.6",,,,,"21",,"93","6.4","24.3","53.7",,,,,,,,,,,,,,,,,,,"28.0"
"1","마포","어르신","일반","65","관리자","3등급","20250210","M","169.6","69.2","25.9","87","91","159","40.9","43.3",,,"14.4",,,,,,"24.1",,,,,"20",,"127","3.68","17.95","62.6",,,,,,,,,,,,,,,,,,,"43.3"
"5","수원","어르신","일반","67","관리자","1등급","20250210","M","167.4","69.4","18.5","86","88","153","38.9","42.2",,,"13.6",,,,,,"24.8",,,,,"31",,"125","4.1","18.2","60.8",,,,,,,,,,,,,,,,,,,"42.2"
"1","삼척","성인","일반","24","관리자","2등급","20250210","F","163.7","57.6","30.3",,"66","114","36.6","36",,,"23.2",,,,,,"21.5","35",,,,,,,,,"63.5",,,"79","116","137",,"39.5",,,,,"0.371","0.458",,,,,,
"1","춘천","성인","일반","60","관리자","3등급","20250210","F","162.5","52.9","23.1","72.1","78","123","32.8","31.4",,,"14.4",,,,,,"20.0","20",,,"124",,,,,,"62.0",,,,,,,,"118","31.6",,,"0.396",,,,,,,
"1","동구(인천)","청소년","일반","17","관리자","참가","20250210","F","155.5","62.1","28.5",,"46","92","27.9","28.2","8",,"2.3","23.19","0.444","46.563","23","47.621","25.7",,"16",,,,,,,,"45.4",,"31.2",,,,,,,,,,,,,,,,,
"2","수원","성인","일반","36","관리자","1등급","20250210","M","177.1","76.4","16.3","81","77","127","48.9","63",,,"26.9",,,,,,"24.4","56",,,,,,,,,"82.5",,,"90","111","121",,"44.5",,,,,"0.345","0.605",,,,,,
"1","삼척","성인","일반","22","관리자","참가","20250210","F","166.3","52.1","37.0",,"78","124","21.1","24.8",,,"-7.8",,,,,,"18.8","5",,,,,,,,,"47.6",,,"96","110","182",,"32.0",,,,,"0.419","0.405",,,,,,
"1","계룡","성인","일반","62","관리자","2등급","20250210","M","171.4","70.6","29.2",,"88","159","41.7","29.7",,,"19.6",,,,,,"24.0","34",,,,,,,,,"59.1",,,,,,,,"114","36.1",,,"0.455","0.459",,,,,,
"1","중구(서울)","성인","일반","38","관리자","참가","20250210","F","167.3","64.7","30.2","84.5","65","113","23.4","25",,,"13.3",,,,,,"23.1","27",,,,,,,,,"38.6",,,"82","107","129",,"36.1",,,,,"0.422","0.449",,,,,,
"5","서대문","어르신","일반","67","관리자","1등급","20250210","M","161.7","58.4","23.5",,"77","131","34.7","40.1",,,"12.1",,,,,,"22.3",,,,,"30",,"126","4.46","20.34","68.7",,,,,,,,,,,,,,,,,,,"40.1"
"1","사하","성인","일반","30","관리자","참가","20250210","M","175","84.3","32.2","103.7","99","158","36.9","36.2",,,"-4.8",,,,,,"27.5","38",,,"189",,,,,,"43.8",,,,,,,,"135","38.1",,,"0.398",,,,,,,
"2","사천","성인","일반","20","관리자","3등급","20250210","M","169.1","68","15.7","78.7","82","139","40.1","42.5",,,"22.5",,,,,,"23.8","43","46",,"215",,,,,,"62.5",,"44.2",,,,,,,,,,"0.285",,,,,,,
"1","KSPO아산","성인","일반","19","관리자","3등급","20250210","M","171.1","84.3","23.8","86","77","140","42.9","49.1",,,"26.8",,,,,,"28.8","57","44","10.95","235",,,,,,"58.2",,"41.4",,,,,,,,,,,,,,,,,
"1","KSPO대구","성인","일반","21","관리자","참가","20250210","M","183.3","72.4","18.4","75","86","138","30.3","27.2",,,"9.5",,,,,,"21.5","21",,,"218",,,,,,"41.9",,,,,,,,"134","43.8",,,"0.285",,,,,,,
"1","서구(대전)","성인","일반","27","관리자","참가","20250210","M","172.7","72.3","27.6",,"60","112","40.6","42.3",,,"10.1",,,,,,"24.2","45",,,"169",,,,,,"58.5",,,,,,,,"161","37.5",,,"0.369",,,,,,,
"1","나주","성인","일반","28","관리자","참가","20250210","M","167.4","59.7","14.6","64.4","88","146","37","42.5",,,"19",,,,,,"21.3","38","28",,"244",,,,,,"71.2",,"40.6",,,,,,,,,,"0.335",,,,,,,
"1","영주","유아기","출장","66","관리자","참가","20250210","M","102.9","16.5",,,,,"4","5","1",,"6",,,,,,"15.6",,"72",,"95",,,,,,"30.3",,,,,,,,,,,,,,,,,"9.78","24.59",
"1","영주","유아기","출장","65","관리자","참가","20250210","M","112.4","24.5",,,,,"5.5","6.5","1",,"6.3",,,,,,"19.4",,"39",,"97",,,,,,"26.5",,,,,,,,,,,,,,,,,"11.47","32.65",
"1","영주","유아기","출장","66","관리자","참가","20250210","F","115","19.5",,,,,"3.5","5.5","2",,"10.4",,,,,,"14.7",,"70",,"90",,,,,,"28.2",,,,,,,,,,,,,,,,,"9.28","26.65",
"1","영주","유아기","출장","70","관리자","3등급","20250210","F","108.7","19",,,,,"9","8.5","3",,"14.1",,,,,,"16.1",,"50",,"80",,,,,,"47.4",,,,,,,,,,,,,,,,,"9.44","26.46",
"1","나주","성인","일반","28","관리자","참가","20250210","F","156.4","55.9","33.5","75","70","114","19.5","23.7",,,"3.1",,,,,,"22.9","11",,,"103",,,,,,"42.4",,,"74","153","167",,"36.7",,,,,"0.411",,,,,,,
"1","영주","유아기","출장","66","관리자","참가","20250210","F","106.8","16.5",,,,,"5","5","0",,"12.3",,,,,,"14.5",,"49",,"58",,,,,,"30.3",,,,,,,,,,,,,,,,,"12.72","24.16",
"1","서대문","성인","일반","60","관리자","참가","20250210","F","159.1","73.8","43.6",,"97","157","29.4","30",,,"-3.7",,,,,,"29.2","0",,,,,,,,,"40.7",,,"99","142","168",,"24.5",,,,,"0.563","0.241",,,,,,
"2","연제","성인","일반","27","관리자","1등급","20250210","F","164.7","55.9","24.8",,"78","131","26.6","31.3",,,"26.8",,,,,,"20.6","38","29",,"186",,,,,,"56.0",,"36.1",,,,,,,,,,"0.320",,,,,,,
"1","영주","유아기","출장","63","관리자","참가","20250210","F","109.5","19",,,,,"9","8","3",,"13.5",,,,,,"15.8",,"32",,"100",,,,,,"47.4",,,,,,,,,,,,,,,,,"9.56","25.25",
"1","영암","성인","일반","51","관리자","참가","20250210","F","162.2","58.4","18.8",,"92","151","31.9","34.9",,,"14.6",,,,,,"22.2","21",,,"162",,,,,,"59.8",,,,,,,,"142","28.9",,,"0.397",,,,,,,
"1","포항","성인","일반","20","관리자","참가","20250210","M","173.8","58.3","15.6",,"68","133","35.8","37",,,"-8.4",,,,,,"19.3","32",,,,,,,,,"63.5",,,"85","115","133","180","47.8",,,,,"0.291","0.638",,,,,,
"1","달서","성인","일반","19","관리자","참가","20250210","M","175","87.2","28.2","95.5","82","136","35.4","44.5",,,"7",,,,,,"28.5","43",,,,,,,,,"51.0",,,,,,,,"84","47.7",,,"0.514","0.354",,,,,,
"2","포천","성인","일반","64","관리자","참가","20250210","M","166.3","73.3","32.7","90","97","152","37.6","38.6",,,"8",,,,,,"26.5","21",,,"135",,,,,,"52.7",,,"64","108","122","153","37.1",,,,,"0.407",,,,,,,
"1","오산","어르신","일반","65","관리자","참가","20250210","M","166","72.8","28.4","90.8","96","156","38.4","42.1",,,"-9",,,,,,"26.4",,,,,"24",,"105","5","20.88","57.8",,,,,,,,,,,,,,,,,,,"42.1"
"3","강북","성인","일반","60","관리자","2등급","20250210","M","169.5","75.1","26.7","88","92","148","43.6","51.4",,,"10.3",,,,,,"26.1","33","26","11.4","201",,,,,,"68.4",,"35.3",,,,,,,,,,,,,,,,,
"1","영주","유아기","출장","62","관리자","참가","20250210","M","113.9","20.9",,,,,"6.5","7","2",,"19.1",,,,,,"16.1",,"66",,"83",,,,,,"33.5",,,,,,,,,,,,,,,,,"13.06","29.179",
"2","오산","성인","일반","61","관리자","2등급","20250210","M","164.9","75.8","24.6","89.7","97","149","42.9","45.2",,,"9",,,,,,"27.9","33","22","12.16","182",,,,,,"59.6",,"34.3",,,,,,,,,,,,,,,,,
"1","영주","유아기","출장","70","관리자","3등급","20250210","M","112.71","19.7",,,,,"10.2","10","8",,"8.7",,,,,,"15.5",,"50",,"108",,,,,,"51.8",,,,,,,,,,,,,,,,,"9.47","22.57",
"3","중구(서울)","성인","일반","34","관리자","참가","20250210","F","168.2","70.5","33.5","84.5","67","115","23.7","26.5",,,"16.1",,,,,,"24.9","7",,,"124",,,,,,"37.6",,,,,,,,"109","33.7",,,"0.401",,,,,,,
"9","세종","성인","일반","50","관리자","참가","20250210","F","151.5","38.8","17.1","63.1","77","127","14.6","14.4",,,"18.1",,,,,,"16.9","12",,,"142",,,,,,"37.6",,,,,,,,"94","38.8",,,"0.354",,,,,,,
"1","세종","성인","일반","44","관리자","3등급","20250210","F","159.7","67.4","29","84.6","79","134","30.6","28.7",,,"12.5",,,,,,"26.4","26",,,"141",,,,,,"45.4",,,,,,,,"114","31.2",,,"0.401",,,,,,,
"1","영주","유아기","출장","73","관리자","참가","20250210","M","118","20",,,,,"5.5","7","2",,"9.1",,,,,,"14.4",,"69",,"108",,,,,,"35.0",,,,,,,,,,,,,,,,,"10.43","24.826",
"1","영주","유아기","출장","70","관리자","참가","20250210","F","107.3","16.4",,,,,"7.5","8","8",,"4",,,,,,"14.2",,"50",,"84",,,,,,"48.8",,,,,,,,,,,,,,,,,"9.09","26.49",
"1","영주","유아기","출장","62","관리자","참가","20250210","M","107.3","19.4",,,,,"5.5","5.5","1",,"5.5",,,,,,"16.9",,"8",,"74",,,,,,"28.4",,,,,,,,,,,,,,,,,"11.78","31.819",
"1","영주","유아기","출장","65","관리자","참가","20250210","M","116.1","20.9",,,,,"8.5","10.5","3",,"4.1",,,,,,"15.5",,"41",,"101",,,,,,"50.2",,,,,,,,,,,,,,,,,"12.34","24.589",
"1","영주","유아기","출장","64","관리자","참가","20250210","F","108.8","23.1",,,,,"5","4.3","0",,"-1.2",,,,,,"19.5",,"2",,"60",,,,,,"21.6",,,,,,,,,,,,,,,,,"14.06","45.09",
"1","KSPO대구","성인","일반","25","관리자","참가","20250210","F","157.4","58.2","36.3","68","76","125","26.8","27.8",,,"11.6",,,,,,"23.5","37","14","12.6","144",,,,,,"47.8",,"31.1",,,,,,,,,,,,,,,,,
"1","영주","유아기","출장","71","관리자","참가","20250210","F","113.9","17.9",,,,,"8","8.5","3",,"7.3",,,,,,"13.8",,"39",,"65",,,,,,"47.5",,,,,,,,,,,,,,,,,"10.78","21.98",
"1","KSPO대구","성인","일반","29","관리자","3등급","20250210","M","180.3","76","12.3","74.5","77","123","45.6","50.5",,,"15.8",,,,,,"23.4","55","40","10.3","248",,,,,,"66.4",,"40.7",,,,,,,,,,,,,,,,,
"1","영주","유아기","출장","73","관리자","참가","20250210","F","115.3","19.7",,,,,"7.5","7","19",,"4",,,,,,"14.8",,"55",,"93",,,,,,"38.1",,,,,,,,,,,,,,,,,"9","22.58",
"1","오산","성인","일반","43","관리자","3등급","20250210","F","157.4","47.4","31.9","77.5","86","143","22.3","24.8",,,"13.5",,,,,,"19.1","20","18","13.12","148",,,,,,"52.3",,"33.3",,,,,,,,,,,,,,,,,
"4","광주","어르신","일반","75","관리자","1등급","20250210","F","152.5","54.5","32.8",,"74","157","20.9","23.9",,,"16.1",,,,,,"23.4",,,,,"23",,"110","6.08","22.79","43.9",,,,,,,,,,,,,,,,,,,"23.9"
"6","광주","어르신","일반","81","관리자","1등급","20250210","M","167.4","71.5","31.1",,"75","146","38.4","39.4",,,"18.8",,,,,,"25.5",,,,,"32",,"124","5.01","18.28","55.1",,,,,,,,,,,,,,,,,,,"39.4"
"7","광주","어르신","일반","78","관리자","1등급","20250210","F","152.8","52.9","30.7",,"76","155","24.3","23.8",,,"17",,,,,,"22.7",,,,,"25",,"115","5.81","21.13","45.9",,,,,,,,,,,,,,,,,,,"24.3"
"1","광주","어르신","일반","76","관리자","2등급","20250210","M","169.2","54.1","21.7",,"78","145","36.3","34.6",,,"6.4",,,,,,"18.9",,,,,"25",,"109","4.91","18.91","67.1",,,,,,,,,,,,,,,,,,,"36.3"
"1","무안","성인","일반","62","관리자","참가","20250210","F","157.1","56.4","29.5","71","77","136","25.8","23.1",,,"14.1",,,,,,"22.9","5",,,"98",,,,,,"45.7",,,,,,,,"126","28.9",,,"0.375",,,,,,,
"4","진천","어르신","일반","66","관리자","참가","20250210","M","160.7","63.1","28.4","85.1","87","142","34","31.1",,,"-4.4",,,,,,"24.4",,,,,"33",,"121","5.43","18.62","53.9",,,,,,,,,,,,,,,,,,,"34.0"
"1","KSPO송파별관(어르신)","어르신","일반","65","관리자","2등급","20250210","M","169.2","63.7","22.6",,"93","146","18.3","39.3",,,"14.7",,,,,,"22.3",,,,,"31",,"140","4.59","21.38","61.7",,,,,,,,,,,,,,,,,,,"39.3"
"3","남원","성인","일반","26","관리자","참가","20250210","M","175.1","105.3","31.3","111.6","89","134","57","57.9",,,"8.3",,,,,,"34.3","40","15",,,,,,,,"55.0",,"30.9",,,,,,,,,,"0.356","0.564",,,,,,
"1","익산","성인","출장","55","관리자","참가","20250210","F","169.4","65.2","31.2",,"81","120","23.8","24.1",,,"-1",,,,,,"22.7","16","9",,"143",,,,,,"37.0",,"27.5",,,,,,,,,,"0.698",,,,,,,
"3","익산","성인","출장","53","관리자","3등급","20250210","F","166.4","65.6","35.4",,"78","120","28.9","30.3",,,"14.5",,,,,,"23.7","20","12",,"159",,,,,,"46.2",,"28.3",,,,,,,,,,"0.372",,,,,,,
"4","중구(서울)","성인","일반","22","관리자","참가","20250210","M","172.3","102.4","36.7","105.1","84","134","49.2","54.3",,,"6.5",,,,,,"34.5","29",,,,,,,,,"53.0",,,"89","118","141","188","33.5",,,,,"0.315","0.514",,,,,,
"1","목포","성인","일반","62","관리자","참가","20250210","M","167.5","74.7","28.6","88","95","158","28.9","32.1",,,"11.5",,,,,,"26.6","18",,"15.97",,,,,,,"43.0",,,,,,,,"104","36.4",,,,"0.390",,,,,,
"1","익산","성인","출장","55","관리자","참가","20250210","F","162.9","71.7","38",,"80","124","30.1","36.2",,,"10.3",,,,,,"27.0","11","13",,"147",,,,,,"50.5",,"27.5",,,,,,,,,,"0.489",,,,,,,
"2","익산","성인","출장","55","관리자","3등급","20250210","F","164.2","60.4","31.2",,"78","120","21.1","21.3",,,"16",,,,,,"22.4","20","14",,"131",,,,,,"35.3",,"29.7",,,,,,,,,,"0.756",,,,,,,
"1","익산","성인","출장","54","관리자","참가","20250210","F","167.3","62.8","32.7",,"80","124","26.9","30.7",,,"-0.8",,,,,,"22.4","14","11",,"139",,,,,,"48.9",,"28.5",,,,,,,,,,"0.547",,,,,,,
"1","익산","성인","출장","55","관리자","참가","20250210","M","170.6","71.9","31.3",,"79","123","34.4","36.6",,,"-4.5",,,,,,"24.7","11","16",,"175",,,,,,"50.9",,"33.8",,,,,,,,,,"0.497",,,,,,,
"1","익산","성인","출장","54","관리자","참가","20250210","F","155.4","58.9","32.9",,"80","125","27","28.8",,,"3",,,,,,"24.4","23","13",,"130",,,,,,"48.9",,"29.5",,,,,,,,,,"0.538",,,,,,,
"3","마포","어르신","일반","65","관리자","2등급","20250210","M","166.8","71.5","21.5",,"74","139","40","37.8",,,"7.7",,,,,,"25.7",,,,,"30",,"142","3.84","19.02","55.9",,,,,,,,,,,,,,,,,,,"40.0"
"3","마포","어르신","일반","71","관리자","3등급","20250210","M","167.2","82.3","31.1",,"88","152","46.3","46.9",,,"1.2",,,,,,"29.4",,,,,"27",,"138","4.31","18.01","57.0",,,,,,,,,,,,,,,,,,,"46.9"
"1","KSPO송파","성인","일반","22","관리자","3등급","20250210","F","165.1","46.4","18.8","67","77","111","26.5","25",,,"26.5",,,,,,"17.0","36",,,,,,,,,"57.1",,,"88","109","130",,"43.2",,,,,"0.421","0.420",,,,,,
"1","익산","성인","출장","55","관리자","3등급","20250210","M","173.5","79","24.9",,"80","120","44.7","46.2",,,"8.5",,,,,,"26.2","33","29",,"185",,,,,,"58.5",,"35.8",,,,,,,,,,"0.763",,,,,,,
"1","익산","성인","출장","55","관리자","참가","20250210","M","165.9","75.8","29.1",,"79","121","26.2","35.1",,,"5",,,,,,"27.5","15","18",,"130",,,,,,"46.3",,"33.8",,,,,,,,,,"0.645",,,,,,,
"2","KSPO송파","성인","일반","20","관리자","1등급","20250210","M","176.4","67.3","17","78","85","127","50.3","43",,,"16.5",,,,,,"21.6","60","62",,"239",,,,,,"74.7",,"47.9",,,,,,,,,,"0.318",,,,,,,
"3","오산","어르신","일반","65","관리자","3등급","20250210","M","165","77","31","97.6","77","158","35.4","36.1",,,"13.7",,,,,,"28.3",,,,,"28",,"126","5.15","17.62","46.9",,,,,,,,,,,,,,,,,,,"36.1"
"1","오산","어르신","일반","80","관리자","2등급","20250210","M","165.8","65","27.8","87.2","65","147","31.1","27.3",,,"0.7",,,,,,"23.6",,,,,"20",,"110","6.43","25.06","47.8",,,,,,,,,,,,,,,,,,,"31.1"
"1","익산","성인","출장","55","관리자","참가","20250210","M","167.7","83","29.7",,"90","130","42.1","40.3",,,"-6",,,,,,"29.5","20","31",,"147",,,,,,"50.7",,"35.8",,,,,,,,,,"0.507",,,,,,,
"1","익산","성인","출장","54","관리자","참가","20250210","M","161.5","66.4","24.7",,"80","120","42.2","37",,,"-7",,,,,,"25.5","35","31",,"180",,,,,,"63.6",,"38.4",,,,,,,,,,"0.537",,,,,,,
"2","오산","성인","일반","32","관리자","참가","20250210","M","175.6","87.9","31.5","103.9","99","136","40.8","42.9",,,"-10.6",,,,,,"28.5","42",,"10.91",,,,,,,"48.8",,,"114","124","140","165","37.8",,,,,,"0.527",,,,,,
"2","목포","성인","일반","50","관리자","참가","20250210","F","163.7","65.38","37","93.3","94","149","21.2","18.7",,,"10.8",,,,,,"24.4","5","10",,"127",,,,,,"32.4",,"27.8",,,,,,,,,,"0.395",,,,,,,
"1","익산","성인","출장","53","관리자","참가","20250210","F","159.7","49.4","28",,"78","124","21","22.8",,,"13",,,,,,"19.4","26","10",,"134",,,,,,"46.2",,"30.2",,,,,,,,,,"0.481",,,,,,,
"1","익산","성인","출장","55","관리자","참가","20250210","M","169.2","72","28.4",,"76","124","28.3","29",,,"-6",,,,,,"25.1","30","20",,"175",,,,,,"40.3",,"34.8",,,,,,,,,,"0.628",,,,,,,
"4","사천","어르신","일반","68","관리자","3등급","20250210","M","176.5","94.9","33.7","110.7","97","134","43.2","43.3",,,"11",,,,,,"30.5",,,,,"35",,"142","4.24","16.59","45.6",,,,,,,,,,,,,,,,,,,"43.3"
"1","익산","성인","출장","55","관리자","참가","20250210","F","148.9","67.4","43.1",,"79","134","23.9","25.4",,,"9",,,,,,"30.4","9","10",,"100",,,,,,"37.7",,"27.0",,,,,,,,,,"0.677",,,,,,,
"5","부천","어르신","일반","78","관리자","2등급","20250210","M","161.4","72.7","35.7",,"70","152","33.7","31.3",,,"12.5",,,,,,"27.9",,,,,"19",,"114","6.53","23.49","46.4",,,,,,,,,,,,,,,,,,,"33.7"
"1","익산","성인","출장","56","관리자","참가","20250210","M","170.4","59.3","23.6",,"78","133","33.5","38.2",,,"-8",,,,,,"20.4","30","16",,"160",,,,,,"64.4",,"35.6",,,,,,,,,,"0.662",,,,,,,
"1","오산","성인","일반","20","관리자","2등급","20250210","M","169.4","67","16.3","80.4","89","133","38.4","44.1",,,"17.5",,,,,,"23.3","66","66",,"220",,,,,,"65.8",,"49.1",,,,,,,,,,"0.322",,,,,,,
"1","익산","성인","출장","55","관리자","참가","20250210","F","164.3","69.3","34.7",,"79","120","27.6","28.7",,,"8",,,,,,"25.7","10","17",,"126",,,,,,"41.4",,"29.1",,,,,,,,,,"0.522",,,,,,,
"1","익산","성인","출장","55","관리자","참가","20250210","M","176.9","68.4","24.8",,"78","123","34.3","35",,,"-8",,,,,,"21.9","20","1",,"100",,,,,,"51.2",,"30.7",,,,,,,,,,"0.69",,,,,,,
"1","익산","성인","출장","55","관리자","참가","20250210","F","156.5","60.1","36.8",,"80","119","19.9","18.7",,,"14.1",,,,,,"24.5","13","10",,"136",,,,,,"33.1",,"28.4",,,,,,,,,,"0.72",,,,,,,
"2","마포","어르신","일반","75","관리자","참가","20250210","M","165.6","82.5","35.7",,"89","148","40.7","45.4",,,"-4.7",,,,,,"30.1",,,,,"20",,"124","5.23","20.52","55.0",,,,,,,,,,,,,,,,,,,"45.4"
"1","마포","어르신","일반","70","관리자","1등급","20250210","M","163.5","57.4","19.6",,"63","111","33","37.6",,,"17.5",,,,,,"21.5",,,,,"29",,"131","3.57","16.68","65.5",,,,,,,,,,,,,,,,,,,"37.6"
"1","익산","성인","출장","53","관리자","참가","20250210","M","164.4","67.8","27.6",,"80","124","41.9","44.9",,,"10",,,,,,"25.1","33","21",,"186",,,,,,"66.2",,"35.9",,,,,,,,,,"0.443",,,,,,,
"1","익산","성인","출장","55","관리자","참가","20250210","M","160.8","58.7","28.6",,"81","124","25.7","31.7",,,"-12",,,,,,"22.7","20","18",,"145",,,,,,"54.0",,"36.4",,,,,,,,,,"0.617",,,,,,,
"1","성동","어르신","일반","66","관리자","2등급","20250210","M","176.5","85.6","26.8",,"82","146","46.2","51.8",,,"6.8",,,,,,"27.5",,,,,"22",,"141","4.18","16.48","60.5",,,,,,,,,,,,,,,,,,,"51.8"
"1","고양","성인","일반","24","관리자","참가","20250210","F","164","56.3","29.4",,"66","120","28.9","27.9",,,"5.3",,,,,,"20.9","13","20","12.89","144",,,,,,"51.3",,"33.4",,,,,,,,,,,,,,,,,
"4","KSPO대구","성인","일반","21","관리자","3등급","20250210","M","163.6","57.6","18","74","74","130","33.5","48.3",,,"24.6",,,,,,"21.5","46","42",,"206",,,,,,"83.9",,"44.9",,,,,,,,,,"0.324",,,,,,,
"1","익산","성인","출장","55","관리자","3등급","20250210","M","165.9","71.2","21.8",,"83","124","30.9","38.2",,,"5",,,,,,"25.9","29","23",,"170",,,,,,"53.7",,"35.7",,,,,,,,,,"0.441",,,,,,,
"1","익산","성인","출장","53","관리자","참가","20250210","M","165.5","70.7","28",,"82","121","46.5","45",,,"14",,,,,,"25.8","30","25",,"182",,,,,,"65.8",,"36.4",,,,,,,,,,"0.534",,,,,,,
"1","마포","어르신","일반","73","관리자","2등급","20250210","M","165.5","65.6","26",,"85","156","37.3","44",,,"6.7",,,,,,"24.0",,,,,"21",,"121","4.20","22.12","67.1",,,,,,,,,,,,,,,,,,,"44.0"
"5","양평","어르신","일반","70","관리자","1등급","20250210","F","154.1","51.3","27.1",,"82","137","32.3","26.3",,,"19.2",,,,,,"21.6",,,,,"34",,"127","5.1","19.97","63.0",,,,,,,,,,,,,,,,,,,"32.3"
"1","익산","성인","출장","55","관리자","참가","20250210","M","165.2","78.4","35.4",,"78","130","38.2","35.1",,,"17.3",,,,,,"28.7","12","21",,"163",,,,,,"48.7",,"34.1",,,,,,,,,,"0.712",,,,,,,
"6","서대문","어르신","일반","85","관리자","1등급","20250210","M","155.4","57.0","30.5",,"70","130","29","34.1",,,"7.3",,,,,,"23.6",,,,,"36",,"123","5.78","25.31","59.8",,,,,,,,,,,,,,,,,,,"34.1"
"1","익산","성인","출장","53","관리자","참가","20250210","M","173.5","77.5","24.9",,"80","120","42.8","43.4",,,"-6.5",,,,,,"25.7","25","33",,"213",,,,,,"56.0",,"37.1",,,,,,,,,,"0.438",,,,,,,
"1","익산","성인","출장","53","관리자","참가","20250210","M","171.9","80.8","31.9",,"83","124","44.4","38.7",,,"0.5",,,,,,"27.3","25","25",,"170",,,,,,"55.0",,"34.8",,,,,,,,,,"0.511",,,,,,,
"1","익산","성인","출장","53","관리자","참가","20250210","M","177.5","84.6","27.4",,"76","126","33.5","46.8",,,"-0.5",,,,,,"26.9","27","33",,"180",,,,,,"55.3",,"36.0",,,,,,,,,,"0.455",,,,,,,
"1","익산","성인","출장","56","관리자","참가","20250210","F","164.6","71","37.6",,"76","128","22","26.1",,,"6.5",,,,,,"26.2","2","7",,"67",,,,,,"36.8",,"25.8",,,,,,,,,,"0.691",,,,,,,
"2","마포","어르신","일반","75","관리자","참가","20250210","M","168.1","69.5","21.8",,"86","149","34.9","42.5",,,"-13.7",,,,,,"24.6",,,,,"19",,"105","4.93","25.40","61.2",,,,,,,,,,,,,,,,,,,"42.5"
"1","익산","성인","출장","56","관리자","참가","20250210","M","184.5","93.6","27.3",,"76","121","45.4","47.6",,,"2",,,,,,"27.5","1","36",,"185",,,,,,"50.9",,"35.0",,,,,,,,,,"0.433",,,,,,,
"5","포천","어르신","일반","66","관리자","3등급","20250210","F","161.8","68.7","37.5","91","87","186","23.8","24.9",,,"14.1",,,,,,"26.2",,,,,"23",,"118","5.56","20.31","36.2",,,,,,,,,,,,,,,,,,,"24.9"
"1","서구(대전)","성인","일반","20","관리자","참가","20250210","M","184.2","92.1","29",,"65","116","38.1","42.1",,,"9.2",,,,,,"27.1","26",,,"200",,,,,,"45.7",,,,,,,,"109","43.4",,,"0.383",,,,,,,
"1","충주","성인","일반","32","관리자","참가","20250210","M","176.4","84.2","29.3","88","71","133","47.2","47.2",,,"15.3",,,,,,"27.1","33","31",,"175",,,,,,"56.1",,"37.2",,,,,,,,,,"0.339",,,,,,,
"1","익산","성인","출장","54","관리자","참가","20250210","M","170.8","77.3","27.2",,"80","118","39.6","39.7",,,"8.8",,,,,,"26.5","30","33",,"155",,,,,,"51.4",,"37.1",,,,,,,,,,"0.487",,,,,,,
"1","익산","성인","출장","53","관리자","참가","20250210","F","158.2","58.2","39.7",,"79","120","14.8","18.8",,,"-1.5",,,,,,"23.3","6","17",,"115",,,,,,"32.3",,"30.9",,,,,,,,,,"0.522",,,,,,,
"1","익산","성인","출장","52","관리자","참가","20250210","F","163.5","58","33.6",,"78","126","24.3","26.8",,,"9",,,,,,"21.7","26","30",,"145",,,,,,"46.2",,"35.0",,,,,,,,,,"0.449",,,,,,,
"2","강릉","어르신","일반","66","관리자","2등급","20250210","M","170.0","85.9","31.9","99.4","81","145","36.7","43.7",,,"8.7",,,,,,"29.7",,,,,"29",,"133","4.3","20.1","50.9",,,,,,,,,,,,,,,,,,,"43.7"
"1","익산","성인","출장","56","관리자","3등급","20250210","F","162.1","56.5","34.1",,"80","120","21.3","23",,,"13.1",,,,,,"21.5","20","11",,"130",,,,,,"40.7",,"29.3",,,,,,,,,,"0.637",,,,,,,
"1","성동","성인","일반","61","관리자","참가","20250210","M","167.3","77.1","29.3",,"90","166",,"43.3",,,"2.5",,,,,,"27.5","8",,,"149",,,,,,"56.2",,,,,,,,"151","29.2",,,"0.354",,,,,,,
"2","부천","성인","일반","60","관리자","참가","20250210","M","171.0","80.1","32.2",,"93","147","44.7","45.1",,,"6.4",,,,,,"27.4","27",,,"177",,,,,,"56.3",,,,,,,,"135","31.4",,,"0.352",,,,,,,
"1","익산","성인","출장","52","관리자","참가","20250210","F","156.2","77.9","51.3",,"82","120","13","18.2",,,"-7",,,,,,"31.9","1","5",,"80",,,,,,"23.4",,"24.1",,,,,,,,,,"0.48",,,,,,,
"1","창원","성인","일반","47","관리자","참가","20250210","M","181.9","103.8","31.4","101","96","149","41.1","42",,,"-9.1",,,,,,"31.4","34",,"11.63","206",,,,,,"40.5",,,,,,,,"122","32.1",,,,,,,,,,
"6","부천","성인","일반","26","관리자","3등급","20250210","F","168.6","56.9","27.3",,"76","116","26.4","28.9",,,"15.5",,,,,,"20.0","26",,,"157",,,,,,"50.8",,,,,,,,"135","35.4",,,"0.355",,,,,,,
"2","강릉","성인","일반","61","관리자","참가","20250210","M","165.9","82.7","37.3","107","70","120","40.3","46.4",,,"-2.4",,,,,,"30.0","33",,,"175",,,,,,"56.1",,,,,,,,"80","38.2",,,"0.362",,,,,,,
"3","화성","성인","일반","19","관리자","1등급","20250210","M","177.7","82.1","17.4",,"79","156","53.1","51.2",,,"18",,,,,,"26.0","55","63",,,,,,,,"64.7",,"46.1",,,,,,,,,,"0.286","0.663",,,,,,
"2","포항","어르신","일반","71","관리자","2등급","20250210","M","176.4","65.5","26.6",,"74","157","32.2","34.5",,,"11.6",,,,,,"21.0",,,,,"23",,"134","5.22","23.23","52.7",,,,,,,,,,,,,,,,,,,"34.5"
"1","서구(대전)","성인","일반","19","관리자","참가","20250210","M","180","79.1","20.3",,"64","106","51.9","40.7",,,"18.7",,,,,,"24.4","35",,,"209",,,,,,"65.6",,,,,,,,"116","45.2",,,"0.307",,,,,,,
"2","화성","성인","일반","19","관리자","2등급","20250210","M","174.6","68.3","16.5",,"85","154","46.4","47",,,"11.9",,,,,,"22.4","60","52",,,,,,,,"68.8",,"45.6",,,,,,,,,,"0.277","0.576",,,,,,
"2","의정부","성인","일반","19","관리자","1등급","20250210","F","163","50.8","29","79.9","97","134","25","26",,,"19.7",,,,,,"19.1","46","31",,"210",,,,,,"51.2",,"37.8",,,,,,,,,,"0.373",,,,,,,
"3","천안","성인","일반","23","관리자","3등급","20250210","M","175.7","62.1","14.1",,"71","113","44.4","46.1",,,"11",,,,,,"20.1","62",,,,,,,,,"74.2",,,,,,,,"91","51.3",,,"0.234","0.701",,,,,,
"1","강북","성인","일반","24","관리자","참가","20250210","M","175.7","61.80","14.7","78.3","89","120","35","42",,,"-6.6",,,,,,"20.0","22",,,"206",,,,,,"68.0",,,,,,,,"109","48.5",,,"0.349",,,,,,,
"4","동구(인천)","어르신","일반","71","관리자","1등급","20250210","M","172.6","67.8","23.2",,"72","126","47","45.2",,,"12.7",,,,,,"22.8",,,,,"29",,"133","5.13","22.09","69.3",,,,,,,,,,,,,,,,,,,"47.0"
"1","천안","성인","일반","19","관리자","2등급","20250210","M","167.7","57.6","17.4",,"56","125","37.9","34.7",,,"18.9",,,,,,"20.5","53",,,,,,,,,"65.8",,,,,,,,"122","48.1",,,"0.295","0.638",,,,,,
"1","익산","성인","출장","54","관리자","3등급","20250210","M","168.5","66","22.7",,"79","124","34.3","39.3",,,"5.5",,,,,,"23.2","31","36",,"186",,,,,,"59.5",,"39.5",,,,,,,,,,"0.469",,,,,,,
"1","의정부","성인","일반","20","관리자","1등급","20250210","M","168.5","62.3","11.5","74.2","72","117","38.2","40.8",,,"18.1",,,,,,"21.9","57","62",,"245",,,,,,"65.5",,"48.8",,,,,,,,,,"0.335",,,,,,,
"2","사천","성인","일반","36","관리자","1등급","20250210","M","169.7","72","16.7","88.5","74","124","54.5","60.8",,,"15.8",,,,,,"25.0","54","46",,"218",,,,,,"84.4",,"42.4",,,,,,,,,,"0.248",,,,,,,
"3","수원","성인","일반","24","관리자","참가","20250210","F","161.2","47.8","16.9","59","54","95","26.3","27.3",,,"14.5",,,,,,"18.4","19",,"12.1","150",,,,,,"57.1",,,,,,,,"111","40.2",,,,,,,,,,
"1","사천","성인","일반","30","관리자","참가","20250210","M","181.1","86.8","20.6",,"83","142","52.2","59.6",,,"1.5",,,,,,"26.5","36",,,,,,,,,"68.7",,,,,,,,"86","45.3",,,"0.372","0.589",,,,,,
"2","강북","성인","일반","62","관리자","3등급","20250210","M","160.3","60.30","25.4","83.3","90","148","38.4","39.1",,,"17.4",,,,,,"23.5","26",,,"189",,,,,,"64.8",,,,,,,,"138","34.0",,,"0.331",,,,,,,
"1","수원","성인","일반","28","관리자","참가","20250210","M","168.9","59","10.3","68","71","113","29.4","29",,,"3.2",,,,,,"20.7","63",,"10",,,,,,,"49.8",,,"84","97","115",,"49.1",,,,,,"0.546",,,,,,
"2","KSPO아산","성인","일반","22","관리자","3등급","20250210","F","163.1","48.3","22.4","67.5","82","120","21.1","20.5",,,"15.0",,,,,,"18.2","28",,,,,,,,,"43.7",,,,,,,,"140","37.1",,,"0.358","0.475",,,,,,
"1","익산","성인","출장","55","관리자","참가","20250210","M","172","81.3","29",,"82","120","40.3","42.9",,,"6",,,,,,"27.5","26","34",,"147",,,,,,"52.8",,"36.6",,,,,,,,,,"0.465",,,,,,,
"5","안산","어르신","일반","74","관리자","3등급","20250210","M","160.1","67.9","23.6","87","79","133","34.5","33.1",,,"-0.1",,,,,,"26.5",,,,,"23",,"111","5.5","23.7","50.8",,,,,,,,,,,,,,,,,,,"34.5"
"1","익산","성인","출장","55","관리자","참가","20250210","F","163","77.2","42.6",,"82","119","23.3","24.3",,,"8.5",,,,,,"29.1","12","9",,"117",,,,,,"31.5",,"25.4",,,,,,,,,,"0.664",,,,,,,
"1","KSPO아산","성인","일반","43","관리자","참가","20250210","F","158.2","64.2","38.4","80","89","134","24.1","26.1",,,"14.2",,,,,,"25.7","6",,,,,,,,,"40.7",,,,,,,,"95","34.3",,,"0.415","0.399",,,,,,
"1","연제","성인","일반","23","관리자","3등급","20250210","F","163.9","52.1","28.7",,"68","120","22.1","24.2",,,"13.6",,,,,,"19.4","31",,,,,,,,,"46.4",,,,,,,,"140","36.1",,,"0.526","0.424",,,,,,
"5","양평","어르신","일반","73","관리자","3등급","20250210","M","163.1","63.6","26.4",,"61","129","40.6","38",,,"3.9",,,,,,"23.9",,,,,"31",,"115","5.75","20.97","63.8",,,,,,,,,,,,,,,,,,,"40.6"
"1","익산","성인","출장","53","관리자","참가","20250210","M","175.6","93.8","35.3",,"76","127","32.9","33.2",,,"-7",,,,,,"30.4","19","9",,"100",,,,,,"35.4",,"29.0",,,,,,,,,,"0.598",,,,,,,
"1","익산","성인","출장","55","관리자","참가","20250210","F","169.4","64.9","25.2",,"76","127","12","21.6",,,"9",,,,,,"22.6","25","9",,"163",,,,,,"33.3",,"27.5",,,,,,,,,,"0.683",,,,,,,
"1","서구(광주)","성인","일반","19","관리자","참가","20250210","M","172.8","55.8","12.4","69","99","153","31.5","36",,,"18.4",,,,,,"18.7","27","34",,"168",,,,,,"64.5",,"43.2",,,,,,,,,,"0.327",,,,,,,
"5","성남","어르신","일반","73","관리자","2등급","20250210","M","164.8","57.1","17.1",,"80","138","39.4","40.8",,,"16.2",,,,,,"21.0",,,,,"28",,"111","4.64","21.17","71.5",,,,,,,,,,,,,,,,,,,"40.8"
"1","계룡","성인","일반","19","관리자","참가","20250210","M","170.9","87.1","27.1",,"78","148","46.2","42.5",,,"18.6",,,,,,"29.8","37",,,"209",,,,,,"53.0",,,,,,,,"114","43.0",,,"0.355",,,,,,,
"1","익산","성인","출장","55","관리자","2등급","20250210","F","162","56.9","31.2",,"76","124","21.3","23.3",,,"21",,,,,,"21.7","28","21",,"145",,,,,,"40.9",,"32.3",,,,,,,,,,"0.628",,,,,,,
"8","성남","어르신","일반","77","관리자","3등급","20250210","M","161.4","56.3","30.9",,"91","149","31.6","20.4",,,"5.0",,,,,,"21.6",,,,,"19",,"111","6.70","28.38","56.1",,,,,,,,,,,,,,,,,,,"31.6"
"1","KSPO송파별관(어르신)","어르신","일반","67","관리자","2등급","20250210","M","180","68.6","24.1",,"92","155","34","36.1",,,"6.9",,,,,,"21.2",,,,,"25",,"118","5.41","21.13","52.6",,,,,,,,,,,,,,,,,,,"36.1"
"1","서구(광주)","성인","일반","19","관리자","참가","20250210","M","173.9","59.3","10","69","95","138","44.8","46.8",,,"-0.8",,,,,,"19.6","27","31",,"223",,,,,,"78.9",,"42.0",,,,,,,,,,"0.337",,,,,,,
"2","KSPO광주","성인","일반","25","관리자","참가","20250210","M","177.1","95.9","34.5","101.5","71","121","38.8","37.8",,,"15.4",,,,,,"30.6","29","33",,,,,,,,"40.5",,"36.6",,,,,,,,,,"0.408","0.459",,,,,,
"1","창원","성인","일반","19","관리자","참가","20250210","M","174.5","87.6","34.1","90","96","152","34.2","41.5",,,"11.4",,,,,,"28.8","25",,"11.60","208",,,,,,"47.4",,,,,,,,"128","41.1",,,,,,,,,,
"3","KSPO송파별관(어르신)","어르신","일반","74","관리자","1등급","20250210","M","156.5","59.7","28.8",,"72","149","32.2","31.9",,,"21.7",,,,,,"24.4",,,,,"30",,"124","5.49","19.97","53.9",,,,,,,,,,,,,,,,,,,"32.2"
"1","익산","성인","출장","55","관리자","참가","20250210","M","174.5","85.3","28.7",,"78","124","41.9","38.2",,,"-6",,,,,,"28.0","30","17",,"150",,,,,,"49.1",,"32.0",,,,,,,,,,"0.444",,,,,,,
"2","영주","성인","일반","22","관리자","참가","20250210","F","156.9","64.00","34.4","83.8","73","126","23","28.3",,,"7.7",,,,,,"26.0","36",,,"162",,,,,,"44.2",,,"75","105","134",,"37.3",,,,,"0.336",,,,,,,
"1","KSPO광주","성인","일반","29","관리자","참가","20250210","M","179.1","69.9","15.1","80.2","75","144","35.1","39.3",,,"11.5",,,,,,"21.8","37","33","10.48",,,,,,,"56.2",,"40.0",,,,,,,,,,,"0.523",,,,,,
"1","익산","성인","출장","52","관리자","참가","20250210","M","177.8","75.9","24.4",,"80","118","43.5","46.9",,,"6",,,,,,"24.0","0","32",,"180",,,,,,"61.8",,"37.1",,,,,,,,,,"0.433",,,,,,,
"1","제주","성인","일반","19","관리자","참가","20250210","M","177.4","62.9","18.7","80","70","141","28.6","28.4",,,"11.5",,,,,,"20.0","24",,,"182",,,,,,"45.5",,,,,,,,"99","51.1",,,"0.296",,,,,,,
"1","시흥","어르신","일반","67","관리자","3등급","20250210","M","166.1","59","20.7","78.5","91","142","31.3","36.5",,,"4",,,,,,"21.4",,,,,"23","626",,"5.81","23.25","61.9",,,,,,,,,,,,,,,,,,,"36.5"
"1","익산","성인","출장","53","관리자","참가","20250210","M","167","71","27.5",,"80","118","18.5","13",,,"-15.5",,,,,,"25.5","10","12",,"125",,,,,,"26.1",,"33.2",,,,,,,,,,"0.880",,,,,,,
"26","성동","성인","일반","46","관리자","2등급","20250210","M","177.1","64.6","15.9",,"86","139","41.9","41.6",,,"9.5",,,,,,"20.6","42","72","10.10","227",,,,,,"64.9",,"48.6",,,,,,,,,,,,,,,,,
"1","고양","성인","일반","19","관리자","참가","20250210","M","179.2","117.5","40.8",,"94","149","40.3","38.9",,,"-14.6",,,,,,"36.6","15",,"13.40","165",,,,,,"34.3",,,,,,,,"163","29.7",,,,,,,,,,
"2","청주","성인","일반","23","관리자","2등급","20250210","F","169.3","52.6","24.2","74.4","72","120","25","29.9",,,"17.8",,,,,,"18.4","33",,,"172",,,,,,"56.8",,,,,,,,"122","38.7",,,"0.303",,,,,,,
"1","포천","성인","일반","20","관리자","3등급","20250210","M","172.2","67.3","17.6","78","85","140","39","38.3",,,"18.1",,,,,,"22.7","43",,"11.72","222",,,,,,"57.9",,,,,,,,"103","48.9",,,,,,,,,,
"1","순천","성인","출장","64","관리자","참가","20250210","M","148.5","57","41.5","85.5","70","152","17.1","22.6",,,"7",,,,,,"25.8","5",,,,,,,,,"39.6",,,,,,,,"143","32.6",,,"0.516","0.328",,,,,,
"2","포항","성인","일반","20","관리자","3등급","20250210","M","179.3","74.3","14.2",,"79","157","41.5","41.9",,,"24.2",,,,,,"23.1","46","48","9.51","241",,,,,,"56.4",,"43.6",,,,,,,,,,,,,,,,,
"1","익산","성인","출장","54","관리자","참가","20250210","F","157.6","57","30.8",,"80","119","28.1","26.4",,,"19.3",,,,,,"22.9","34","7",,"110",,,,,,"49.3",,"28.0",,,,,,,,,,"0.503",,,,,,,
"1","포항","어르신","일반","65","관리자","참가","20250210","M","165.6","62.5","28.2",,"82","146","30.4","37.8",,,"-1.1",,,,,,"22.8",,,,,"21",,"121","4.87","20.99","60.5",,,,,,,,,,,,,,,,,,,"37.8"
"2","마포","어르신","일반","74","관리자","1등급","20250210","M","157.5","62.3","26.4",,"84","155","38.4","39.9",,,"11.2",,,,,,"25.1",,,,,"22",,"117","4.42","21.15","64.0",,,,,,,,,,,,,,,,,,,"39.9"
"1","안산","어르신","일반","65","관리자","2등급","20250210","M","161.1","66.4","24.7","84","92","155","38.4","43.5",,,"22",,,,,,"25.6",,,,,"36",,"148","5.44","17.91","65.5",,,,,,,,,,,,,,,,,,,"43.5"
"3","순천","성인","출장","60","관리자","참가","20250210","M","172","77","29.6","93.4","74","128","37.5","39.3",,,"7.9",,,,,,"26.0","30",,,,,,,,,"51.0",,,,,,,,"82","39.9",,,"0.350","0.427",,,,,,
"1","익산","성인","출장","53","관리자","참가","20250210","M","173.6","72.7","28.4",,"82","124","29.1","32",,,"2.4",,,,,,"24.1","2","15",,"115",,,,,,"44.0",,"33.6",,,,,,,,,,"0.46",,,,,,,
"1","목포","성인","일반","54","관리자","참가","20250210","F","153.2","63","33.9","89.4","97","156","24.2","20",,,"15.9",,,,,,"26.8","7",,,"114",,,,,,"38.4",,,,,,,,"121","28.9",,,"0.423",,,,,,,
"1","사천","청소년","일반","18","관리자","3등급","20250210","M","171.5","70.1","24.3","86.6","82","130","41.7","42.1","38",,"11.5","19.76","0.563","49.530","4","49.714","23.8",,"47",,,,,,,,"60.1",,"43.3",,,,,,,,,,,,,,,,,
"1","익산","성인","출장","54","관리자","참가","20250210","F","148.5","45","39.3",,"80","122","14.2","16.9",,,"-1.5",,,,,,"20.4","1","11",,"80",,,,,,"37.6",,"31.0",,,,,,,,,,"0.570",,,,,,,
"1","제주","성인","일반","33","관리자","1등급","20250210","M","173.2","73.4","13.2","78","72","135","48.4","39.6",,,"25",,,,,,"24.5","50","54","10.26","244",,,,,,"65.9",,"44.2",,,,,,,,,,,,,,,,,
"1","KSPO아산","성인","일반","45","관리자","참가","20250210","M","169","72.9","22.5","84","70","137","46.5","52.8",,,"-6.5",,,,,,"25.5","32",,,"210",,,,,,"72.4",,,"75","100","120","145","42.0",,,,,"0.418",,,,,,,
"1","익산","성인","출장","56","관리자","참가","20250210","M","175.9","71.1","30.1",,"81","120","31.2","33.8",,,"-9.5",,,,,,"23.0","20","16",,"175",,,,,,"47.5",,"33.7",,,,,,,,,,"0.441",,,,,,,
"1","익산","성인","출장","54","관리자","참가","20250210","F","159.3","70.8","43.9",,"81","120","22.4","22.5",,,"2.2",,,,,,"27.9","3","11",,"125",,,,,,"31.8",,"27.0",,,,,,,,,,"0.616",,,,,,,
"1","익산","성인","출장","55","관리자","참가","20250210","M","173.4","84.2","27.8",,"80","124","51.2","48.4",,,"5",,,,,,"28.0","28","21",,"195",,,,,,"60.8",,"33.1",,,,,,,,,,"0.435",,,,,,,
"1","익산","성인","출장","55","관리자","참가","20250210","M","173.4","75.8","29.8",,"82","123","38.7","43",,,"-1",,,,,,"25.2","25","10",,"93",,,,,,"56.7",,"31.8",,,,,,,,,,"0.496",,,,,,,
"3","익산","성인","출장","53","관리자","참가","20250210","F","153.2","52.6","32",,"81","120","23.7","26.3",,,"6.5",,,,,,"22.4","17","20",,"132",,,,,,"50.0",,"32.6",,,,,,,,,,"0.455",,,,,,,
"7","KSPO송파별관(어르신)","어르신","일반","78","관리자","참가","20250210","F","152.7","58.5","36.6",,"99","158","24.2","23.7",,,"6.7",,,,,,"25.1",,,,,"30",,"134","5.48","22.65","41.4",,,,,,,,,,,,,,,,,,,"24.2"
"1","익산","성인","출장","55","관리자","참가","20250210","M","163.7","69.2","29",,"80","124","37.2","38.5",,,"2.5",,,,,,"25.8","47","30",,"230",,,,,,"55.6",,"37.6",,,,,,,,,,"0.509",,,,,,,
"5","KSPO송파별관(어르신)","어르신","일반","69","관리자","2등급","20250210","F","151.2","59.8","38.1",,"75","131","22.9","24.6",,,"20",,,,,,"26.2",,,,,"25",,"121","5.45","23.49","41.1",,,,,,,,,,,,,,,,,,,"24.6"
"1","순천","성인","출장","56","관리자","참가","20250210","F","162.8","55.1","35.6","77.8","78","131","22.5","26.4",,,"19.5",,,,,,"20.8","0",,,,,,,,,"47.9",,,,,,,,"124","31.1",,,"0.541","0.366",,,,,,
"1","스포원(금정)","어르신","일반","66","관리자","참가","20250210","M","171.4","79.8","34.9",,"79","137","33.3","36.1",,,"-2.6",,,,,,"27.2",,,,,"18",,"60","6","26.7","45.2",,,,,,,,,,,,,,,,,,,"36.1"
"1","익산","성인","출장","52","관리자","3등급","20250210","M","167","70.7","23.8",,"82","120","37.1","42.9",,,"5.7",,,,,,"25.4","26","32",,"192",,,,,,"60.7",,"38.0",,,,,,,,,,"0.401",,,,,,,
"1","익산","성인","출장","55","관리자","참가","20250210","M","172.5","78.5","29.6",,"80","124","42.1","47.4",,,"4",,,,,,"26.4","31","21",,"197",,,,,,"60.4",,"34.0",,,,,,,,,,"0.385",,,,,,,
"1","스포원(금정)","성인","일반","42","관리자","3등급","20250210","M","155.7","57.8","22.6",,"94","144","31.4","39",,,"6.3",,,,,,"23.8","34",,,"172",,,,,,"67.5",,,,,,,,"137","39.3",,,"0.294",,,,,,,
"9","성남","어르신","일반","66","관리자","2등급","20250210","M","165.9","58.4","23.3",,"83","152","35.3","38.5",,,"8.9",,,,,,"21.2",,,,,"27",,"123","4.26","17.38","65.9",,,,,,,,,,,,,,,,,,,"38.5"
"10","KSPO송파","성인","일반","22","관리자","참가","20250210","M","181.7","84.8","20.6","88","71","138","50.2","48",,,"12.5",,,,,,"25.7","52",,,,,,,,,"59.2",,,,,,,,"128","41.5",,,"0.376","0.511",,,,,,
"1","스포원(금정)","청소년","일반","18","관리자","참가","20250210","M","177.9","76.9","27",,"73","134","41.3","40.5",,"42","5.4","19","0.611","41.350","6","41.626","24.3",,"31",,,,,,,,"53.7",,"39.9",,,,,,,,,,,,,,,,,
"1","KSPO송파","성인","일반","20","관리자","참가","20250210","M","173.2","66.9","18.9","79","52","101","36.3","37.1",,,"-12.5",,,,,,"22.3","26",,,,,,,,,"55.5",,,"85","109","123","154","49.8",,,,,"0.360","0.529",,,,,,
"3","광주","성인","일반","22","관리자","1등급","20250210","M","169.3","69.9","14.6",,"60","122","44.1","49.7",,,"27.2",,,,,,"24.4","67",,,"250",,,,,,"71.1",,,,,,,,"96","48.6",,,"0.332",,,,,,,
"1","KSPO아산","청소년","일반","18","관리자","참가","20250210","M","171.7","98.3","35.6","103.5","90","150","43.8","43.8",,"47","-5.3","21.57","0.556","49.050","7","49.372","33.3",,"23",,,,,,,,"44.6",,"33.6",,,,,,,,,,,,,,,,,
"1","익산","성인","출장","56","관리자","참가","20250210","M","176.2","84.9","28",,"82","120","38.1","38.1",,,"16",,,,,,"27.3","24","11",,"220",,,,,,"44.9",,"30.5",,,,,,,,,,"0.505",,,,,,,
"3","광주","성인","일반","26","관리자","2등급","20250210","M","173.8","69.1","25.5",,"76","131","35.1","40.1",,,"10.5",,,,,,"22.9","50",,,"223",,,,,,"58.0",,,,,,,,"111","45.9",,,"0.302",,,,,,,
"1","동구(광주)","성인","일반","23","관리자","참가","20250210","M","162.8","64.8","29","92.5","64","121","37","37.1",,,"8.2",,,,,,"24.4","27",,,"153",,,,,,"57.3",,,,,,,,"110","46.9",,,"0.362",,,,,,,
"1","익산","성인","출장","56","관리자","참가","20250210","F","159.3","64.9","41.5",,"80","119","14","15.9",,,"14.5",,,,,,"25.6","10","7",,"117",,,,,,"24.5",,"26.7",,,,,,,,,,"0.585",,,,,,,
"3","연제","어르신","일반","68","관리자","3등급","20250210","M","165.0","68.7","25.7",,"96","152","45.8","42.6",,,"2.5",,,,,,"25.2",,,,,"29",,"133","4.6","18.9","66.7",,,,,,,,,,,,,,,,,,,"45.8"
"1","익산","성인","출장","54","관리자","참가","20250210","F","163.2","54.2","26.2",,"82","117","34","34",,,"7.5",,,,,,"20.3","12","17",,"135",,,,,,"62.7",,"31.6",,,,,,,,,,"0.7",,,,,,,
"1","전주","성인","일반","62","관리자","1등급","20250210","F","166","49.7","16.3","70.4","72","130","24.8","25.1",,,"23.6",,,,,,"18.0","27",,,"149",,,,,,"50.5",,,,,,,,"99","34.7",,,"0.440",,,,,,,
"1","창원","성인","일반","20","관리자","참가","20250210","M","179.4","88.6","29.5","88","71","132","36.5","50.7",,,"5.9",,,,,,"27.5","39",,"11.60",,,,,,,"57.2",,,,,,,,"115","42.9",,,,"0.427",,,,,,
"5","강북","어르신","일반","65","관리자","3등급","20250210","M","165.2","60.50","21.5","80","91","159","39.4","42",,,"13.1",,,,,,"22.2",,,,,"21",,"120","5.2","24.9","69.4",,,,,,,,,,,,,,,,,,,"42.0"
"1","익산","성인","출장","54","관리자","3등급","20250210","F","164.3","55.8","31.47",,"81","120","22.3","25.1",,,"20.5",,,,,,"20.7","25","19",,"100",,,,,,"45.0",,"32.0",,,,,,,,,,"0.549",,,,,,,
"1","광주","성인","일반","19","관리자","3등급","20250210","M","181.6","73.2","20.2",,"84","126","39","49.7",,,"18.8",,,,,,"22.2","44",,,"226",,,,,,"67.9",,,,,,,,"120","46.0",,,"0.410",,,,,,,
"1","창원","성인","일반","21","관리자","3등급","20250210","M","174","86.4","20.3","86","75","146","50.1","56.3",,,"12.9",,,,,,"28.5","58",,"9.84",,,,,,,"65.2",,,,,,,,"105","44.2",,,,"0.601",,,,,,
"1","남구(울산)","어르신","일반","66","관리자","참가","20250210","M","167.1","86.4","35.8","105.4","72","145","33.7","35",,,"14.4",,,,,,"30.9",,,,,"22",,"82","5.19","22.69","40.5",,,,,,,,,,,,,,,,,,,"35.0"
"1","남구(울산)","어르신","일반","65","관리자","참가","20250210","M","158.7","60.8","33.6","87.1","83","123","31.2","31.8",,,"-2.5",,,,,,"24.1",,,,,"14",,"83","6.28","24.03","52.3",,,,,,,,,,,,,,,,,,,"31.8"
"2","익산","성인","출장","55","관리자","참가","20250210","M","185.7","101.7","27.2",,"79","121","42.4","38.1",,,"2",,,,,,"29.5","30","20",,"191",,,,,,"41.7",,"30.1",,,,,,,,,,"0.469",,,,,,,
"1","익산","성인","출장","55","관리자","참가","20250210","F","164.8","66.7","40.7",,"84","122","27.2","24",,,"19.3",,,,,,"24.6","14","9",,"100",,,,,,"40.8",,"27.1",,,,,,,,,,"0.569",,,,,,,
"6","중구(서울)","성인","일반","60","관리자","3등급","20250210","M","157.6","61.3","29.6","85","98","172","33.4","39.8",,,"11.5",,,,,,"24.7","21",,,,,,,,,"64.9",,,,,,,,"114","37.6",,,"0.347","0.490",,,,,,
"3","화성","성인","일반","49","관리자","2등급","20250210","F","156.1","63.5","36.9",,"98","134","29.2","30.5",,,"18.9",,,,,,"26.1","23","22",,"175",,,,,,"48.0",,"31.7",,,,,,,,,,"0.316",,,,,,,
"1","강북","성인","일반","29","관리자","참가","20250210","M","182.4","99.60","37.9","110.5","94","152","32","41.4",,,"-18.9",,,,,,"29.9","17",,,,,,,,,"41.6",,,"90","126","153",,"34.7",,,,,"0.401","0.419",,,,,,
"4","곡성","성인","일반","61","관리자","참가","20250210","F","159.4","57.1","30.1","84.4","94","145","25","28.1",,,"11.8",,,,,,"22.5","0",,,,,,,,,"49.2",,,"81","103","116",,"35.3",,,,,"0.315","0.279",,,,,,
"1","강북","성인","일반","34","관리자","참가","20250210","F","162.6","49.50","26.6","67.5","89","122","21.2","20.9",,,"12.6",,,,,,"18.7","12",,,,,,,,,"42.8",,,,,,,,"144","34.1",,,"0.387","0.367",,,,,,
"1","창원","어르신","일반","67","관리자","참가","20250210","M","167","55.5","17.7","84","91","159","39.9","34.6",,,"-19",,,,,,"19.9",,,,,"22",,"96","6.530","23.485","71.9",,,,,,,,,,,,,,,,,,,"39.9"
"1","부천","성인","일반","36","관리자","참가","20250210","F","167.6","64.8","30.3",,"56","108","21.5","20.7",,,"18.9",,,,,,"23.1","26",,"13.38",,,,,,,"33.2",,,"62","90","116",,"38.0",,,,,,"0.452",,,,,,
"3","성남","어르신","일반","72","관리자","3등급","20250210","M","159.9","68.2","28.0",,"72","135","33.5","35.6",,,"6.0",,,,,,"26.7",,,,,"23",,"109","6.23","26.82","52.2",,,,,,,,,,,,,,,,,,,"35.6"
"6","성남","어르신","일반","66","관리자","2등급","20250210","F","149.0","58.0","39.1",,"77","135","24.1","23.8",,,"18.2",,,,,,"26.1",,,,,"30",,"117","5.03","22.24","41.6",,,,,,,,,,,,,,,,,,,"24.1"
"5","광주","어르신","일반","68","관리자","2등급","20250210","M","177.9","76.4","16.6",,"83","159","42.1","47.4",,,"7.7",,,,,,"24.1",,,,,"30",,"130","4.01","17.90","62.0",,,,,,,,,,,,,,,,,,,"47.4"
"2","광주","어르신","일반","72","관리자","2등급","20250210","M","173.5","77.2","22.1",,"98","158","39.7","40",,,"16.7",,,,,,"25.6",,,,,"26",,"121","4.56","19.20","51.8",,,,,,,,,,,,,,,,,,,"40.0"
"1","성동","어르신","일반","65","관리자","2등급","20250210","F","160.6","67","36.9",,"88","143","27.6","27.6",,,"17.9",,,,,,"26.0",,,,,"21",,"119","4.78","20.84","41.2",,,,,,,,,,,,,,,,,,,"27.6"
"1","서구(대전)","성인","일반","24","관리자","참가","20250210","M","177.1","92.7","28.9",,"60","105","47.2","52.1",,,"3.1",,,,,,"29.6","48",,,"206",,,,,,"56.2",,,,,,,,"107","42.0",,,"0.337",,,,,,,
"1","서구(대전)","성인","일반","24","관리자","참가","20250210","M","183.3","68","8.6",,"97","152","49.2","49.4",,,"2.3",,,,,,"20.2","34",,,"254",,,,,,"72.6",,,,,,,,"113","47.1",,,"0.293",,,,,,,
"7","양평","성인","일반","54","관리자","참가","20250210","M","168.8","67.1","20.8",,"90","140","39.3","36.9",,,"11.2",,,,,,"23.5","22",,,"179",,,,,,"58.6",,,,,,,,"102","40.4",,,"0.344",,,,,,,
"1","서대문","성인","일반","24","관리자","3등급","20250210","F","166.7","55.8","24.0",,"61","108","27.6","28.6",,,"10.3",,,,,,"20.1","33",,,,,,,,,"51.3",,,"71","119","147",,"39.0",,,,,"0.404","0.468",,,,,,
"10","경산","성인","일반","40","관리자","1등급","20250210","M","178.7","74.3","19.6","87","86","138","50.4","47.5",,,"14.9",,,,,,"23.3","50",,"10.75","214",,,,,,"67.8",,,,,,,,"85","45.5",,,,,,,,,,
"5","KSPO송파","성인","일반","53","관리자","1등급","20250210","F","160","50.3","20.6",,"87","128","24.2","25.2",,,"21",,,,,,"19.6","31","47",,"158",,,,,,"50.1",,"41.4",,,,,,,,,,"0.373",,,,,,,
"2","KSPO송파","성인","일반","40","관리자","1등급","20250210","F","172.5","63.8","25.7",,"70","122","35.6","27",,,"23.2",,,,,,"21.4","38","25",,"165",,,,,,"55.8",,"33.2",,,,,,,,,,"0.332",,,,,,,
"1","성동","성인","일반","23","관리자","참가","20250210","F","167.2","46.8","18.2",,"68","97","23.7","24.5",,,"26.4",,,,,,"16.7","1",,,,,,,,,"52.4",,,"66","135","109",,"50.3",,,,,"0.336","0.403",,,,,,
"1","KSPO아산","어르신","일반","72","관리자","3등급","20250210","M","159.9","64.1","23.7","97","88","156","38.1","34.7",,,"8.8",,,,,,"25.1",,,,,"38",,"100","5.81","18.76","59.4",,,,,,,,,,,,,,,,,,,"38.1"
"3","화성","어르신","일반","67","관리자","1등급","20250210","F","153.5","48.1","32.3",,"87","148","22.5","20.7",,,"22.7",,,,,,"20.4",,,,,"22",,"118","4.4","17.78","46.8",,,,,,,,,,,,,,,,,,,"22.5"
"6","수원","어르신","일반","77","관리자","참가","20250210","F","150","57.4","38.1","91","66","123","23","25.2",,,"19",,,,,,"25.5",,,,,"26",,"101","6.1",,"43.9",,,,,,,,,,,,,,,,,,,"25.2"
"3","수원","어르신","일반","67","관리자","참가","20250210","F","160.7","59.4","27.4","83.","85","154","20","27",,,"7",,,,,,"23.0",,,,,"22",,"101","6","27.1","45.5",,,,,,,,,,,,,,,,,,,"27.0"
"1","곡성","성인","일반","22","관리자","참가","20250210","M","176.9","81.8","26.9","92.2","85","149","33.1","37.6",,,"-1.3",,,,,,"26.1","40",,"10.93",,,,,,,"46.0",,,"90","120","143","175","41.3",,,,,,"0.515",,,,,,
"1","수원","성인","일반","61","관리자","3등급","20250210","F","162.5","52.2","29.7","75","81","140","17.6","19.1",,,"18.7",,,,,,"19.8","7",,"16.9","107",,,,,,"36.6",,,,,,,,"95","34.4",,,,,,,,,,
"2","곡성","성인","일반","60","관리자","참가","20250210","M","174.1","80.6","31.1","99.2","80","141","39.2","39.7",,,"11.6",,,,,,"26.6","27",,"13.61","134",,,,,,"49.3",,,"61","87","105","133","39.3",,,,,,,,,,,,
"1","화성","성인","일반","54","관리자","참가","20250210","F","162.1","67.6","25.7",,"80","145","28.7","29.8",,,"2.8",,,,,,"25.7","14",,"12.81","149",,,,,,"44.1",,,"92","115","135",,"31.3",,,,,,,,,,,,
"1","고양","어르신","일반","65","관리자","3등급","20250210","M","166","72.6","22.3",,"75","143","37.3","40.9",,,"5.3",,,,,,"26.3",,,,,"28",,"118","4.96","23.51","56.3",,,,,,,,,,,,,,,,,,,"40.9"
"1","안산","성인","일반","49","관리자","참가","20250210","F","163.5","60.1","31.6","74","63","100","21.4","22.4",,,"10.1",,,,,,"22.5","13",,,"115",,,,,,"37.3",,,"70","113","128",,"36.2",,,,,"0.458",,,,,,,
"2","안산","성인","일반","62","관리자","2등급","20250210","M","168.4","54.5","14.5","70","76","124","37.9","39",,,"14.4",,,,,,"19.2","27",,,"178",,,,,,"71.6",,,"62","93","103","131","46.4",,,,,"0.372",,,,,,,
"1","북구(광주)","성인","일반","59","관리자","3등급","20250210","F","153.9","58.4","36.2","82.8","92","152","18.3","21.0",,,"18.4",,,,,,"24.7","11",,"15.94",,,,,,,"36.0",,,"58","85","126",,"32.1",,,,,,"0.316",,,,,,
"1","동구(광주)","성인","일반","60","관리자","참가","20250210","M","159.7","54.2","19.1","79","57","106","33.8","36.5",,,"6.1",,,,,,"21.3","9",,,"138",,,,,,"67.3",,,,,,,,"102","41.1",,,"0.298",,,,,,,
"1","제주","성인","일반","19","관리자","3등급","20250210","M","183.5","94.3","18.6","93.9","94.3","147","51.5","56.8",,,"16.6",,,,,,"28.0","48",,"10.4","243",,,,,,"60.2",,,"74","103","123","157","43.5",,,,,,,,,,,,
"8","KSPO송파별관(어르신)","어르신","일반","77","관리자","3등급","20250210","M","170.3","75.3","34.5",,"71","141","39.9","39.5",,,"-1.4",,,,,,"26.0",,,,,"26",,"123","5.6","22.66","53.0",,,,,,,,,,,,,,,,,,,"39.9"
"6","양평","어르신","일반","82","관리자","3등급","20250210","M","163.2","60.8","27.5",,"56","144","29.3","31.2",,,"-1.4",,,,,,"22.8",,,,,"14",,"100","6.62","25.19","51.3",,,,,,,,,,,,,,,,,,,"31.2"
"4","KSPO송파별관(어르신)","어르신","일반","65","관리자","1등급","20250210","M","172.9","77.1","29.9",,"86","152","40.6","47.7",,,"13",,,,,,"25.8",,,,,"30",,"125","4.94","18.66","61.9",,,,,,,,,,,,,,,,,,,"47.7"
"2","계룡","성인","일반","45","관리자","참가","20250210","M","180.9","91","27.7",,"66","120","48.9","51.1",,,"20.1",,,,,,"27.8","39",,,,,,,,,"56.2",,,,,,,,"108","37.4",,,"0.407","0.568",,,,,,
"1","제주","어르신","일반","78","관리자","참가","20250210","M","167.9","74.5","25.7","89.7","91","149","29.3","27.6",,,"1.4",,,,,,"26.4",,,,,"24",,"110","6.82","23.6","39.3",,,,,,,,,,,,,,,,,,,"29.3"
"1","스포원(금정)","성인","일반","63","관리자","참가","20250210","F","151.1","55","38",,"85","142","24.1","16.7",,,"14.3",,,,,,"24.1","0","10","16.8","86",,,,,,"43.8",,"28.8",,,,,,,,,,,,,,,,,
"2","미추홀","성인","일반","64","관리자","3등급","20250210","F","153","54.5","35.7","81.4","79","147","21.6","25.1",,,"14.1",,,,,,"23.3","15",,,"143",,,,,,"46.1",,,,,,,,"120","29.3",,,"0.390",,,,,,,
"1","충주","청소년","일반","18","관리자","참가","20250210","M","173.8","68.3","14","83","64","120","40.6","47.5","19",,"3","17.09","0.572","47.427","12","47.979","22.6",,"38",,,,,,,,"69.5",,"42.1",,,,,,,,,,,,,,,,,
"1","충주","성인","일반","20","관리자","참가","20250210","M","169.4","58.7","24.8","79","76","141","30.7","30.4",,,"-10.1",,,,,,"20.5","27","18",,"190",,,,,,"52.3",,"39.0",,,,,,,,,,"0.472",,,,,,,
"2","KSPO아산","어르신","일반","65","관리자","3등급","20250210","M","177.9","73.1","19.3","87.0","72","127","46.2","48.3",,,"5.6",,,,,,"23.1",,,,,"29","698",,"4.84","18.5","66.1",,,,,,,,,,,,,,,,,,,"48.3"
"21","군산","성인","일반","48","관리자","3등급","20250210","F","157.8","52","35","76","57","102","17.5","21",,,"15.9",,,,,,"20.9","31",,,,,,,,,"40.4",,,,,,,,"89","37.1",,,"0.358","0.426",,,,,,
"4","성남","어르신","일반","70","관리자","1등급","20250210","M","169.5","64.7","24.6",,"86","158","32.7","35.6",,,"11.4",,,,,,"22.5",,,,,"24",,"127","5.02","19.03","55.0",,,,,,,,,,,,,,,,,,,"35.6"
"3","연제","성인","일반","24","관리자","3등급","20250210","F","165.6","55.0","27.2",,"84","108","25.7","26",,,"14.6",,,,,,"20.1","25",,,"158",,,,,,"47.3",,,,,,,,"143","35.0",,,"0.305",,,,,,,
"1","군산","성인","일반","21","관리자","참가","20250210","M","188.3","95.7","30.4","97","73","136","40.1","44.6",,,"-11.9",,,,,,"27.0","25",,,"199",,,,,,"46.6",,,"82","105","136",,"39.4",,,,,"0.427",,,,,,,
"3","군산","성인","일반","21","관리자","참가","20250210","M","176","93.4","27.2","96","67","121","42.5","45.9",,,"19",,,,,,"30.2","40",,,"204",,,,,,"49.1",,,"80","105","116",,"44.9",,,,,"0.396",,,,,,,
"2","곡성","성인","일반","60","관리자","3등급","20250210","M","167.7","66.7","31.9","86.1","83","140","32.9","36.5",,,"4.4",,,,,,"23.7","28",,,"164",,,,,,"54.7",,,,,,,,"95","40.0",,,"0.379",,,,,,,
"2","KSPO송파별관(어르신)","어르신","일반","78","관리자","3등급","20250210","M","177.6","56","13",,"65","136","29.9","34.5",,,"0.2",,,,,,"17.8",,,,,"25",,"122","5.51","21.78","61.6",,,,,,,,,,,,,,,,,,,"34.5"
"5","부천","어르신","일반","73","관리자","참가","20250210","F","154.9","52.8","23.8",,"82","156","21.1","20.6",,,"3.4",,,,,,"22.0",,,,,"25",,"123","5.03","19.19","40.0",,,,,,,,,,,,,,,,,,,"21.1"
"12","KSPO송파별관(어르신)","어르신","일반","67","관리자","3등급","20250210","M","168.4","62.1","21.1",,"75","159","30.9","33.9",,,"6.3",,,,,,"21.9",,,,,"35",,"142","4.20","18.23","54.6",,,,,,,,,,,,,,,,,,,"33.9"
"2","서대문","성인","일반","28","관리자","1등급","20250210","F","173.5","59.4","26.5",,"74","123","33.9","29.3",,,"19.2",,,,,,"19.7","33",,,,,,,,,"57.1",,,,,,,,"126","36.0",,,"0.323","0.449",,,,,,
"4","부천","어르신","일반","68","관리자","2등급","20250210","M","161.6","66.2","25.8",,"85","146","32.4","33.3",,,"9.3",,,,,,"25.3",,,,,"33",,"127","4.31","16.43","50.3",,,,,,,,,,,,,,,,,,,"33.3"
"3","서대문","어르신","일반","68","관리자","2등급","20250210","M","171.4","83.1","29.0",,"81","154","39.4","42.9",,,"17.9",,,,,,"28.3",,,,,"26",,"132","4.18","20.42","51.6",,,,,,,,,,,,,,,,,,,"42.9"
"1","안산","성인","일반","23","관리자","참가","20250210","M","184.8","90.8","21.2","84","95","144","51.2","52",,,"12.8",,,,,,"26.6","41","34","10.66","190",,,,,,"57.3",,"37.5",,,,,,,,,,,,,,,,,
"1","동구(인천)","성인","일반","19","관리자","3등급","20250210","F","162.8","59.3","34.3",,"68","128","28.4","31.3",,,"17.9",,,,,,"22.4","44","20",,"179",,,,,,"52.8",,"33.0",,,,,,,,,,"0.363",,,,,,,
"1","성남","청소년","일반","18","관리자","3등급","20250210","M","178.5","77.3","15.8",,"72","128","46.1","54.5","35",,"13.9","17","0.574","48.799","12","49.351","24.3",,"67",,,,,,,,"70.5",,"46.9",,,,,,,,,,,,,,,,,
"2","북구(광주)","성인","일반","19","관리자","참가","20250210","M","168.3","86.8","26.1","90.7","77","121","52.3","50.6",,,"17.5",,,,,,"30.6","51",,"9.59","218",,,,,,"60.3",,,"82","97","115","148","44.6",,,,,,,,,,,,
"1","강북","어르신","일반","67","관리자","3등급","20250210","M","174.5","68.80","14.7","83.6","84","125","33.3","31.5",,,"17.6",,,,,,"22.6",,,,,"23",,"126","4.2","17.8","48.4",,,,,,,,,,,,,,,,,,,"33.3"
"1","경산","성인","일반","24","관리자","참가","20250210","M","168.7","74.7","18.3","86","88","143","39.7","41.2",,,"3.4",,,,,,"26.2","39",,,"237",,,,,,"55.2",,,,,,,,"86","48.5",,,"0.298",,,,,,,
"1","강북","성인","일반","63","관리자","참가","20250210","M","164.7","66.00","28.3","84.5","89","123","33.3","33.8",,,"-1.3",,,,,,"24.3","33",,,"174",,,,,,"51.2",,,"76","111","132","159","36.4",,,,,"0.354",,,,,,,
"3","양평","성인","일반","55","관리자","참가","20250210","M","170.6","75","28.8",,"87","142","39.4","44.6",,,"16.1",,,,,,"25.8","27",,,,,,,,,"59.5",,,,,,,,"103","38.4",,,"0.327","0.463",,,,,,
"2","마포","성인","일반","23","관리자","3등급","20250210","F","170.9","51","20.9","69","90","136","27.2","28.9",,,"12.1",,,,,,"17.5","25",,,"161",,,,,,"56.7",,,,,,,,"122","39.2",,,"0.410",,,,,,,
"1","마포","성인","일반","37","관리자","참가","20250210","F","165","58.2","27.9",,"81","124","32.1","32.1",,,"5.6",,,,,,"21.4","39",,,"135",,,,,,"55.2",,,,,,,,"118","34.8",,,"0.376",,,,,,,
"1","동구(광주)","성인","일반","28","관리자","1등급","20250210","M","175","73.4","13.1","74","90","134","47.5","55.5",,,"21.8",,,,,,"24.0","58","70","9.93","254",,,,,,"75.6",,"48.3",,,,,,,,,,,,,,,,,
"1","창원","성인","일반","21","관리자","2등급","20250210","M","173.5","69.8","14.1","72","68","131","45.6","48.5",,,"21.8",,,,,,"23.2","51",,"10.348","258",,,,,,"69.5",,,"93","110","125","159","47.4",,,,,,,,,,,,
"1","북구(광주)","성인","일반","19","관리자","2등급","20250210","M","172.1","70.3","16.7","75.9","74","130","46.6","48.8",,,"16.8",,,,,,"23.7","60","54","10.79","249",,,,,,"69.4",,"45.8",,,,,,,,,,,,,,,,,
"3","의정부","어르신","일반","65","관리자","3등급","20250210","M","153.2","51.4","20.4","74","94","150","33.4","35.6",,,"11.7",,,,,,"21.9",,,,,"28",,"105","4.37","17.38","69.3",,,,,,,,,,,,,,,,,,,"35.6"
"1","서구(대전)","성인","일반","24","관리자","3등급","20250210","M","168.3","67.6","25.4",,"68","112","37.1","41.4",,,"6.1",,,,,,"23.9","46",,,,,,,,,"61.2",,,,,,,,"123","44.6",,,"0.415","0.564",,,,,,
"5","성동","어르신","일반","66","관리자","2등급","20250210","M","170.4","68.4","21.2",,"80","150","35.7","36.5",,,"12.3",,,,,,"23.6",,,,,"31",,"133","3.79","16.37","53.4",,,,,,,,,,,,,,,,,,,"36.5"
"1","KSPO송파별관(어르신)","어르신","일반","66","관리자","3등급","20250210","M","164.5","67.6","26.3",,"77","129","32.2","33",,,"13.3",,,,,,"25.0",,,,,"30",,"123","5.24","19.80","48.8",,,,,,,,,,,,,,,,,,,"33.0"
"4","성동","어르신","일반","67","관리자","1등급","20250210","M","164.2","65.2","25.8",,"99","159","37","35.6",,,"17.7",,,,,,"24.2",,,,,"35",,"132","3.73","15.12","56.7",,,,,,,,,,,,,,,,,,,"37.0"
"1","성남","성인","일반","24","관리자","2등급","20250210","F","159.4","54.3","30.9",,"95","147","26","22.5",,,"15.0",,,,,,"21.4","31",,,,,,,,,"47.9",,,,,,,,"136","35.4",,,"0.383","0.485",,,,,,
"4","포천","어르신","일반","72","관리자","2등급","20250210","M","164.3","66.7","23.7","85","105","187","33.4","31.7",,,"10.6",,,,,,"24.7",,,,,"29",,"145","4.66","19.69","50.1",,,,,,,,,,,,,,,,,,,"33.4"
"2","사천","성인","일반","53","관리자","3등급","20250210","F","170","62.8","26.8","81.5","84","138","31.6","31",,,"14.2",,,,,,"21.7","16",,,"157",,,,,,"50.3",,,,,,,,"116","31.4",,,"0.338",,,,,,,
"1","화성","성인","일반","19","관리자","2등급","20250210","M","177.8","70.4","11.1",,"74","132","48.7","53.1",,,"17.1",,,,,,"22.3","55",,"8.91","271",,,,,,"75.4",,,"100","119","134",,"47.4",,,,,,,,,,,,
"8","마포","성인","일반","39","관리자","1등급","20250210","M","169.8","67.5","17.1","74","76","136","52.2","57.8",,,"21.4",,,,,,"23.4","58",,,"221",,,,,,"85.6",,,,,,,,"89","46.0",,,"0.308",,,,,,,
"2","안산","성인","일반","19","관리자","참가","20250210","M","180.5","81.4","26.8","90","92","132","33.7","41",,,"-17.4",,,,,,"25.0","34",,,,,,,,,"50.4",,,"82","98","111","145","48.6",,,,,"0.419","0.503",,,,,,
"1","곡성","성인","일반","57","관리자","참가","20250210","M","165.7","81.1","35.7","101.5","81","136","40.9","43.1",,,"4",,,,,,"29.5","15",,,,,,,,,"53.1",,,"66","109","147",,"30.4",,,,,"0.339","0.440",,,,,,
"1","충주","성인","일반","60","관리자","참가","20250210","M","165.9","73","28.1","91","74","132","35.7","30.3",,,"8.8",,,,,,"26.5","25",,,"168",,,,,,"48.9",,,"67","97","116","150","37.4",,,,,"0.379",,,,,,,
"1","성동","성인","일반","22","관리자","참가","20250210","M","187.3","83","28",,"86","150","38.8","40.9",,,"13.6",,,,,,"23.7","48",,,"223",,,,,,"49.3",,,,,,,,"129","42.2",,,"0.270",,,,,,,
"1","서구(대전)","성인","일반","25","관리자","3등급","20250210","M","169.6","63.4","20.5",,"75","143","42.3","43.9",,,"6.1",,,,,,"22.0","39",,,,,,,,,"69.2",,,,,,,,"136","43.4",,,"0.305","0.52",,,,,,
"1","북구(광주)","성인","일반","19","관리자","참가","20250210","M","172.9","63.0","16.0","72.5","76","111","40.1","39.1",,,"16.9",,,,,,"21.1","40",,,"234",,,,,,"63.7",,,"99","117","140","116","54.7",,,,,"0.307",,,,,,,
"1","포항","성인","일반","40","관리자","2등급","20250210","M","176.1","74.8","27.2",,"89","140","40.1","42.9",,,"13.6",,,,,,"24.1","40",,,"211",,,,,,"57.4",,,,,,,,"91","44.3",,,"0.295",,,,,,,
"1","순천","성인","출장","56","관리자","참가","20250210","F","156.5","55.2","37.4","81.9","84","131","23.6","21.3",,,"1.6",,,,,,"22.5","1",,,,,,,,,"42.8",,,,,,,,"158","26.3",,,"0.504","0.279",,,,,,
"4","남원","성인","일반","50","관리자","2등급","20250210","M","169.8","65.6","22.2","84.6","99","148","44.5","46.2",,,"10.7",,,,,,"22.8","44",,"11.8","176",,,,,,"70.4",,,"105","120","137","161","39.0",,,,,,,,,,,,
"1","익산","성인","출장","55","관리자","2등급","20250210","M","173.7","73","19.9",,"82","125","42.5","33.8",,,"11.5",,,,,,"24.2","32","40",,"177",,,,,,"58.2",,"39.2",,,,,,,,,,"0.414",,,,,,,
"3","북구(광주)","성인","일반","25","관리자","3등급","20250210","F","163.4","53.1","31.5","73.4","56","108","23.9","25.9",,,"22.4",,,,,,"19.9","25",,,"168",,,,,,"48.8",,,,,,,,"133","36.3",,,"0.333",,,,,,,
"4","서대문","성인","일반","21","관리자","3등급","20250210","F","168.2","56.2","23.1",,"70","126","29.6","28.6",,,"23.2",,,,,,"19.9","37",,,,,,,,,"52.7",,,,,,,,"117","38.7",,,"0.390","0.406",,,,,,
"1","익산","성인","출장","56","관리자","3등급","20250210","M","178.4","81.7","23.1",,"82","121","46.4","37.6",,,"8.5",,,,,,"25.7","30","22",,"190",,,,,,"56.8",,"33.5",,,,,,,,,,"0.54",,,,,,,
"1","익산","성인","출장","55","관리자","참가","20250210","F","154.5","55.6","38.1",,"80","119","22.4","26",,,"9.5",,,,,,"23.3","15","12",,"125",,,,,,"46.8",,"29.6",,,,,,,,,,"0.630",,,,,,,
"1","순천","성인","출장","63","관리자","참가","20250210","F","152.4","52.9","33.9","81.2","99","154","26.4","27.3",,,"16.1",,,,,,"22.8","21",,,,,,,,,"51.6",,,,,,,,"149","26.3",,,"0.450","0.353",,,,,,
"1","익산","성인","출장","53","관리자","참가","20250210","F","158","50.9","31.7",,"82","117","21.3","21.4",,,"7.3",,,,,,"20.4","18","19",,"120",,,,,,"42.0",,"32.7",,,,,,,,,,"0.494",,,,,,,
"1","익산","성인","출장","55","관리자","참가","20250210","M","174.7","67.9","17",,"85","127","45","46.5",,,"-2",,,,,,"22.2","32","37",,"225",,,,,,"68.5",,"39.2",,,,,,,,,,"0.48",,,,,,,
"1","영암","성인","일반","19","관리자","참가","20250210","M","169.1","79.9","23.3",,"65","135","49.4","57",,,"4.2",,,,,,"27.9","46","37","11","225",,,,,,"71.3",,"40.5",,,,,,,,,,,,,,,,,
"1","KSPO송파별관(어르신)","어르신","일반","87","관리자","1등급","20250210","M","162","53.1","28.4",,"65","143","26.5","25",,,"8",,,,,,"20.2",,,,,"24",,"107","5.49","23.34","49.9",,,,,,,,,,,,,,,,,,,"26.5"
"5","제주","성인","일반","24","관리자","3등급","20250210","M","173.8","72.1","15.8","84.5","98","145","37","40.7",,,"14",,,,,,"23.9","49","45",,"210",,,,,,"56.4",,"43.0",,,,,,,,,,"0.303",,,,,,,
"1","서초","성인","일반","64","관리자","참가","20250210","M","180.0","87.0","23.3","89.7","85","135","49.4","48.6",,,"15.0",,,,,,"26.9","33",,,,,,,,,"56.8",,,,,,,,"118","32.1",,,"0.434","0.428",,,,,,
"1","익산","성인","출장","51","관리자","3등급","20250210","M","164.2","62.9","23.8",,"81","120","38.1","35.9",,,"13",,,,,,"23.3","28","36",,"190",,,,,,"60.6",,"40.3",,,,,,,,,,"0.492",,,,,,,
"1","화성","성인","일반","20","관리자","참가","20250210","F","154.5","55.6","34",,"66","108","22.2","28.3",,,"14.3",,,,,,"23.3","12",,,"158",,,,,,"50.9",,,"88","120","152",,"37.2",,,,,"0.336",,,,,,,
"1","영암","성인","일반","19","관리자","참가","20250210","M","177.3","75","16.6",,"63","112","36.1","44.2",,,"4.3",,,,,,"23.9","33","28","11.36","225",,,,,,"58.9",,"38.9",,,,,,,,,,,,,,,,,
"1","북구(광주)","청소년","일반","17","관리자","참가","20250210","M","167.5","76.8","35.1","91.6","80","140","38.6","38.7","26",,"-14.1","21.47","0.480","35.430","19","36.304","27.4",,,,,,,,,,"50.4",,,"97","129","129",,"46.7",,,,,,,,,,,,
"3","화성","성인","일반","20","관리자","2등급","20250210","M","178.6","77.8","17.3",,"98","156","42.5","47.6",,,"15.2",,,,,,"24.4","55",,,"229",,,,,,"61.2",,,"98","114","131",,"45.3",,,,,"0.308",,,,,,,
"4","동작","어르신","일반","65","관리자","1등급","20250210","M","162.5","58.6","21.3","79","90","144","38.7","43.1",,,"16.5",,,,,,"22.2",,,,,"33",,"136","4.4","19.39","73.5",,,,,,,,,,,,,,,,,,,"43.1"
"3","동작","어르신","일반","67","관리자","1등급","20250210","M","170.2","57.4","17.7","82","64","140","43.6","41",,,"19.7",,,,,,"19.8",,,,,"33",,"136","4.79","19.46","76.0",,,,,,,,,,,,,,,,,,,"43.6"
"1","춘천","성인","일반","58","관리자","참가","20250210","M","171.2","65.0","23.7","85.2","77","138","39.3","45.1",,,"2",,,,,,"22.2","20",,,"178",,,,,,"69.4",,,,,,,,"121","37.3",,,"0.400",,,,,,,
"1","곡성","어르신","일반","72","관리자","참가","20250210","M","173.2","83.4","25.5","94.6","86","152","33","32.5",,,"5.1",,,,,,"27.8",,,,,"16",,"98","6.43","24.91","39.6",,,,,,,,,,,,,,,,,,,"33.0"
"1","서구(광주)","성인","일반","20","관리자","참가","20250210","M","165.2","65.1","19.9","76","75","137","33.2","36",,,"1.6",,,,,,"23.9","45","39",,"223",,,,,,"55.3",,"43.1",,,,,,,,,,"0.360",,,,,,,
"1","양평","성인","일반","21","관리자","참가","20250210","M","167.2","73.7","22.9",,"82","123","44.0","43.0",,,"10.9",,,,,,"26.4","44",,"10.78",,,,,,,"59.7",,,"119","133","152","184","40.0",,,,,,"0.556",,,,,,
"1","익산","성인","출장","52","관리자","참가","20250210","M","163.7","56","28.7",,"82","122","33.5","33",,,"10.5",,,,,,"20.9","19","23",,"155",,,,,,"59.8",,"38.2",,,,,,,,,,"0.547",,,,,,,
"2","순천","성인","출장","64","관리자","참가","20250210","F","156","51.2","30","76.2","91","156","17.6","21.5",,,"27.6",,,,,,"21.0","0",,,,,,,,,"42.0",,,,,,,,"144","27.5",,,"0.527","0.365",,,,,,
"1","천안","성인","일반","60","관리자","3등급","20250210","M","172.5","68.0","26.7",,"89","155","37.7","40.6",,,"4.2",,,,,,"22.9","34",,,"192",,,,,,"59.7",,,,,,,,"101","39.2",,,"0.348",,,,,,,
"1","사천","성인","일반","58","관리자","참가","20250210","M","164.5","91.1","37.1","110.9","74","150","36.8","40",,,"1.8",,,,,,"33.7","12",,,,,,,,,"43.9",,,,,,,,"94","35.0",,,"0.408","0.415",,,,,,
"1","수원","성인","일반","24","관리자","참가","20250210","F","164.8","46.5","25.4","61","65","99","24.6","22.7",,,"5.5",,,,,,"17.1","7",,,,,,,,,"52.9",,,,,,,,"133","38.2",,,"0.413","0.404",,,,,,
"1","시흥","성인","일반","22","관리자","참가","20250210","M","172.1","80.6","21","86.5","91","135","22.6","36.5",,,"12.3",,,,,,"27.2","37",,,"204",,,,,,"45.3",,,"87","114","135","174","41.6",,,,,"0.315",,,,,,,
"1","안산","성인","일반","21","관리자","참가","20250210","M","172.9","79.1","18.7","80","50","106","38.5","50.8",,,"3.1",,,,,,"26.5","41",,,,,,,,,"64.2",,,,,,,,"105","45.7",,,"0.372","0.566",,,,,,
"3","천안","성인","일반","54","관리자","참가","20250210","F","153.7","64","37.4",,"83","154","24.3","26",,,"17.2",,,,,,"27.1","2",,,"125",,,,,,"40.6",,,,,,,,"114","29.6",,,"0.452",,,,,,,
"1","구미","성인","일반","19","관리자","참가","20250210","M","164.8","64.3","18.8","81.3","79","124","46.1","51.5",,,"20.9",,,,,,"23.7","41",,,,,,,,,"80.1",,,"94","130","150","177","45.4",,,,,"0.356","0.584",,,,,,
"1","안산","성인","일반","47","관리자","참가","20250210","M","172.5","74.7","25.5","82","80","122","39.9","39.3",,,"12.2",,,,,,"25.1","4",,,,,,,,,"53.4",,,,,,,,"79","44.1",,,"0.484","0.509",,,,,,
"1","서초","어르신","일반","67","관리자","참가","20250210","M","162.5","68.2","34.5","81.8","92","159","40.2","40.3",,,"-3.7",,,,,,"25.8",,,,,"32",,"113","4.61","18.39","59.1",,,,,,,,,,,,,,,,,,,"40.3"
"2","진천","어르신","일반","65","관리자","2등급","20250210","M","162","73","27.5","91.5","71","132","38.1","28.3",,,"14.4",,,,,,"27.8",,,,,"29",,"136","4.76","19.97","52.2",,,,,,,,,,,,,,,,,,,"38.1"
"2","고양","성인","일반","57","관리자","참가","20250210","M","174.9","69.6","19.6",,"86","153","33.9","43.1",,,"2.5",,,,,,"22.8","11","6","18.39","87",,,,,,"61.9",,"31.6",,,,,,,,,,,,,,,,,
"1","동구(인천)","성인","일반","25","관리자","참가","20250210","M","175.1","75.9","22.9",,"80","110","52.2","51.2",,,"-3.3",,,,,,"24.8","34","39",,"185",,,,,,"68.8",,"40.9",,,,,,,,,,"0.434",,,,,,,
"5","강북","성인","일반","25","관리자","참가","20250210","F","168.6","53.60","23.7","67.1","70","110","25.1","29.2",,,"4.2",,,,,,"18.9","40",,,"162",,,,,,"54.5",,,"89","108","137",,"39.7",,,,,"0.365",,,,,,,
"1","동구(인천)","성인","일반","25","관리자","참가","20250210","F","162.7","72.9","43",,"99","148","28.1","34.5",,,"23.4",,,,,,"27.5","31","22",,,,,,,,"47.3",,"31.2",,,,,,,,,,"0.454","0.449",,,,,,
"1","서구(대전)","성인","일반","56","관리자","3등급","20250210","F","160.9","61.8","33.2",,"95","143","26","27.8",,,"13.5",,,,,,"23.9","20",,,"144",,,,,,"45.0",,,,,,,,"111","30.8",,,"0.406",,,,,,,
"3","의정부","성인","일반","48","관리자","3등급","20250210","M","171.5","72.7","18.6","81.1","81","122","50.6","48.4",,,"13.9",,,,,,"24.7","39",,"11.47","211",,,,,,"69.6",,,"120","129","145",,"36.0",,,,,,,,,,,,
"1","서구(대전)","성인","일반","62","관리자","참가","20250210","M","172.2","83","28.3",,"71","140","39.2","40.7",,,"13.6",,,,,,"28.0","15",,,"177",,,,,,"49.0",,,"86","111","127","159","33.1",,,,,"0.330",,,,,,,
"2","의정부","성인","일반","62","관리자","3등급","20250210","M","168.1","71.2","24.2","90.1","96","144","49.2","48.8",,,"10.6",,,,,,"25.2","23","17","12.96","199",,,,,,"69.1",,"33.6",,,,,,,,,,,,,,,,,
"1","강북","청소년","일반","18","관리자","참가","20250210","M","172.7","91.6","27.6","90.5","84","157","46","47.9","23",,"-2.4","19.13","0.487","44.534","8","44.902","30.7",,,,,,,,,,"52.3",,,"97","130","148",,"40.6",,,,,,,,,,,,
"3","남구(울산)","어르신","일반","66","관리자","3등급","20250210","M","169.2","71.6","28.5","92.5","91","159","38.6","48.1",,,"8.4",,,,,,"25.0",,,,,"22",,"100","5.25","21.75","67.2",,,,,,,,,,,,,,,,,,,"48.1"
"1","경산","성인","일반","20","관리자","3등급","20250210","M","174.9","68.3","11.6","82","94","135","47.6","49",,,"18.8",,,,,,"22.3","42",,"10.97","217",,,,,,"71.7",,,,,,,,"132","44.6",,,,,,,,,,
"3","경산","성인","일반","21","관리자","1등급","20250210","M","165","54.2","7.5","73","77","117","39.1","43.7",,,"18",,,,,,"19.9","62",,"9.35","258",,,,,,"80.6",,,,,,,,"91","52.7",,,,,,,,,,
"2","KSPO아산","성인","일반","41","관리자","1등급","20250210","F","161","52.6","20.1","70.0","66","100","26.9","26.4",,,"32.9",,,,,,"20.3","34",,"11.38","175",,,,,,"51.1",,,,,,,,"91","38.3",,,,,,,,,,
"1","수원","성인","일반","19","관리자","참가","20250210","M","177.7","80.1","28.5","89","42","100","31.4","34.8",,,"21.7",,,,,,"25.4","40","34",,,,,,,,"43.4",,"39.6",,,,,,,,,,"0.376","0.581",,,,,,
"1","수원","성인","일반","19","관리자","참가","20250210","M","172.3","74.7","20","85","69","132","40.9","46.6",,,"7.1",,,,,,"25.2","36","33","9.9","214",,,,,,"62.4",,"40.2",,,,,,,,,,,,,,,,,
"1","사천","성인","일반","19","관리자","참가","20250210","M","179.9","89.3","29.3","106.3","88","153","43","37.4",,,"2.7",,,,,,"27.6","28","39",,,,,,,,"48.2",,"39.3",,,,,,,,,,"0.346","0.477",,,,,,
"1","KSPO아산","성인","일반","49","관리자","참가","20250210","F","159.5","52.0","29.7","76.0","57","110","27.8","29.7",,,"15.5",,,,,,"20.4","10",,,,,,,,,"57.1",,,,,,,,"103","35.4",,,"0.423","0.452",,,,,,
"1","순천","성인","출장","62","관리자","참가","20250210","M","166.3","81.3","37.6","107.1","72","152","37.2","34.5",,,"7.6",,,,,,"29.4","2",,,,,,,,,"45.8",,,,,,,,"134","30.4",,,"0.606","0.352",,,,,,
"1","성동","어르신","일반","65","관리자","3등급","20250210","M","166.6","79.7","31.4",,"99","158","37.2","39.2",,,"8.8",,,,,,"28.7",,,,,"25",,"133","4.43","18.51","49.2",,,,,,,,,,,,,,,,,,,"39.2"
"5","성동","어르신","일반","72","관리자","2등급","20250210","M","169.3","70.7","25.2",,"70","137","37.3","34.6",,,"5.5",,,,,,"24.7",,,,,"30",,"136","4.82","19.57","52.8",,,,,,,,,,,,,,,,,,,"37.3"
"1","익산","성인","출장","55","관리자","참가","20250210","M","171.8","82.8","25.8",,"85","121","45.9","43.4",,,"13",,,,,,"28.1","37","22",,"195",,,,,,"55.4",,"33.6",,,,,,,,,,"0.472",,,,,,,
"1","익산","성인","출장","55","관리자","2등급","20250210","M","173","79.4","26.8",,"83","120","38.8","47.2",,,"16.5",,,,,,"26.5","29","25",,"180",,,,,,"59.4",,"34.8",,,,,,,,,,"0.613",,,,,,,
"3","부천","성인","일반","23","관리자","3등급","20250210","F","169.8","62.0","31.4",,"70","122","25.5","29.8",,,"14.4",,,,,,"21.5","24",,,,,,,,,"48.1",,,,,,,,"126","35.9",,,"0.320","0.440",,,,,,
"1","익산","성인","출장","55","관리자","참가","20250210","F","142","69.1","50.5",,"84","120","22.4","23.6",,,"0.4",,,,,,"34.3","7","16",,"124",,,,,,"34.2",,"28.5",,,,,,,,,,"0.472",,,,,,,
"1","익산","성인","출장","54","관리자","참가","20250210","F","159.3","41.3","24.1",,"81","121","13.3","17.1",,,"9.5",,,,,,"16.3","18","12",,"134",,,,,,"41.4",,"32.1",,,,,,,,,,"0.522",,,,,,,
"4","남원","성인","일반","19","관리자","참가","20250210","M","175.4","92.9","32.3","108.5","85","139","44.5","52.2",,,"4",,,,,,"30.2","25",,,"197",,,,,,"56.2",,,"110","119","144","184","36.0",,,,,"0.395",,,,,,,
"1","익산","성인","출장","54","관리자","참가","20250210","M","165.2","59.7","16.2",,"79","120","41.8","39.4",,,"-12.5",,,,,,"21.9","25","30",,"145",,,,,,"70.0",,"39.1",,,,,,,,,,"0.545",,,,,,,
"2","익산","성인","출장","56","관리자","참가","20250210","F","152.4","53","31.4",,"80","119","21.9","23.1",,,"0.3",,,,,,"22.8","10","9",,"125",,,,,,"43.6",,"29.1",,,,,,,,,,"0.444",,,,,,,
"1","순천","성인","출장","57","관리자","참가","20250210","F","166","74","38","99.3","80","149","28.1","33.6",,,"6",,,,,,"26.9","0",,,,,,,,,"45.4",,,,,,,,"147","23.8",,,"0.455","0.315",,,,,,
"1","익산","성인","출장","55","관리자","참가","20250210","M","172.2","74.5","26.4",,"84","122","32","36.8",,,"11.5",,,,,,"25.1","31","30",,"156",,,,,,"49.4",,"36.7",,,,,,,,,,"0.539",,,,,,,
"1","곡성","성인","일반","59","관리자","2등급","20250210","M","167.3","69.3","30","85.1","90","147","42.4","43.5",,,"9.5",,,,,,"24.8","29",,"11.8",,,,,,,"62.8",,,"80","112","125","142","40.3",,,,,,"0.526",,,,,,
"1","익산","성인","출장","55","관리자","3등급","20250210","M","172.1","69.7","29.2",,"82","127","45.7","42.4",,,"7.2",,,,,,"23.5","26","25",,"185",,,,,,"65.6",,"36.2",,,,,,,,,,"0.477",,,,,,,
"2","달서","성인","일반","27","관리자","참가","20250210","M","177.8","78.38","23.9","88.3","89","120","40.7","41.6",,,"6.7",,,,,,"24.8","20","31",,,,,,,,"53.1",,"38.5",,,,,,,,,,"0.351","0.477",,,,,,
"1","익산","성인","출장","55","관리자","참가","20250210","F","153.9","62.7","33.9",,"80","118","28.5","29.3",,,"10",,,,,,"26.5","28","18",,"127",,,,,,"46.7",,"30.3",,,,,,,,,,"0.449",,,,,,,
"1","순천","성인","출장","62","관리자","참가","20250210","M","173","77.1","22.6","90.6","91","153","41.2","45",,,"-6",,,,,,"25.8","27",,,,,,,,,"58.4",,,,,,,,"127","32.9",,,"0.347","0.440",,,,,,
"1","미추홀","성인","일반","23","관리자","2등급","20250210","F","168.7","62.7","26.3","80","53","102","27.6","30.2",,,"24.3",,,,,,"22.0","34","27","10.9","181",,,,,,"48.2",,"34.6",,,,,,,,,,,,,,,,,
"3","익산","성인","출장","52","관리자","3등급","20250210","M","175.2","68.2","19.2",,"80","124","34.4","46.2",,,"13",,,,,,"22.2","27","21",,"170",,,,,,"67.7",,"35.7",,,,,,,,,,"0.591",,,,,,,
"1","곡성","성인","일반","25","관리자","참가","20250210","M","179.2","90.3","35.5","104.2","94","141","39.7","39.2",,,"25.7",,,,,,"28.1","30",,,,,,,,,"44.0",,,"89","143","161","198","36.4",,,,,"0.372","0.514",,,,,,
"1","고양","어르신","일반","65","관리자","3등급","20250210","F","154.3","52.2","32",,"78","147","23.4","25.6",,,"14.8",,,,,,"21.9",,,,,"27",,"102","6.04","24.90","49.0",,,,,,,,,,,,,,,,,,,"25.6"
"1","미추홀","성인","일반","19","관리자","3등급","20250210","M","172","64.2","19.7","82","72","111","34.1","40",,,"14.4",,,,,,"21.7","42","51","10.2","233",,,,,,"62.3",,"46.0",,,,,,,,,,,,,,,,,
"1","미추홀","성인","일반","21","관리자","참가","20250210","M","167.9","66.5","16","84","75","115","35.7","37.9",,,"3.7",,,,,,"23.6","43","34","9.8","217",,,,,,"57.0",,"41.6",,,,,,,,,,,,,,,,,
"1","목포","성인","일반","53","관리자","참가","20250210","F","157.2","60.6","36.2","87.8","91","122","24.5","24.8",,,"13",,,,,,"24.5","7","14","15.59",,,,,,,"40.9",,"29.6",,,,,,,,,,,"0.378",,,,,,
"1","김천","성인","일반","20","관리자","2등급","20250210","M","167.3","56","13.5","73.7","75","134","37","41.8",,,"16.7",,,,,,"20.0","54",,,"213",,,,,,"74.6",,,"91","105","140",,"45.3",,,,,"0.325",,,,,,,
"1","KSPO대구","성인","일반","20","관리자","참가","20250210","M","179.7","80.5","21.2","88","80","128","43.1","47.3",,,"13.5",,,,,,"24.9","56","22","9.93","251",,,,,,"58.8",,"36.6",,,,,,,,,,,,,,,,,
"1","순천","성인","출장","62","관리자","참가","20250210","F","151.5","63.9","38.9","88.7","96","158","29.5","29.2",,,"23.5",,,,,,"27.8","2",,,,,,,,,"46.2",,,,,,,,"159","22.4",,,"0.400","0.390",,,,,,
"1","동작","성인","일반","36","관리자","참가","20250210","M","175.4","86.1","23.1","86","94","141","49.9","48.9",,,"4.6",,,,,,"28.0","34",,,,,,,,,"58.0",,,"99","109","135",,"36.4",,,,,"0.346","0.539",,,,,,
"1","KSPO대구","성인","일반","19","관리자","참가","20250210","M","181.7","56.1","8.7","70","75","122","32.1","33.8",,,"-3.4",,,,,,"17.0","35","34","11.14","212",,,,,,"60.2",,"43.0",,,,,,,,,,,,,,,,,
"5","청주","성인","일반","22","관리자","2등급","20250210","F","163","48","30.2","75.4","76","114","25.2","25.1",,,"15.5",,,,,,"18.1","30",,,"143",,,,,,"52.5",,,"82","115","165",,"36.9",,,,,"0.305",,,,,,,
"1","동작","성인","일반","62","관리자","2등급","20250210","M","169.5","82.4","25","98","78","119","47.3","42.3",,,"17.5",,,,,,"28.7","36",,,"166",,,,,,"57.4",,,"86","102","118","142","35.3",,,,,"0.433",,,,,,,
"1","안산","어르신","일반","69","관리자","3등급","20250210","M","169.9","94.8","40.9","105","96","152","33.1","50.3",,,"14.2",,,,,,"32.8",,,,,"27",,"100","5.78","23.68","53.1",,,,,,,,,,,,,,,,,,,"50.3"
"1","천안","청소년","일반","18","관리자","참가","20250210","M","177.5","61.7","11.1",,"87","139","40.4","38.9","25",,"10.7","20.44","0.638","52.668","17","53.450","19.6",,"40",,,,,,,,"65.5",,"44.1",,,,,,,,,,,,,,,,,
"1","익산","성인","출장","56","관리자","참가","20250210","F","160.1","52.2","29.5",,"80","121","18.7","24.3",,,"8",,,,,,"20.4","19","13",,"117",,,,,,"46.6",,"30.6",,,,,,,,,,"0.616",,,,,,,
"1","익산","성인","출장","54","관리자","참가","20250210","F","157.1","51","36.4",,"80","120","13.7","18.2",,,"8.6",,,,,,"20.7","2","5",,"70",,,,,,"35.7",,"28.3",,,,,,,,,,"0.493",,,,,,,
"1","익산","성인","출장","54","관리자","참가","20250210","M","181.5","71.4","23.2",,"84","122","44","34",,,"-3.5",,,,,,"21.7","36","24",,"203",,,,,,"61.6",,"35.6",,,,,,,,,,"0.446",,,,,,,
"1","김천","청소년","일반","18","관리자","3등급","20250210","M","181.7","89.7","15.3","88.1","72","136","57.6","63.8","70",,"6.3","19.71","0.589","46","6","46.276","27.2",,,,,,,,,,"71.1",,,"60","74","57",,"57.4",,,,,,,,,,,,
"1","미추홀","성인","일반","19","관리자","2등급","20250210","M","172.2","73.7","16.6","86.9","66","124","43.8","50",,,"15.3",,,,,,"24.9","59",,"8.91","268",,,,,,"67.8",,,,,,,,"114","46.1",,,,,,,,,,
"1","미추홀","성인","일반","40","관리자","2등급","20250210","F","156.6","53.7","29.8","76.4","82","120","28.4","30.4",,,"17.2",,,,,,"21.9","34",,"10.9",,,,,,,"56.6",,,,,,,,"128","33.3",,,,"0.486",,,,,,
"1","스포원(금정)","성인","일반","20","관리자","참가","20250210","M","173.7","90.4","31.4",,"92","158","49.9","43.8",,,"0.8",,,,,,"30.0","39",,,"221",,,,,,"55.2",,,"99","136","158","186","37.5",,,,,"0.311",,,,,,,
"1","충주","성인","일반","21","관리자","3등급","20250210","M","173.4","61.2","13.6","74","60","109","39.9","43.9",,,"10.4",,,,,,"20.4","51","53","10.06","222",,,,,,"71.7",,"46.7",,,,,,,,,,,,,,,,,
"1","창원","성인","일반","19","관리자","참가","20250210","M","165.5","69.1","22.5","87","79","146","41.7","43.8",,,"10.9",,,,,,"25.2","43","30","10.65","182",,,,,,"63.4",,"40.5",,,,,,,,,,,,,,,,,
"1","익산","성인","출장","55","관리자","참가","20250210","F","149","51.7","32",,"82","123","19.3","17.6",,,"16.5",,,,,,"23.3","10","10",,"130",,,,,,"37.3",,"29.6",,,,,,,,,,"0.814",,,,,,,
"1","동구(광주)","성인","일반","19","관리자","참가","20250210","M","171.7","71.1","19","77","79","131","32","35.2",,,"-10.4",,,,,,"24.1","54",,"10.56",,,,,,,"49.5",,,,,,,,"99","48.8",,,,"0.539",,,,,,
"1","익산","성인","출장","54","관리자","참가","20250210","M","171.3","75.9","27.5",,"80","123","41.7","35.6",,,"-16",,,,,,"25.9","25","16",,"180",,,,,,"54.9",,"33.3",,,,,,,,,,"0.488",,,,,,,
"1","스포원(금정)","성인","일반","20","관리자","참가","20250210","M","186.1","97.9","27.2",,"64","142","47.4","48.5",,,"-2.7",,,,,,"28.3","32",,,"212",,,,,,"49.5",,,"98","112","137","159","40.1",,,,,"0.320",,,,,,,
"1","목포","성인","일반","60","관리자","3등급","20250210","F","163.6","59.6","30.6","83.4","85","143","22.5","22.1",,,"16.3",,,,,,"22.3","17",,"13.81","139",,,,,,"37.8",,,"89","120","145",,"31.2",,,,,,,,,,,,
"1","익산","성인","출장","56","관리자","참가","20250210","F","158.8","59.4","35.6",,"85","127","37","36.4",,,"17.8",,,,,,"23.6","8","10",,"140",,,,,,"62.3",,"28.5",,,,,,,,,,"0.559",,,,,,,
"1","스포원(금정)","어르신","일반","74","관리자","2등급","20250210","M","174.6","77.3","28.8",,"73","151","37","41.1",,,"10.3",,,,,,"25.4",,,,,"20",,"108","5.3","23.3","53.2",,,,,,,,,,,,,,,,,,,"41.1"
"1","익산","성인","출장","55","관리자","참가","20250210","M","178.8","80.7","27.7",,"80","120","33.4","38.1",,,"2.5",,,,,,"25.2","27","13",,"150",,,,,,"47.2",,"31.7",,,,,,,,,,"0.606",,,,,,,
"2","포천","성인","일반","24","관리자","3등급","20250210","F","170.8","60.4","30.8","68","64","113","26.5","29.9",,,"14.9",,,,,,"20.7","25",,,,,,,,,"49.5",,,,,,,,"122","36.7",,,"0.407","0.363",,,,,,
"1","포항","성인","일반","19","관리자","참가","20250210","M","167.9","82.1","35.6",,"82","148","38.8","38.2",,,"-1.8",,,,,,"29.1","62",,"11.05","217",,,,,,"47.3",,,"87","171","195",,"37.7",,,,,,,,,,,,
"1","익산","성인","출장","55","관리자","참가","20250210","M","176.5","67.7","20.3",,"84","126","45.7","39.1",,,"-5.5",,,,,,"21.7","30","19",,"195",,,,,,"67.5",,"35.0",,,,,,,,,,"0.423",,,,,,,
"1","익산","성인","출장","55","관리자","참가","20250210","M","169.9","91.9","36.6",,"82","120","45.1","44.6",,,"2",,,,,,"31.8","23","12",,"199",,,,,,"49.1",,"30.0",,,,,,,,,,"0.544",,,,,,,
"1","안산","성인","일반","56","관리자","참가","20250210","F","149.4","57.8","37.7","79","87","140","18.7","18.1",,,"13.2",,,,,,"25.9","14",,"15.34","118",,,,,,"32.4",,,,,,,,"128","28.6",,,,,,,,,,
"1","익산","성인","출장","55","관리자","참가","20250210","M","161.8","70.9","28",,"90","122","51.7","40.7",,,"1.5",,,,,,"27.1","22","17",,"170",,,,,,"72.9",,"34.4",,,,,,,,,,"0.960",,,,,,,
"1","익산","성인","출장","54","관리자","참가","20250210","M","175.4","74.6","23.2",,"80","120","32.9","46.2",,,"7",,,,,,"24.2","35","20",,"190",,,,,,"61.9",,"34.3",,,,,,,,,,,,,,,,,
"1","사하","청소년","일반","17","관리자","3등급","20250210","M","171.3","56.7","9.9","71.0","83","129","32","35.8","34",,"4.1","19.16","0.588","52.966","10","53.426","19.3",,"51",,,,,,,,"63.1",,"46.3",,,,,,,,,,,,,,,,,
"4","KSPO송파별관(어르신)","어르신","일반","71","관리자","2등급","20250210","F","155","53.9","34.9",,"72","153","19.9","23",,,"16.5",,,,,,"22.4",,,,,"22",,"109","5.35","19.71","42.7",,,,,,,,,,,,,,,,,,,"23.0"
"1","익산","성인","출장","54","관리자","참가","20250210","M","165.3","72.2","25.8",,"87","128","36.4","37.5",,,"3.5",,,,,,"26.4","28","23",,"204",,,,,,"51.9",,"35.6",,,,,,,,,,"0.492",,,,,,,
"3","동작","성인","일반","53","관리자","3등급","20250210","M","174.9","62.4","20.9","76","91","134","35.7","38.1",,,"13.4",,,,,,"20.4","29",,,"151",,,,,,"61.1",,,"109","160","174","168","39.7",,,,,"0.379",,,,,,,
"3","KSPO아산","성인","일반","23","관리자","3등급","20250210","F","169.9","49.7","25.7","71.5","88","145","22.8","25.3",,,"15.5",,,,,,"17.2","25",,,"137",,,,,,"50.9",,,,,,,,"150","36.0",,,"0.378",,,,,,,
"1","성동","성인","일반","24","관리자","참가","20250210","F","168.3","57.4","26.1",,"60","126","26.8","31.4",,,"13.7",,,,,,"20.3","30","17",,"168",,,,,,"54.7",,"32.3",,,,,,,,,,"0.332",,,,,,,
"1","익산","성인","출장","53","관리자","참가","20250210","M","177.1","82.5","25.5",,"88","122","48.5","35.5",,,"21",,,,,,"26.3","39","23",,"180",,,,,,"58.8",,"33.9",,,,,,,,,,"0.445",,,,,,,
"1","익산","성인","출장","51","관리자","3등급","20250210","M","170.6","68.2","21.7",,"86","125","47.9","54.6",,,"6",,,,,,"23.4","35","27",,"235",,,,,,"80.1",,"37.2",,,,,,,,,,"0.488",,,,,,,
"1","성동","성인","일반","22","관리자","3등급","20250210","M","167.1","71.8","18.9",,"78","138","42.8","45.6",,,"11",,,,,,"25.7","46",,"10.49","212",,,,,,"63.5",,,"85","124","144","150","47.4",,,,,,,,,,,,
"1","곡성","성인","일반","62","관리자","3등급","20250210","M","166.4","68.8","22.7","84","98","155","41.5","41.2",,,"2.4",,,,,,"24.8","31",,"12.73",,,,,,,"60.3",,,,,,,,"107","37.2",,,,"0.278",,,,,,
"1","순천","성인","출장","64","관리자","참가","20250210","M","165.6","87.5","35.2","105.7","80","130","36.7","42.3",,,"-3",,,,,,"31.9","12",,,,,,,,,"48.3",,,,,,,,"143","27.2",,,"0.350","0.415",,,,,,
"1","익산","성인","출장","56","관리자","참가","20250210","M","169.3","77.5","31.5",,"87","124","41.3","41",,,"1",,,,,,"27.0","1","1",,"80",,,,,,"53.3",,"29.4",,,,,,,,,,"0.551",,,,,,,
"1","제주","성인","일반","19","관리자","참가","20250210","M","176.3","67.4","10.2","77.6","79","118","34.3","34.4",,,"10.8",,,,,,"21.7","36",,"11.5","163",,,,,,"51.0",,,"94","108","124","150","50.0",,,,,,,,,,,,
"1","세종","성인","일반","31","관리자","참가","20250210","M","169.9","74.6","24.9","88.3","85","137","53.8","51.2",,,"9.0",,,,,,"25.8","40","27",,"193",,,,,,"72.1",,"37.9",,,,,,,,,,"0.304",,,,,,,
"3","익산","성인","출장","54","관리자","3등급","20250210","F","159.5","52.3","28.7",,"84","126","24","25.7",,,"14.5",,,,,,"20.6","17","15",,"140",,,,,,"49.1",,"31.2",,,,,,,,,,"0.586",,,,,,,
"1","익산","성인","출장","55","관리자","참가","20250210","M","177.1","83.3","27.5",,"82","126","34.9","39",,,"-6.5",,,,,,"26.6","22","20",,"152",,,,,,"46.8",,"32.9",,,,,,,,,,"0.486",,,,,,,
"1","익산","성인","출장","55","관리자","참가","20250210","M","179","97.3","30.5",,"85","124","36.6","48.6",,,"-7",,,,,,"30.4","29","20",,"175",,,,,,"49.9",,"30.9",,,,,,,,,,"0.527",,,,,,,
"1","성남","성인","일반","24","관리자","3등급","20250210","F","163","61","28.2",,"103","140","29.3","26.9",,,"10.5",,,,,,"23.0","34","19",,,,,,,,"48.0",,"32.3",,,,,,,,,,"0.401","0.467",,,,,,
"1","성남","성인","일반","27","관리자","참가","20250210","F","166.4","53.3","29.5",,"74","119","24.7","27.6",,,"-2.7",,,,,,"19.2","18","17",,,,,,,,"51.8",,"32.9",,,,,,,,,,"0.348","0.393",,,,,,
"1","익산","성인","출장","54","관리자","참가","20250210","F","168.8","76.6","42.4",,"82","123","15.6","24.9",,,"-0.7",,,,,,"26.9","14","15",,"105",,,,,,"32.5",,"27.5",,,,,,,,,,"0.701",,,,,,,
"1","익산","성인","출장","55","관리자","참가","20250210","F","155.8","49.1","33.4",,"84","122","22.5","20.4",,,"10",,,,,,"20.2","15","20",,"177",,,,,,"45.8",,"33.2",,,,,,,,,,"0.44",,,,,,,
"5","화성","어르신","일반","68","관리자","2등급","20250210","M","169.6","66.6","17.7",,"77","150","39.9","38.3",,,"7.4",,,,,,"23.2",,,,,"30",,"116","4.1","15.63","59.9",,,,,,,,,,,,,,,,,,,"39.9"
"1","익산","성인","출장","53","관리자","3등급","20250210","F","162.2","64.9","33.3",,"83","129","26.6","26.4",,,"14",,,,,,"24.7","20","16",,"50",,,,,,"41.0",,"29.6",,,,,,,,,,"0.576",,,,,,,
"3","포천","어르신","일반","74","관리자","3등급","20250210","F","148.6","77.6","47.8","100","84","158","29","29.3",,,"10.7",,,,,,"35.1",,,,,"32",,"116","5.44","19.25","37.8",,,,,,,,,,,,,,,,,,,"29.3"
"1","KSPO송파","성인","일반","36","관리자","2등급","20250210","F","160.7","51.1","27.1","62.3","64","100","25.3","27.1",,,"30.1",,,,,,"19.8","33",,,"153",,,,,,"53.0",,,"95","128","134",,"39.9",,,,,"0.379",,,,,,,
"1","사천","청소년","일반","18","관리자","3등급","20250210","M","174","59.1","15.6","74.2","71","129","37","46","31",,"5.3","19.16","0.490","54.955","7","55.277","19.5",,"38",,,,,,,,"77.8",,"43.8",,,,,,,,,,,,,,,,,
"1","사천","청소년","일반","18","관리자","참가","20250210","M","179.5","63","14.9","76.5","90","132","38.3","40.7","40",,"-20","18.91","0.664","53.948","12","54.500","19.6",,"37",,,,,,,,"64.6",,"43.5",,,,,,,,,,,,,,,,,
"1","서초","성인","일반","21","관리자","참가","20250210","M","177.5","61.9","15.2","74.1","77","122","48","46.6",,,"0.9",,,,,,"19.6","51",,,,,,,,,"77.5",,,,,,,,"106","49.8",,,"0.297","0.663",,,,,,
"1","익산","성인","출장","54","관리자","참가","20250210","F","161.5","55.6","36.7",,"80","124","17.8","26.4",,,"8",,,,,,"21.3","6","9",,"122",,,,,,"47.5",,"28.9",,,,,,,,,,"0.791",,,,,,,
"1","KSPO송파","성인","일반","62","관리자","참가","20250210","M","164.6","55.1","16.8","68.5","74","133","33.6","39.6",,,"-11.4",,,,,,"20.3","31","26",,"184",,,,,,"71.9",,"38.2",,,,,,,,,,"0.354",,,,,,,
"1","익산","성인","출장","55","관리자","참가","20250210","F","161.8","54.7","28.8",,"82","123","24.9","26",,,"0",,,,,,"20.9","18","13",,"110",,,,,,"47.5",,"30.2",,,,,,,,,,"0.690",,,,,,,
"1","태백","성인","출장","20","관리자","1등급","20250210","M","174.7","60.4","10.6","70","53","102","45.3","49.7",,,"17.1",,,,,,"19.8","57","64","10.88","249",,,,,,"82.3",,"49.4",,,,,,,,,,,,,,,,,
"1","KSPO대구","청소년","일반","18","관리자","2등급","20250210","M","163.4","54.8","15.3","75","98","140","34.1","40.5","45",,"15.2","18.16","0.56","45.695","15","46.385","20.5",,,,,,,,,,"73.9",,,"99","118","139",,"48.7",,,,,,,,,,,,
"1","익산","성인","출장","54","관리자","참가","20250210","F","159.9","56.9","37.4",,"90","123","22.4","21",,,"14.3",,,,,,"22.3","7","9",,"105",,,,,,"39.4",,"28.7",,,,,,,,,,"0.59",,,,,,,
"1","익산","성인","출장","55","관리자","3등급","20250210","F","156.1","55.3","35",,"89","127","18.2","19.5",,,"13.5",,,,,,"22.7","10","12",,"115",,,,,,"35.3",,"29.7",,,,,,,,,,"0.741",,,,,,,
"1","천안","성인","일반","62","관리자","3등급","20250210","M","165.6","58.6","20.8",,"78","137","21.4","32.9",,,"15.7",,,,,,"21.4","24",,"11.85","171",,,,,,"56.1",,,"75","90","104","136","42.7",,,,,,,,,,,,
"1","태백","성인","출장","20","관리자","3등급","20250210","M","169.4","57.0","12.2","70","64","111","28.6","39.2",,,"8.2",,,,,,"19.9","52","63","10.94","206",,,,,,"68.8",,"49.8",,,,,,,,,,,,,,,,,
"1","강북","성인","일반","59","관리자","참가","20250210","M","169.1","74.10","29.7","92.5","96","134","36.4","40.5",,,"7.4",,,,,,"25.9","28",,,"190",,,,,,"54.7",,,"85","109","123","154","36.9",,,,,"0.415",,,,,,,
"1","동작","성인","일반","19","관리자","참가","20250210","M","178.9","63.1","9.4","77","79","127","41.1","39",,,"17.9",,,,,,"19.7","40","44","9.70","235",,,,,,"65.1",,"44.4",,,,,,,,,,,,,,,,,
"1","북구(광주)","성인","일반","41","관리자","2등급","20250210","F","167.6","70.1","26.3","82.4","69","110","29.6","32.3",,,"23.6",,,,,,"25.0","29",,,,,,,,,"46.1",,,"79","111","129",,"34.7",,,,,"0.507","0.479",,,,,,
"4","영암","성인","일반","19","관리자","3등급","20250210","M","174.2","63","12.2",,"75","123","29.6","33",,,"13",,,,,,"20.8","51","63","9.83",,,,,,,"52.4",,"48.9",,,,,,,,,,,"0.637",,,,,,
"5","영암","성인","일반","19","관리자","3등급","20250210","M","163.4","62","14",,"65","133","33.4","34.7",,,"13.2",,,,,,"23.2","49","63","10.56","204",,,,,,"56.0",,"49.3",,,,,,,,,,,,,,,,,
"1","익산","성인","출장","55","관리자","참가","20250210","M","177.6","82.6","24.1",,"80","122","40.3","43.1",,,"-6",,,,,,"26.2","38","23",,"170",,,,,,"52.2",,"33.7",,,,,,,,,,"0.488",,,,,,,
"2","태백","성인","출장","21","관리자","3등급","20250210","M","168.9","64.7","14.0","70","60","109","43.7","40.1",,,"17.6",,,,,,"22.7","45","63","11.12","223",,,,,,"67.5",,"48.6",,,,,,,,,,,,,,,,,
"3","고양","성인","일반","28","관리자","3등급","20250210","F","167","50.9","19.2",,"79","119","29.1","30.3",,,"19.6",,,,,,"18.3","30","22","11.68","185",,,,,,"59.5",,"34.7",,,,,,,,,,,,,,,,,
"1","북구(광주)","청소년","일반","14","관리자","참가","20250210","M","173.3","77.8","19.6","80.3","75","134","42.2","41.9",,"54","-5.8","19.95","0.632","44.628","8","44.996","25.9",,,,,,,,,,"54.2",,,"93","129","145",,"43.2",,,,,,,,,,,,
"2","영주","성인","일반","19","관리자","1등급","20250210","M","173.5","66.1","17.6",,"72","126","39.7","47.8",,,"16.5",,,,,,"22.0","61",,,"256",,,,,,"72.3",,,,,,,,"107","48.9",,,"0.328",,,,,,,
"4","오산","어르신","일반","72","관리자","3등급","20250210","M","165","61.5","25.2","81.8","66","111","28.4","32.7",,,"0.1",,,,,,"22.6",,,,,"23",,"106","5.63","23.37","53.2",,,,,,,,,,,,,,,,,,,"32.7"
"1","태백","성인","출장","19","관리자","참가","20250210","M","167.4","75.0","31.9","90","70","126","33.6","34.3",,,"0.1",,,,,,"26.8","36","19","11.72","200",,,,,,"45.7",,"37.0",,,,,,,,,,,,,,,,,
"1","부천","성인","일반","45","관리자","참가","20250210","F","147","48.5","34.9",,"72","124","22.6","21.2",,,"6.7",,,,,,"22.4","16","12","14.56","90",,,,,,"46.6",,"31.0",,,,,,,,,,,,,,,,,
"1","부천","성인","일반","23","관리자","1등급","20250210","F","164.4","50.7","26",,"50","104","26.9","25.9",,,"25.9",,,,,,"18.8","36","33","11.25","166",,,,,,"53.1",,"38.3",,,,,,,,,,,,,,,,,
"1","남구(울산)","성인","일반","19","관리자","2등급","20250210","M","171.2","72.6","13","78.4","81","142","53.5","57.9",,,"19.9",,,,,,"24.8","66",,,"261",,,,,,"79.8",,,"88","109","128","161","46.4",,,,,"0.324",,,,,,,
"2","양평","어르신","일반","66","관리자","2등급","20250210","F","158.8","56.7","31",,"86","154","20.5","22.2",,,"19",,,,,,"22.5",,,,,"21",,"105","5.59","22.07","39.2",,,,,,,,,,,,,,,,,,,"22.2"
"1","서대문","성인","일반","26","관리자","2등급","20250210","M","173.4","69.3","20.2",,"54","117","44.4","49.8",,,"12.1",,,,,,"23.0","54",,,,,,,,,"71.9",,,,,,,,"85","49.7",,,"0.331","0.678",,,,,,
"1","영주","청소년","일반","17","관리자","1등급","20250210","M","171.2","61","13.4",,"68","103","38.5","36.6",,"53","16.7","21.03","0.592","43.743","11","44.249","20.8",,,,,,,,,,"63.1",,,"96","120","133",,"49.6",,,,,,,,,,,,
"1","서대문","성인","일반","27","관리자","참가","20250210","M","176.3","66.3","16.7",,"98","117","44.9","45.8",,,,,,,,,"21.3","42",,,,,,,,,"69.1",,,,,,,,"113","46.2",,,"0.384","0.528",,,,,,
"1","익산","성인","출장","52","관리자","참가","20250210","M","178.2","89.6","25.8",,"84","121","34.8","37",,,"-1",,,,,,"28.2","36","21",,"150",,,,,,"41.3",,"32.5",,,,,,,,,,"0.428",,,,,,,
"2","동구(인천)","어르신","일반","67","관리자","참가","20250210","M","169.2","56.1","22.6",,"74","157","32.5","35.1",,,"1.7",,,,,,"19.6",,,,,"23",,"104","5.15","20.79","62.6",,,,,,,,,,,,,,,,,,,"35.1"
"1","서구(대전)","성인","일반","21","관리자","2등급","20250210","F","160.8","53.5","21.3",,"78","126","21.6","29.2",,,"19.7",,,,,,"20.7","42",,,"178",,,,,,"54.6",,,,,,,,"136","36.3",,,"0.304",,,,,,,
"2","익산","성인","출장","56","관리자","참가","20250210","F","155.5","52.7","27.8",,"80","121","27.8","22.3",,,"15",,,,,,"21.8","25","2",,"125",,,,,,"52.8",,"27.0",,,,,,,,,,"0.515",,,,,,,
"1","남구(울산)","성인","일반","19","관리자","3등급","20250210","M","170.8","61.6","18.2","78","83","123","43.2","49.1",,,"18.4",,,,,,"21.1","45",,,"209",,,,,,"79.7",,,"98","120","144","192","43.4",,,,,"0.288",,,,,,,
"1","익산","성인","출장","55","관리자","참가","20250210","M","169.9","85.3","27.7",,"87","127","40","32.5",,,"17",,,,,,"29.6","43","35",,"185",,,,,,"46.9",,"36.3",,,,,,,,,,"0.419",,,,,,,
"4","남구(울산)","성인","일반","22","관리자","1등급","20250210","F","166.7","51.4","23.9","74.3","67","123","26.5","25.5",,,"21.5",,,,,,"18.5","41",,,"173",,,,,,"51.6",,,,,,,,"114","39.9",,,"0.303",,,,,,,
"7","동구(인천)","어르신","일반","73","관리자","2등급","20250210","F","155.1","55.2","32",,"66","118","18","23.1",,,"24.1",,,,,,"22.9",,,,,"30",,"105","4.97","19.97","41.8",,,,,,,,,,,,,,,,,,,"23.1"
"1","익산","성인","출장","54","관리자","참가","20250210","M","158.2","74.7","31.9",,"85","121","29.4","28",,,"-10.5",,,,,,"29.8","25","20",,"155",,,,,,"39.4",,"34.7",,,,,,,,,,"0.538",,,,,,,
"1","익산","성인","출장","53","관리자","참가","20250210","M","169.4","60.2","18.7",,"87","122","39.4","40.7",,,"-1.5",,,,,,"21.0","27","31",,"180",,,,,,"67.6",,"39.2",,,,,,,,,,"0.503",,,,,,,
"1","태백","성인","출장","20","관리자","참가","20250210","M","181.3","106.9","33.5","100","70","118","35.8","38.4",,,"5.5",,,,,,"32.5","34","35","10.78","230",,,,,,"35.9",,"35.7",,,,,,,,,,,,,,,,,
"1","익산","성인","출장","53","관리자","3등급","20250210","M","179.5","64.5","16.7",,"86","126","40","38.7",,,"12",,,,,,"20.0","29","31",,"190",,,,,,"62.0",,"38.4",,,,,,,,,,"0.437",,,,,,,
"1","북구(광주)","유소년","일반","12","관리자","참가","20250210","F","157.7","46.9",,"60.9",,,"25.3","28.1","10",,"14.0",,,,,,"18.9",,"34",,"166",,,,,,"59.9",,,,,,,,,,,,,,"0.39","27","3",,,
"8","청주","어르신","일반","69","관리자","1등급","20250210","F","151.9","47.9","22.2","69.1","86","147","26.7","26.4",,,"22.2",,,,,,"20.8",,,,,"29",,"120","4.63","17.37","55.7",,,,,,,,,,,,,,,,,,,"26.7"
"1","익산","성인","출장","55","관리자","참가","20250210","M","171.2","78.9","26.3",,"80","120","37","38.2",,,"-4",,,,,,"26.9","26","22",,"225",,,,,,"48.4",,"34.2",,,,,,,,,,"0.504",,,,,,,
"1","익산","성인","출장","52","관리자","참가","20250210","F","154.8","49.6","26.6",,"85","127","27.6","28.2",,,"8.5",,,,,,"20.7","26","25",,"135",,,,,,"56.9",,"34.7",,,,,,,,,,"0.494",,,,,,,
"1","태백","성인","출장","20","관리자","3등급","20250210","M","167.8","57.9","11.1","65","64","98","45.2","46.8",,,"10.8",,,,,,"20.6","52","51","10.87","251",,,,,,"80.8",,"46.9",,,,,,,,,,,,,,,,,
"1","익산","성인","출장","55","관리자","참가","20250210","F","153.7","59.2","33.3",,"80","127","22.5","26.2",,,"21",,,,,,"25.1","32","13",,"115",,,,,,"44.3",,"29.4",,,,,,,,,,"0.685",,,,,,,
"1","익산","성인","출장","54","관리자","참가","20250210","M","178.4","79.2","28.8",,"84","125","40.7","42.6",,,"-3.2",,,,,,"24.9","32","34",,"154",,,,,,"53.8",,"36.9",,,,,,,,,,"0.521",,,,,,,
"4","KSPO송파별관(어르신)","어르신","일반","72","관리자","1등급","20250210","F","154.7","56.6","27.1",,"80","105","24.4","24.9",,,"18.5",,,,,,"23.7",,,,,"29",,"115","4.159","19.08","44.0",,,,,,,,,,,,,,,,,,,"24.9"
"5","KSPO송파별관(어르신)","어르신","일반","69","관리자","1등급","20250210","F","149.1","48.7","24.5",,"70","118","24.4","25.7",,,"20.5",,,,,,"21.9",,,,,"36",,"123","4.26","17.72","52.8",,,,,,,,,,,,,,,,,,,"25.7"
"1","익산","성인","출장","56","관리자","참가","20250210","F","158.3","73.9","36.8",,"80","120","28.1","28.1",,,"7.5",,,,,,"29.5","18","11",,"135",,,,,,"38.0",,"26.4",,,,,,,,,,"0.631",,,,,,,
"1","익산","성인","출장","55","관리자","3등급","20250210","F","161.3","51.4","28.2",,"82","121","25.9","26.5",,,"12",,,,,,"19.8","30","16",,"160",,,,,,"51.6",,"31.7",,,,,,,,,,"0.488",,,,,,,
"3","강릉","성인","일반","20","관리자","2등급","20250210","M","171.5","69.3","25.3","88.2","93","132","52.3","58.1",,,"13.0",,,,,,"23.6","50","52",,"233",,,,,,"83.8",,"45.4",,,,,,,,,,"0.277",,,,,,,
"1","익산","성인","출장","52","관리자","참가","20250210","F","166.7","73.6","37.7",,"86","122","17","15.4",,,"11",,,,,,"26.5","10","9",,"145",,,,,,"23.1",,"26.2",,,,,,,,,,"0.503",,,,,,,
"1","익산","성인","출장","52","관리자","참가","20250210","M","188.7","96.4","33.3",,"82","129","41.5","42.6",,,"8.3",,,,,,"27.1","20","3",,"95",,,,,,"44.2",,"27.1",,,,,,,,,,"0.715",,,,,,,
"3","익산","성인","출장","54","관리자","2등급","20250210","F","154.4","53.8","28.8",,"81","123","24.3","26",,,"18.3",,,,,,"22.6","30","16",,"130",,,,,,"48.3",,"31.2",,,,,,,,,,"0.509",,,,,,,
"1","익산","성인","출장","55","관리자","참가","20250210","M","160.3","68","30.2",,"87","122","14.6","15.2",,,"-20",,,,,,"26.5","6","4",,"103",,,,,,"22.4",,"31.8",,,,,,,,,,"0.914",,,,,,,
"1","오산","성인","일반","20","관리자","3등급","20250210","M","175.5","71.4","16.3","77.8","75","124","37.1","37.8",,,"12.1",,,,,,"23.2","42","64","10.47","225",,,,,,"52.9",,"47.8",,,,,,,,,,,,,,,,,
"2","오산","성인","일반","20","관리자","2등급","20250210","M","165.1","57.7","14.6","76","86","157","40.7","41.4",,,"13.4",,,,,,"21.2","57","66",,,,,,,,"71.8",,"50.5",,,,,,,,,,"0.281","0.552",,,,,,
"1","태백","성인","출장","20","관리자","참가","20250210","M","178.9","63.5","12.7","70","57","112","41.2","43.8",,,"-0.1",,,,,,"19.8","42","62","10.50","214",,,,,,"69.0",,"48.4",,,,,,,,,,,,,,,,,
"1","KSPO대구(출장A)","어르신","출장","77","관리자","참가","20250210","F","156.3","60.1","36.4","93","76","155","12.1","15.8",,,"-9.3",,,,,,"24.6",,,,,"17",,"91","8.5","38.4","26.3",,,,,,,,,,,,,,,,,,,"15.8"
"1","의정부","어르신","일반","65","관리자","참가","20250210","F","155.9","55.8","34.8","78.9","77","140","26.1","24",,,"8.9",,,,,,"23.0",,,,,"19",,"108","5.65","20.25","46.8",,,,,,,,,,,,,,,,,,,"26.1"
"3","KSPO대구(출장A)","어르신","출장","80","관리자","2등급","20250210","F","148.6","68.3","50.2","98","53","117","18.8","20.7",,,"13",,,,,,"30.9",,,,,"23",,"84","7","29.3","30.3",,,,,,,,,,,,,,,,,,,"20.7"
"1","KSPO대구(출장A)","어르신","출장","69","관리자","참가","20250210","F","161.8","61.1","33.7","79","92","159","26","24",,,"5.4",,,,,,"23.3",,,,,"15",,"114","7","27.2","42.6",,,,,,,,,,,,,,,,,,,"26.0"
"1","양평","성인","일반","61","관리자","3등급","20250210","M","174.7","71.9","24.1",,"99","139","36.8","39.3",,,"26.8",,,,,,"23.6","31",,"12.31","186",,,,,,"54.7",,,,,,,,"128","34.3",,,,,,,,,,
"1","KSPO대구(출장A)","어르신","출장","72","관리자","참가","20250210","F","141.1","51.4","36","82","58","129","17.1","18.9",,,"15.3",,,,,,"25.8",,,,,"22",,"110","6.8","44.1","36.8",,,,,,,,,,,,,,,,,,,"18.9"
"3","KSPO대구(출장A)","어르신","출장","77","관리자","2등급","20250210","F","154.9","59.9","44.4","80","71","158","22.2","21.3",,,"18.3",,,,,,"25.0",,,,,"25",,"114","6.6","29.5","37.1",,,,,,,,,,,,,,,,,,,"22.2"
"1","태백","성인","출장","20","관리자","참가","20250210","M","169.6","56.3","14.4","68","70","130","32.8","41.9",,,"2.4",,,,,,"19.6","46","89","12.25","185",,,,,,"74.4",,"56.0",,,,,,,,,,,,,,,,,
"1","KSPO대구(출장A)","어르신","출장","65","관리자","3등급","20250210","F","147.2","42.3","37","68","74","99","16.4","18.8",,,"12.5",,,,,,"19.5",,,,,"28",,"103","5.7","20.7","44.4",,,,,,,,,,,,,,,,,,,"18.8"
"1","춘천","청소년","일반","16","관리자","참가","20250210","M","169.7","69.7","25.9","84.5","93","135","45.8","49.5",,"46","9.0","18.6","0.595","42.789","7","43.111","24.2",,"34",,,,,,,,"71.0",,"40.4",,,,,,,,,,,,,,,,,
"1","태백","성인","출장","21","관리자","참가","20250210","M","172","73.3","23.2","82","70","120","31.3","47.6",,,"2.2",,,,,,"24.8",,,"12.03","183",,,,,,"64.9",,,,,,,,,,,,,,,,,,,
"1","KSPO대구(출장A)","어르신","출장","67","관리자","3등급","20250210","F","151.4","51","34.5","79","77","146","21.5","21.9",,,"18.6",,,,,,"22.2",,,,,"17",,"108","6.7","25","42.9",,,,,,,,,,,,,,,,,,,"21.9"
"1","KSPO대구(출장A)","어르신","출장","68","관리자","2등급","20250210","F","155.7","51.2","23.5","79","83","131","21.6","24",,,"16",,,,,,"21.1",,,,,"22",,"117","5.5","23.5","46.9",,,,,,,,,,,,,,,,,,,"24.0"
"1","태백","성인","출장","20","관리자","3등급","20250210","M","178.7","63.1","12.2","74","72","121","33.9","42.3",,,"20.2",,,,,,"19.8","56","65","11","206",,,,,,"67.0",,"49.2",,,,,,,,,,,,,,,,,
"3","KSPO대구(출장A)","어르신","출장","76","관리자","2등급","20250210","F","160.7","83","47.4","100","70","155","23.7","26.7",,,"12.8",,,,,,"32.1",,,,,"18",,"111","7.2","28.8","32.2",,,,,,,,,,,,,,,,,,,"26.7"
"2","KSPO대구(출장A)","어르신","출장","75","관리자","3등급","20250210","F","153.5","57.3","38.9","83.5","78","147","23","20.1",,,"8.2",,,,,,"24.3",,,,,"19",,"108","8.5","29.6","40.1",,,,,,,,,,,,,,,,,,,"23.0"
"1","태백","성인","출장","22","관리자","3등급","20250210","M","170.7","62.9","18.2","78","58","105","32.2","34",,,"17.6",,,,,,"21.6","50","63","10.44","220",,,,,,"54.1",,"48.8",,,,,,,,,,,,,,,,,
"3","KSPO대구(출장A)","어르신","출장","75","관리자","2등급","20250210","F","152.2","63.3","40.3","88","89","158","23.3","24",,,"14.6",,,,,,"27.3",,,,,"22",,"115","6.6","27.2","37.9",,,,,,,,,,,,,,,,,,,"24.0"
"13","KSPO아산","성인","일반","23","관리자","참가","20250210","F","153.7","60.2","39.9","77.7","84","123","26.9","28.4",,,"8.5",,,,,,"25.5","21",,,,,,,,,"47.2",,,,,,,,"135","33.7",,,"0.389","0.421",,,,,,
"1","KSPO대구(출장A)","어르신","출장","65","관리자","3등급","20250210","F","146.4","54.7","38.5","84","80","147","20.6","20.1",,,"18.6",,,,,,"25.5",,,,,"20",,"107","6.3","25.2","37.7",,,,,,,,,,,,,,,,,,,"20.6"
"3","춘천","성인","일반","19","관리자","참가","20250210","M","172.5","61.4","12.3","76.9","87","139","48","50.6",,,"7.3",,,,,,"20.6","39",,,"235",,,,,,"82.4",,,"79","125","142","168","49.7",,,,,"0.331",,,,,,,
"2","동작","어르신","일반","75","관리자","3등급","20250210","M","164.6","64.5","23.7","86","75","130","28.8","28.4",,,"8.1",,,,,,"23.8",,,,,"22",,"144","5.61","21.79","44.7",,,,,,,,,,,,,,,,,,,"28.8"
"1","수원","어르신","일반","74","관리자","참가","20250210","M","172.6","84.7","32.3","97","77","132","44.3","38",,,"6.8",,,,,,"28.4",,,,,"21",,"54","6","23.6","52.3",,,,,,,,,,,,,,,,,,,"44.3"
"2","동작","어르신","일반","85","관리자","2등급","20250210","M","162.7","59","17.8","88","70","130","32.2","35.9",,,"8.3",,,,,,"22.3",,,,,"13",,"91","7.37","30.21","60.8",,,,,,,,,,,,,,,,,,,"35.9"
"1","KSPO대구(출장A)","어르신","출장","67","관리자","참가","20250210","F","164.8","76.6","39.4","89","68","125","19.4","23.4",,,"9",,,,,,"28.2",,,,,"20",,"105","9.4","39.7","30.5",,,,,,,,,,,,,,,,,,,"23.4"
"1","포항","성인","일반","19","관리자","3등급","20250210","M","167.3","64","18",,"84","149","39.4","42.8",,,"15.1",,,,,,"22.9","53","51","9.97",,,,,,,"66.9",,"46.1",,,,,,,,,,,"0.564",,,,,,
"1","제주","성인","일반","19","관리자","참가","20250210","M","183.5","149","45.5","148.7","93","154","52.7","51.6",,,"3.2",,,,,,"44.3","12",,,"172",,,,,,"35.4",,,,,,,,"157","23.9",,,"0.353",,,,,,,
"6","부천","어르신","일반","74","관리자","2등급","20250210","F","153.2","56.2","32.5",,"76","155","18.8","25.2",,,"13.8",,,,,,"23.9",,,,,"20",,"110","6.68","25.56","44.8",,,,,,,,,,,,,,,,,,,"25.0"
"1","태백","성인","출장","21","관리자","3등급","20250210","M","176.7","67.4","15.2","82","77","132","44.6","45.7",,,"6.7",,,,,,"21.6","57","63","11.44","198",,,,,,"67.8",,"48.1",,,,,,,,,,,,,,,,,
"3","KSPO대구(출장A)","어르신","출장","72","관리자","3등급","20250210","F","162.6","59.3","29.4","77","80","143","16.7","18.6",,,"11.5",,,,,,"22.4",,,,,"15",,"106","6.4","28.3","31.4",,,,,,,,,,,,,,,,,,,"18.6"
"1","태백","성인","출장","27","관리자","3등급","20250210","M","177.4","73.2","16.5","80","70","113","44","48",,,"6.5",,,,,,"23.3","60","62","12","192",,,,,,"65.6",,"46.5",,,,,,,,,,,,,,,,,
"1","제주","성인","일반","19","관리자","참가","20250210","M","175.7","74.5","16.8","83.3","91","136","38.2","43",,,"-12.8",,,,,,"24.1","23",,,"193",,,,,,"57.7",,,,,,,,"87","50.1",,,"0.382",,,,,,,
"1","구미","청소년","일반","18","관리자","참가","20250210","M","165.5","68.1","19.7","80.2","85","140","47.4","49.2",,"39","18.8","18.47","0.647","50.644","4","50.828","24.9",,"27",,,,,,,,"72.2",,"38.8",,,,,,,,,,,,,,,,,
"1","서구(광주)","성인","일반","61","관리자","3등급","20250210","M","161.3","60.4","14.8","76","78","136","30.7","41.1",,,"19.2",,,,,,"23.2","36","19","12.12",,,,,,,"68.0",,"35.9",,,,,,,,,,,"0.474",,,,,,
"1","스포원(금정)","성인","일반","20","관리자","참가","20250210","M","168.8","71.4","27.4",,"79","129","37.9","37.7",,,"0.9",,,,,,"25.1","21","30","11.5","188",,,,,,"53.1",,"40.0",,,,,,,,,,,,,,,,,
"1","수원","청소년","일반","18","관리자","3등급","20250210","M","183.1","71.4","15","90","64","124","46.3","56.4",,"52","7.9","18.1","0.613","53.229","10","53.689","21.3",,,,,,,,,,"79.0",,,"89","105","122",,"50.6",,,,,,,,,,,,
"2","스포원(금정)","성인","일반","61","관리자","3등급","20250210","F","159.7","58.5","29.3",,"67","120","33.3","35.7",,,"14.5",,,,,,"22.9","15",,,"134",,,,,,"61.0",,,"84","120","148",,"30.5",,,,,"0.428",,,,,,,
"3","KSPO대구(출장A)","어르신","출장","77","관리자","3등급","20250210","F","155.7","72.7","49.8","105","83","159","21.4","19.2",,,"14",,,,,,"30.0",,,,,"18",,"96","8.3","32.5","29.4",,,,,,,,,,,,,,,,,,,"21.4"
"1","천안","성인","일반","64","관리자","2등급","20250210","M","166.1","49.5","15.9",,"81","121","34","36.4",,,"9.8",,,,,,"17.9","29",,,,,,,,,"73.5",,,"121","172","140",,"48.4",,,,,"0.360","0.526",,,,,,
"1","태백","성인","출장","21","관리자","참가","20250210","M","169.4","76.2","31.3","84","80","123","34","46.3",,,"4.1",,,,,,"26.6","40","31","11.38","203",,,,,,"60.8",,"39.4",,,,,,,,,,,,,,,,,
"3","KSPO대구(출장A)","어르신","출장","71","관리자","3등급","20250210","F","154","53.1","29.1","83","66","120","19.4","22.4",,,"13",,,,,,"22.4",,,,,"17",,"87","6.7","25.8","42.2",,,,,,,,,,,,,,,,,,,"22.4"
"8","태백","성인","출장","23","관리자","3등급","20250210","M","167.6","58.4","12.5","71","61","109","37.6","41.9",,,"8.4",,,,,,"20.8","64","63","9.56","250",,,,,,"71.7",,"49.4",,,,,,,,,,,,,,,,,
"1","포항","성인","일반","19","관리자","참가","20250210","M","177.3","65.3","19.3",,"81","137","41","39.3",,,"-11.7",,,,,,"20.8","45",,,,,,,,,"62.8",,,,,,,,"132","45.7",,,"0.289","0.527",,,,,,
"1","구미","청소년","일반","18","관리자","참가","20250210","M","172.1","70.1","28.7","89.1","89","126","38.1","40.1",,"51","11.9","18.43","0.662","47.035","9","47.449","23.7",,"25",,,,,,,,"57.2",,"39.0",,,,,,,,,,,,,,,,,
"3","KSPO대구(출장A)","어르신","출장","93","관리자","2등급","20250210","F","152.7","60.6","38.3","95","72","136","20.1","19.1",,,"12",,,,,,"26.0",,,,,"14",,"106","7.13","33.6","33.2",,,,,,,,,,,,,,,,,,,"20.1"
"1","수원","성인","일반","19","관리자","3등급","20250210","M","176.9","75.1","15.9","85","70","120","48.2","58.5",,,"6.3",,,,,,"24.0","45",,,"227",,,,,,"77.9",,,"100","122","139",,"45.3",,,,,"0.297",,,,,,,
"1","서대문","청소년","일반","17","관리자","1등급","20250210","M","162.0","69.0","20.5",,"94","130","38.3","52.5",,"54","16.0","17.89","0.608","49.477","8","49.845","26.3",,"60",,,,,,,,"76.1",,"44.4",,,,,,,,,,,,,,,,,
"2","성동","성인","일반","23","관리자","3등급","20250210","F","164.3","53","24.3",,"65","113","26.5","27.8",,,"16",,,,,,"19.6","26","20",,,,,,,,"52.5",,"33.9",,,,,,,,,,"0.363","0.439",,,,,,
"1","서대문","청소년","일반","17","관리자","1등급","20250210","M","182.3","79.1","18.5",,"67","125","49.8","55.2",,"57","14.8","17.82","0.562","43.464","3","43.602","23.8",,"60",,,,,,,,"69.8",,"45.7",,,,,,,,,,,,,,,,,
"1","안산","성인","일반","61","관리자","3등급","20250210","M","168.2","61.5","25.0","80","79","153","27.7","29",,,"12.2",,,,,,"21.7","21",,,,,,,,,"47.2",,,,,,,,"117","37.7",,,"0.361","0.419",,,,,,
"2","연제","어르신","일반","67","관리자","2등급","20250210","F","153.5","61.5","34.6",,"96","142","25.7","26.2",,,"20.9",,,,,,"26.1",,,,,"31",,"115","4.9","21","42.6",,,,,,,,,,,,,,,,,,,"26.2"
"1","태백","성인","출장","30","관리자","참가","20250210","M","176.5","100.6","28.2","97","78","123","41","54.6",,,"-4.4",,,,,,"32.3","51","49","10.65","218",,,,,,"54.3",,"39.2",,,,,,,,,,,,,,,,,
"1","성동","성인","일반","20","관리자","참가","20250210","M","177.7","80.4","17.5",,"80","129","38.6","47.3",,,"26.8",,,,,,"25.5","55","40","9.30","276",,,,,,"58.8",,"40.8",,,,,,,,,,,,,,,,,
"1","성남","청소년","일반","18","관리자","3등급","20250210","M","160.8","52.5","16.8",,"78","130","30.7","33.4","68",,"7.0","21.68","0.540","51.649","8","52.017","20.3",,"38",,,,,,,,"63.6",,"43.3",,,,,,,,,,,,,,,,,
"1","안산","성인","일반","64","관리자","참가","20250210","F","166","52.3","25.6","74","81","122","24.3","28.4",,,"13.6",,,,,,"19.0","4",,,"136",,,,,,"54.3",,,"120","148","166",,"30.2",,,,,"0.391",,,,,,,
"1","태백","성인","출장","19","관리자","참가","20250210","M","175.2","70.7","19.3","76","63","117","44","57.4",,,"7.9",,,,,,"23.0","52","31","11.09","179",,,,,,"81.2",,"40.3",,,,,,,,,,,,,,,,,
"1","영암","성인","일반","55","관리자","참가","20250210","F","151.5","58.5","38",,"93","156","24.1","26.7",,,"10.5",,,,,,"25.5","0",,,"100",,,,,,"45.6",,,,,,,,"125","29.2",,,"0.518",,,,,,,
"1","태백","성인","출장","19","관리자","2등급","20250210","M","174.8","70.8","12.9","76","79","149","49","44",,,"17.8",,,,,,"23.2","49","64","9.50","246",,,,,,"69.2",,"48.0",,,,,,,,,,,,,,,,,
"1","태백","성인","출장","20","관리자","참가","20250210","M","175.7","82","23.1","82","56","112","51.9","55.6",,,"5.8",,,,,,"26.6",,,,"218",,,,,,"67.8",,,,,,,,,,,,,,,,,,,
"1","남구(울산)","성인","일반","22","관리자","참가","20250210","M","180.9","88.5","17","90.3","96","153","46.2","48.8",,,"3.6",,,,,,"27.0","40",,,"230",,,,,,"55.1",,,"96","135","157","178","39.6",,,,,"0.389",,,,,,,
"1","창원","성인","일반","20","관리자","참가","20250210","M","164.7","64.8","22.9","75","91","147","42.1","44.8",,,"7.1",,,,,,"23.9","33",,"10.06","201",,,,,,"69.1",,,,,,,,"132","44.6",,,,,,,,,,
"1","태백","성인","출장","23","관리자","3등급","20250210","M","168.8","55.8","13","65","81","129","39.9","46.5",,,"12.7",,,,,,"19.6","56","41","11.59","213",,,,,,"83.3",,"44.6",,,,,,,,,,,,,,,,,
"1","사천","성인","일반","57","관리자","참가","20250210","M","163.6","55.7","21.7","77","78","142","36.1","39.4",,,"5",,,,,,"20.8","19",,,,,,,,,"70.7",,,,,,,,"107","41.1",,,"0.409","0.365",,,,,,
"1","태백","성인","출장","20","관리자","참가","20250210","M","178.2","68.5","14.9","82","67","106","28.8","36.9",,,"-4.4",,,,,,"21.6","38","41","11.50","182",,,,,,"53.9",,"42.8",,,,,,,,,,,,,,,,,
"4","청주","성인","일반","19","관리자","참가","20250210","M","168.6","60.7","24.7","80.8","81","138","32.7","39.8",,,"6",,,,,,"21.4","29","38","10.6","190",,,,,,"65.6",,"43.5",,,,,,,,,,,,,,,,,
"1","청주","성인","일반","26","관리자","참가","20250210","F","166","67.8","35","83.2","79","117","25.6","29.7",,,"9",,,,,,"24.6","23",,,,,,,,,"43.8",,,,,,,,"126","33.6",,,"0.481","0.451",,,,,,
"1","곡성","성인","일반","28","관리자","2등급","20250210","F","170.6","64.6","25.8","84.2","76","145","24.9","28.3",,,"19.6",,,,,,"22.2","33",,"13.89","171",,,,,,"43.8",,,"93","116","141",,"36.4",,,,,,,,,,,,
"1","시흥","성인","일반","27","관리자","3등급","20250210","F","157.5","52.6","30.5","67","84","123","22.8","24.3",,,"26.2",,,,,,"21.2","27",,,,,,,,,"46.2",,,"80","98","119",,"41.3",,,,,"0.420","0.426",,,,,,
"1","서구(대전)","성인","일반","52","관리자","참가","20250210","F","156.9","60.4","37.1",,"62","117","25.4","26.8",,,"-4.2",,,,,,"24.5","10",,,,,,,,,"44.4",,,"84","116","150",,"30.6",,,,,"0.433","0.341",,,,,,
"1","화성","성인","일반","21","관리자","참가","20250210","M","179.5","78","23.6",,"89","142","44.1","49.2",,,"8",,,,,,"24.2","24",,,,,,,,,"63.1",,,,,,,,"147","40.3",,,"0.333","0.452",,,,,,
"1","태백","성인","출장","27","관리자","참가","20250210","M","173.4","75","19.2","85","53","106","38.8","40.4",,,"-4.0",,,,,,"24.9","35","57","10.78","198",,,,,,"53.9",,"45.1",,,,,,,,,,,,,,,,,
"1","남구(울산)","성인","일반","19","관리자","참가","20250210","M","163.7","77.9","32.4","99.7","91","148","34","42.7",,,"-12.4",,,,,,"29.1","29","34",,"184",,,,,,"54.8",,"40.2",,,,,,,,,,"0.342",,,,,,,
"2","양평","어르신","일반","72","관리자","2등급","20250210","F","159","62.5","34.8",,"59","118","22.2","22.3",,,"14.5",,,,,,"24.7",,,,,"23",,"107","6.22","24.97","35.7",,,,,,,,,,,,,,,,,,,"22.3"
"1","강릉","성인","일반","28","관리자","2등급","20250210","M","169.6","70.8","21.2","84.1","72","119","41.3","41.7",,,"20.9",,,,,,"24.6","50",,,,,,,,,"58.9",,,,,,,,"71","50.6",,,"0.298","0.576",,,,,,
"1","KSPO송파별관(어르신)","어르신","일반","68","관리자","2등급","20250210","M","168.7","69.2","25.0",,"71","153","39.4","38.9",,,"11",,,,,,"24.3",,,,,"30",,"135","4.89","20.06","56.9",,,,,,,,,,,,,,,,,,,"39.4"
"1","KSPO대구","성인","일반","24","관리자","3등급","20250210","M","171.4","69.9","23.7","79","83","118","39.8","41.3",,,"17",,,,,,"23.8","42","51",,,,,,,,"59.1",,"44.8",,,,,,,,,,"0.310","0.624",,,,,,
"3","포천","성인","일반","63","관리자","참가","20250210","M","169.2","75.8","31","89","95","147","36.6","44",,,"4.3",,,,,,"26.5","31",,,"101",,,,,,"58.0",,,,,,,,"102","36.3",,,"0.339",,,,,,,
"1","영주","성인","일반","27","관리자","참가","20250210","M","167.8","81","25.5",,"82","129","52.6","52",,,"22.2",,,,,,"28.8","42","32",,"206",,,,,,"64.9",,"38.5",,,,,,,,,,"0.336",,,,,,,
"2","동작","성인","일반","25","관리자","2등급","20250210","M","181.4","71.6","13.7","69","74","112","46","44.4",,,"20.7",,,,,,"21.8","47",,"10.72",,,,,,,"64.2",,,,,,,,"126","44.0",,,,"0.577",,,,,,
"1","동작","성인","일반","61","관리자","1등급","20250210","M","168.5","68.7","22.9","82","81","136","38","39.3",,,"14.9",,,,,,"24.2","33",,,,,,,,,"57.2",,,,,,,,"111","37.0",,,"0.311","0.502",,,,,,
"1","태백","성인","출장","19","관리자","참가","20250210","M","176.7","62.8","16.6","74","64","129","31.8","33.4",,,"-12.2",,,,,,"20.1","51","63","11.38","186",,,,,,"53.2",,"48.9",,,,,,,,,,,,,,,,,
"1","광주","성인","일반","19","관리자","참가","20250210","M","188.2","112.3","38",,"89","156","39.1","37.9",,,"7.1",,,,,,"31.7","16",,,,,,,,,"34.8",,,,,,,,"157","32.4",,,"0.314","0.434",,,,,,
"1","광주","성인","일반","20","관리자","참가","20250210","M","181","68.3","18.2",,"74","127","40.1","43.4",,,"-3.1",,,,,,"20.8","40","41",,"223",,,,,,"63.5",,"42.8",,,,,,,,,,"0.338",,,,,,,
"9","강북","어르신","일반","74","관리자","3등급","20250210","M","163.6","75.00","34.4","101.9","89","146","34.8","38.6",,,"1.1",,,,,,"28.0",,,,,"24",,"97","5.7","28.4","51.5",,,,,,,,,,,,,,,,,,,"38.6"
"1","광주","성인","일반","19","관리자","참가","20250210","M","169.5","70.3","24.8",,"92","137","40.6","44.4",,,"20.9",,,,,,"24.5","34",,,"214",,,,,,"63.2",,,,,,,,"131","44.1",,,"0.320",,,,,,,
"1","KSPO아산","성인","일반","24","관리자","3등급","20250210","M","173","79.9","16.7","86","74","114","41.2","47.4",,,"15",,,,,,"26.7","47","62","11.84",,,,,,,"59.3",,"45.8",,,,,,,,,,,"0.598",,,,,,
"1","태백","성인","출장","20","관리자","3등급","20250210","M","165.4","50.8","10.7","63","65","118","32.5","40.7",,,"16.6",,,,,,"18.6","46","73","9.55","230",,,,,,"80.1",,"53.1",,,,,,,,,,,,,,,,,
"1","곡성","성인","일반","58","관리자","참가","20250210","F","160.6","66.6","40.2","88.9","90","137","22.5","23.5",,,"11.2",,,,,,"25.8","16","12",,"109",,,,,,"35.3",,"27.9",,,,,,,,,,"0.358",,,,,,,
"1","KSPO아산","성인","일반","24","관리자","참가","20250210","M","178.2","64.2","10.8","73","64","121","37","35.5",,,"-16.3",,,,,,"20.2","33","60","10.64",,,,,,,"57.6",,"47.6",,,,,,,,,,,"0.638",,,,,,
"1","KSPO송파","성인","일반","20","관리자","참가","20250210","M","178.9","63.3","11.5","63","77","122","34.9","43.6",,,"-3.6",,,,,,"19.8","37",,,,,,,,,"68.9",,,,,,,,"103","50.3",,,"0.291","0.595",,,,,,
"1","사천","성인","일반","54","관리자","2등급","20250210","F","157.9","57.9","31.7","78.8","70","120","22.5","27.7",,,"25",,,,,,"23.2","23",,,"136",,,,,,"47.8",,,,,,,,"107","32.4",,,"0.421",,,,,,,
"1","KSPO송파","성인","일반","62","관리자","3등급","20250210","M","165.7","65.4","21.6","83.8","74","146","45.7","47.8",,,"5.2",,,,,,"23.8","28","28",,"183",,,,,,"73.1",,"37.1",,,,,,,,,,"0.335",,,,,,,
"1","사천","성인","일반","50","관리자","3등급","20250210","F","163.7","66","28.7","84.1","68","119","32.3","36.8",,,"20.5",,,,,,"24.6","14",,,"170",,,,,,"55.8",,,,,,,,"116","30.6",,,"0.403",,,,,,,
"3","화성","성인","일반","58","관리자","3등급","20250210","F","159.9","57.3","25.9",,"53","113","16.3","23",,,"12.1",,,,,,"22.4","31",,,"138",,,,,,"40.1",,,"114","129","153",,"30.2",,,,,"0.33",,,,,,,
"1","성동","성인","일반","52","관리자","참가","20250210","F","157.8","56.1","28.2",,"94","153","24.1","23.7",,,"19.3",,,,,,"22.5","3",,,,,,,,,"43.0",,,,,,,,"127","30.7",,,"0.313","0.427",,,,,,
"1","달서","성인","일반","20","관리자","3등급","20250210","M","175.2","64.9","13.1","77.1","89","136","12.8","45.8",,,"22",,,,,,"21.1","45",,,,,,,,,"70.6",,,,,,,,"125","46.4",,,"0.255","0.638",,,,,,
"4","천안","성인","일반","56","관리자","3등급","20250210","M","165.9","66.1","28.8",,"85","146","32.4","34.3",,,"5",,,,,,"24.0","39",,"13","178",,,,,,"51.9",,,,,,,,"88","42.0",,,,,,,,,,
"1","천안","성인","일반","23","관리자","참가","20250210","F","165.4","60","26.6",,"75","142","24.4","26.4",,,"22.2",,,,,,"21.9","8",,,"155",,,,,,"44.0",,,,,,,,"117","37.1",,,"0.377",,,,,,,
"1","오산","어르신","일반","75","관리자","참가","20250210","M","155.7","57.1","15.9","72.3","74","159","21.8","23.6",,,"-3.4",,,,,,"23.6",,,,,"20",,"107","6.44","23.69","41.3",,,,,,,,,,,,,,,,,,,"23.6"
"1","태백","성인","출장","21","관리자","참가","20250210","M","175.1","91.2","28.1","92","79","138","40.7","37.9",,,"-7.3",,,,,,"29.7","51","13","10.68","226",,,,,,"44.6",,"32.9",,,,,,,,,,,,,,,,,
"1","창원","성인","일반","20","관리자","3등급","20250210","M","171.2","84.9","23.2","86","84","139","47","56.3",,,"8.3",,,,,,"29.0","46",,,"230",,,,,,"66.3",,,"90","114","124","155","45.1",,,,,"0.306",,,,,,,
"7","오산","어르신","일반","73","관리자","2등급","20250210","M","149.4","50.4","34.2","75.5","83","152","24.7","28.1",,,"6.5",,,,,,"22.6",,,,,"21",,"103","6.35","25.10","55.8",,,,,,,,,,,,,,,,,,,"28.1"
"3","태백","성인","출장","21","관리자","2등급","20250210","M","174.3","59.2","13.4","69","72","126","37","41.9",,,"13.1",,,,,,"19.5","57","64","10.10","236",,,,,,"70.8",,"49.5",,,,,,,,,,,,,,,,,
"4","오산","성인","일반","23","관리자","1등급","20250210","M","173.7","83.6","27","98.7","82","126","42","54.2",,,"17.9",,,,,,"27.7","59","62","9.81","216",,,,,,"64.8",,"45.4",,,,,,,,,,,,,,,,,
"1","연제","성인","일반","62","관리자","3등급","20250210","M","167.1","61.7","17.9",,"72","137","33.7","35.9",,,"2.6",,,,,,"22.1","31",,"14.8",,,,,,,"58.2",,,,,,,,"140","33.9",,,,"0.412",,,,,,
"2","곡성","성인","일반","61","관리자","2등급","20250210","M","162.3","73.4","29","90.8","93","147","43.5","46.6",,,"7.2",,,,,,"27.9","37","34",,"174",,,,,,"63.5",,"37.5",,,,,,,,,,"0.327",,,,,,,
"1","태백","성인","출장","20","관리자","참가","20250210","M","170.2","79.0","20.5","84","57","120","40.3","41.8",,,"4.7",,,,,,"27.3","61","63","10.85","218",,,,,,"52.9",,"46.6",,,,,,,,,,,,,,,,,
"5","부천","성인","일반","61","관리자","3등급","20250210","F","163.7","61.1","34.8",,"77","137","24.2","25.3",,,"15.5",,,,,,"22.8","17","12",,"114",,,,,,"41.4",,"28.7",,,,,,,,,,"0.295",,,,,,,
"1","태백","성인","출장","21","관리자","3등급","20250210","M","181.8","76","10.5","77","68","116","48.5","46.9",,,"7.4",,,,,,"23.0","61","63","10.03","248",,,,,,"63.8",,"46.7",,,,,,,,,,,,,,,,,
"1","제주","어르신","일반","75","관리자","3등급","20250210","F","146.9","42","21.7","59.4","65","147","17.2","15.9",,,"12",,,,,,"19.5",,,,,"14",,"84","7.18","32.48","41.0",,,,,,,,,,,,,,,,,,,"17.2"
"1","의정부","성인","일반","62","관리자","참가","20250210","M","175.8","75.3","23.3","96.3","75","156","45.3","46.5",,,"0.2",,,,,,"24.4","25","15","14.25","175",,,,,,"61.8",,"32.4",,,,,,,,,,,,,,,,,
"1","양평","성인","일반","20","관리자","3등급","20250210","M","180.6","79.4","14.4",,"67","131","34.1","43.2",,,"15.4",,,,,,"24.3","45",,,"239",,,,,,"54.4",,,,,,,,"135","42.1",,,"0.325",,,,,,,
"1","김천","성인","일반","53","관리자","참가","20250210","F","156","51.8","33.6","77.6","70","139","28","28.4",,,"12.7",,,,,,"21.3","5",,,"129",,,,,,"54.8",,,"77","110","89",,"43.6",,,,,"0.409",,,,,,,
"1","북구(광주)","성인","일반","19","관리자","참가","20250210","M","181.0","84.7","23.3","82.4","70","136","46.3","48.8",,,"2.3",,,,,,"25.9","45",,"11.31","231",,,,,,"57.6",,,"92","122","142","171","42.8",,,,,,,,,,,,
"1","천안","성인","일반","20","관리자","참가","20250210","M","181.6","74.5","14.8",,"77","143","40.8","47",,,"10",,,,,,"22.6","36","26",,"189",,,,,,"63.1",,"38.3",,,,,,,,,,"0.319",,,,,,,
"1","사하","성인","일반","28","관리자","참가","20250210","F","157.8","47.1","28.9","73.3","90","138","24.3","27.3",,,"-9.4",,,,,,"18.9","21","22","12.47",,,,,,,"58.0",,"35.2",,,,,,,,,,,"0.465",,,,,,
"8","화성","성인","일반","24","관리자","참가","20250210","M","172","67","19.3",,"82","126","40.2","38.6",,,"15.3",,,,,,"22.6","52","37","9.97","216",,,,,,"60.0",,"41.9",,,,,,,,,,,,,,,,,
"3","화성","성인","일반","30","관리자","참가","20250210","M","180.4","81.9","22.8",,"80","128","41.6","38.5",,,"12",,,,,,"25.2","36",,,"217",,,,,,"50.8",,,,,,,,"96","44.8",,,"0.312",,,,,,,
"1","천안","성인","일반","19","관리자","참가","20250210","M","176.2","89.9","29.9",,"80","150","38.2","44.2",,,"10.3",,,,,,"29.0","43","22",,"226",,,,,,"49.2",,"35.4",,,,,,,,,,"0.264",,,,,,,
"1","동구(광주)","성인","일반","56","관리자","2등급","20250210","F","174.1","46.9","30","65","67","129","24.8","25.7",,,"18.2",,,,,,"15.5","27",,,"136",,,,,,"54.8",,,,,,,,"105","36.5",,,"0.423",,,,,,,
"2","안산","성인","일반","20","관리자","1등급","20250210","M","172.5","61.1","13.8","70","88","143","31.3","39.1",,,"19.6",,,,,,"20.5","57",,"9.1",,,,,,,"64.0",,,,,,,,"113","48.8",,,,"0.625",,,,,,
"1","KSPO송파별관(어르신)","어르신","일반","65","관리자","참가","20250210","M","174","77","25.4",,"93","146","38","44.5",,,"-3",,,,,,"25.4",,,,,"25",,"120","4.56","19.61","57.8",,,,,,,,,,,,,,,,,,,"44.5"
"3","수원","어르신","일반","69","관리자","참가","20250210","F","155.3","51.1","30.1","74","72","155","21.6","23.9",,,"9.2",,,,,,"21.2",,,,,"20",,"103","6.7","26","46.8",,,,,,,,,,,,,,,,,,,"23.9"
"20","정읍","성인","일반","39","관리자","3등급","20250210","M","173.5","72.3","22.5",,"81","120","40.3","38",,,"8.7",,,,,,"24.0","38",,,"207",,,,,,"55.7",,,,,,,,"129","39.3",,,"0.297",,,,,,,
"1","전주","성인","일반","25","관리자","2등급","20250210","M","173.3","73.4","16.6","85.8","84","132","45.1","59.2",,,"17.4",,,,,,"24.4","54","52","9.67","254",,,,,,"80.7",,"44.4",,,,,,,,,,,,,,,,,
"4","전주","성인","일반","24","관리자","3등급","20250210","M","174.3","65.9","16.3","82.5","65","121","49.3","39.6",,,"8.2",,,,,,"21.7","45",,,"229",,,,,,"74.8",,,,,,,,"115","46.6",,,"0.303",,,,,,,
"2","KSPO대구","성인","일반","19","관리자","3등급","20250210","M","184.6","77.7","11","77.6","93","153","51.1","58.2",,,"19",,,,,,"22.8","43",,"9.9","241",,,,,,"74.9",,,,,,,,"140","42.3",,,,,,,,,,
"7","오산","어르신","일반","80","관리자","참가","20250210","F","154.1","64.3","34.5","85.4","61","143","24.9","26.6",,,"2.9",,,,,,"27.1",,,,,"18",,"99","7.16","25.44","41.4",,,,,,,,,,,,,,,,,,,"26.6"
"1","서구(대전)","성인","일반","19","관리자","참가","20250210","M","172.9","80.5","18.7",,"69","125","48.9","58.1",,,"14.5",,,,,,"26.9","57",,,"246",,,,,,"72.2",,,"98","129","149","189","40.0",,,,,"0.375",,,,,,,
"1","부천","어르신","일반","68","관리자","3등급","20250210","F","152.8","67.5","47.3",,"78","142","20.7","21.8",,,"12.2",,,,,,"28.9",,,,,"23",,"101","5.50","22.75","32.3",,,,,,,,,,,,,,,,,,,"21.8"
"3","포항","성인","일반","20","관리자","2등급","20250210","M","179.5","65.8","9.2",,"70","114","36.4","39.3",,,"12.6",,,,,,"20.4","53",,,"250",,,,,,"59.7",,,"72","108","122","159","51.0",,,,,"0.265",,,,,,,
"2","서대문","성인","일반","61","관리자","2등급","20250210","M","169.4","69.7","28.1",,"98","148","45","47.6",,,"12.8",,,,,,"24.3","25","24",,,,,,,,"68.3",,"35.6",,,,,,,,,,"0.340","0.458",,,,,,
"1","서대문","성인","일반","20","관리자","1등급","20250210","F","151.8","52.8","35.6",,"60","111","25.6","28.2",,,"20.6",,,,,,"22.9","37","30","12.29",,,,,,,"53.4",,"36.9",,,,,,,,,,,"0.457",,,,,,
"1","강북","성인","일반","20","관리자","참가","20250210","M","178.9","90.5","24","91.4","78","159","41.4","48.6",,,"5.6",,,,,,"28.3","41",,,"211",,,,,,"53.7",,,"79","104","134","176","39.1",,,,,"0.360",,,,,,,
"2","춘천","성인","일반","21","관리자","참가","20250210","M","169.6","57.5","16.3","74.2","97","123","44.6","49.5",,,"17.6",,,,,,"20.0","42","24","10.28","247",,,,,,"86.1",,"40.5",,,,,,,,,,,,,,,,,
"2","춘천","성인","일반","20","관리자","참가","20250210","M","171.6","70.1","21.4","83.9","78","141","40.2","43.5",,,"-3.2",,,,,,"23.8","42","27","10.47","218",,,,,,"62.1",,"39.4",,,,,,,,,,,,,,,,,
"2","서구(대전)","성인","일반","25","관리자","2등급","20250210","F","159.2","45.1","21.4",,"62","112","24.7","24.8",,,"20",,,,,,"17.8","40",,,,,,,,,"55.0",,,,,,,,"117","39.8",,,"0.357","0.278",,,,,,
"1","스포원(금정)","성인","일반","33","관리자","참가","20250210","F","158","70.3","41.4",,"87","132","26.7","32.5",,,"13",,,,,,"28.2","27",,,,,,,,,"46.2",,,,,,,,"105","33.5",,,"0.442","0.421",,,,,,
"1","스포원(금정)","성인","일반","19","관리자","참가","20250210","M","182.2","70.6","20.7",,"77","123","36.6","39",,,"-3.5",,,,,,"21.3","48",,,"230",,,,,,"55.2",,,"98","114","128","165","47.7",,,,,"0.331",,,,,,,
"1","수원","성인","일반","19","관리자","3등급","20250210","M","180.5","83.8","20.6","82","68","118","45.4","48.2",,,"18",,,,,,"25.7","55",,,,,,,,,"57.5",,,,,,,,"118","43.9",,,"0.358","0.584",,,,,,
"1","곡성","성인","일반","58","관리자","참가","20250210","F","147.9","49.4","37.5","78.5","56","112","18.3","22.1",,,"12.1",,,,,,"22.6","4","7",,"129",,,,,,"44.7",,"28.9",,,,,,,,,,"0.387",,,,,,,
"2","수원","성인","일반","19","관리자","참가","20250210","M","176","75.1","17.3","84","80","107","43.2","48",,,"10.4",,,,,,"24.2","39",,,,,,,,,"63.9",,,,,,,,"104","47.5",,,"0.351","0.529",,,,,,
"1","수원","성인","일반","22","관리자","참가","20250210","M","177","103.3","36.8","94","98","156","35.6","39.4",,,"14.6",,,,,,"33.0","31",,,"163",,,,,,"38.1",,,"98","127","147",,"36.4",,,,,"0.43",,,,,,,
"1","오산","성인","일반","19","관리자","참가","20250210","M","171.1","62.7","15.9","77","85","135","36","34.7",,,"-6.9",,,,,,"21.4","39","39","10.21",,,,,,,"57.4",,"43.4",,,,,,,,,,,"0.601",,,,,,
"1","사천","성인","일반","19","관리자","2등급","20250210","M","170.6","69.2","15.9","76.8","71","129","41.2","46",,,"16.8",,,,,,"23.8","53",,,"260",,,,,,"66.5",,,,,,,,"100","49.0",,,"0.287",,,,,,,
"1","화성","성인","일반","20","관리자","참가","20250210","M","170.7","62.3","18.1",,"69","124","34.5","33.5",,,"17.6",,,,,,"21.4","35",,,,,,,,,"55.4",,,"90","113","125",,"50.6",,,,,"0.325","0.501",,,,,,
"1","KSPO송파","성인","일반","20","관리자","참가","20250210","M","173.3","100.5","31","104.5","82","134","45.8","43",,,"-4.9",,,,,,"33.5","25",,,,,,,,,"45.6",,,"117","141","155",,"36.3",,,,,"0.296","0.585",,,,,,
"5","중구(서울)","어르신","일반","70","관리자","1등급","20250210","M","162.4","66.8","24.1","85","77","134","36.4","36.9",,,"12.1",,,,,,"25.3",,,,,"30",,"116","4.9","19.6","55.2",,,,,,,,,,,,,,,,,,,"36.9"
"1","중구(서울)","어르신","일반","66","관리자","2등급","20250210","M","160.3","65.4","22.1","82","66","113","32.9","33.8",,,"11.2",,,,,,"25.5",,,,,"33",,"128","3.9","17.9","51.7",,,,,,,,,,,,,,,,,,,"33.8"
"1","KSPO송파별관(어르신)","어르신","일반","67","관리자","참가","20250210","M","164.3","87.6","42.2",,"69","143","36.9","37.5",,,"6",,,,,,"32.5",,,,,"29",,"130","5.34","21.38","42.8",,,,,,,,,,,,,,,,,,,"37.5"
"3","KSPO송파별관(어르신)","어르신","일반","70","관리자","1등급","20250210","M","163","61.5","21.9",,"82","153","39","38.1",,,"13.1",,,,,,"23.1",,,,,"35",,"146","4.78","18.12","63.4",,,,,,,,,,,,,,,,,,,"39.0"
"3","김천","성인","일반","25","관리자","2등급","20250210","M","170.7","76.2","24.5","92.7","95","149","49","50.5",,,"14.8",,,,,,"26.2","50","62",,"223",,,,,,"66.3",,"46.3",,,,,,,,,,"0.310",,,,,,,
"2","KSPO송파","청소년","일반","18","관리자","참가","20250210","M","167.2","80.2","27.3","85.3","66","117","40.3","41.3",,"48","8","19.48","0.587","44.926","5","45.156","28.7",,"58",,,,,,,,"51.5",,"42.9",,,,,,,,,,,,,,,,,
"2","시흥","성인","일반","29","관리자","2등급","20250210","M","176.4","72.7","8.3","73.4","67","135","50.3","50.1",,,"10.8",,,,,,"23.4","56",,,,,,,,,"69.2",,,,,,,,"58","52.4",,,"0.317","0.611",,,,,,
"2","천안","성인","일반","19","관리자","참가","20250210","M","170.3","52.1","17.3",,"82","123","32.1","36.5",,,"4.3",,,,,,"18.0","44","43","9.72","232",,,,,,"70.1",,"45.9",,,,,,,,,,,,,,,,,
"1","천안","성인","일반","19","관리자","참가","20250210","M","181.8","73.2","19.3",,"81","144","33.7","37.4",,,"4.7",,,,,,"22.1","49","56","11.01","205",,,,,,"51.1",,"45.6",,,,,,,,,,,,,,,,,
"1","사하","성인","일반","19","관리자","참가","20250210","M","173.8","65.4","20.1","82.0","70","135","30.5","32.4",,,"9.0",,,,,,"21.7","39",,"10.95","200",,,,,,"49.5",,,,,,,,"130","45.7",,,,,,,,,,
"1","증평","청소년","일반","17","관리자","3등급","20250210","M","172.4","72.3","19.8","86.1","71","145","40.6","45.7",,"48","8.7","18.73","0.577","69.068","11","69.574","24.3",,"46",,,,,,,,"63.2",,"42.7",,,,,,,,,,,,,,,,,
"2","중구(서울)","성인","일반","30","관리자","3등급","20250210","M","177.5","72.1","20.2","81","77","128","42.4","42.7",,,"14.1",,,,,,"22.9","37",,,,,,,,,"59.2",,,,,,,,"106","45.3",,,"0.313","0.568",,,,,,
"1","중구(서울)","성인","일반","60","관리자","2등급","20250210","M","178.7","75.3","18.4","85","55","111","40.3","41.1",,,"7.3",,,,,,"23.6","39",,,,,,,,,"54.6",,,,,,,,"96","38.8",,,"0.348","0.433",,,,,,
"1","영주","유아기","출장","68","관리자","참가","20250210","M","110.7","19.6",,,,,"3","3.5","1",,"3.8",,,,,,"16.0",,"67",,"86",,,,,,"17.9",,,,,,,,,,,,,,,,,"9.34","29.513",
"6","오산","어르신","일반","72","관리자","2등급","20250211","F","150.7","47.7","19.3","68.4","65","124","23","21.8",,,"14.8",,,,,,"21.0",,,,,"32",,"128","5.27","21.92","48.2",,,,,,,,,,,,,,,,,,,"23.0"
"9","강북","어르신","일반","67","관리자","2등급","20250211","M","170.0","82.20","26.9","94.3","92","155","42.1","42.7",,,"12.1",,,,,,"28.4",,,,,"28",,"130","5","21.3","51.9",,,,,,,,,,,,,,,,,,,"42.7"
"1","세종","성인","일반","51","관리자","참가","20250211","F","159.4","52.3","22.4","72.9","72","124","28.7","29.4",,,"24.9",,,,,,"20.6","23",,,"149",,,,,,"56.2",,,,,,,,"153","28.8",,,"0.341",,,,,,,
"2","세종","어르신","일반","75","관리자","1등급","20250211","F","152.4","60.6","34.4","81.1","70","152","22.9","25.9",,,"16.2",,,,,,"26.1",,,,,"23",,"124","5.36","21.69","42.7",,,,,,,,,,,,,,,,,,,"25.9"
"1","증평","어르신","일반","71","관리자","1등급","20250211","M","166.3","55.3","16.8","75.4","72","140","40","43.6",,,"17.7",,,,,,"20.0",,,,,"27",,"123","4.19","18.00","78.8",,,,,,,,,,,,,,,,,,,"43.6"
"2","진천","유소년","일반","12","관리자","참가","20250211","F","152.9","45.3",,"59.2",,,"16.2","15.8","26",,"21.3",,,,,,"19.4",,"51",,"146",,,,,,"35.8",,,,,,,,,,,,,,"0.39","41","2",,,
"1","진천","유소년","일반","11","관리자","참가","20250211","F","130.9","22.8",,"49.5",,,"6","6.4","3",,"-9.7",,,,,,"13.3",,"51",,"105",,,,,,"28.1",,,,,,,,,,,,,,"0.38","12","0",,,
"4","양평","어르신","일반","72","관리자","3등급","20250211","M","167.2","75.8","32.5",,"88","182","37.6","40.0",,,"14.8",,,,,,"27.1",,,,,"19",,"107","5.84","28.2","52.8",,,,,,,,,,,,,,,,,,,"40.0"
"2","창원","성인","일반","32","관리자","1등급","20250211","M","172.9","73.4","16.9","79","78","117","47.3","52",,,"16.8",,,,,,"24.6","57",,"9.66","226",,,,,,"70.8",,,,,,,,"96","45.6",,,,,,,,,,
"2","동구(광주)","어르신","일반","72","관리자","3등급","20250211","M","173","81.4","23.6","87","83","153","32.7","35.9",,,"13.3",,,,,,"27.2",,,,,"25",,"105","4.74","19.3","44.1",,,,,,,,,,,,,,,,,,,"35.9"
"6","동구(광주)","어르신","일반","67","관리자","2등급","20250211","F","153.4","46.3","21.6","69","67","120","19.8","21.1",,,"21.6",,,,,,"19.7",,,,,"27",,"119","5.8","22.10","45.6",,,,,,,,,,,,,,,,,,,"21.1"
"2","진천","청소년","일반","13","관리자","참가","20250211","F","161.8","46.6","21.3","73.6","61","113","13.9","21.4","12",,"6.4","21.97","0.442","67.965","19","68.839","17.8",,"32",,"67.965",,,,,,"45.9",,"38.2",,,,,,,,,,,,,,,,,
"7","서구(대전)","성인","일반","39","관리자","참가","20250211","M","168.7","76.3","36.2",,"80","145","28.1","34",,,"14.6",,,,,,"26.8","40",,,,,,,,,"44.6",,,,,,,,"120","39.4",,,"0.335","0.427",,,,,,
"1","군산","성인","일반","53","관리자","참가","20250211","F","169.8","76.2","35.1","88","74","120","22","26.2",,,"10.4",,,,,,"26.4","5",,,"123",,,,,,"34.4",,,"66","98","126",,"31.0",,,,,"0.491",,,,,,,
"1","연제","어르신","일반","78","관리자","1등급","20250211","M","166.3","59.0","16.9",,"82","152","33.2","34.1",,,"10.4",,,,,,"21.3",,,,,"32",,"113","4.7","18.4","57.8",,,,,,,,,,,,,,,,,,,"34.1"
"2","영암","성인","일반","51","관리자","3등급","20250211","F","162.7","58.8","17",,"92","145","33.7","32.4",,,"17.1",,,,,,"22.2","20","15",,"174",,,,,,"57.3",,"30.4",,,,,,,,,,"0.298",,,,,,,
"2","창원","어르신","일반","69","관리자","2등급","20250211","M","171.3","58.8","26.4","72","66","136","33","33.6",,,"10.6",,,,,,"20.0",,,,,"28",,"150","4.991","20.992","57.1",,,,,,,,,,,,,,,,,,,"33.6"
"1","사천","어르신","일반","69","관리자","참가","20250211","M","170.4","74","29.7",,"80","146","28.7","30.3",,,"0",,,,,,"25.5",,,,,"17",,"120","5.04","25.92","40.9",,,,,,,,,,,,,,,,,,,"30.3"
"1","KSPO송파별관(어르신)","어르신","일반","82","관리자","2등급","20250211","M","151.6","55.6","20",,"77","157","22.4","25.4",,,"8.2",,,,,,"24.2",,,,,"22",,"110","5.63","22.37","45.7",,,,,,,,,,,,,,,,,,,"25.4"
"2","구미","성인","일반","47","관리자","1등급","20250211","F","155.6","58","36.7","83.8","90","144","28.1","25.5",,,"22.5",,,,,,"24.0","30",,,,,,,,,"48.4",,,"74","110","134",,"34.8",,,,,"0.273","0.460",,,,,,
"1","중구(서울)","성인","출장","38","관리자","참가","20250211","M","179.6","85","23.6",,"87","149","27.9","37",,,"-19.4",,,,,,"26.4","16",,,,,,,,,"43.5",,,,,,,,"96","42.1",,,"0.487","0.428",,,,,,
"1","서구(광주)","성인","일반","32","관리자","2등급","20250211","F","150.3","48.7","26.6","59","73","125","22.4","28.9",,,"21.1",,,,,,"21.6","40",,,"146",,,,,,"59.3",,,"95","119","133",,"39.6",,,,,"0.399",,,,,,,
"2","서구(대전)","성인","일반","31","관리자","참가","20250211","M","166.2","61.1","22.3",,"86","125","38.1","40.1",,,"10.5",,,,,,"22.1","24",,,,,,,,,"65.6",,,,,,,,"114","45.4",,,"0.389","0.477",,,,,,
"3","수원","어르신","일반","70","관리자","2등급","20250211","M","161.5","50.6","12.4","71","83","145","38.3","32.3",,,"9.4",,,,,,"19.4",,,,,"24",,"105","5","23.8","75.7",,,,,,,,,,,,,,,,,,,"38.3"
"1","춘천","성인","일반","26","관리자","3등급","20250211","F","166.3","58.7","24.5","81.5","79","120","29.1","29",,,"11.5",,,,,,"21.2","35",,,"135",,,,,,"49.6",,,,,,,,"137","34.5",,,"0.320",,,,,,,
"1","중구(서울)","성인","출장","26","관리자","참가","20250211","F","163.9","57.5","28.8",,"73","113","22.5","21.9",,,"9.5",,,,,,"21.4","14",,,,,,,,,"39.1",,,,,,,,"110","37.9",,,"0.520","0.419",,,,,,
"1","사천","성인","일반","62","관리자","3등급","20250211","M","173.1","65.7","15.9","78.9","87","144","43.1","49",,,"4.4",,,,,,"21.9","26",,,"192",,,,,,"74.6",,,,,,,,"98","39.7",,,"0.343",,,,,,,
"1","중구(서울)","성인","출장","23","관리자","참가","20250211","F","157.8","50.6","31",,"68","125","12.7","17.5",,,"1.2",,,,,,"20.3","26",,,,,,,,,"34.6",,,,,,,,"108","39.8",,,"0.534","0.409",,,,,,
"1","중구(서울)","성인","출장","24","관리자","참가","20250211","F","155","51.2","31.1",,"89","127","18.4","22.8",,,"24.2",,,,,,"21.3","5",,,,,,,,,"44.5",,,,,,,,"123","37.3",,,"0.426","0.428",,,,,,
"1","정읍","성인","일반","63","관리자","참가","20250211","M","160.9","62.5","29.8",,"98","158","30.6","37.6",,,"2.6",,,,,,"24.1","15","7",,"118",,,,,,"60.2",,"32.6",,,,,,,,,,"0.388",,,,,,,
"2","KSPO아산","성인","일반","20","관리자","2등급","20250211","F","164.4","44.4","25.7","64.5","81","134","18.2","23",,,"19.4",,,,,,"16.4","40",,,"158",,,,,,"51.8",,,,,,,,"150","37.4",,,"0.385",,,,,,,
"2","북구(광주)","성인","일반","35","관리자","2등급","20250211","F","154.9","49.7","25.7","68.2","66","110","23.3","25.7",,,"14.8",,,,,,"20.7","33",,"12.84","142",,,,,,"51.7",,,"65","91","119",,"40.3",,,,,,,,,,,,
"1","KSPO아산","성인","일반","48","관리자","3등급","20250211","F","158.1","47.3","20.7","66","94","153","24","25.8",,,"20.5",,,,,,"18.9","30",,,"131",,,,,,"54.5",,,"110","118","132",,"37.4",,,,,"0.469",,,,,,,
"1","KSPO송파","성인","일반","19","관리자","참가","20250211","M","178.4","77.8","22.2","91.7","71","121","38.1","37.8",,,"10.2",,,,,,"24.4","33",,"10.55","215",,,,,,"49.0",,,,,,,,"130","43.3",,,,,,,,,,
"1","KSPO송파","성인","일반","19","관리자","2등급","20250211","M","181.6","78.4","18.9",,"65","116","44.8","46.7",,,"12.4",,,,,,"23.8","58",,"10.54",,,,,,,"59.6",,,,,,,,"104","47.2",,,,"0.567",,,,,,
"1","사천","어르신","일반","65","관리자","1등급","20250211","F","151.4","49.7","29.9",,"86","156","19.1","22.4",,,"23",,,,,,"21.7",,,,,"25",,"142","4.30","20.56","45.1",,,,,,,,,,,,,,,,,,,"22.4"
"2","북구(광주)","성인","일반","51","관리자","3등급","20250211","M","171.5","71.6","27.3","89.3","81","138","37.7","36.4",,,"13.4",,,,,,"24.3","40","22","12.01",,,,,,,"52.7",,"35.6",,,,,,,,,,,"0.574",,,,,,
"1","수원","성인","일반","43","관리자","참가","20250211","F","152.7","48","20.6","66","68","111","22.6","22.8",,,"25.7",,,,,,"20.6","16",,,"122",,,,,,"47.5",,,"52","81","61",,"49.4",,,,,"0.397",,,,,,,
"4","사상","성인","일반","45","관리자","참가","20250211","M","172","71.6","29","83","73","113","35.6","34.1",,,"13",,,,,,"24.2","33",,,"187",,,,,,"49.7",,,,,,,,"132","37.5",,,"0.331",,,,,,,
"8","수원","성인","일반","22","관리자","3등급","20250211","M","180.4","78.4","15.9","84","95","157","46","47.7",,,"17",,,,,,"24.1","48",,"11",,,,,,,"60.8",,,"100","127","148",,"42.4",,,,,,"0.588",,,,,,
"1","KSPO광주","성인","일반","19","관리자","참가","20250211","M","179.4","123.1","36.9","119.4","92","157","56.5","55.3",,,"3.8",,,,,,"38.2","33",,"12.14","198",,,,,,"45.9",,,,,,,,"129","33.4",,,,,,,,,,
"1","스포원(금정)","어르신","일반","69","관리자","참가","20250211","M","162.6","54.1","21.5",,"69","145","40.4","37.4",,,"6.8",,,,,,"20.5",,,,,"16",,"101","6.3","29.4","74.7",,,,,,,,,,,,,,,,,,,"40.4"
"6","수원","어르신","일반","79","관리자","3등급","20250211","M","167.1","55.8","17.1","80","85","152","29","32",,,"0",,,,,,"20.0",,,,,"18",,"84","5.2","24.8","57.3",,,,,,,,,,,,,,,,,,,"32.0"
"1","스포원(금정)","성인","일반","43","관리자","1등급","20250211","F","165.6","62.2","29.7",,"79","141","30.2","29.5",,,"18.9",,,,,,"22.7","42",,,"152",,,,,,"48.6",,,"79","110","129",,"36.1",,,,,"0.332",,,,,,,
"1","연제","성인","일반","21","관리자","참가","20250211","F","159.3","62.4","36.8",,"56","112","18.5","22.8",,,"22.6",,,,,,"24.6","35",,,"142",,,,,,"36.5",,,"92","117","147",,"36.2",,,,,"0.350",,,,,,,
"1","서구(광주)","성인","일반","37","관리자","3등급","20250211","F","169.6","54.4","15.1","69","65","99","23","25",,,"12.5",,,,,,"18.9","33","17",,"186",,,,,,"46.0",,"32.3",,,,,,,,,,"0.403",,,,,,,
"2","서구(대전)","성인","일반","28","관리자","3등급","20250211","F","158.2","58.3","25.5",,"71","111","29.7","28.2",,,"27.8",,,,,,"23.3","21",,,,,,,,,"50.9",,,,,,,,"77","40.8",,,"0.337","0.464",,,,,,
"1","세종","성인","일반","19","관리자","참가","20250211","M","171.4","59.5","18.5","79.3","80","122","31","27.5",,,"-18.5",,,,,,"20.3","28","36",,,,,,,,"52.1",,"43.2",,,,,,,,,,"0.357","0.514",,,,,,
"1","마포","성인","일반","62","관리자","참가","20250211","M","161.2","69.3","33.3","91","85","137","33.3","35.4",,,"6.7",,,,,,"26.7","23",,,"167",,,,,,"51.1",,,,,,,,"135","32.5",,,"0.323",,,,,,,
"1","마포","성인","일반","22","관리자","참가","20250211","M","177.5","66.5","15.7","74","90","138","34.8","38.4",,,"9.3",,,,,,"21.1","40",,,"208",,,,,,"57.7",,,,,,,,"99","49.5",,,"0.295",,,,,,,
"1","미추홀","성인","일반","34","관리자","참가","20250211","F","164.6","50.6","30.9","73","81","125","21.8","22.8",,,"7",,,,,,"18.7","0","138",,,,,,,,"45.1",,"69.9",,,,,,,,,,"0.362","0.462",,,,,,
"2","미추홀","성인","일반","24","관리자","3등급","20250211","F","164.6","50.8","21.3","70","73","113","24.7","25.4",,,"35.2",,,,,,"18.8","29",,"11","163",,,,,,"50.0",,,,,,,,"113","39.6",,,,,,,,,,
"1","동작","성인","일반","61","관리자","1등급","20250211","M","161.6","56","19.8","71","74","121","41.7","40",,,"14.3",,,,,,"21.4","32",,,,,,,,,"74.5",,,"78","107","129","160","38.6",,,,,"0.364","0.477",,,,,,
"4","동작","성인","일반","44","관리자","참가","20250211","M","180.6","74.4","23.4","84","93","144","41.6","39.6",,,"1.9",,,,,,"22.8","29",,,,,,,,,"55.9",,,,,,,,"149","35.3",,,"0.316","0.514",,,,,,
"1","서구(대전)","성인","일반","20","관리자","참가","20250211","M","173.9","80.1","22.4",,"80","128","46.3","51.9",,,"5",,,,,,"26.5","31",,"10.41","220",,,,,,"64.8",,,"86","118","141","171","42.8",,,,,,,,,,,,
"4","서대문","성인","일반","64","관리자","3등급","20250211","M","168.9","71.1","28.6",,"83","147","38.9","40",,,"4.4",,,,,,"24.9","19",,,,,,,,,"56.3",,,,,,,,"112","35.6",,,"0.396","0.413",,,,,,
"1","서대문","성인","일반","24","관리자","3등급","20250211","M","171.0","77.9","22.9",,"96","159","46.4","49",,,"18.0",,,,,,"26.6","44",,,,,,,,,"62.9",,,,,,,,"101","45.7",,,"0.330","0.585",,,,,,
"3","KSPO송파별관(어르신)","어르신","일반","65","관리자","2등급","20250211","M","175","73.8","28.3",,"89","140","39.6","44.5",,,"11.5",,,,,,"24.1",,,,,"28",,"118","4.48","18.01","60.3",,,,,,,,,,,,,,,,,,,"44.5"
"2","안동","성인","일반","20","관리자","3등급","20250211","M","180.5","74.8","17.6","73.5","81","111","42.1","42.3",,,"11.4",,,,,,"23.0","44","41",,,,,,,,"56.6",,"41.8",,,,,,,,,,"0.450","0.510",,,,,,
"1","중구(서울)","성인","출장","35","관리자","참가","20250211","M","180.3","89.5","30",,"90","137","31.2","27.4",,,"-17.6",,,,,,"27.5","30",,,,,,,,,"34.9",,,,,,,,"115","39.1",,,"0.443","0.495",,,,,,
"1","삼척","어르신","일반","77","관리자","참가","20250211","M","163.8","72.0","37.4",,"61","159","20.6","21.5",,,"4.8",,,,,,"26.8",,,,,"18",,"103","7.32","38.80","29.9",,,,,,,,,,,,,,,,,,,"21.5"
"1","사천","성인","일반","57","관리자","참가","20250211","F","152.7","68.4","40.5","94.3","98","156","26.9","29.3",,,"21.3",,,,,,"29.3","23",,,,,,,,,"42.8",,,"94","137","167",,"25.8",,,,,"0.399","0.353",,,,,,
"6","KSPO송파","성인","일반","62","관리자","2등급","20250211","M","169.2","74.5","20.5","77.8","79","135","43.5","44.7",,,"10.1",,,,,,"26.0","35",,"11.49","183",,,,,,"60.0",,,,,,,,"67","42.0",,,,,,,,,,
"1","KSPO송파","성인","일반","24","관리자","참가","20250211","F","161","50.4","26","58.8","77","110","23.7","23.6",,,"13.3",,,,,,"19.4","18",,"13.49","159",,,,,,"47.0",,,"58","95","108",,"45.3",,,,,,,,,,,,
"5","강북","어르신","일반","65","관리자","참가","20250211","M","164.8","64.00","20.9","82","95","158","34.4","34.7",,,"11.9",,,,,,"23.6",,,,,"23",,"107","6.2","27.1","54.2",,,,,,,,,,,,,,,,,,,"34.7"
"5","광주","어르신","일반","71","관리자","3등급","20250211","F","151.2","62.8","40.9",,"78","151","21.3","24.2",,,"21.8",,,,,,"27.5",,,,,"28",,"95","5.92","22.89","38.5",,,,,,,,,,,,,,,,,,,"24.2"
"2","의정부","어르신","일반","69","관리자","참가","20250211","M","179.2","79.2","24.3","94.7","106","168","38.1","44.5",,,"0.1",,,,,,"24.7",,,,,"16",,"70","7.98","27.96","56.2",,,,,,,,,,,,,,,,,,,"44.5"
"1","연제","어르신","일반","66","관리자","2등급","20250211","M","169.5","78.1","22.0",,"88","147","39.1","41.5",,,"10.2",,,,,,"27.2",,,,,"26",,"111","5.0","18.9","53.1",,,,,,,,,,,,,,,,,,,"41.5"
"5","의정부","어르신","일반","69","관리자","3등급","20250211","F","147.1","61.2","42.2","91.3","82","144","25.9","27.9",,,"13.3",,,,,,"28.3",,,,,"30",,"112","6.44","25.65","45.6",,,,,,,,,,,,,,,,,,,"27.9"
"2","강북","성인","일반","49","관리자","참가","20250211","F","159.1","63.70","35.5","82","89","140","27.4","28.6",,,"15.7",,,,,,"25.2","8",,"13.8",,,,,,,"44.9",,,"91","118","141",,"32.1",,,,,,"0.414",,,,,,
"1","진천","성인","일반","22","관리자","참가","20250211","M","181.2","86.4","22","82.2","95","152","49.3","50.7",,,"11.8",,,,,,"26.3","32","29",,"197",,,,,,"58.7",,"37.2",,,,,,,,,,"0.323",,,,,,,
"1","창원","성인","일반","54","관리자","참가","20250211","F","162","57.4","32.2","73","72","133","23.7","23.1",,,"6.3",,,,,,"21.9","20",,"14.50","150",,,,,,"41.3",,,"84","96","120",,"35.2",,,,,,,,,,,,
"4","시흥","어르신","일반","69","관리자","3등급","20250211","F","147.5","50.8","39","82","74","146","19.1","19.4",,,"18.8",,,,,,"23.3",,,,,"20","552",,"6.91","25.75","38.2",,,,,,,,,,,,,,,,,,,"19.4"
"2","KSPO아산","어르신","일반","65","관리자","참가","20250211","M","176.7","65.4","27.7","83","87","148","26.9","32.4",,,"0.8",,,,,,"20.9",,,,,"24",,"93","6.1","24.8","49.5",,,,,,,,,,,,,,,,,,,"32.4"
"1","서구(광주)","어르신","일반","68","관리자","참가","20250211","F","153.5","52.9","32.5","75","66","117","25.9","24.7",,,"7.2",,,,,,"22.5",,,,,"21",,"103","4.90","20.11","49.0",,,,,,,,,,,,,,,,,,,"25.9"
"2","수원","성인","일반","20","관리자","2등급","20250211","F","164.8","45.9","17.2","60","66","111","25","23",,,"17.6",,,,,,"16.9","36",,,,,,,,,"54.5",,,,,,,,"139","38.4",,,"0.414","0.463",,,,,,
"1","KSPO아산","청소년","일반","18","관리자","참가","20250211","M","162.5","78.3","32.7","86.5","88","143","26.1","31.9",,"51","8.7","20.61","0.608","53.440","13","54.038","29.7",,"27",,,,,,,,"40.7",,"36.3",,,,,,,,,,,,,,,,,
"1","중구(서울)","성인","출장","26","관리자","참가","20250211","M","167.7","74.1","27.8",,"56","141","42.2","36.3",,,"7.2",,,,,,"26.3","41",,,,,,,,,"57.0",,,,,,,,"114","43.9",,,"0.387","0.611",,,,,,
"4","마포","성인","일반","60","관리자","참가","20250211","F","155.5","70.8","38.9",,"94","147","37.6","34.5",,,"16.4",,,,,,"29.3","19",,,,,,,,,"53.1",,,,,,,,"114","27.0",,,"0.357","0.400",,,,,,
"1","정읍","성인","일반","19","관리자","3등급","20250211","M","179.6","78.2","16.9",,"76","120","40.9","44.4",,,"8",,,,,,"24.2","49",,,,,,,,,"56.8",,,,,,,,"101","47.5",,,"0.283","0.585",,,,,,
"1","중구(서울)","성인","출장","29","관리자","참가","20250211","F","164.7","57.7","35.2",,"77","109","18.1","19.6",,,"14.8",,,,,,"21.3","21",,,,,,,,,"34.0",,,,,,,,"114","36.8",,,"0.497","0.436",,,,,,
"1","남구(부산)","어르신","일반","66","관리자","3등급","20250211","F","159.3","53.2","25.8",,"81","129","27.6","27.6",,,"12.8",,,,,,"21.0",,,,,"24",,"100","4.5","19.53","51.9",,,,,,,,,,,,,,,,,,,"27.6"
"1","중구(서울)","성인","출장","34","관리자","참가","20250211","F","162.1","52","29.1",,"68","113","22.8","24.6",,,"15.2",,,,,,"19.8","17",,,,,,,,,"47.3",,,,,,,,"89","40.1",,,"0.422","0.428",,,,,,
"1","춘천","성인","일반","21","관리자","참가","20250211","M","175.4","85.5","32.0","101.6","69","117","43.3","43.8",,,"9.2",,,,,,"27.8","32","28",,"194",,,,,,"51.2",,"37.3",,,,,,,,,,"0.334",,,,,,,
"2","보은","성인","일반","33","관리자","3등급","20250211","M","170","58.4","14.2",,"86","118","37.9","41.5",,,"7.1",,,,,,"20.2","35",,,"200",,,,,,"71.1",,,"87","104","123","165","45.5",,,,,"0.382",,,,,,,
"1","서대문","성인","일반","19","관리자","3등급","20250211","M","173.0","65.4","14.3",,"91","147","37.7","40",,,"14.9",,,,,,"21.9","43","62","9.66",,,,,,,"61.2",,"48.4",,,,,,,,,,,"0.560",,,,,,
"7","KSPO송파별관(어르신)","어르신","일반","83","관리자","3등급","20250211","M","163.6","52.9","24.1",,"80","155","20.3","21.1",,,"0.4",,,,,,"19.8",,,,,"25",,"96","6.18","26.01","39.9",,,,,,,,,,,,,,,,,,,"21.1"
"54","KSPO송파별관(어르신)","어르신","일반","85","관리자","1등급","20250211","M","159.2","56.1","23.1",,"61","131","24.4","26.1",,,"23.2",,,,,,"22.1",,,,,"28",,"129","5.19","22.10","46.5",,,,,,,,,,,,,,,,,,,"26.1"
"1","남구(부산)","성인","일반","19","관리자","2등급","20250211","M","165.9","67.1","19.2",,"48","102","46.5","48.7",,,"12.5",,,,,,"24.4","55",,,"198",,,,,,"72.6",,,,,,,,"111","47.5",,,"0.320",,,,,,,
"1","남구(부산)","성인","일반","38","관리자","3등급","20250211","M","173.2","90.2","24.8",,"76","137","49.3","50.3",,,"11.5",,,,,,"30.1","50",,,"214",,,,,,"55.8",,,,,,,,"90","41.3",,,"0.262",,,,,,,
"2","달서","성인","일반","63","관리자","참가","20250211","M","177.5","83.8","22.4","100.4","97","129","43.6","40.9",,,"9",,,,,,"26.6","25",,,"158",,,,,,"52.0",,,,,,,,"118","32.8",,,"0.411",,,,,,,
"3","창원마산회원","성인","일반","62","관리자","참가","20250211","M","177.3","80.1","21.3","94.5","66","123","51","52.7",,,"14.5",,,,,,"25.5","24",,,,,,,,,"65.8",,,,,,,,"128","32.4",,,"0.380","0.546",,,,,,
"2","마포","어르신","일반","65","관리자","2등급","20250211","M","163.1","54.6","19.1","76","69","124","47","46.1",,,"7.1",,,,,,"20.5",,,,,"25",,"124","4.17","19.72","86.1",,,,,,,,,,,,,,,,,,,"47.0"
"12","KSPO송파","성인","일반","31","관리자","참가","20250211","M","164","91.6","35.6","106.1","87","135","51.2","52.3",,,"8",,,,,,"34.1","47",,,"206",,,,,,"57.1",,,,,,,,"130","36.2",,,"0.328",,,,,,,
"1","서구(대전)","성인","일반","23","관리자","3등급","20250211","F","152","55.5","31.7",,"62","102","23","25",,,"10.6",,,,,,"24.0","37","31","11.72",,,,,,,"45.0",,"36.7",,,,,,,,,,,"0.501",,,,,,
"4","KSPO송파","성인","일반","28","관리자","2등급","20250211","F","172","61.3","22.3","74.3","69","112","26.9","28.3",,,"19.5",,,,,,"20.7","45",,,"167",,,,,,"46.2",,,,,,,,"126","35.4",,,"0.390",,,,,,,
"6","광주","어르신","일반","74","관리자","3등급","20250211","F","156","61","30.7",,"75","157","20.4","24.8",,,"21",,,,,,"25.1",,,,,"18",,"88","6.96","25.72","40.7",,,,,,,,,,,,,,,,,,,"24.8"
"1","서구(대전)","성인","일반","23","관리자","참가","20250211","M","178.5","83.2","25.7",,"79","141","34.3","41.5",,,"8.3",,,,,,"26.1","43","47","10.41","216",,,,,,"49.9",,"41.8",,,,,,,,,,,,,,,,,
"7","광주","어르신","일반","75","관리자","3등급","20250211","M","167.7","66","24.6",,"75","155","25.1","30.4",,,"1.8",,,,,,"23.5",,,,,"24",,"102","6.51","27","46.1",,,,,,,,,,,,,,,,,,,"30.4"
"1","KSPO아산","어르신","일반","75","관리자","2등급","20250211","M","166","74.9","30.2","95.5","76","147","30.6","34.2",,,"6.5",,,,,,"27.2",,,,,"33",,"134","5.2","18.4","45.7",,,,,,,,,,,,,,,,,,,"34.2"
"1","구미","성인","일반","21","관리자","참가","20250211","F","164.7","52","30.7","75","66","110","21.1","23.6",,,"9.6",,,,,,"19.2","3",,,"126",,,,,,"45.4",,,"68","108","142",,"40.3",,,,,"0.467",,,,,,,
"7","신안","어르신","출장","70","관리자","2등급","20250211","F","146.2","53.2","34.7",,"84","141","22.5","23.4",,,"16.5",,,,,,"24.9",,,,,"22",,"120","6.3","25.1","44.0",,,,,,,,,,,,,,,,,,,"23.4"
"1","목포","성인","일반","60","관리자","1등급","20250211","F","151.4","52","31.5","76.1","93","145","22.6","23.4",,,"19.6",,,,,,"22.7","17","15",,"137",,,,,,"45.0",,"30.9",,,,,,,,,,"0.301",,,,,,,
"1","북구(광주)","성인","일반","52","관리자","참가","20250211","F","152.8","53.8","34.4","77.8","89","155","19","21.3",,,"11.4",,,,,,"23.0","21",,,,,,,,,"39.6",,,"55","99","122",,"36.6",,,,,"0.399","0.411",,,,,,
"2","서구(대전)","성인","일반","27","관리자","참가","20250211","M","172.7","72.1","27.1",,"68","110","38.4","45",,,"6.9",,,,,,"24.2","23",,,,,,,,,"62.4",,,,,,,,"152","38.9",,,"0.291","0.539",,,,,,
"1","신안","어르신","출장","66","관리자","참가","20250211","F","154.8","54.9","37.2",,"79","158","21","24.5",,,"10.9",,,,,,"22.9",,,,,"20",,"101","4.9","20.6","44.6",,,,,,,,,,,,,,,,,,,"24.5"
"1","중구(서울)","성인","출장","24","관리자","참가","20250211","F","163.5","54.4","32.2",,"63","115","24.1","22.5",,,"18.5",,,,,,"20.3","20",,,,,,,,,"44.3",,,,,,,,"97","40.5",,,"0.562","0.426",,,,,,
"1","북구(광주)","성인","일반","49","관리자","2등급","20250211","F","157.4","56.8","26.4","76.1","99","153","31.1","32.6",,,"18.2",,,,,,"22.9","30",,,,,,,,,"57.4",,,"84","101","121",,"36.1",,,,,"0.357","0.425",,,,,,
"4","신안","어르신","출장","65","관리자","참가","20250211","F","145","60.3","43",,"92","134","23.7","24.2",,,"13",,,,,,"28.7",,,,,"17",,"80","4.8","23","40.1",,,,,,,,,,,,,,,,,,,"24.2"
"1","원주","성인","출장","20","관리자","3등급","20250211","M","180.2","73.4","21.9","72.5","50","109","42.7","47.8",,,"23.8",,,,,,"22.6","45",,,"206",,,,,,"65.1",,,,,,,,"93","49.6",,,"0.375",,,,,,,
"4","신안","어르신","출장","70","관리자","1등급","20250211","F","157.2","65.8","34.8",,"73","136","28.8","27",,,"20.3",,,,,,"26.6",,,,,"26",,"128","5.5","22.9","43.8",,,,,,,,,,,,,,,,,,,"28.8"
"1","원주","성인","출장","31","관리자","3등급","20250211","M","177.3","88.6","17.8","82","69","159","53.4","58.7",,,"17.7",,,,,,"28.2","38",,,"256",,,,,,"66.3",,,,,,,,"92","43.4",,,"0.288",,,,,,,
"3","중구(서울)","성인","출장","40","관리자","참가","20250211","F","159.3","54","23.1",,"71","118","20.4","19.9",,,"18.6",,,,,,"21.3","26",,,,,,,,,"37.8",,,,,,,,"105","36.3",,,"0.395","0.436",,,,,,
"5","신안","어르신","출장","65","관리자","1등급","20250211","F","154.6","57.6","32.7",,"80","146","24.9","25.8",,,"19.7",,,,,,"24.1",,,,,"24",,"128","5.3","19.6","44.8",,,,,,,,,,,,,,,,,,,"25.8"
"3","동작","어르신","일반","66","관리자","1등급","20250211","M","161.1","69.5","27.7","89","73","153","36.4","39.9",,,"21.8",,,,,,"26.8",,,,,"33",,"123","5.02","19.41","57.4",,,,,,,,,,,,,,,,,,,"39.9"
"1","세종","성인","일반","61","관리자","참가","20250211","M","165.9","75","21.4","85.8","78","123","40.4","20.1",,,"-7.7",,,,,,"27.3","29",,,"171",,,,,,"53.9",,,,,,,,"89","38.6",,,"0.333",,,,,,,
"6","신안","어르신","출장","65","관리자","3등급","20250211","F","149.2","69.3","46.1",,"76","156","29.1","28.7",,,"17.5",,,,,,"31.1",,,,,"16",,"137","6.1","21.3","42.0",,,,,,,,,,,,,,,,,,,"29.1"
"1","구미","어르신","일반","66","관리자","2등급","20250211","F","157.1","55.2","37.5","85.2","58","107","21","20.9",,,"19.1",,,,,,"22.4",,,,,"30",,"125","5.1","22.4","38.0",,,,,,,,,,,,,,,,,,,"21.0"
"2","부천","유소년","일반","11","관리자","참가","20250211","M","152.9","37.0",,"60.5",,,"17.7","18.9","42",,"-13.0",,,,,,"15.8",,"143",,"175",,,,,,"51.1",,,,,,,,,,,,,,"0.40","39","14",,,
"1","원주","성인","출장","20","관리자","참가","20250211","M","173.1","54.3","12.4","66","67","110","28.4","29.5",,,"-20",,,,,,"18.1","31",,"12.12","147",,,,,,"54.3",,,,,,,,"107","51.2",,,,,,,,,,
"6","동작","어르신","일반","81","관리자","1등급","20250211","M","171.6","79","31.2","100","82","146","43","45",,,"15.8",,,,,,"26.8",,,,,"23",,"131","4.58","21.15","57.0",,,,,,,,,,,,,,,,,,,"45.0"
"2","스포원(금정)","어르신","일반","70","관리자","1등급","20250211","M","162.8","70.6","30.3",,"77","154","35.1","40.5",,,"18.1",,,,,,"26.6",,,,,"25",,"118","4.2","18.7","57.4",,,,,,,,,,,,,,,,,,,"40.5"
"3","원주","성인","출장","20","관리자","참가","20250211","M","180.3","82.9","22.3","83.4","59","104","48.3","48.3",,,"14.6",,,,,,"25.5","41",,"11.78","193",,,,,,"58.3",,,,,,,,"103","46.0",,,,,,,,,,
"1","신안","어르신","출장","67","관리자","1등급","20250211","F","157.6","62.3","37.2",,"65","122","26","26.7",,,"19.2",,,,,,"25.1",,,,,"26",,"137","4.7","18","42.9",,,,,,,,,,,,,,,,,,,"26.7"
"4","스포원(금정)","어르신","일반","68","관리자","참가","20250211","M","178.1","74","26.8",,"90","152","41.1","46",,,"4.7",,,,,,"23.3",,,,,"16",,"115","3.7","18","62.2",,,,,,,,,,,,,,,,,,,"46.0"
"1","신안","어르신","출장","70","관리자","3등급","20250211","F","157.9","67.9","45.8",,"75","126","25.2","19.1",,,"11.5",,,,,,"27.2",,,,,"16",,"137","5.7","25.1","37.1",,,,,,,,,,,,,,,,,,,"25.2"
"2","부천","유소년","일반","11","관리자","참가","20250211","M","146.0","35.6",,"63.5",,,"18.7","21.3","60",,"-4.2",,,,,,"16.7",,"153",,"160",,,,,,"59.8",,,,,,,,,,,,,,"0.43","39","12",,,
"1","신안","성인","출장","64","관리자","참가","20250211","F","159.9","65.2","28.3",,"60","131","17.4","25.1",,,"5.5",,,,,,"25.5","0",,,,,,,,,"38.5",,,,,,,,"72","33.2",,,"0.49","0.336",,,,,,
"1","원주","성인","출장","20","관리자","3등급","20250211","M","163.4","60.9","16.7","66","59","126","38.6","38.7",,,"6.7",,,,,,"22.8","62","52","10.83","166",,,,,,"63.5",,"46.8",,,,,,,,,,,,,,,,,
"2","마포","어르신","일반","73","관리자","참가","20250211","F","149.8","65.1","41",,"67","134","24.5","26.1",,,"6.5",,,,,,"29.0",,,,,"19",,"119","5.27","24.19","40.1",,,,,,,,,,,,,,,,,,,"26.1"
"1","신안","성인","출장","60","관리자","1등급","20250211","F","156.1","59.1","29.3",,"78","132","23.3","26.9",,,"22.4",,,,,,"24.3","25",,,,,,,,,"45.5",,,,,,,,"86","33.3",,,"0.392","0.408",,,,,,
"1","사천","성인","일반","50","관리자","3등급","20250211","F","151.6","55.5","31.1","79.6","90","145","21.5","23",,,"15",,,,,,"24.1","26",,,"120",,,,,,"41.4",,,,,,,,"120","31.5",,,"0.345",,,,,,,
"2","부천","유소년","일반","11","관리자","참가","20250211","M","158.2","44.7",,"68.6",,,"27.7","30.4","31",,"1.5",,,,,,"17.9",,"132",,"190",,,,,,"68.0",,,,,,,,,,,,,,"0.43","42","14",,,
"1","신안","성인","출장","42","관리자","참가","20250211","F","165.9","74.9","36.7",,"69","126","29.3","30.8",,,"19.2",,,,,,"27.2","3",,,,,,,,,"41.1",,,,,,,,"105","31.4",,,"0.439","0.28",,,,,,
"2","부천","청소년","일반","13","관리자","1등급","20250211","F","165.0","51.5","15.0",,"65","125","23.3","31.9","80",,"29.0","18.56","0.464",,,,"18.9",,"65",,,,,,,,"61.9",,"44.1",,,,,,,,,,,,,,,,,
"5","신안","성인","출장","63","관리자","참가","20250211","F","160.7","74.5","38.9",,"76","126","28.8","29.6",,,"19.7",,,,,,"28.8","0",,,,,,,,,"39.7",,,,,,,,"116","25.8",,,"0.502","0.292",,,,,,
"3","양평","어르신","일반","69","관리자","1등급","20250211","M","171.8","73.4","22.4",,"72","134","48.8","48.3",,,"15.4",,,,,,"24.9",,,,,"30",,"126","5.25","20.78","66.5",,,,,,,,,,,,,,,,,,,"48.8"
"1","신안","성인","출장","60","관리자","참가","20250211","F","161.2","63.4","35.3",,"81","126","27.3","25.2",,,"19.6",,,,,,"24.4","0",,,,,,,,,"43.1",,,,,,,,"130","27.4",,,"0.462","0.267",,,,,,
"3","서대문","성인","일반","20","관리자","참가","20250211","M","182.4","97.2","28.5",,"90","154","50.4","53.9",,,"13.7",,,,,,"29.2","46","35",,,,,,,,"55.5",,"37.1",,,,,,,,,,"0.360","0.566",,,,,,
"2","시흥","어르신","일반","81","관리자","1등급","20250211","M","169.8","66.9","26.1","78.9","61","125","36.8","36.4",,,"7.9",,,,,,"23.2",,,,,"25","604",,"5.53","22.16","55.0",,,,,,,,,,,,,,,,,,,"36.8"
"4","삼척","성인","일반","54","관리자","참가","20250211","F","153.5","63.5","37.3",,"80","149","28.5","29.4",,,"19.1",,,,,,"26.9","3",,,"139",,,,,,"46.3",,,"79","112","138",,"31.2",,,,,"0.414",,,,,,,
"1","서대문","성인","일반","21","관리자","참가","20250211","M","180.8","95.9","29.0",,"85","153","51.7","46.7",,,"-1.6",,,,,,"29.3","37",,,,,,,,,"53.9",,,,,,,,"120","40.4",,,"0.420","0.482",,,,,,
"1","신안","성인","출장","63","관리자","참가","20250211","F","157.3","63.4","36.9",,"90","141","26.1","29.9",,,"9.4",,,,,,"25.6","6",,,,,,,,,"47.2",,,,,,,,"120","27.7",,,"0.521","0.282",,,,,,
"2","부천","청소년","일반","14","관리자","2등급","20250211","M","177.5","57.8","7.3",,"65","125","33.3","45.2","50",,"12.0","16.28","0.552",,,,"18.3",,"78",,,,,,,,"78.2",,"52.0",,,,,,,,,,,,,,,,,
"4","양평","어르신","일반","80","관리자","1등급","20250211","M","170.2","78.8","32",,"82","154","38.3","38.9",,,"13.1",,,,,,"27.2",,,,,"26",,"115","4.97","20.31","49.4",,,,,,,,,,,,,,,,,,,"38.9"
"6","신안","성인","출장","58","관리자","참가","20250211","F","163.5","57.1","35.9",,"81","126","23.1","27.8",,,"15.6",,,,,,"21.4","1",,,,,,,,,"48.7",,,,,,,,"110","32.0",,,"0.472","0.3",,,,,,
"1","신안","성인","출장","64","관리자","참가","20250211","F","158.6","49.7","31.9",,"74","142","21.2","20.6",,,"6.2",,,,,,"19.8","10",,,,,,,,,"42.7",,,,,,,,"105","32.8",,,"0.51","0.3",,,,,,
"2","부천","유소년","일반","11","관리자","참가","20250211","M","159.1","49.6",,"71.0",,,"23","29","50",,"3.1",,,,,,"19.6",,"0",,"185",,,,,,"58.5",,,,,,,,,,,,,,"0.45","30","10",,,
"1","신안","성인","출장","59","관리자","참가","20250211","F","147.4","54.9","42",,"61","134","18.2","14.2",,,"10.7",,,,,,"25.3","0",,,,,,,,,"33.2",,,,,,,,"94","32.7",,,"0.38","0.292",,,,,,
"1","신안","성인","출장","63","관리자","참가","20250211","F","149.7","57.2","38.8",,"62","124","14.4","17.1",,,"11.2",,,,,,"25.5","0",,,,,,,,,"29.9",,,,,,,,"100","30.9",,,"0.529","0.299",,,,,,
"1","구미","어르신","일반","70","관리자","참가","20250211","M","170.1","80.5","31.6","99.9","74","156","33","32.7",,,"-6",,,,,,"27.8",,,,,"26",,"130","5.6","23.54","41.0",,,,,,,,,,,,,,,,,,,"33.0"
"1","신안","성인","출장","60","관리자","3등급","20250211","F","164.2","66","31",,"74","151","27.2","31.8",,,"21.3",,,,,,"24.5","10",,,,,,,,,"48.2",,,,,,,,"51","36.7",,,"0.409","0.498",,,,,,
"1","부천","유소년","일반","12","관리자","2등급","20250211","F","155.3","40.3",,"69.0",,,"22","22.5","75",,"9.5",,,,,,"16.7",,"136",,"165",,,,,,"55.8",,,,,,,,,,,,,,"0.44","34","7",,,
"5","안산","어르신","일반","76","관리자","3등급","20250211","M","162.1","74.7","28.9","96","79","147","31","33.6",,,"4",,,,,,"28.4",,,,,"28",,"106","6.07","25.08","45.0",,,,,,,,,,,,,,,,,,,"33.6"
"3","신안","성인","출장","59","관리자","참가","20250211","F","159.1","64.4","34",,"82","137","26.6","28.7",,,"24.8",,,,,,"25.4","10",,,,,,,,,"44.6",,,,,,,,"78","33.5",,,"0.521","0.378",,,,,,
"3","신안","성인","출장","47","관리자","참가","20250211","F","160","55.6","28.2",,"67","141","24.2","20.5",,,"9.9",,,,,,"21.7","15",,,,,,,,,"43.5",,,,,,,,"103","34.9",,,"0.587","0.342",,,,,,
"1","KSPO대구","청소년","일반","17","관리자","2등급","20250211","F","168.3","55.7","25","71","69","123","22.3","23.7",,"34","15.6","21.6","0.471","50.325","20","51.245","19.7",,,,,,,,,,"42.5",,,,,,,,"139","40.5",,,,,,,,,,
"1","부천","유소년","일반","11","관리자","2등급","20250211","F","144.7","46.7",,"74.8",,,"15.1","19.3","30",,"17.0",,,,,,"22.3",,"105",,"130",,,,,,"41.3",,,,,,,,,,,,,,"0.52","36","6",,,
"1","오산","어르신","일반","68","관리자","3등급","20250211","F","146.1","46.7","36","77.8","83","151","20","21.5",,,"11.3",,,,,,"21.9",,,,,"30",,"120","5.44","21","46.0",,,,,,,,,,,,,,,,,,,"21.5"
"5","안산","어르신","일반","76","관리자","참가","20250211","M","166.2","76.7","40.2","96","68","114","26.7","25.7",,,"-5.5",,,,,,"27.8",,,,,"23",,"70","7.9","29.7","34.8",,,,,,,,,,,,,,,,,,,"26.7"
"3","신안","어르신","출장","65","관리자","참가","20250211","F","153.2","62.9","39.6",,"92","142","24.8","28.8",,,"18.5",,,,,,"26.8",,,,,"16",,"120","7.2","30.1","45.8",,,,,,,,,,,,,,,,,,,"28.8"
"1","KSPO대구","청소년","일반","15","관리자","3등급","20250211","M","170.8","56.9","17.9","69","91","148","34.1","39.5","36",,"17.4","17.31","0.558","40.124","10","40.584","19.5",,"45",,,,,,,,"69.4",,"44.9",,,,,,,,,,,,,,,,,
"1","부천","유소년","일반","11","관리자","참가","20250211","M","144.8","42.7",,"72.0",,,"18.9","16.2","19",,"-9.0",,,,,,"20.4",,"105",,"135",,,,,,"44.3",,,,,,,,,,,,,,"0.50","37","12",,,
"1","오산","어르신","일반","76","관리자","2등급","20250211","M","159.9","60.9","32.4","90.7","71","153","29.2","31.5",,,"5.3",,,,,,"23.8",,,,,"20",,"118","6.32","24.87","51.7",,,,,,,,,,,,,,,,,,,"31.5"
"3","신안","성인","출장","64","관리자","참가","20250211","F","158.2","67.3","34.6",,"84","132","22.2","17.2",,,"13.3",,,,,,"26.9","0",,,,,,,,,"33.0",,,,,,,,"115","27.3",,,"0.447","0.345",,,,,,
"1","포항","청소년","일반","18","관리자","2등급","20250211","M","182.8","83.9","15.5",,"77","134","42.2","48.7",,"53","19.1","16.89","0.564","51.227","13","51.825","25.1",,"51",,,,,,,,"58.0",,"43.4",,,,,,,,,,,,,,,,,
"2","충주","성인","일반","62","관리자","3등급","20250211","M","174.9","83.4","24.2","96","81","135","43.7","44.3",,,"6.6",,,,,,"27.3","32",,,"174",,,,,,"53.1",,,,,,,,"108","34.4",,,"0.329",,,,,,,
"2","충주","성인","일반","47","관리자","3등급","20250211","F","167.4","64.2","32.7","82","47","102","29.5","32.5",,,"13.2",,,,,,"22.9","23",,,"157",,,,,,"50.6",,,"78","118","148",,"32.3",,,,,"0.491",,,,,,,
"1","충주","성인","일반","35","관리자","3등급","20250211","F","158","59","35.4","76","80","131","25.1","27",,,"15.6",,,,,,"23.6","20",,,"131",,,,,,"45.8",,,"97","126","145",,"35.5",,,,,"0.451",,,,,,,
"1","안산","성인","일반","56","관리자","참가","20250211","F","164","69.9","37.2","81.4","73","121","29","30.3",,,"10.3",,,,,,"26.0","16",,,"142",,,,,,"43.3",,,"60","100","133",,"30.6",,,,,"0.453",,,,,,,
"2","달서","성인","일반","20","관리자","3등급","20250211","M","173.4","65.9","16.6","78.4","62","122","37.9","37.9",,,"12.9",,,,,,"21.9","44",,,"236",,,,,,"57.5",,,,,,,,"90","51.2",,,"0.305",,,,,,,
"1","오산","성인","일반","37","관리자","1등급","20250211","F","164.3","49.3","26.7","71.5","65","118","22.7","26.9",,,"23.3",,,,,,"18.3","31",,,,,,,,,"54.6",,,"85","125","149",,"37.8",,,,,"0.390","0.453",,,,,,
"1","부천","유소년","일반","11","관리자","3등급","20250211","M","146.2","41.4",,"64.8",,,"17.6","20.3","80",,"7.5",,,,,,"19.4",,"152",,"175",,,,,,"49.0",,,,,,,,,,,,,,"0.44","41","9",,,
"1","오산","성인","일반","41","관리자","3등급","20250211","M","175.4","75.9","18","82.5","65","109","38.4","40.5",,,"5.9",,,,,,"24.7","51",,"10.22","228",,,,,,"53.4",,,"104","124","147","173","36.9",,,,,,,,,,,,
"1","강북","성인","일반","51","관리자","참가","20250211","F","156.3","54.4","32.3","74.4","78","117","26.9","27.7",,,"10",,,,,,"22.3","25",,,,,,,,,"50.9",,,,,,,,"152","28.1",,,"0.440","0.350",,,,,,
"2","포항","성인","일반","19","관리자","2등급","20250211","M","178","69.4","20.1",,"93","154","35.1","43.8",,,"16.1",,,,,,"21.9","52",,,"230",,,,,,"63.1",,,"98","129","120","121","57.8",,,,,"0.301",,,,,,,
"1","목포","성인","일반","51","관리자","참가","20250211","F","160.2","70.7","38.7","88","88","150","19.3","17.7",,,"14.97",,,,,,"27.5","4","12",,,,,,,,"27.3",,"27.5",,,,,,,,,,"0.400","0.377",,,,,,
"1","중구(서울)","성인","출장","32","관리자","참가","20250211","M","180.6","76.8","25.1",,"77","125","32.1","32.2",,,"-10.8",,,,,,"23.5","17",,,,,,,,,"41.9",,,,,,,,"124","41.4",,,"0.466","0.496",,,,,,
"1","중구(서울)","성인","출장","22","관리자","참가","20250211","F","165.5","68.7","41.4",,"65","121","23.3","25.2",,,"13.5",,,,,,"25.1","9",,,,,,,,,"36.7",,,,,,,,"133","33.2",,,"0.586","0.358",,,,,,
"2","광주","성인","일반","49","관리자","참가","20250211","F","160.2","59.4","33.2",,"84","132","24.5","24.6",,,"12",,,,,,"23.1","4",,,"68",,,,,,"41.4",,,"84","111","148",,"31.6",,,,,"0.370",,,,,,,
"2","광주","성인","일반","31","관리자","2등급","20250211","M","172.7","87.3","19.6",,"83","144","51.7","58.1",,,"18.9",,,,,,"29.3","60","65",,"211",,,,,,"66.6",,"44.9",,,,,,,,,,"0.326",,,,,,,
"1","KSPO송파별관(어르신)","어르신","일반","70","관리자","1등급","20250211","F","162","60.4","23.1",,"70","124","24.7","24.7",,,"19",,,,,,"23.0",,,,,"24",,"115","4.992","19.31","40.9",,,,,,,,,,,,,,,,,,,"24.7"
"4","오산","성인","일반","24","관리자","3등급","20250211","F","163","48.2","29.4","70.2","54","101","18.7","23.4",,,"20.1",,,,,,"18.1","31",,,,,,,,,"48.5",,,,,,,,"134","37.5",,,"0.441","0.403",,,,,,
"1","익산","성인","출장","55","관리자","참가","20250211","F","155","70.3","42.7",,"73","124","25.8","26.1",,,"12.5",,,,,,"29.3","13","7",,"108",,,,,,"37.1",,"25.8",,,,,,,,,,"0.481",,,,,,,
"2","익산","성인","출장","55","관리자","참가","20250211","F","162.6","63.8","34.3",,"80","122","22.2","31.2",,,"7.5",,,,,,"24.1","22","18",,"117",,,,,,"48.9",,"30.3",,,,,,,,,,"0.538",,,,,,,
"1","목포","성인","일반","60","관리자","참가","20250211","M","174.6","75.5","25.7","97.6","97","135","35.4","38.4",,,"-0.1",,,,,,"24.8","15","11","14.44","126",,,,,,"50.9",,"31.6",,,,,,,,,,,,,,,,,
"1","오산","성인","일반","23","관리자","참가","20250211","M","181.6","73.7","11.3","83.2","65","130","45.6","52.7",,,"4.2",,,,,,"22.3","49",,,,,,,,,"71.5",,,"82","121","126","165","48.3",,,,,"0.325","0.663",,,,,,
"1","익산","성인","출장","53","관리자","참가","20250211","F","161.5","61.9","28.8",,"82","121","15.7","20.4",,,"17",,,,,,"23.7","29","11",,"110",,,,,,"33.0",,"28.5",,,,,,,,,,"0.591",,,,,,,
"2","마포","어르신","일반","67","관리자","2등급","20250211","M","171.3","83.7","23.2",,"77","140","56.6","54.9",,,"8.1",,,,,,"28.5",,,,,"25",,"117","4.76","20.16","67.6",,,,,,,,,,,,,,,,,,,"56.6"
"1","익산","성인","출장","53","관리자","참가","20250211","F","154.8","58.7","36.3",,"82","120","17","10.1",,,"7.5",,,,,,"24.5","11","17",,"110",,,,,,"29.0",,"30.8",,,,,,,,,,"0.523",,,,,,,
"2","익산","성인","출장","55","관리자","참가","20250211","F","160.8","64.9","36.3",,"73","128","22.7","24.6",,,"-2",,,,,,"25.1","3","18",,"100",,,,,,"37.9",,"30.1",,,,,,,,,,"0.397",,,,,,,
"1","익산","성인","출장","55","관리자","참가","20250211","M","156.6","61.7","34.8",,"78","128","24.2","26.4",,,"-3",,,,,,"25.2","30","15",,"165",,,,,,"42.8",,"35.4",,,,,,,,,,"0.379",,,,,,,
"1","익산","성인","출장","55","관리자","참가","20250211","M","172","86.5","30.1",,"91","135","50.7","48.1",,,"-4",,,,,,"29.2","30","21",,"205",,,,,,"58.6",,"32.8",,,,,,,,,,"0.440",,,,,,,
"1","익산","성인","출장","54","관리자","참가","20250211","F","162.9","56","30.8",,"76","119","15.8","15.1",,,"1.6",,,,,,"21.1","14","15",,"110",,,,,,"28.2",,"30.7",,,,,,,,,,"0.451",,,,,,,
"6","오산","어르신","일반","79","관리자","참가","20250211","M","160.8","65.2","35.3","89.6","82","136","23.8","20.9",,,"3.1",,,,,,"25.2",,,,,"18",,"120","6.25","26.57","36.5",,,,,,,,,,,,,,,,,,,"23.8"
"1","익산","성인","출장","50","관리자","참가","20250211","M","172.4","69.4","15.3",,"70","123","41.8","45.4",,,"-1",,,,,,"23.3","38","51",,"205",,,,,,"65.4",,"42.7",,,,,,,,,,"0.38",,,,,,,
"1","익산","성인","출장","56","관리자","1등급","20250211","M","171","72.7","20.2",,"82","122","46.3","40",,,"26",,,,,,"24.9","40","35",,"195",,,,,,"63.7",,"38.1",,,,,,,,,,"0.469",,,,,,,
"1","강북","성인","일반","50","관리자","참가","20250211","F","149.3","53.50","24.5","76.1","76","113","26.8","20.3",,,"14.8",,,,,,"24.0","28",,,"154",,,,,,"50.1",,,,,,,,"147","28.5",,,"0.372",,,,,,,
"2","마포","어르신","일반","71","관리자","2등급","20250211","M","169.3","65.8","16.3",,"83","150","41.8","49.1",,,"6.9",,,,,,"23.0",,,,,"28",,"139","4.60","19.56","74.6",,,,,,,,,,,,,,,,,,,"49.1"
"1","나주","성인","일반","19","관리자","참가","20250211","M","179.6","88.2","24.6","92","81","137","45.6","47.7",,,"15.4",,,,,,"27.3","39",,,"231",,,,,,"54.1",,,"84","136","155","172","42.6",,,,,"0.414",,,,,,,
"3","KSPO송파","성인","일반","60","관리자","참가","20250211","F","166.4","60.9","28.3","69.8","83","123","29.3","31.7",,,"25.8",,,,,,"22.0","5",,,"136",,,,,,"52.1",,,"85","110","139",,"31.4",,,,,"0.34",,,,,,,
"4","전주","성인","일반","19","관리자","참가","20250211","M","169.2","83.5","29.6","99.5","92","139","37.9","36.5",,,"9.2",,,,,,"29.2","33","35",,"179",,,,,,"45.4",,"39.5",,,,,,,,,,"0.352",,,,,,,
"1","오산","성인","일반","63","관리자","참가","20250211","F","155.5","60.5","39","84.6","82","147","23.2","30.5",,,"10",,,,,,"25.0","2",,,,,,,,,"50.4",,,"93","121","144",,"29.8",,,,,"0.464","0.365",,,,,,
"2","KSPO송파","성인","일반","56","관리자","2등급","20250211","F","156.2","60.7","33.5","73.4","89","159","24.9","26.8",,,"29.7",,,,,,"24.9","22",,,"154",,,,,,"44.2",,,,,,,,"117","29.9",,,"0.323",,,,,,,
"2","창원","성인","일반","20","관리자","참가","20250211","M","177.1","73.8","30.6","76","73","129","31.9","31.9",,,"14.1",,,,,,"23.5","33",,,,,,,,,"43.2",,,,,,,,"155","40.1",,,"0.401","0.502",,,,,,
"1","익산","성인","출장","54","관리자","참가","20250211","F","162.3","85.7","49",,"78","119","27.6","29.3",,,"7.3",,,,,,"32.5","19","9",,"92",,,,,,"34.2",,"24.1",,,,,,,,,,"0.611",,,,,,,
"1","익산","성인","출장","49","관리자","참가","20250211","M","171.4","84.1","31.1",,"78","126","40.4","41.3",,,"-1.5",,,,,,"28.6","15","15",,"165",,,,,,"49.1",,"32.3",,,,,,,,,,"0.453",,,,,,,
"1","익산","성인","출장","55","관리자","참가","20250211","M","178.5","87.1","31.4",,"83","124","41.9","36.9",,,"8",,,,,,"27.3","23","24",,"189",,,,,,"48.1",,"33.3",,,,,,,,,,"0.446",,,,,,,
"1","익산","성인","출장","48","관리자","참가","20250211","F","161.4","51.2","28.3",,"80","121","24.3","23.2",,,"2.3",,,,,,"19.7","25","17",,"100",,,,,,"47.5",,"32.3",,,,,,,,,,"0.585",,,,,,,
"1","익산","성인","출장","53","관리자","참가","20250211","F","156.4","54","35.4",,"80","122","20.7","27.7",,,"-4.2",,,,,,"22.1","2","14",,"120",,,,,,"51.3",,"30.6",,,,,,,,,,"0.424",,,,,,,
"1","익산","성인","출장","55","관리자","3등급","20250211","F","159.2","59.4","31.7",,"78","119","23.4","22.7",,,"13",,,,,,"23.4","24","26",,"135",,,,,,"39.4",,"33.4",,,,,,,,,,"0.547",,,,,,,
"1","익산","성인","출장","54","관리자","참가","20250211","F","157.7","62.9","33.7",,"81","120","23.2","25.4",,,"18.5",,,,,,"25.3","23","12",,"135",,,,,,"40.4",,"28.6",,,,,,,,,,"0.524",,,,,,,
"1","익산","성인","출장","55","관리자","2등급","20250211","F","167.6","59.8","31.8",,"80","120","23.8","28.8",,,"20",,,,,,"21.3","17","21",,"147",,,,,,"48.2",,"32.0",,,,,,,,,,"0.51",,,,,,,
"1","익산","성인","출장","55","관리자","참가","20250211","M","165.2","74.3","30.5",,"78","118","33","34.9",,,"5",,,,,,"27.2","27","29",,"158",,,,,,"47.0",,"36.6",,,,,,,,,,"0.558",,,,,,,
"1","익산","성인","출장","55","관리자","참가","20250211","F","162.1","57.4","31.5",,"80","121","23.5","25.4",,,"5.5",,,,,,"21.8","25","17",,"150",,,,,,"44.3",,"31.0",,,,,,,,,,"0.55",,,,,,,
"1","익산","성인","출장","55","관리자","참가","20250211","M","164.5","73.3","25.7",,"81","124","35.4","37.5",,,"-0.8",,,,,,"27.1","25","19",,"185",,,,,,"51.2",,"34.4",,,,,,,,,,"0.424",,,,,,,
"1","익산","성인","출장","55","관리자","2등급","20250211","F","158.7","50.5","28.7",,"81","120","23.3","24.2",,,"17.5",,,,,,"20.1","22","14",,"136",,,,,,"47.9",,"31.2",,,,,,,,,,"0.652",,,,,,,
"5","증평","어르신","일반","67","관리자","2등급","20250211","M","172.7","73.6","24.2","88.2","75","138","44.5","37.5",,,"10.1",,,,,,"24.7",,,,,"31",,"126","4.28","18.13","60.5",,,,,,,,,,,,,,,,,,,"44.5"
"1","양평","어르신","일반","79","관리자","2등급","20250211","M","160.5","61.9","34.2",,"72","131","30.7","30.7",,,"12.2",,,,,,"24.0",,,,,"18",,"102","6.22","23.87","49.6",,,,,,,,,,,,,,,,,,,"30.7"
"1","익산","성인","출장","49","관리자","3등급","20250211","M","166.5","72.2","24.6",,"76","123","48.1","51",,,"5",,,,,,"26.0","40","37",,"200",,,,,,"70.6",,"39.3",,,,,,,,,,"0.489",,,,,,,
"1","익산","성인","출장","49","관리자","참가","20250211","M","168.1","73","29.4",,"79","129","40","37.8",,,"-2",,,,,,"25.8","30","34",,"200",,,,,,"54.8",,"38.4",,,,,,,,,,"0.534",,,,,,,
"2","마포","어르신","일반","67","관리자","참가","20250211","M","168.6","75.7","35.7",,"86","157","39.4","46",,,"-3.2",,,,,,"26.6",,,,,"27",,"146","3.86","17.92","60.8",,,,,,,,,,,,,,,,,,,"46.0"
"2","나주","어르신","일반","65","관리자","참가","20250211","M","160.5","64.5","19.6","87","67","133","29","33",,,"10.4",,,,,,"25.0",,,,,"20",,"93","5.38","21.98","51.2",,,,,,,,,,,,,,,,,,,"33.0"
"1","연제","성인","일반","19","관리자","3등급","20250211","M","164.5","67.5","24.4",,"72","121","41.1","42.1",,,"8.9",,,,,,"24.9","42",,"11.0","215",,,,,,"62.4",,,,,,,,"107","47.9",,,,,,,,,,
"1","양평","청소년","일반","18","관리자","참가","20250211","M","177.2","92.1","24.2",,"73","134","47.2","54.2","22",,"13.7","19","0.584","54.626","7","54.948","29.3",,"50",,,,,,,,"58.8",,"41.0",,,,,,,,,,,,,,,,,
"1","고양","어르신","일반","77","관리자","2등급","20250211","M","172.2","74.3","24.2",,"86","149","34.7","36.7",,,"10.7",,,,,,"25.1",,,,,"26",,"99","5.90","23","49.4",,,,,,,,,,,,,,,,,,,"36.7"
"3","KSPO아산","어르신","일반","66","관리자","1등급","20250211","M","160.9","54.2","20.0","89.7","80","142","33.8","34.8",,,"11.7",,,,,,"20.9",,,,,"26",,"140","4.14","17.63","64.2",,,,,,,,,,,,,,,,,,,"34.8"
"1","익산","성인","출장","55","관리자","참가","20250211","F","160.1","62.8","37.7",,"74","124","26","25.8",,,"8",,,,,,"24.5","5","15",,"115",,,,,,"41.4",,"29.5",,,,,,,,,,"0.444",,,,,,,
"1","익산","성인","출장","55","관리자","참가","20250211","F","156.3","63.9","35.6",,"78","128","26.7","24",,,"10",,,,,,"26.2","15","20",,"136",,,,,,"41.8",,"30.8",,,,,,,,,,"0.588",,,,,,,
"1","익산","성인","출장","54","관리자","참가","20250211","M","179.2","76.9","25",,"84","125","35.6","39.3",,,"-14",,,,,,"23.9","20","21",,"173",,,,,,"51.1",,"34.2",,,,,,,,,,"0.472",,,,,,,
"1","익산","성인","출장","53","관리자","참가","20250211","M","167.8","74.9","33.7",,"76","126","37.7","42.4",,,"0.5",,,,,,"26.6","27","25",,"180",,,,,,"56.6",,"35.7",,,,,,,,,,"0.467",,,,,,,
"2","익산","성인","출장","56","관리자","참가","20250211","F","153.4","53.1","40.9",,"80","124","20.8","20.7",,,"-16",,,,,,"22.6","15","17",,"106",,,,,,"39.2",,"31.5",,,,,,,,,,"0.721",,,,,,,
"1","사천","성인","일반","50","관리자","2등급","20250211","F","165.3","55.8","26.7","76.8","81","130","24.2","28",,,"27.3",,,,,,"20.4","30",,,,,,,,,"50.2",,,,,,,,"111","33.9",,,"0.371","0.403",,,,,,
"1","중구(서울)","성인","출장","20","관리자","참가","20250211","F","160.4","67.2","37.2",,"84","132","26.2","24.2",,,"1",,,,,,"26.1","17",,,,,,,,,"39.0",,,,,,,,"127","34.2",,,"0.425","0.422",,,,,,
"1","익산","성인","출장","53","관리자","참가","20250211","M","177.4","95.8","33.1",,"80","123","38.4","48.7",,,"-9.5",,,,,,"30.4","26","26",,"204",,,,,,"50.8",,"32.7",,,,,,,,,,"0.471",,,,,,,
"3","익산","성인","출장","55","관리자","참가","20250211","F","159.2","55.8","34.1",,"80","124","25.1","28.7",,,"9",,,,,,"22.0","27","21",,"135",,,,,,"51.4",,"32.4",,,,,,,,,,"0.451",,,,,,,
"2","강릉","성인","일반","23","관리자","참가","20250211","M","169.6","77","26.9","90.3","82","128","46.9","41.1",,,"-5.8",,,,,,"26.8","34",,,"169",,,,,,"60.9",,,"85","119","139","168","43.3",,,,,"0.315",,,,,,,
"1","부천","성인","일반","62","관리자","3등급","20250211","M","173.7","70.1","20.9",,"90","148","32.7","39.3",,,"2.5",,,,,,"23.2","30",,,"161",,,,,,"56.1",,,"69","99","115","134","41.3",,,,,"0.357",,,,,,,
"1","구미","성인","일반","23","관리자","2등급","20250211","F","157.1","49.7","27.5","75.5","71","135","20.6","23",,,"23.1",,,,,,"20.1","42",,,"193",,,,,,"46.3",,,,,,,,"132","37.0",,,"0.376",,,,,,,
"2","익산","성인","출장","46","관리자","참가","20250211","M","177.5","83.8","28.4",,"82","125","29.7","32.8",,,"-17.5",,,,,,"26.6","23","31",,"187",,,,,,"39.1",,"36.2",,,,,,,,,,"0.648",,,,,,,
"1","성남","성인","일반","22","관리자","참가","20250211","F","165.1","49.3","23.3",,"79","118","13","22.4",,,"4.5",,,,,,"18.1","12",,,,,,,,,"45.4",,,,,,,,"104","41.5",,,"0.380","0.436",,,,,,
"1","중구(서울)","성인","출장","26","관리자","참가","20250211","F","149.5","49.4","27.9",,"59","113","22.5","25.1",,,"23.1",,,,,,"22.1","15",,,,,,,,,"50.8",,,,,,,,"106","38.9",,,"0.460","0.443",,,,,,
"1","익산","성인","출장","55","관리자","2등급","20250211","M","164.5","69.9","25.7",,"76","126","34.6","41.9",,,"12.2",,,,,,"25.8","38","44",,"194",,,,,,"59.9",,"40.8",,,,,,,,,,"0.387",,,,,,,
"1","달서","성인","일반","55","관리자","2등급","20250211","F","149.9","57.5","36.9","86.5","81","117","23.7","27",,,"16.2",,,,,,"25.6","15",,,"135",,,,,,"47.0",,,,,,,,"117","30.3",,,"0.377",,,,,,,
"1","익산","성인","출장","55","관리자","참가","20250211","F","163.3","63.8","32.1",,"74","124","15.8","17.2",,,"13.3",,,,,,"23.9","26","26",,"140",,,,,,"27.0",,"32.8",,,,,,,,,,"0.596",,,,,,,
"2","서구(대전)","성인","일반","19","관리자","참가","20250211","M","161.7","62.2","23.1",,"61","102","41.7","40.2",,,"9.5",,,,,,"23.8","36",,,"142",,,,,,"67.0",,,,,,,,"107","48.8",,,"0.222",,,,,,,
"1","익산","성인","출장","55","관리자","참가","20250211","F","153.5","63","40",,"78","128","20.7","22.1",,,"9.5",,,,,,"26.7","21","17",,"110",,,,,,"35.1",,"30.0",,,,,,,,,,"0.589",,,,,,,
"3","익산","성인","출장","55","관리자","참가","20250211","F","160.6","55.2","35.7",,"76","123","20.3","22.2",,,"3.5",,,,,,"21.4","10","10",,"110",,,,,,"40.2",,"29.2",,,,,,,,,,"0.75",,,,,,,
"1","KSPO대구","성인","일반","23","관리자","참가","20250211","M","169.5","52.3","22","66","78","111","26.2","21.8",,,"-13.2",,,,,,"18.2","20",,"14.3","165",,,,,,"50.1",,,,,,,,"110","50.2",,,,,,,,,,
"1","사하","성인","일반","21","관리자","3등급","20250211","M","177.1","70.8","18","83.5","88","141","35.5","42.1",,,"15.2",,,,,,"22.6","49",,,,,,,,,"59.5",,,,,,,,"128","44.5",,,"0.280","0.551",,,,,,
"15","북구(광주)","성인","일반","32","관리자","1등급","20250211","M","185.1","78.6","20.2","85.5","76","132","48.8","52.7",,,"21.2",,,,,,"22.9","54",,"10",,,,,,,"67.0",,,,,,,,"111","43.2",,,,"0.651",,,,,,
"1","춘천","성인","일반","19","관리자","참가","20250211","M","175.4","78.5","18.5","86.5","69","139","51.4","49.2",,,"1.5",,,,,,"25.5","42","41","10.88",,,,,,,"65.5",,"41.5",,,,,,,,,,,"0.580",,,,,,
"1","북구(광주)","성인","일반","32","관리자","참가","20250211","M","170.7","111.9","35.0","118","76","131","50.1","50.7",,,"-0.3",,,,,,"38.4","11",,"11.07",,,,,,,"45.3",,,,,,,,"124","32.8",,,,"0.600",,,,,,
"7","KSPO대구","성인","일반","23","관리자","3등급","20250211","M","171","77.6","23.3","90.6","73","126","40.3","43.9",,,"11.5",,,,,,"26.5","59",,"10.2","223",,,,,,"56.6",,,,,,,,"89","47.8",,,,,,,,,,
"6","안산","어르신","일반","73","관리자","3등급","20250211","F","148.7","58.5","33.1","84","104","194","22.1","25.4",,,"11.2",,,,,,"26.5",,,,,"36",,"120","5.78","21.37","43.4",,,,,,,,,,,,,,,,,,,"25.4"
"6","안산","어르신","일반","79","관리자","3등급","20250211","M","168.6","73.9","30.6","87","74","138","22.1","30.3",,,"1.4",,,,,,"26.0",,,,,"33",,"119","4.96","22.93","41.0",,,,,,,,,,,,,,,,,,,"30.3"
"6","부천","어르신","일반","79","관리자","2등급","20250211","M","169.0","67.4","28.2",,"70","110","31.3","30.3",,,"3.5",,,,,,"23.6",,,,,"24",,"100","4.96","22.97","46.4",,,,,,,,,,,,,,,,,,,"31.3"
"1","서구(광주)","성인","일반","33","관리자","참가","20250211","M","179","89.2","28.8","90","87","148","56.3","59.6",,,"12.5",,,,,,"27.8","36",,,"213",,,,,,"66.8",,,"91","118","147",,"35.8",,,,,"0.363",,,,,,,
"6","수원","어르신","일반","80","관리자","3등급","20250211","M","171.4","69","27.7","84","49","135","36.2","40.3",,,"-0.6",,,,,,"23.5",,,,,"18",,"99","5","23","58.4",,,,,,,,,,,,,,,,,,,"40.3"
"2","KSPO송파별관(어르신)","어르신","일반","65","관리자","1등급","20250211","F","160.1","59.1","30",,"82","142","22.7","24.7",,,"21.6",,,,,,"23.1",,,,,"27",,"150","5.24","20.72","41.8",,,,,,,,,,,,,,,,,,,"24.7"
"8","KSPO송파별관(어르신)","어르신","일반","76","관리자","3등급","20250211","M","162.5","55.5","27",,"65","143","32.6","33.9",,,"0.6",,,,,,"21.0",,,,,"21",,"114","5.28","21.94","61.1",,,,,,,,,,,,,,,,,,,"33.9"
"1","중구(서울)","성인","출장","32","관리자","3등급","20250211","M","170.7","68.8","17.3",,"83","153","50.6","43.1",,,"11.3",,,,,,"23.6","37",,,,,,,,,"73.5",,,,,,,,"126","42.1",,,"0.37","0.549",,,,,,
"1","KSPO송파","성인","일반","20","관리자","참가","20250211","M","190.2","95","13.6","88","71","137","59.5","53",,,"5.5",,,,,,"26.3","57",,,,,,,,,"62.6",,,"104","129","144","166","41.6",,,,,"0.367","0.559",,,,,,
"3","서대문","성인","일반","23","관리자","1등급","20250211","F","168.6","59.9","27.8",,"62","103","32.8","28.3",,,"20.9",,,,,,"21.1","36",,"11.38",,,,,,,"54.8",,,"89","117","145",,"37.8",,,,,,"0.516",,,,,,
"1","서대문","어르신","일반","70","관리자","3등급","20250211","M","166.7","70.0","26.8",,"63","127","36.6","38.3",,,"1.3",,,,,,"25.2",,,,,"27",,"130","4.61","22.60","54.7",,,,,,,,,,,,,,,,,,,"38.3"
"1","중구(서울)","성인","출장","27","관리자","3등급","20250211","F","163.1","50.9","29.6",,"62","107","24.8","27.2",,,"17.2",,,,,,"19.1","29",,,,,,,,,"53.4",,,,,,,,"113","38.9",,,"0.434","0.425",,,,,,
"4","서구(대전)","성인","일반","19","관리자","3등급","20250211","M","184.8","84.3","17.4",,"60","147","43","52.2",,,"13.1",,,,,,"24.7","46","44",,"234",,,,,,"61.9",,"41.1",,,,,,,,,,"0.295",,,,,,,
"1","중구(서울)","성인","출장","25","관리자","참가","20250211","M","180","64.8","19.9",,"92","142","35.1","33.3",,,"8.4",,,,,,"20.0","33",,,,,,,,,"54.2",,,,,,,,"147","42.3",,,"0.384","0.517",,,,,,
"1","익산","성인","출장","55","관리자","참가","20250211","M","166.1","73.6","24.2",,"80","130","44.3","47.4",,,"5",,,,,,"26.7","20","21",,"195",,,,,,"64.4",,"34.8",,,,,,,,,,"0.427",,,,,,,
"1","강북","성인","일반","22","관리자","참가","20250211","F","166.9","55.00","22.5","64.3","83","115","27.4","30.5",,,"16.8",,,,,,"19.7","20",,,"169",,,,,,"55.5",,,"83","118","144",,"39.6",,,,,"0.352",,,,,,,
"1","신안","성인","출장","63","관리자","참가","20250211","F","156.3","60.3","34.6",,"70","138","21.6","27.2",,,"25.6",,,,,,"24.7","0",,,,,,,,,"45.1",,,,,,,,"95","31.4",,,"0.521","0.311",,,,,,
"1","익산","성인","출장","55","관리자","참가","20250211","M","180.7","93.1","24",,"85","121","45.3","50.6",,,"-12",,,,,,"28.5","32","21",,"206",,,,,,"54.4",,"31.7",,,,,,,,,,"0.474",,,,,,,
"4","신안","성인","출장","63","관리자","3등급","20250211","F","149.8","60.7","31.9",,"73","153","24.3","20.9",,,"13.5",,,,,,"27.0","11",,,,,,,,,"40.0",,,,,,,,"98","30.3",,,"0.511","0.327",,,,,,
"2","익산","성인","출장","55","관리자","참가","20250211","M","180.7","93.1","24",,"85","121","45.3","50.6",,,"-12",,,,,,"28.5","32","21",,"206",,,,,,"54.4",,"31.7",,,,,,,,,,"0.474",,,,,,,
"4","부천","어르신","일반","69","관리자","3등급","20250211","F","157.1","61.3","33.8",,"77","146","25.1","21.7",,,"12.5",,,,,,"24.8",,,,,"17",,"91","6.25","24.18","40.9",,,,,,,,,,,,,,,,,,,"25.1"
"3","동구(광주)","성인","일반","25","관리자","참가","20250211","M","177","94.7","34.1","90","76","121","38.5","37.3",,,"13.2",,,,,,"30.2","34","38",,,,,,,,"40.7",,"37.9",,,,,,,,,,"0.39","0.489",,,,,,
"4","신안","성인","출장","63","관리자","참가","20250211","F","160.5","63.6","29.3",,"63","134","22.8","27.9",,,"15.2",,,,,,"24.7","0",,,,,,,,,"43.9",,,,,,,,"112","28.9",,,"0.202","0.286",,,,,,
"6","신안","성인","출장","64","관리자","참가","20250211","F","145.8","60","41",,"80","151","21.6","26.6",,,"18.4",,,,,,"28.2","20",,,,,,,,,"44.3",,,,,,,,"128","26.3",,,"0.424","0.351",,,,,,
"1","순천","성인","출장","61","관리자","참가","20250211","M","169.8","67.5","17.9","81.6","70","110","29.8","40.5",,,"16.2",,,,,,"23.4","32",,,,,,,,,"60.0",,,,,,,,"156","30.7",,,"0.441","0.539",,,,,,
"1","수원","성인","일반","38","관리자","참가","20250211","F","162.2","69.8","41.9","85","92","134","25","27.9",,,"8.1",,,,,,"26.5","11",,,"130",,,,,,"40.0",,,,,,,,"137","29.2",,,"0.573",,,,,,,
"1","충주","성인","일반","19","관리자","참가","20250211","M","163.8","57.2","15.8","75","69","109","41.3","42.5",,,"-4.5",,,,,,"21.3","38",,,,,,,,,"74.3",,,,,,,,"105","50.4",,,"0.324","0.536",,,,,,
"1","수원","성인","일반","19","관리자","참가","20250211","M","180","90.1","23.8","87","57","134","49.5","58",,,"-1.7",,,,,,"27.8","29",,,"222",,,,,,"64.4",,,,,,,,"104","44.5",,,"0.352",,,,,,,
"1","마포","어르신","일반","70","관리자","2등급","20250211","M","171.3","70.5","21.9",,"71","150","41.3","42.2",,,"7.1",,,,,,"24.0",,,,,"23",,"144","4.59","20.85","59.9",,,,,,,,,,,,,,,,,,,"42.2"
"1","수원","성인","일반","19","관리자","2등급","20250211","M","181.7","72.5","8.6","80","65","111","54.5","60.3",,,"20.8",,,,,,"22.0","54",,,"273",,,,,,"83.2",,,,,,,,"113","47.2",,,"0.327",,,,,,,
"2","KSPO아산","성인","일반","60","관리자","2등급","20250211","M","175.7","76.5","26.3","97.5","92","155","38.6","41",,,"16.9",,,,,,"24.8","40",,"13.7",,,,,,,"53.6",,,"102","120","139","155","35.0",,,,,,"0.476",,,,,,
"1","성동","성인","일반","27","관리자","3등급","20250211","F","160.8","53.6","32.2",,"85","125","24.9","25",,,"15.5",,,,,,"20.7","41",,,"156",,,,,,"46.6",,,,,,,,"155","32.8",,,"0.311",,,,,,,
"3","목포","성인","일반","55","관리자","참가","20250211","M","166.1","76","29.8","97.1","91","158","30.5","45.3",,,"3.9",,,,,,"27.5","29","18","13.67",,,,,,,"59.6",,"33.8",,,,,,,,,,,"0.390",,,,,,
"1","성동","성인","일반","27","관리자","2등급","20250211","F","167.3","51.5","26.4",,"80","130","23.6","26.9",,,"17.1",,,,,,"18.4","38",,,"147",,,,,,"52.2",,,,,,,,"117","38.6",,,"0.310",,,,,,,
"1","미추홀","성인","일반","63","관리자","참가","20250211","M","166.2","68.5","22.4","84","95","154","36.8","41",,,"3.1",,,,,,"24.8","45",,,"174",,,,,,"59.9",,,,,,,,"138","32.4",,,"0.397",,,,,,,
"1","광주","어르신","일반","67","관리자","2등급","20250211","M","165.9","70.4","23.7",,"80","140","39.6","43.7",,,"13.5",,,,,,"25.6",,,,,"24",,"116","5.94","22.17","62.1",,,,,,,,,,,,,,,,,,,"43.7"
"1","포항","성인","일반","61","관리자","참가","20250211","F","156.8","67.1","44.8",,"81","137","20.6","22.9",,,"15.3",,,,,,"27.3","0",,,,,,,,,"34.1",,,,,,,,"122","26.9",,,"0.399","0.328",,,,,,
"1","KSPO송파","청소년","일반","18","관리자","참가","20250211","M","176.9","69","14.8","79.6","81","110","41.4","44.6","80",,"-4","18.72","0.586","46.894","7","47.216","22.0",,"55",,,,,,,,"64.6",,"45.8",,,,,,,,,,,,,,,,,
"7","광주","어르신","일반","69","관리자","3등급","20250211","F","153.4","67.4","43.7",,"89","147","24.1","23.6",,,"13",,,,,,"28.6",,,,,"29",,"120","5.26","20.99","35.8",,,,,,,,,,,,,,,,,,,"24.1"
"1","익산","성인","출장","52","관리자","참가","20250211","F","166.5","63.2","30.6",,"81","120","25.5","22.8",,,"10.3",,,,,,"22.8","15","3",,"133",,,,,,"40.3",,"26.0",,,,,,,,,,"0.446",,,,,,,
"1","마포","어르신","일반","65","관리자","3등급","20250211","M","169.7","53.8","14.7",,"91","144","37.4","38.1",,,"18.6",,,,,,"18.7",,,,,"23",,"98","4.31","16.61","70.8",,,,,,,,,,,,,,,,,,,"38.1"
"4","성남","어르신","일반","79","관리자","3등급","20250211","M","171.9","62.8","24.3",,"70","147","36","36.9",,,"-1.5",,,,,,"21.3",,,,,"20",,"102","5.37","22.30","58.8",,,,,,,,,,,,,,,,,,,"36.9"
"2","강릉","성인","일반","21","관리자","1등급","20250211","M","165.5","61.7","19.3","81.4","99","150","46.3","46.5",,,"17.2",,,,,,"22.5","55",,,"242",,,,,,"75.4",,,,,,,,"113","47.9",,,"0.343",,,,,,,
"1","순천","성인","출장","59","관리자","참가","20250211","M","165.7","64.5","25.8","82.9","89","154","33.6","35",,,"-20",,,,,,"23.5","21",,,,,,,,,"54.3",,,,,,,,"106","38.9",,,"0.364","0.415",,,,,,
"2","서구(대전)","성인","일반","36","관리자","2등급","20250211","M","180.2","72.5","17.9",,"76","140","44","44",,,"9.4",,,,,,"22.3","52",,,"234",,,,,,"60.7",,,,,,,,"103","44.4",,,"0.334",,,,,,,
"1","익산","성인","출장","54","관리자","참가","20250211","M","173","86.","23.2",,"82","124","51.3","45.7",,,"18.5",,,,,,"28.7","36","11",,"182",,,,,,"59.7",,"30.6",,,,,,,,,,"0.381",,,,,,,
"1","익산","성인","출장","50","관리자","참가","20250211","F","157.2","49.5","24.2",,"80","121","19.1","16.3",,,"1.5",,,,,,"20.0","22","15",,"130",,,,,,"38.6",,"31.8",,,,,,,,,,"0.489",,,,,,,
"1","익산","성인","출장","50","관리자","참가","20250211","F","164.8","58.3","24",,"87","127","29.4","30.1",,,"10",,,,,,"21.5","30","21",,"147",,,,,,"51.6",,"32.3",,,,,,,,,,"0.583",,,,,,,
"5","성동","성인","일반","26","관리자","1등급","20250211","F","169.3","58.3","25.7",,"99","147","30.2","26.3",,,"19.1",,,,,,"20.3","50",,"12.52","170",,,,,,"51.8",,,,,,,,"125","36.4",,,,,,,,,,
"1","익산","성인","출장","55","관리자","참가","20250211","M","169.5","81","27.5",,"87","122","43.7","39.9",,,"6.5",,,,,,"28.2","38","21",,"210",,,,,,"54.0",,"33.7",,,,,,,,,,"0.368",,,,,,,
"2","익산","성인","출장","51","관리자","참가","20250211","M","165.6","83.9","33.8",,"81","121","34.2","35.4",,,"0.3",,,,,,"30.6","30","24",,"190",,,,,,"42.2",,"34.4",,,,,,,,,,"0.387",,,,,,,
"4","안산","성인","일반","64","관리자","3등급","20250211","M","161.2","65.8","24.5","84","66","141","42.5","43.3",,,"21.8",,,,,,"25.3","41",,"11.3","191",,,,,,"65.8",,,"92","110","132","158","34.6",,,,,,,,,,,,
"1","순천","성인","출장","48","관리자","참가","20250211","F","161.5","66.6","37.3","92.8","93","139","29.5","33.4",,,"15.1",,,,,,"25.5","13",,,,,,,,,"50.2",,,,,,,,"115","30.7",,,"0.359","0.402",,,,,,
"1","익산","성인","출장","46","관리자","참가","20250211","M","164.1","66.4","30.5",,"84","121","51.1","52.3",,,"-0.5",,,,,,"24.7","22","25",,"170",,,,,,"78.8",,"37.6",,,,,,,,,,"0.433",,,,,,,
"1","영암","성인","일반","21","관리자","참가","20250211","M","162.3","78.5","32.5",,"83","154","37.6","45.5",,,"-6.5",,,,,,"29.8","52","22","11.29","202",,,,,,"58.0",,"37.1",,,,,,,,,,,,,,,,,
"2","스포원(금정)","청소년","일반","18","관리자","1등급","20250211","M","170.1","66.1","15.3",,"63","122","37.8","45.9","55",,"19.5","15.74","0.709","41.923","12","42.475","22.8",,"62",,,,,,,,"69.4",,"46.7",,,,,,,,,,,,,,,,,
"1","익산","성인","출장","52","관리자","참가","20250211","M","160.9","69.3","31.6",,"72","122","37.5","36.8",,,"5.7",,,,,,"26.8","2","32",,"175",,,,,,"54.1",,"38.4",,,,,,,,,,"0.629",,,,,,,
"1","안산","성인","일반","63","관리자","참가","20250211","F","152.1","49.7","31.1","71","81","140","24.7","23.6",,,"4.9",,,,,,"21.5","6",,,"130",,,,,,"49.7",,,"79","130","158",,"31.0",,,,,"0.384",,,,,,,
"1","구미","성인","일반","19","관리자","참가","20250211","M","168.2","59.4","18.4","78.9","84","145","41.1","41.8",,,"21.4",,,,,,"21.0","27",,"10.42","229",,,,,,"70.4",,,,,,,,"109","49.7",,,,,,,,,,
"1","시흥","성인","일반","58","관리자","참가","20250211","F","152.8","72.3","48.5","91","78","148","24.5","22.6",,,"6.5",,,,,,"31.0","0",,,"64",,,,,,"33.9",,,"52","84","127",,"28.5",,,,,"0.445",,,,,,,
"1","익산","성인","출장","53","관리자","참가","20250211","M","174.4","97.9","40",,"87","121","45.4","46.8",,,"-2.8",,,,,,"32.2","20","20",,"150",,,,,,"47.8",,"31.0",,,,,,,,,,"0.410",,,,,,,
"1","익산","성인","출장","54","관리자","참가","20250211","M","171.1","67.7","21.4",,"82","124","48.4","53.8",,,"1.5",,,,,,"23.1","28","25",,"185",,,,,,"79.5",,"36.6",,,,,,,,,,"0.464",,,,,,,
"1","마포","어르신","일반","66","관리자","2등급","20250211","M","165.3","56.5","19.5",,"79","138","37.5","34.9",,,"12.8",,,,,,"20.7",,,,,"22",,"112","4.04","21.08","66.4",,,,,,,,,,,,,,,,,,,"37.5"
"1","사하","성인","일반","23","관리자","참가","20250211","F","171.9","53.9","25.4","71.3","85","125","23.7","25.5",,,"19.8",,,,,,"18.2","19",,,"132",,,,,,"47.3",,,,,,,,"104","40.8",,,"0.340",,,,,,,
"1","미추홀","성인","일반","19","관리자","3등급","20250211","M","167.4","66.8","14.4","76.7","77","135","40.4","47.5",,,"13.7",,,,,,"23.8","42","42","9.21","240",,,,,,"71.1",,"43.6",,,,,,,,,,,,,,,,,
"1","창원마산회원","성인","일반","22","관리자","2등급","20250211","M","175","79.4","13.8","79.5","75","137","49.4","55.8",,,"14.7",,,,,,"25.9","49","64","10.40","237",,,,,,"70.3",,"46.5",,,,,,,,,,,,,,,,,
"1","익산","성인","출장","55","관리자","3등급","20250211","F","155.7","50.7","28.9",,"81","120","17.9","22.2",,,"15",,,,,,"20.9","27","24",,"145",,,,,,"43.8",,"34.1",,,,,,,,,,"0.435",,,,,,,
"2","미추홀","성인","일반","50","관리자","2등급","20250211","M","173.9","78.9","24.1","91","88","137","46.6","50.4",,,"15.5",,,,,,"26.1","38","30","11.15","198",,,,,,"63.9",,"36.4",,,,,,,,,,,,,,,,,
"3","동구(인천)","성인","일반","24","관리자","3등급","20250211","F","163.7","48.3","26.4",,"71","111","22.1","26.9",,,"11.5",,,,,,"18.0","26",,,"131",,,,,,"55.7",,,,,,,,"99","41.8",,,"0.395",,,,,,,
"1","익산","성인","출장","53","관리자","참가","20250211","M","174.3","76","21.2",,"81","122","39.4","41",,,"-14",,,,,,"25.0","32","21",,"230",,,,,,"53.9",,"34.5",,,,,,,,,,"0.351",,,,,,,
"5","성동","성인","일반","28","관리자","1등급","20250211","F","165.6","54.1","23.1",,"81","127","24.8","29.1",,,"20.6",,,,,,"19.7","37",,,"166",,,,,,"53.8",,,"88","106","129",,"40.1",,,,,"0.302",,,,,,,
"1","미추홀","성인","일반","19","관리자","3등급","20250211","M","168.7","62.9","24.6","82.7","64","114","31.6","42.9",,,"13.2",,,,,,"22.1","54","42","9.56","212",,,,,,"68.2",,"44.1",,,,,,,,,,,,,,,,,
"1","순천","성인","출장","61","관리자","3등급","20250211","M","157.3","49.5","18.9","70.1","97","144","25","29",,,"14.1",,,,,,"20.0","29",,,,,,,,,"58.6",,,,,,,,"160","33.2",,,"0.487","0.402",,,,,,
"1","익산","성인","출장","54","관리자","3등급","20250211","F","153.4","49.7","30.2",,"84","121","22.2","20.2",,,"12",,,,,,"21.1","25","21",,"125",,,,,,"44.7",,"33.4",,,,,,,,,,"0.559",,,,,,,
"1","사천","성인","일반","64","관리자","3등급","20250211","M","159.3","59.1","28.9","83.4","76","133","35.5","33.9",,,"6.9",,,,,,"23.3","27",,,"167",,,,,,"60.1",,,,,,,,"108","38.1",,,"0.292",,,,,,,
"3","고양","어르신","일반","71","관리자","3등급","20250211","M","164.1","57","19.1",,"81","123","31.3","30.7",,,"4.2",,,,,,"21.2",,,,,"29",,"103","6.76","26.65","54.9",,,,,,,,,,,,,,,,,,,"31.3"
"1","고양","성인","일반","20","관리자","참가","20250211","M","164.9","69.2","21",,"50","117","33.1","30.7",,,"19.2",,,,,,"25.4","35","22","10.38","206",,,,,,"47.8",,"38.5",,,,,,,,,,,,,,,,,
"8","KSPO송파별관(어르신)","어르신","일반","74","관리자","2등급","20250211","M","173","71.8","23.8",,"88","157","38.9","38",,,"7.5",,,,,,"24.0",,,,,"26",,"127","4.88","19.9","54.2",,,,,,,,,,,,,,,,,,,"38.9"
"1","KSPO송파별관(어르신)","어르신","일반","66","관리자","2등급","20250211","F","168.5","68.9","30.6",,"74","127","28","30.4",,,"18.5",,,,,,"24.3",,,,,"31",,"124","4.47","18.97","44.1",,,,,,,,,,,,,,,,,,,"30.4"
"1","익산","성인","출장","55","관리자","참가","20250211","F","159.6","63.8","10",,"85","121","16.4","18.7",,,"8.2",,,,,,"25.0","17","7",,"110",,,,,,"29.3",,"26.9",,,,,,,,,,"0.523",,,,,,,
"1","동구(인천)","성인","일반","27","관리자","참가","20250211","F","166.2","49.7","24.9",,"80","121","22.2","23.1",,,"8.7",,,,,,"18.0","24",,,,,,,,,"46.5",,,"78","107","122",,"43.2",,,,,"0.35","0.418",,,,,,
"1","익산","성인","출장","55","관리자","참가","20250211","F","155","67.9","35.7",,"86","129","24.4","25.8",,,"17",,,,,,"28.3","13","10",,"144",,,,,,"38.0",,"27.1",,,,,,,,,,"0.581",,,,,,,
"3","강북","어르신","일반","67","관리자","2등급","20250211","M","172.7","72.30","26.1","91.4","87","119","36.1","37.7",,,"14.6",,,,,,"24.2",,,,,"23",,"117","4.4","19.8","52.1",,,,,,,,,,,,,,,,,,,"37.7"
"1","순천","성인","출장","64","관리자","참가","20250211","F","160","61.6","40.9","90.5","99","158","22.6","25.1",,,"16.2",,,,,,"24.1","0",,,,,,,,,"40.7",,,,,,,,"155","24.0",,,"0.471","0.315",,,,,,
"1","익산","성인","출장","55","관리자","참가","20250211","F","161.8","53.2","31.4",,"81","122","22.9","23.5",,,"9.5",,,,,,"20.3","24","10",,"110",,,,,,"44.2",,"29.6",,,,,,,,,,"0.443",,,,,,,
"1","익산","성인","출장","53","관리자","참가","20250211","M","166.8","70.9","31.1",,"81","120","40.3","37.5",,,"-4.5",,,,,,"25.5","20","21",,"185",,,,,,"56.8",,"35.4",,,,,,,,,,"0.449",,,,,,,
"8","창원마산회원","성인","일반","48","관리자","1등급","20250211","M","174.3","68.2","14.8","73","89","157","53.1","50.3",,,"17.6",,,,,,"22.4","53",,"10.69","210",,,,,,"77.9",,,,,,,,"100","42.4",,,,,,,,,,
"2","충주","어르신","일반","70","관리자","3등급","20250211","M","164.3","71.3","30","94","63","124","35.9","33.7",,,"1",,,,,,"26.4",,,,,"21",,"109","4.76","21.60","50.4",,,,,,,,,,,,,,,,,,,"35.9"
"1","중구(서울)","성인","출장","30","관리자","참가","20250211","M","178","83.3","21.4",,"79","140","45.2","44.1",,,"12.1",,,,,,"26.3","29",,,,,,,,,"54.3",,,,,,,,"95","44.5",,,"0.32",,,,,,,
"1","익산","성인","출장","53","관리자","참가","20250211","M","173.1","76.7","26",,"85","123","36.7","40.4",,,"-12.5",,,,,,"25.6","34","21",,"180",,,,,,"52.7",,"34.4",,,,,,,,,,"0.448",,,,,,,
"3","청주","성인","일반","26","관리자","참가","20250211","M","180.8","69.1","20.3","84.2","80","137","28","29.6",,,"8.1",,,,,,"21.1","34","36","10.5",,,,,,,"42.8",,"41.0",,,,,,,,,,,"0.515",,,,,,
"1","익산","성인","출장","52","관리자","참가","20250211","M","175.6","66.7","19",,"81","124","16.6","28",,,"0",,,,,,"21.6","20","21",,"135",,,,,,"42.0",,"35.9",,,,,,,,,,"0.554",,,,,,,
"1","강북","성인","일반","61","관리자","3등급","20250211","F","156.5","59.30","34.4","82.6","91","133","23.1","20.9",,,"13.9",,,,,,"24.2","16",,,"126",,,,,,"39.0",,,"91","122","150",,"29.6",,,,,"0.389",,,,,,,
"1","익산","성인","출장","55","관리자","참가","20250211","F","158.1","61.9","33.4",,"83","119","24.1","20.1",,,"0.8",,,,,,"24.8","30","21",,"135",,,,,,"38.9",,"31.4",,,,,,,,,,"0.432",,,,,,,
"1","서초","성인","일반","20","관리자","참가","20250211","M","173.6","85.9","30.1","91.2","82","136","42.9","41.6",,,"7.0",,,,,,"28.5","35",,,,,,,,,"49.9",,,,,,,,"112","43.5",,,"0.341","0.564",,,,,,
"1","부천","어르신","일반","70","관리자","참가","20250211","F","155.3","45.6","25.5",,"75","135","22.6","21.7",,,"8",,,,,,"18.9",,,,,"30",,"122","5","20.56","49.6",,,,,,,,,,,,,,,,,,,"22.6"
"1","익산","성인","출장","53","관리자","참가","20250211","M","159.6","57.7","28.1",,"88","124","34.6","33.9",,,"-13",,,,,,"22.7","27","16",,"140",,,,,,"60.0",,"36.3",,,,,,,,,,"0.385",,,,,,,
"1","서초","성인","일반","23","관리자","참가","20250211","M","174.9","87.5","33.0","94.0","86","137","52.9","56.5",,,"14.0",,,,,,"28.6","28",,,,,,,,,"64.6",,,,,,,,"108","43.1",,,"0.371","0.527",,,,,,
"1","익산","성인","출장","52","관리자","참가","20250211","M","175.3","90.4","26.6",,"80","127","46.3","54.9",,,"3.5",,,,,,"29.4","28","50",,"204",,,,,,"60.7",,"39.2",,,,,,,,,,"0.441",,,,,,,
"1","북구(광주)","성인","일반","19","관리자","3등급","20250211","M","172.4","58.6","9.2","70.2","86","153","39.2","44.9",,,"9.8",,,,,,"19.7","52","46","9.75","229",,,,,,"76.6",,"45.6",,,,,,,,,,,,,,,,,
"1","익산","성인","출장","54","관리자","참가","20250211","M","173.9","69.2","23.8",,"84","121","38.6","38.5",,,"-1.5",,,,,,"22.9","33","31",,"185",,,,,,"55.8",,"37.7",,,,,,,,,,"0.324",,,,,,,
"2","북구(광주)","성인","일반","60","관리자","2등급","20250211","F","155.5","72.5","44.0","91.8","96","152","26.3","30.4",,,"20.6",,,,,,"30.0","12","12","15.12","122",,,,,,"41.9",,"26.8",,,,,,,,,,,,,,,,,
"1","익산","성인","출장","54","관리자","참가","20250211","M","178.4","85.1","27.4",,"80","123","40.1","42.9",,,"-4",,,,,,"26.7","20","29",,"161",,,,,,"50.4",,"34.8",,,,,,,,,,"0.437",,,,,,,
"1","익산","성인","출장","54","관리자","참가","20250211","F","150.9","46.7","28.1",,"81","126","23.4","20.4",,,"9.3",,,,,,"20.5","20","21",,"108",,,,,,"50.1",,"33.8",,,,,,,,,,"0.491",,,,,,,
"1","마포","어르신","일반","73","관리자","1등급","20250211","M","168.9","68.2","27.8",,"78","157","45.2","43",,,"13.3",,,,,,"23.9",,,,,"27",,"129","4.44","19.25","66.3",,,,,,,,,,,,,,,,,,,"45.2"
"1","마포","어르신","일반","65","관리자","2등급","20250211","M","161.5","48.2","16.4",,"88","140","30.4","36",,,"7.9",,,,,,"18.5",,,,,"31",,"127","3.36","15.79","74.7",,,,,,,,,,,,,,,,,,,"36.0"
"1","익산","성인","출장","52","관리자","참가","20250211","F","153","59.1","38.5",,"82","124","18.6","20.6",,,"13.5",,,,,,"25.2","14","12",,"146",,,,,,"34.9",,"29.2",,,,,,,,,,"0.507",,,,,,,
"1","익산","성인","출장","54","관리자","참가","20250211","F","156.4","65.8","39.3",,"82","120","23.9","13",,,"8.4",,,,,,"26.9","12","9",,"115",,,,,,"36.3",,"27.2",,,,,,,,,,"0.4714",,,,,,,
"1","KSPO송파","청소년","일반","18","관리자","1등급","20250211","F","165.2","52.6","22","62","64","98","24.6","28",,"43","19.5","21.63","0.435","49.266","11","49.772","19.3",,,,,,,,,,"53.2",,,,,,,,"160","39.4",,,,,,,,,,
"1","익산","성인","출장","54","관리자","참가","20250211","F","162","68.1","40.1",,"81","124","25.5","20.3",,,"-11.5",,,,,,"25.9","10","9",,"126",,,,,,"37.4",,"26.9",,,,,,,,,,"0.431",,,,,,,
"1","KSPO송파","청소년","일반","17","관리자","참가","20250211","F","162.5","44.1","21.1","54.5","59","93","18.7","21.9",,"33","5.7","22","0.496","45.259","12","45.811","16.7",,,,,,,,,,"49.7",,,,,,,,"154","41.3",,,,,,,,,,
"1","서초","성인","일반","37","관리자","참가","20250211","M","174.5","89.4","33.0","93.8","98","158","46.3","44.1",,,"15.3",,,,,,"29.4","44",,,,,,,,,"51.8",,,,,,,,"134","35.4",,,"0.315","0.514",,,,,,
"8","서초","성인","일반","24","관리자","참가","20250211","M","173.8","81.8","28.8","83.8","77","131","43.1","44.1",,,"5.1",,,,,,"27.1","50",,,,,,,,,"53.9",,,,,,,,"98","45.5",,,"0.305","0.514",,,,,,
"2","마포","어르신","일반","71","관리자","3등급","20250211","M","162.2","60.1","22.4",,"67","129","36","29.5",,,"2.2",,,,,,"22.8",,,,,"18",,"107","4.96","21.63","59.9",,,,,,,,,,,,,,,,,,,"36.0"
"2","양평","어르신","일반","66","관리자","2등급","20250211","M","161.2","52.5","16.4",,"83","155","35.2","35.6",,,"9.4",,,,,,"20.2",,,,,"27",,"125","4.97","19.72","67.8",,,,,,,,,,,,,,,,,,,"35.6"
"2","포항","청소년","일반","18","관리자","3등급","20250211","M","179.3","79.2","21.5",,"77","136","40.1","42.9",,"42","21.3","18.56","0.551","47.132","21","48.098","24.6",,,,,,,,,,"54.2",,,"94","129","147",,"45.1",,,,,,,,,,,,
"1","익산","성인","출장","54","관리자","참가","20250211","M","176.9","92.5","30.8",,"80","121","45","50.4",,,"-9.6",,,,,,"29.6","20","7",,"140",,,,,,"54.5",,"28.6",,,,,,,,,,"0.621",,,,,,,
"4","성동","어르신","일반","66","관리자","3등급","20250211","M","162.9","73","24.5",,"92","155","45.4","43.5",,,"3.3",,,,,,"27.5",,,,,"31",,"130","4.41","20.34","62.2",,,,,,,,,,,,,,,,,,,"45.4"
"1","강릉","성인","일반","57","관리자","3등급","20250211","M","175.9","83.2","23.1","94.1","78","113","45.7","50",,,"15.0",,,,,,"26.9","48",,,"218",,,,,,"60.1",,,,,,,,"110","35.5",,,"0.357",,,,,,,
"1","사천","성인","일반","60","관리자","1등급","20250211","M","170.5","79.8","23.8",,"89","139","43.9","45.7",,,"15",,,,,,"27.5","44",,,,,,,,,"57.3",,,,,,,,"86","38.6",,,"0.318","0.498",,,,,,
"1","익산","성인","출장","54","관리자","참가","20250211","M","169.1","75.9","24.4",,"78","123","38.4","41.8",,,"13.8",,,,,,"26.5","23","22",,"195",,,,,,"55.1",,"34.7",,,,,,,,,,"0.482",,,,,,,
"35","청주","어르신","일반","69","관리자","2등급","20250211","F","156.5","62.7","35.4","86.8","95","157","31.7","27.9",,,"17.6",,,,,,"25.6",,,,,"31",,"150","5","18.9","50.6",,,,,,,,,,,,,,,,,,,"31.7"
"1","익산","성인","출장","47","관리자","참가","20250211","F","168","59","33.3",,"85","122","20.3","13.3",,,"-11",,,,,,"20.9","17","12",,"142",,,,,,"34.4",,"29.7",,,,,,,,,,"0.617",,,,,,,
"1","익산","성인","출장","54","관리자","참가","20250211","F","160.4","64.8","35.4",,"81","120","22.3","26.1",,,"12.3",,,,,,"25.2","10","21",,"110",,,,,,"40.3",,"31.1",,,,,,,,,,"0.541",,,,,,,
"34","청주","어르신","일반","73","관리자","1등급","20250211","M","164.1","63.1","23.4","80.2","79","149","43.8","50.7",,,"11.4",,,,,,"23.4",,,,,"31",,"145","5.5","19.6","80.3",,,,,,,,,,,,,,,,,,,"50.7"
"1","익산","성인","출장","50","관리자","참가","20250211","M","165.5","61.8","25.1",,"82","121","30","29.2",,,"3.3",,,,,,"22.6","20","18",,"129",,,,,,"48.5",,"36.3",,,,,,,,,,"0.339",,,,,,,
"1","익산","성인","출장","55","관리자","3등급","20250211","M","171.1","78.2","24.2",,"87","124","38","40.3",,,"14.3",,,,,,"26.7","30","22",,"186",,,,,,"51.5",,"34.3",,,,,,,,,,"0.547",,,,,,,
"2","연제","성인","일반","60","관리자","2등급","20250211","M","171.9","78.4","25.9",,"87","142","41.2","46.4",,,"12.9",,,,,,"26.5","34",,,"172",,,,,,"59.2",,,,,,,,"115","34.8",,,"0.355",,,,,,,
"1","익산","성인","출장","52","관리자","3등급","20250211","F","156","53.1","32.6",,"78","123","24.6","25.7",,,"15.2",,,,,,"21.8","23","17",,"130",,,,,,"48.4",,"31.7",,,,,,,,,,"0.487",,,,,,,
"1","KSPO대구","성인","일반","60","관리자","2등급","20250211","M","174.6","78.3","22.4","90","93","157","46.1","46",,,"8.9",,,,,,"25.7","44","21",,"184",,,,,,"58.9",,"33.6",,,,,,,,,,"0.401",,,,,,,
"1","익산","성인","출장","54","관리자","참가","20250211","F","156.7","58.2","25.1",,"80","123","21.9","23.6",,,"1.3",,,,,,"23.7","21","24",,"152",,,,,,"40.5",,"33.0",,,,,,,,,,"0.532",,,,,,,
"1","익산","성인","출장","54","관리자","참가","20250211","F","160.7","53.9","34.6",,"81","120","17.1","20.3",,,"-9",,,,,,"20.9","3","17",,"105",,,,,,"37.7",,"31.6",,,,,,,,,,"0.423",,,,,,,
"1","익산","성인","출장","50","관리자","참가","20250211","M","166.9","69.1","29.5",,"81","120","35.4","37.1",,,"4.8",,,,,,"24.8","32","15",,"197",,,,,,"53.7",,"34.5",,,,,,,,,,"0.466",,,,,,,
"1","KSPO대구","성인","일반","19","관리자","3등급","20250211","M","167","54","12.5","68","67","103","30.5","32.6",,,"9.6",,,,,,"19.4","55","51",,"188",,,,,,"60.4",,"47.6",,,,,,,,,,"0.321",,,,,,,
"1","익산","성인","출장","54","관리자","참가","20250211","M","162.2","71.5","30",,"84","127","40.1","30",,,"-2.1",,,,,,"27.2","30","33",,"206",,,,,,"56.1",,"38.1",,,,,,,,,,"0.411",,,,,,,
"2","군산","성인","일반","61","관리자","3등급","20250211","F","166.1","62.8","31.5","77","64","123","21.7","22.2",,,"18.1",,,,,,"22.8","9",,,,,,,,,"35.4",,,"89","117","145",,"30.1",,,,,"0.412","0.379",,,,,,
"6","의정부","어르신","일반","84","관리자","3등급","20250211","M","173.3","81.1","21.3","87.3","84","153","29.1","37.6",,,"1.3",,,,,,"27.0",,,,,"15",,"87","6.84","29.31","46.4",,,,,,,,,,,,,,,,,,,"37.6"
"1","익산","성인","출장","52","관리자","참가","20250211","F","157.9","76.2","44.8",,"80","122","27","24.2",,,"8.6",,,,,,"30.6","24","15",,"120",,,,,,"35.4",,"27.4",,,,,,,,,,"0.577",,,,,,,
"2","달서","성인","일반","19","관리자","3등급","20250211","M","181.3","65.86","13.6","78.5","95","156","40.4","43.3",,,"10.2",,,,,,"20","48",,,"215",,,,,,"65.7",,,,,,,,"128","46.4",,,"0.302",,,,,,,
"1","익산","성인","출장","55","관리자","참가","20250211","F","162.7","56","34.4",,"78","123","21.4","27.1",,,"10.7",,,,,,"21.2","16","10",,"115",,,,,,"48.4",,"29.1",,,,,,,,,,"0.472",,,,,,,
"1","익산","성인","출장","55","관리자","참가","20250211","F","150.9","50.3","36.4",,"89","121","16.7","14.5",,,"4",,,,,,"22.1","5","14",,"114",,,,,,"33.2",,"31.0",,,,,,,,,,"0.415",,,,,,,
"1","익산","성인","출장","54","관리자","참가","20250211","F","162.7","67","35.4",,"89","123","28.1","28.4",,,"0.6",,,,,,"25.3","22","31",,"125",,,,,,"42.4",,"33.8",,,,,,,,,,"0.488",,,,,,,
"5","고양","성인","일반","22","관리자","참가","20250211","F","160.5","63.7","40.6",,"86","133","31.5","27.1",,,"9.9",,,,,,"24.7","20","18","12.40","162",,,,,,"49.5",,"31.6",,,,,,,,,,,,,,,,,
"2","의정부","어르신","일반","87","관리자","1등급","20250211","M","159.3","52.6","20.6","72.7","92","164","26.4","29.2",,,"15.4",,,,,,"20.7",,,,,"24",,"101","6.47","23.28","55.5",,,,,,,,,,,,,,,,,,,"29.2"
"1","고양","어르신","일반","65","관리자","3등급","20250211","F","155.5","55.7","39.5",,"98","164","27.4","27.7",,,"16",,,,,,"23.0",,,,,"32",,"97","5.4","23.95","49.7",,,,,,,,,,,,,,,,,,,"27.7"
"1","달서","성인","일반","61","관리자","참가","20250211","M","176.1","81.1","25.6","93.9","92","143","33.8","34.8",,,"11.3",,,,,,"26.2","29",,,"165",,,,,,"42.9",,,,,,,,"124","32.9",,,"0.426",,,,,,,
"1","서대문","성인","일반","64","관리자","2등급","20250211","M","171.0","67.9","21.3",,"89","151","38.4","44.1",,,"11.2",,,,,,"23.2","40",,,,,,,,,"64.9",,,,,,,,"96","38.8",,,"0.436","0.578",,,,,,
"2","서구(대전)","성인","일반","61","관리자","2등급","20250211","M","171.3","85.6","29",,"97","157","38.2","45.2",,,"14.1",,,,,,"29.2","31","20",,"134",,,,,,"52.8",,"32.3",,,,,,,,,,"0.356",,,,,,,
"6","의정부","어르신","일반","73","관리자","3등급","20250211","F","151.8","54.9","36.4","83.1","93","162","18.9","21.4",,,"19.7",,,,,,"23.8",,,,,"21",,"95","7.54","26.97","39.0",,,,,,,,,,,,,,,,,,,"21.4"
"1","순천","성인","출장","64","관리자","참가","20250211","M","167.5","63.1","24.8","83.5","89","142","40.2","41",,,"9.2",,,,,,"22.5","15",,,,,,,,,"65.0",,,,,,,,"133","34.2",,,"0.411","0.440",,,,,,
"2","서대문","성인","일반","27","관리자","1등급","20250211","M","177.3","71.0","16.0",,"96","155","45.1","47.1",,,"15.2",,,,,,"22.6","60",,,,,,,,,"66.3",,,,,,,,"111","45.5",,,"0.340","0.623",,,,,,
"5","무안","성인","일반","33","관리자","참가","20250211","M","175.3","80","23","96","92","154","46.9","49.3",,,"13",,,,,,"26.0","46",,,"234",,,,,,"61.6",,,,,,,,"142","37.3",,,"0.281",,,,,,,
"1","동작","성인","일반","63","관리자","3등급","20250211","M","168.5","67.9","18.1","79","62","121","53","50.4",,,"17.3",,,,,,"23.9","23",,,,,,,,,"78.1",,,,,,,,"83","40.8",,,"0.352","0.489",,,,,,
"2","양평","어르신","일반","66","관리자","3등급","20250211","F","156.7","65.2","39.8",,"78","154","20.7","21.9",,,"12.8",,,,,,"26.6",,,,,"23",,"90","4.84","20.62","33.6",,,,,,,,,,,,,,,,,,,"21.9"
"2","KSPO대구","성인","일반","59","관리자","3등급","20250211","M","167.3","63.3","20.4","74","93","138","45.6","49.5",,,"12.9",,,,,,"22.6","24",,"12.8","170",,,,,,"78.2",,,,,,,,"125","36.5",,,,,,,,,,
"7","의정부","어르신","일반","73","관리자","3등급","20250211","F","148.4","53.4","33","75.4","74","169","18.7","22.3",,,"17.2",,,,,,"24.2",,,,,"21",,"88","5.97","22.76","41.8",,,,,,,,,,,,,,,,,,,"22.3"
"4","순천","성인","출장","64","관리자","참가","20250211","M","163.7","73.2","25.9","90.1","83","148","36.1","38",,,"2.2",,,,,,"27.3","22",,,,,,,,,"51.9",,,,,,,,"87","38.4",,,"0.404","0.465",,,,,,
"5","KSPO대구","성인","일반","55","관리자","참가","20250211","M","170.5","74.8","29.3","91","98","139","46.6","55.2",,,"6.2",,,,,,"25.7","27",,,"173",,,,,,"73.8",,,,,,,,"113","37.0",,,"0.393",,,,,,,
"1","사천","성인","일반","54","관리자","참가","20250211","F","155.6","49.6","32.3","78.1","75","125","23.5","28.3",,,"-10",,,,,,"20.5","12",,,,,,,,,"57.1",,,,,,,,"133","31.0",,,"0.368","0.415",,,,,,
"1","KSPO송파별관(어르신)","어르신","일반","65","관리자","3등급","20250211","M","164.3","79.8","30.7",,"74","158","38","38.3",,,"8.5",,,,,,"29.6",,,,,"30",,"117","5.30","20.71","48.0",,,,,,,,,,,,,,,,,,,"38.3"
"4","북구(광주)","성인","일반","63","관리자","참가","20250211","M","162.7","61.3","28.0","82.5","88","142","35.6","32.1",,,"10.5",,,,,,"23.2","38","9",,"167",,,,,,"58.1",,"33.2",,,,,,,,,,"0.327",,,,,,,
"1","KSPO송파별관(어르신)","어르신","일반","66","관리자","2등급","20250211","M","163.8","64",,,"65","148","40.1","40.3",,,"13.6",,,,,,"23.9",,,,,"27",,"115","4.87","21.21","63.0",,,,,,,,,,,,,,,,,,,"40.3"
"1","제주","성인","일반","25","관리자","3등급","20250211","M","172.3","71.4","17.1","84.1","88","127","50.9","47.7",,,"18",,,,,,"24.1","45","43",,"212",,,,,,"71.3",,"42.6",,,,,,,,,,"0.295",,,,,,,
"2","의정부","어르신","일반","65","관리자","2등급","20250211","F","154.9","57","32.5","81.5","81","158","23.1","26.4",,,"21.8",,,,,,"23.8",,,,,"23",,"105","5.5","21.02","46.3",,,,,,,,,,,,,,,,,,,"26.4"
"1","부천","어르신","일반","66","관리자","2등급","20250211","F","150.7","48.3","36.4",,"64","133","22.8","24.2",,,"22.4",,,,,,"21.3",,,,,"31",,"107","4.91","18.22","50.1",,,,,,,,,,,,,,,,,,,"24.2"
"5","창원마산회원","성인","일반","27","관리자","참가","20250211","F","164.2","48.2","24.7","66","77","115","21.2","22.9",,,"27.5",,,,,,"17.9","15",,,"146",,,,,,"47.5",,,,,,,,"104","40.7",,,"0.374",,,,,,,
"2","부천","성인","일반","19","관리자","3등급","20250211","M","187.2","71.9","15.4",,"57","119","37","39.6",,,"6.8",,,,,,"20.5","55",,,,,,,,,"55.1",,,"86","98","127","157","47.5",,,,,"0.394","0.563",,,,,,
"1","KSPO아산","성인","일반","25","관리자","3등급","20250211","M","175.3","81.3","21.2","91","69","131","44.4","48.6",,,"10",,,,,,"26.5","45","34","10.1","252",,,,,,"59.8",,"39.0",,,,,,,,,,,,,,,,,
"3","KSPO아산","성인","일반","64","관리자","참가","20250211","M","167.8","78.9","30.2","94","70","150","40.9","43.4",,,"9.7",,,,,,"28.0","33","11","14.8","171",,,,,,"55.0",,"31.0",,,,,,,,,,,,,,,,,
"1","수원","어르신","일반","78","관리자","참가","20250211","M","162.7","67.8","28.6","87","80","159","32","32.3",,,"10.5",,,,,,"25.6",,,,,"12",,"96","5.4","23.6","47.6",,,,,,,,,,,,,,,,,,,"32.3"
"1","춘천","성인","일반","19","관리자","3등급","20250211","M","180.1","70.6","11.3","77.3","88","146","46.7","46.5",,,"7.0",,,,,,"21.8","64","62","9.71","264",,,,,,"66.1",,"47.4",,,,,,,,,,,,,,,,,
"2","중구(서울)","성인","출장","31","관리자","3등급","20250211","F","170.4","61.8","25.8",,"83","123","30.9","29.4",,,"14.4",,,,,,"21.3","23",,,,,,,,,"50.0",,,,,,,,"103","37.4",,,"0.361","0.462",,,,,,
"1","부천","성인","일반","19","관리자","참가","20250211","M","178.0","70.0","18.9",,"58","109","41.1","36.2",,,"15.3",,,,,,"22.1","34",,,"192",,,,,,"58.7",,,"69","91","107","149","51.0",,,,,"0.330",,,,,,,
"4","수원","어르신","일반","66","관리자","참가","20250211","F","162.9","71.3","33.1","92","80","135","22.8","22",,,"6.6",,,,,,"26.9",,,,,"20",,"104","5.5","22.7","32.0",,,,,,,,,,,,,,,,,,,"22.8"
"1","중구(서울)","성인","출장","53","관리자","참가","20250211","M","187.9","89.2","23.8",,"74","136","40.6","43.2",,,"0.3",,,,,,"25.3","26",,,,,,,,,"48.4",,,,,,,,"96","38.1",,,"0.361","0.446",,,,,,
"6","성동","성인","일반","22","관리자","2등급","20250211","F","165.2","50.8","25.6",,"83","116","24","27",,,"20.5",,,,,,"18.6","32",,,"172",,,,,,"53.1",,,,,,,,"114","39.9",,,"0.313",,,,,,,
"1","청주","청소년","일반","18","관리자","3등급","20250211","M","162.6","52.5","16.5","71","58","106","38.1","35.8","70",,"6","18.9","0.563","48.064","6","48.340","19.9",,"53",,,,,,,,"72.6",,"46.5",,,,,,,,,,,,,,,,,
"1","서구(광주)","성인","일반","61","관리자","참가","20250211","M","165.6","76.2","25.7","94","96","153","41.7","40",,,"11.6",,,,,,"27.8","43",,"12.50","162",,,,,,"54.7",,,"81","113","126","163","34.6",,,,,,,,,,,,
"2","마포","어르신","일반","70","관리자","3등급","20250211","M","163.3","65.2","23.6",,"68","137","32.4","31.9",,,"-0.2",,,,,,"24.4",,,,,"20",,"125","4.48","21.30","49.7",,,,,,,,,,,,,,,,,,,"32.4"
"1","서구(대전)","성인","일반","34","관리자","3등급","20250211","M","174.6","77.1","19.4",,"64","118","42.2","46.1",,,"9.8",,,,,,"25.3","40",,,,,,,,,"59.8",,,"79","110","133","159","42.0",,,,,"0.284","0.576",,,,,,
"1","성동","성인","일반","19","관리자","2등급","20250211","M","179.7","81.2","19.5",,"59","107","44.6","52.1",,,"12.7",,,,,,"25.1","60",,,"247",,,,,,"64.2",,,"91","110","123","150","47.5",,,,,"0.388",,,,,,,
"1","KSPO송파","성인","일반","26","관리자","3등급","20250211","M","176.1","73.1","23.2","95","77","123","38.8","44.6",,,"5.9",,,,,,"23.6","48","50","10.62",,,,,,,"61.0",,"43.8",,,,,,,,,,,"0.526",,,,,,
"1","포천","청소년","일반","18","관리자","3등급","20250211","M","183.4","86.3","19.2","80","84","148","39.9","45.7","54",,"10.2","17.24","0.645","46.09","2","46.182","25.7",,"65",,,,,,,,"53.0",,"45.8",,,,,,,,,,,,,,,,,
"1","중구(서울)","성인","출장","34","관리자","2등급","20250211","M","177.6","74.7","16.4",,"72","122","43.8","51.3",,,"24.8",,,,,,"23.7","43",,,,,,,,,"68.7",,,,,,,,"78","47.9",,,"0.378","0.580",,,,,,
"1","수원","성인","일반","21","관리자","참가","20250211","M","174.8","68.5","12","73","70","131","17","15",,,"-3",,,,,,"22.4","10",,,"140",,,,,,"24.8",,,,,,,,"115","46.8",,,"0.674",,,,,,,
"1","KSPO송파","성인","일반","21","관리자","2등급","20250211","M","175.9","79.7","20.2","89.5","76","136","58.9","63.6",,,"13.8",,,,,,"25.8","57","62",,"252",,,,,,"79.8",,"46.0",,,,,,,,,,"0.357",,,,,,,
"1","전주","청소년","일반","18","관리자","2등급","20250211","M","170.7","65.2","21.3","82.4","66","129","36","37.9",,"46","12.8","18.04","0.627","49.805","10","50.265","22.4",,,,,,,,,,"58.1",,,"89","134","153",,"45.9",,,,,,,,,,,,
"3","수원","성인","일반","21","관리자","2등급","20250211","F","163.3","55.2","30.7","69","51","98","22.2","27",,,"25",,,,,,"20.7","43",,,"154",,,,,,"48.9",,,"96","114","133",,"40.6",,,,,"0.422",,,,,,,
"1","창원","성인","일반","19","관리자","참가","20250211","M","179.4","69.9","18.8","79","94","135","36.5","38.8",,,"13.5",,,,,,"21.7","39",,,,,,,,,"55.5",,,"96","107","121","151","49.6",,,,,"0.297","0.602",,,,,,
"3","서초","어르신","일반","72","관리자","3등급","20250211","M","168.3","71.8","30.2","90.0","80","140","33.3","38.1",,,"4.2",,,,,,"25.3",,,,,"22",,"114","4.80","22.35","53.1",,,,,,,,,,,,,,,,,,,"38.1"
"3","동작","어르신","일반","67","관리자","3등급","20250211","M","175.9","85.1","30.4","90","80","130","38","42.4",,,"5.4",,,,,,"27.5",,,,,"19",,"107","5.74","22.41","49.8",,,,,,,,,,,,,,,,,,,"42.4"
"1","창원","성인","일반","19","관리자","참가","20250211","M","174.8","98.2","32.1","103","73","146","37.5","41.9",,,"1.7",,,,,,"32.1","33",,,,,,,,,"42.7",,,"89","101","129","159","38.9",,,,,"0.372","0.477",,,,,,
"1","청주","성인","일반","21","관리자","참가","20250211","M","178.3","81.7","29.2","92.7","88","142","31.1","30.9",,,"-1.3",,,,,,"25.7","29",,"12.3","177",,,,,,"38.1",,,,,,,,"144","39.9",,,,,,,,,,
"1","고양","성인","일반","19","관리자","참가","20250211","M","166.9","67.7","26.5",,"76","131","34.9","39",,,"6.6",,,,,,"24.3","37","20","10.97","168",,,,,,"57.6",,"38.3",,,,,,,,,,,,,,,,,
"1","영주","성인","일반","34","관리자","참가","20250211","M","174.4","72.90","21.1","90.3","94","136","45.9","52.9",,,"17.1",,,,,,"24.0","16","10",,"219",,,,,,"72.6",,"33.9",,,,,,,,,,"0.3",,,,,,,
"1","사하","청소년","일반","17","관리자","참가","20250211","M","165.5","54.5","13.3","70.7","66","121","34.2","35.1",,"57","15.2","17.35","0.589","47.883","14","48.527","19.9",,"30",,,,,,,,"64.4",,"41.9",,,,,,,,,,,,,,,,,
"2","마포","어르신","일반","66","관리자","2등급","20250211","M","169.4","83.3","27.2",,"89","150","43.1","42.8",,,"12.3",,,,,,"29.0",,,,,"27",,"159","3.35","14.86","51.7",,,,,,,,,,,,,,,,,,,"43.1"
"1","중구(서울)","성인","출장","37","관리자","참가","20250211","M","173.4","95.4","34.6",,"89","131","44.8","55.6",,,"2.2",,,,,,"31.7","16",,,,,,,,,"58.3",,,,,,,,"135","33.8",,,"0.431","0.53",,,,,,
"1","광주","성인","일반","19","관리자","2등급","20250211","M","174.7","70.7","12.4",,"84","136","53.5","61.4",,,"11.4",,,,,,"23.2","51",,,"240",,,,,,"86.8",,,"94","105","123",,"47.7",,,,,"0.329",,,,,,,
"1","스포원(금정)","성인","일반","64","관리자","참가","20250211","F","161.7","47.2","18.7",,"64","113","24.1","24.7",,,"6.9",,,,,,"18.1","9",,,,,,,,,"52.3",,,,,,,,"124","31.4",,,"0.452","0.439",,,,,,
"1","안산","성인","일반","62","관리자","참가","20250211","M","168","78.2","27.6","93","90","152","37.8","39.1",,,"0.6",,,,,,"27.7","26",,,"182",,,,,,"50.0",,,,,,,,"106","35.3",,,"0.331",,,,,,,
"1","스포원(금정)","성인","일반","41","관리자","참가","20250211","F","162","55.7","36.3",,"73","112","27.5","27.3",,,"-9.3",,,,,,"21.2","24",,,"114",,,,,,"49.4",,,"93","129","161",,"33.1",,,,,"0.380",,,,,,,
"8","오산","어르신","일반","69","관리자","2등급","20250211","M","163.8","72.3","33.4","95.8","77","133","37.2","35.7",,,"7.9",,,,,,"26.9",,,,,"35",,"112","5.72","22.15","51.5",,,,,,,,,,,,,,,,,,,"37.2"
"1","중구(서울)","성인","출장","30","관리자","참가","20250211","F","170.9","59.1","25.5",,"81","139","26.2","22.8",,,"2",,,,,,"20.2","29",,,,,,,,,"44.3",,,,,,,,"123","35.8",,,"0.319","0.414",,,,,,
"2","KSPO송파별관(어르신)","어르신","일반","66","관리자","2등급","20250211","M","170.2","74.6","25",,"60","116","37.6","35.6",,,"13",,,,,,"25.8",,,,,"34",,"130","4.24","15.05","50.4",,,,,,,,,,,,,,,,,,,"37.6"
"3","안산","성인","일반","58","관리자","2등급","20250211","F","154.8","49.5","29.4","74","87","136","22.4","24.6",,,"16.4",,,,,,"20.7","19",,,"134",,,,,,"49.7",,,,,,,,"135","30.0",,,"0.412",,,,,,,
"1","순천","성인","출장","62","관리자","3등급","20250211","M","172.5","67.5","24.2","86.6","85","140","32","36.5",,,"9.3",,,,,,"22.7","22",,,,,,,,,"54.1",,,,,,,,"87","40.9",,,"0.336","0.477",,,,,,
"2","스포원(금정)","성인","일반","19","관리자","참가","20250211","M","178.4","67.9","18.5",,"78","117","43.5","41",,,"8.6",,,,,,"21.3","23",,"10.6","225",,,,,,"64.1",,,,,,,,"122","46.7",,,,,,,,,,
"1","남구(부산)","성인","일반","19","관리자","3등급","20250211","M","180.7","79","15.3",,"95","133","51.9","48.1",,,"11",,,,,,"24.2","44",,"9.59","239",,,,,,"65.7",,,"88","125","139","164","46.5",,,,,,,,,,,,
"1","광주","성인","일반","61","관리자","참가","20250211","F","153.2","56.8","27.8",,"72","119","23.8","25.3",,,"26.2",,,,,,"24.2","5",,,,,,,,,"44.5",,,,,,,,"118","29.5",,,"0.401","0.345",,,,,,
"1","중구(서울)","성인","출장","29","관리자","참가","20250211","F","159.9","56.9","34.2",,"73","122","22.8","24.4",,,"-5.5",,,,,,"22.3","26",,,,,,,,,"42.9",,,,,,,,"122","35.6",,,"0.446",,,,,,,
"6","오산","어르신","일반","77","관리자","3등급","20250211","M","162.9","76.1","32.7","93.1","65","136","30.7","28.8",,,"11.9",,,,,,"28.7",,,,,"30",,"120","5.56","24.03","40.3",,,,,,,,,,,,,,,,,,,"30.7"
"1","구미","성인","일반","19","관리자","참가","20250211","M","171.9","66.2","21.1","83","71","135","35.8","36",,,"-1.6",,,,,,"22.4","42","26",,,,,,,,"54.4",,"39.8",,,,,,,,,,"0.377","0.539",,,,,,
"1","남구(부산)","성인","일반","19","관리자","참가","20250211","M","176.8","61","14.6",,"79","144","39.3","42.4",,,"11.7",,,,,,"19.5","41",,,"234",,,,,,"69.5",,,,,,,,"120","48.4",,,"0.372",,,,,,,
"6","시흥","어르신","일반","76","관리자","3등급","20250211","M","173.3","63.5","21.8","90","74","134","25.7","27.2",,,"-1.9",,,,,,"21.1",,,,,"18",,"85","5.88","24.44","42.8",,,,,,,,,,,,,,,,,,,"27.2"
"1","광주","성인","일반","19","관리자","3등급","20250211","M","184.7","87.2","22.6",,"88","155","53.9","54.2",,,"11.5",,,,,,"25.6","44","41",,"205",,,,,,"62.2",,"40.0",,,,,,,,,,"0.294",,,,,,,
"3","김천","성인","일반","58","관리자","참가","20250211","M","167.4","73.4","26.8","92.3","82","134","50","45.6",,,"0.9",,,,,,"26.2","24",,,,,,,,,"68.1",,,,,,,,"104","37.6",,,"0.322","0.455",,,,,,
"1","서구(광주)","어르신","일반","70","관리자","참가","20250211","M","168.4","65.6","26.1","89","65","121","36.1","34.9",,,"6.2",,,,,,"23.1",,,,,"18",,"66","5.11","22.19","55.0",,,,,,,,,,,,,,,,,,,"36.1"
"3","천안","성인","일반","27","관리자","2등급","20250211","F","162.5","60.9","35.5",,"61","125","26.8","29.6",,,"24.3",,,,,,"23.1","49","26",,"180",,,,,,"48.6",,"34.3",,,,,,,,,,"0.347",,,,,,,
"1","전주","성인","일반","19","관리자","3등급","20250211","M","173.8","85","24.5","95.9","86","156","47.8","48.4",,,"17.8",,,,,,"28.1","44","41",,"226",,,,,,"56.9",,"40.6",,,,,,,,,,"0.295",,,,,,,
"1","익산","성인","출장","52","관리자","참가","20250211","F","168.1","63.8","28.1",,"80","123","21.8","7.6",,,"-13.2",,,,,,"22.6","3","12",,"119",,,,,,"34.2",,"28.7",,,,,,,,,,"0.435",,,,,,,
"1","익산","성인","출장","53","관리자","참가","20250211","F","159.9","72.9","37",,"80","124","28.2","28.8",,,"-1.6",,,,,,"28.5","19","11",,"149",,,,,,"39.5",,"26.7",,,,,,,,,,"0.405",,,,,,,
"1","익산","성인","출장","45","관리자","3등급","20250211","F","160.5","53","34.7",,"79","117","21.2","20.6",,,"17",,,,,,"20.6","26","22",,"133",,,,,,"40.0",,"33.6",,,,,,,,,,"0.482",,,,,,,
"1","사하","성인","일반","19","관리자","참가","20250211","M","168.9","67.9","17.0","82.2","78","141","30.4","38.1",,,"10.7",,,,,,"23.8","39","31",,,,,,,,"56.1",,"40.8",,,,,,,,,,"0.400","0.526",,,,,,
"1","익산","성인","출장","51","관리자","참가","20250211","M","174.7","89.1","29.9",,"80","124","50","48.7",,,"6.2",,,,,,"29.2","38","37",,"180",,,,,,"56.1",,"36.5",,,,,,,,,,"0.504",,,,,,,
"1","남구(부산)","어르신","일반","70","관리자","참가","20250211","M","170.5","70","22.8",,"64","118","30.1","31.7",,,"-4.7",,,,,,"24.1",,,,,"24",,"140","4.69","20.66","45.3",,,,,,,,,,,,,,,,,,,"31.7"
"1","미추홀","청소년","일반","18","관리자","참가","20250211","F","166.9","54.5","21.5","73.3","62","104","24.1","28.5",,"34","7.4","21.66","0.514","52.296","8","52.664","19.6",,,,,,,,,,"52.3",,,,,,,,"132","41.7",,,,,,,,,,
"1","익산","성인","출장","52","관리자","참가","20250211","M","169.2","66.7","20.1",,"84","126","42.5","46.3",,,"2.4",,,,,,"23.3","29","23",,"170",,,,,,"69.4",,"36.5",,,,,,,,,,"0.391",,,,,,,
"1","익산","성인","출장","50","관리자","참가","20250211","M","171.8","76.6","26.2",,"89","121","40.7","44.1",,,"-0.8",,,,,,"26.0","29","19",,"205",,,,,,"57.6",,"34.2",,,,,,,,,,"0.498",,,,,,,
"4","양평","성인","일반","62","관리자","2등급","20250211","M","168.5","71.9","28.1",,"75","146","43.3","45.2",,,"11",,,,,,"25.3","36",,,"191",,,,,,"62.9",,,,,,,,"117","35.2",,,"0.313",,,,,,,
"1","남구(부산)","어르신","일반","66","관리자","2등급","20250211","F","159.4","55.1","34.2",,"65","131","21.7","24.1",,,"16.6",,,,,,"21.7",,,,,"24",,"132","4.88","21.09","43.7",,,,,,,,,,,,,,,,,,,"24.1"
"1","익산","성인","출장","55","관리자","참가","20250211","M","176.4","72.8","22.4",,"87","121","35.8","28.8",,,"2.5",,,,,,"23.4","16","14",,"134",,,,,,"49.2",,"33.1",,,,,,,,,,"0.630",,,,,,,
"1","익산","성인","출장","55","관리자","참가","20250211","F","164","54.8","24.6",,"82","123","20.3","20.4",,,"-7.5",,,,,,"20.4","19","12",,"152",,,,,,"37.2",,"29.9",,,,,,,,,,"0.619",,,,,,,
"1","익산","성인","출장","54","관리자","참가","20250211","M","170.9","75.3","28.6",,"82","125","42.4","42.6",,,"-1.8",,,,,,"25.8","32","14",,"196",,,,,,"56.6",,"32.9",,,,,,,,,,"0.434",,,,,,,
"1","익산","성인","출장","51","관리자","3등급","20250211","F","167.8","53.7","24.3",,"81","128","29","31.5",,,"13.5",,,,,,"19.1","22","12",,"133",,,,,,"58.7",,"30.4",,,,,,,,,,"0.550",,,,,,,
"1","익산","성인","출장","55","관리자","참가","20250211","F","159.9","66.2","37.2",,"80","122","21.8","18.8",,,"11.6",,,,,,"25.9","1","12",,"90",,,,,,"32.9",,"28.0",,,,,,,,,,"0.502",,,,,,,
"1","미추홀","성인","일반","27","관리자","참가","20250211","M","184","87.3","26","95","80","144","37.9","35.4",,,"-2.9",,,,,,"25.8","31","31","12.6","152",,,,,,"43.4",,"37.0",,,,,,,,,,,,,,,,,
"1","익산","성인","출장","54","관리자","참가","20250211","F","147.1","50","36",,"80","116","17.7","16",,,"10.5",,,,,,"23.1","14","9",,"110",,,,,,"35.4",,"29.5",,,,,,,,,,"0.533",,,,,,,
"1","익산","성인","출장","53","관리자","참가","20250211","F","152.7","49.4","27",,"87","122","19.1","21.7",,,"19.5",,,,,,"21.2","15","11",,"120",,,,,,"43.9",,"30.4",,,,,,,,,,"0.687",,,,,,,
"1","익산","성인","출장","47","관리자","참가","20250211","M","178.5","86.3","32.9",,"81","127","33.5","36.5",,,"-4.5",,,,,,"27.1","10","5",,"175",,,,,,"42.3",,"29.6",,,,,,,,,,"0.481",,,,,,,
"6","포천","어르신","일반","72","관리자","참가","20250211","F","153","80.5","45.7","99","80","145","30","32.7",,,"7.8",,,,,,"34.4",,,,,"24",,"102","4.84","20.25","40.6",,,,,,,,,,,,,,,,,,,"32.7"
"1","KSPO송파","성인","일반","24","관리자","3등급","20250211","F","166.4","56.5","28.9","66.4","62","113","25.6","26.2",,,"20.9",,,,,,"20.4","37",,,"124",,,,,,"46.4",,,"80","114","135",,"40.2",,,,,"0.439",,,,,,,
"1","KSPO대구","성인","일반","19","관리자","3등급","20250211","M","171.7","75.7","19.5","76","96","130","43.7","42.7",,,"12.7",,,,,,"25.7","53","41","10.9","209",,,,,,"57.7",,"42.0",,,,,,,,,,,,,,,,,
"3","오산","어르신","일반","65","관리자","3등급","20250211","M","171.4","68.5","27.3","88.6","97","134","36","38.2",,,"15.1",,,,,,"23.3",,,,,"17",,"104","5.44","24.31","55.8",,,,,,,,,,,,,,,,,,,"38.2"
"6","오산","어르신","일반","70","관리자","2등급","20250211","M","163.2","67.5","23.1","81.1","95","141","35.3","38.8",,,"7.1",,,,,,"25.3",,,,,"25",,"121","5.25","20.90","57.5",,,,,,,,,,,,,,,,,,,"38.8"
"1","익산","성인","출장","53","관리자","참가","20250211","F","155","68.7","41.9",,"88","124","23.6","17",,,"15.3",,,,,,"28.6","16","8",,"90",,,,,,"34.4",,"26.4",,,,,,,,,,"0.500",,,,,,,
"1","익산","성인","출장","46","관리자","참가","20250211","F","150.8","47.6","31.9",,"80","122","22.4","25.4",,,"5.7",,,,,,"20.9","13","7",,"113",,,,,,"53.4",,"29.7",,,,,,,,,,"0.393",,,,,,,
"3","부천","성인","일반","60","관리자","참가","20250211","M","170.9","79.7","31.7",,"83","156","43.8","40.5",,,"5.3",,,,,,"27.3","27",,,"175",,,,,,"55.0",,,"97","124","141","169","32.2",,,,,"0.320",,,,,,,
"1","안산","성인","일반","25","관리자","1등급","20250211","F","172.5","52.6","22","58","77","123","28.3","30.1",,,"19",,,,,,"17.7","37",,"12.56",,,,,,,"57.2",,,,,,,,"126","38.1",,,,"0.495",,,,,,
"1","익산","성인","출장","52","관리자","참가","20250211","M","175.8","75.2","21.5",,"88","125","45.2","52.4",,,"-2.3",,,,,,"24.3","23","23",,"200",,,,,,"69.7",,"35.1",,,,,,,,,,"0.523",,,,,,,
"1","안산","어르신","일반","70","관리자","3등급","20250211","F","156.2","65.4","40.4","83","62","140","24.6","27.7",,,"9.3",,,,,,"26.8",,,,,"28",,"104","6.57","24.12","42.4",,,,,,,,,,,,,,,,,,,"27.7"
"1","남구(부산)","성인","일반","63","관리자","참가","20250211","M","172","71.2","19.3",,"63","140","36.8","36.5",,,"-5.4",,,,,,"24.1","24",,,,,,,,,"51.7",,,"96","117","135","159","35.0",,,,,"0.359","0.428",,,,,,
"2","청주","성인","일반","54","관리자","3등급","20250211","M","165.8","74.8","20.5","85.4","70","113","50","49",,,"15.4",,,,,,"27.2","38","22",,"172",,,,,,"66.8",,"35.0",,,,,,,,,,"0.345",,,,,,,
"1","남구(울산)","성인","일반","49","관리자","참가","20250211","F","161.9","60.2","33.8",,"76","130","22.6","26.1",,,"6.5",,,,,,"23.0","3","9","15.66","115",,,,,,"43.4",,"28.4",,,,,,,,,,,,,,,,,
"1","강릉","성인","일반","53","관리자","참가","20250211","M","167.5","80.8","30.0","94.0","84","137","45.7","44.3",,,"6.6",,,,,,"28.8","20",,,"157",,,,,,"56.6",,,,,,,,"92","39.0",,,"0.414",,,,,,,
"1","남구(울산)","성인","일반","40","관리자","참가","20250211","F","156.4","49.7","32",,"62","84","16.9","18.5",,,"0",,,,,,"20.3","0","16","14.16","120",,,,,,"37.2",,"32.4",,,,,,,,,,,,,,,,,
"1","마포","어르신","일반","68","관리자","3등급","20250211","M","171.9","73.4","27.4",,"70","135","36.4","38.5",,,"3",,,,,,"24.8",,,,,"20",,"119","3.95","19.56","52.5",,,,,,,,,,,,,,,,,,,"38.5"
"1","익산","성인","출장","55","관리자","참가","20250211","F","164","54.8","24.6",,"82","123","20.3","20.4",,,"-7.5",,,,,,"20.4","19","12",,"152",,,,,,"37.2",,"29.9",,,,,,,,,,"0.619",,,,,,,
"1","남구(울산)","성인","일반","39","관리자","3등급","20250211","F","152.2","48.3","30",,"76","122","19.4","22.1",,,"12.5",,,,,,"20.9","21","18","13.78","155",,,,,,"45.8",,"33.2",,,,,,,,,,,,,,,,,
"1","남구(울산)","성인","일반","52","관리자","참가","20250211","F","157.1","74.4","41.3",,"90","159","20.4","18.6",,,"15",,,,,,"30.1","19","10","15.75","125",,,,,,"27.4",,"26.2",,,,,,,,,,,,,,,,,
"1","포천","성인","일반","62","관리자","참가","20250211","M","163.4","67.2","30.1","87","99","158","41.4","38.6",,,"10.8",,,,,,"25.2","16",,,"166",,,,,,"61.6",,,,,,,,"107","37.3",,,"0.351",,,,,,,
"1","남구(울산)","성인","일반","47","관리자","3등급","20250211","F","152.8","53.5","32.4",,"89","121","19.4","21.4",,,"11.4",,,,,,"22.9","28","16","11.84","165",,,,,,"40.0",,"31.5",,,,,,,,,,,,,,,,,
"1","남구(울산)","성인","일반","32","관리자","참가","20250211","F","161.3","43.5","27.7",,"73","121","18.7","17.6",,,"8.5",,,,,,"16.7","0","26","17.62","110",,,,,,"43.0",,"36.9",,,,,,,,,,,,,,,,,
"5","청주","성인","일반","22","관리자","3등급","20250211","F","163.7","51.5","30.1","72.9","60","114","24.2","24.8",,,"26.1",,,,,,"19.2","25",,,"142",,,,,,"48.2",,,,,,,,"148","35.4",,,"0.351",,,,,,,
"1","남구(울산)","성인","일반","53","관리자","3등급","20250211","F","157.6","57.8","35.7",,"92","128","21","22",,,"18.6",,,,,,"23.3","37","33","13.06","165",,,,,,"38.1",,"35.8",,,,,,,,,,,,,,,,,
"1","남구(울산)","성인","일반","36","관리자","참가","20250211","F","163.5","69.9","37.3",,"78","112","26.7","26.1",,,"24",,,,,,"26.1","22","17","13.18","125",,,,,,"38.2",,"29.8",,,,,,,,,,,,,,,,,
"1","남구(울산)","성인","일반","32","관리자","참가","20250211","F","159.4","54.9","34.7",,"74","101","23.2","26.9",,,"3",,,,,,"21.6","22","19","14.03","130",,,,,,"49.0",,"32.9",,,,,,,,,,,,,,,,,
"1","남구(울산)","성인","일반","37","관리자","3등급","20250211","F","156.1","58","33.4",,"72","118","24.6","26.6",,,"19",,,,,,"23.8","26","15","13.59","140",,,,,,"45.9",,"30.9",,,,,,,,,,,,,,,,,
"3","포천","성인","일반","53","관리자","2등급","20250211","M","172.8","75.5","24.1","86","82","138","40.7","46.4",,,"22.5",,,,,,"25.3","54",,,"194",,,,,,"61.5",,,,,,,,"111","37.8",,,"0.339",,,,,,,
"1","익산","성인","출장","45","관리자","참가","20250211","M","165.1","79.5","29.4",,"80","123","35","43.6",,,"12",,,,,,"29.2","37","42",,"170",,,,,,"54.8",,"39.7",,,,,,,,,,"0.441",,,,,,,
"1","남구(울산)","성인","일반","53","관리자","참가","20250211","F","154.3","52.1","31.7",,"82","127","21","22.7",,,"0",,,,,,"21.9","39","31","12.56","150",,,,,,"43.6",,"36.1",,,,,,,,,,,,,,,,,
"1","남구(울산)","성인","일반","32","관리자","참가","20250211","F","169.2","65.1","30.6",,"86","115","20.8","20.8",,,"22.5",,,,,,"22.7","37","17","13.44","150",,,,,,"32.0",,"30.8",,,,,,,,,,,,,,,,,
"1","안동","성인","일반","54","관리자","2등급","20250211","F","160.7","57.7","33.2","72","90","142","27.5","27.1",,,"22.7",,,,,,"22.3","33",,,"155",,,,,,"47.7",,,"90","136","156",,"31.9",,,,,"0.368",,,,,,,
"1","익산","성인","출장","50","관리자","참가","20250211","F","160.4","65.5","39.9",,"80","121","19.1","19.7",,,"3",,,,,,"25.5","10","12",,"112",,,,,,"30.1",,"28.4",,,,,,,,,,"0.532",,,,,,,
"1","고양","청소년","일반","18","관리자","참가","20250211","M","165.3","60.4","14.1",,"57","114","39.4","39.2",,"49","19.8","17.61","0.688","45.422","7","45.744","22.1",,"31",,,,,,,,"65.2",,"41.0",,,,,,,,,,,,,,,,,
"1","익산","성인","출장","51","관리자","참가","20250211","M","170.2","84.9","25.2",,"81","124","35.8","42.2",,,"16.6",,,,,,"29.3","36","42",,"220",,,,,,"49.7",,"38.3",,,,,,,,,,"0.449",,,,,,,
"1","안동","성인","일반","19","관리자","3등급","20250211","M","177","64.8","15.9","74.5","71","139","41.6","49.6",,,"7.5",,,,,,"20.7","42",,"10.96","230",,,,,,"76.5",,,"114","135","146","173","47.2",,,,,,,,,,,,
"1","익산","성인","출장","50","관리자","3등급","20250211","M","170.1","56.9","19.7",,"80","122","33.5","37.4",,,"8.2",,,,,,"19.7","27","32",,"193",,,,,,"65.7",,"40.2",,,,,,,,,,"0.554",,,,,,,
"1","익산","성인","출장","50","관리자","참가","20250211","M","171","73.8","29.4",,"88","129","39","46.2",,,"9.5",,,,,,"25.2","32","30",,"173",,,,,,"62.6",,"37.2",,,,,,,,,,"0.417",,,,,,,
"1","익산","성인","출장","55","관리자","참가","20250211","M","158.9","63.1","33.2",,"85","129","35.7","36.9",,,"-1.8",,,,,,"25.0","23","16",,"140",,,,,,"58.5",,"35.3",,,,,,,,,,"0.404",,,,,,,
"1","익산","성인","출장","55","관리자","3등급","20250211","M","169.2","68","23",,"80","127","37.4","39.9",,,"12",,,,,,"23.8","28","22",,"150",,,,,,"58.7",,"35.8",,,,,,,,,,"0.488",,,,,,,
"1","익산","성인","출장","50","관리자","참가","20250211","F","156.6","50.3","34.7",,"82","127","12.9","17.2",,,"11",,,,,,"20.5","16","12",,"115",,,,,,"34.2",,"30.7",,,,,,,,,,"0.596",,,,,,,
"1","익산","성인","출장","55","관리자","참가","20250211","F","151","53.5","36.4",,"82","124","17.8","17.8",,,"5.8",,,,,,"23.5","25","12",,"145",,,,,,"33.3",,"29.9",,,,,,,,,,"0.407",,,,,,,
"3","세종","성인","일반","19","관리자","2등급","20250211","M","176.4","63.9","13.2","77.5","76","128","41.3","41.2",,,"16",,,,,,"20.5","55",,,"241",,,,,,"64.6",,,,,,,,"134","45.6",,,"0.281",,,,,,,
"1","익산","성인","출장","54","관리자","3등급","20250211","F","157.3","52.5","33.2",,"82","121","24.5","20.6",,,"19.5",,,,,,"21.2","20","12",,"156",,,,,,"46.7",,"30.2",,,,,,,,,,"0.535",,,,,,,
"1","KSPO대구","성인","일반","62","관리자","3등급","20250211","M","171.1","62.6","15.1","78","93","156","39.2","41.8",,,"4.4",,,,,,"21.4","38","23","13.8",,,,,,,"66.8",,"36.2",,,,,,,,,,,"0.455",,,,,,
"1","익산","성인","출장","55","관리자","참가","20250211","M","167","74","27",,"82","121","40.7","45.9",,,"8.3",,,,,,"26.5","20","8",,"170",,,,,,"62.0",,"31.7",,,,,,,,,,"0.534",,,,,,,
"1","KSPO대구","성인","일반","41","관리자","2등급","20250211","M","174.3","77.1","19.5","89","89","157","50.8","51.2",,,"16.9",,,,,,"25.4","46","41","11.8",,,,,,,"66.4",,"39.9",,,,,,,,,,,"0.471",,,,,,
"1","달서","성인","일반","56","관리자","참가","20250211","M","167.9","74.9","19.4","85.3","80","115","45.1","45.7",,,"-3.4",,,,,,"26.6","31",,,"192",,,,,,"61.0",,,,,,,,"111","36.8",,,"0.396",,,,,,,
"1","달서","성인","일반","50","관리자","참가","20250211","F","158.9","51.8","26.2","67.7","69","100","10.6","18.5",,,"-7.5",,,,,,"20.5","15",,,"122",,,,,,"35.7",,,,,,,,"106","34.8",,,"0.374",,,,,,,
"1","남구(울산)","성인","일반","53","관리자","2등급","20250211","M","176.6","66.6","15.3",,"88","133","38","33",,,"14.2",,,,,,"21.4","32","54","12.06","205",,,,,,"57.1",,"43.5",,,,,,,,,,,,,,,,,
"1","익산","성인","출장","54","관리자","참가","20250211","F","158.5","60.7","33.5",,"80","119","28.2","29.3",,,"1.8",,,,,,"24.2","20","10",,"151",,,,,,"48.3",,"28.3",,,,,,,,,,"0.475",,,,,,,
"1","남구(울산)","성인","일반","43","관리자","참가","20250211","M","170.7","76.1","27.3",,"97","148","40.1","41.7",,,"5",,,,,,"26.1","38","34","11.65","180",,,,,,"54.8",,"38.4",,,,,,,,,,,,,,,,,
"2","남구(울산)","성인","일반","51","관리자","참가","20250211","M","168.8","87.7","27.2",,"91","158","49","47.8",,,"7.5",,,,,,"30.8","57","39","10.75","185",,,,,,"55.9",,"37.2",,,,,,,,,,,,,,,,,
"1","사천","어르신","일반","65","관리자","2등급","20250211","M","158.3","57.6","13.3","71.3","73","156","30.9","29.4",,,"19.3",,,,,,"23.0",,,,,"26",,"126","5.97","19.8","53.6",,,,,,,,,,,,,,,,,,,"30.9"
"1","남구(울산)","성인","일반","56","관리자","3등급","20250211","M","161.8","63","25.3",,"86","121","31.1","34.7",,,"11.5",,,,,,"24.1","24","22","12.25","185",,,,,,"55.1",,"36.6",,,,,,,,,,,,,,,,,
"3","사천","어르신","일반","69","관리자","2등급","20250211","M","171.4","64.2","22.2","79.9","84","159","33.5","34.9",,,"6.6",,,,,,"21.9",,,,,"26",,"128","5","20.48","54.4",,,,,,,,,,,,,,,,,,,"34.9"
"1","남구(울산)","성인","일반","47","관리자","참가","20250211","M","167.3","66.9","26.9",,"89","135","37","40.9",,,"-6",,,,,,"23.9","34","41","11.66","185",,,,,,"61.1",,"41.1",,,,,,,,,,,,,,,,,
"1","익산","성인","출장","50","관리자","참가","20250211","F","162.2","63.8","37.5",,"81","129","24.2","28.1",,,"-6.8",,,,,,"24.3","14","18",,"132",,,,,,"44.0",,"30.5",,,,,,,,,,"0.479",,,,,,,
"1","남구(울산)","성인","일반","49","관리자","참가","20250211","M","168.7","71","23.5",,"95","153","40.8","41.6",,,"1.5",,,,,,"24.9","41","60","11.72","180",,,,,,"58.6",,"44.8",,,,,,,,,,,,,,,,,
"1","사하","어르신","일반","65","관리자","3등급","20250211","M","170.3","80.5","23.2","91.7","86","142","38.7","38.8",,,"13.3",,,,,,"27.8",,,,,"32",,"135","4.06","18.81","48.2",,,,,,,,,,,,,,,,,,,"38.8"
"6","천안","어르신","일반","71","관리자","3등급","20250211","F","161","59.5","28.1",,"68","158","24","24.1",,,"19.2",,,,,,"23.0",,,,,"23",,"95","5.78","25.5","40.5",,,,,,,,,,,,,,,,,,,"24.1"
"1","남구(울산)","성인","일반","29","관리자","참가","20250211","M","182.2","86.8","22.4",,"71","123","46","51.8",,,"1",,,,,,"26.1","50","60","11.18","230",,,,,,"59.7",,"43.8",,,,,,,,,,,,,,,,,
"1","익산","성인","출장","53","관리자","2등급","20250211","M","165.9","58","20.8",,"81","125","33.1","32.4",,,"16",,,,,,"21.1","32","44",,"203",,,,,,"57.1",,"42.7",,,,,,,,,,"0.433",,,,,,,
"1","춘천","어르신","일반","65","관리자","참가","20250211","F","159.4","62.2","34.7","79.8","66","122","20.8","20.6",,,"7.7",,,,,,"24.5",,,,,"23",,"114","5.09","23.15","33.4",,,,,,,,,,,,,,,,,,,"20.8"
"1","익산","성인","출장","54","관리자","참가","20250211","M","177.9","81.4","26.2",,"86","129","50.1","48.1",,,"10.6",,,,,,"25.7","31","42",,"202",,,,,,"61.5",,"38.4",,,,,,,,,,"0.379",,,,,,,
"1","익산","성인","출장","49","관리자","참가","20250211","F","154.3","65.7","34.5",,"89","127","24.1","23.5",,,"8.2",,,,,,"27.6","20","10",,"140",,,,,,"36.7",,"27.6",,,,,,,,,,"0.454",,,,,,,
"1","익산","성인","출장","52","관리자","참가","20250211","M","167","66.4","21.6",,"81","127","26.2","19.4",,,"9.6",,,,,,"23.8","26","22",,"193",,,,,,"39.5",,"36.3",,,,,,,,,,"0.558",,,,,,,
"1","익산","성인","출장","52","관리자","3등급","20250211","F","161","54.7","26.7",,"79","122","24.9","24.8",,,"15.2",,,,,,"21.1","17","12",,"130",,,,,,"45.5",,"30.0",,,,,,,,,,"0.564",,,,,,,
"1","익산","성인","출장","55","관리자","참가","20250211","M","165.1","68.3","25.8",,"88","129","45.4","46.5",,,"3",,,,,,"25.1","28","22",,"185",,,,,,"68.1",,"35.9",,,,,,,,,,"0.419",,,,,,,
"1","익산","성인","출장","46","관리자","참가","20250211","M","177.1","70.7","22.2",,"80","124","30.9","35.8",,,"18",,,,,,"22.5","26","24",,"200",,,,,,"50.6",,"36.4",,,,,,,,,,"0.561",,,,,,,
"1","사천","성인","일반","52","관리자","2등급","20250211","M","177.3","70.8","27.5","85.4","78","123","45.4","45.4",,,"21.5",,,,,,"22.5","33","41",,,,,,,,"64.1",,"39.9",,,,,,,,,,"0.318","0.564",,,,,,
"1","익산","성인","출장","55","관리자","1등급","20250211","F","154.9","52","29.9",,"84","128","26.2","26.7",,,"23.3",,,,,,"21.7","21","18",,"143",,,,,,"51.3",,"32.1",,,,,,,,,,"0.404",,,,,,,
"1","동작","청소년","일반","18","관리자","참가","20250211","F","162.2","67.6","33.1","84","78","129","23","24.2","16",,"25.4","20.28","0.415","44.630","20","45.550","25.7",,"30",,,,,,,,"35.8",,"34.0",,,,,,,,,,,,,,,,,
"1","서구(대전)","성인","일반","22","관리자","참가","20250211","F","148.8","61","40",,"75","115","24.3","25.7",,,"8.1",,,,,,"27.6","20",,,"132",,,,,,"42.1",,,"79","130","163",,"34.1",,,,,"0.468",,,,,,,
"2","천안","성인","일반","19","관리자","3등급","20250211","M","173.9","70.4","16.5",,"90","149","39.4","43.3",,,"15.3",,,,,,"23.3","46",,,"226",,,,,,"61.5",,,"109","120","133","161","46.9",,,,,"0.373",,,,,,,
"2","동작","성인","일반","60","관리자","참가","20250211","M","176.3","91.8","34.9","97","85","134","47","46",,,"5.7",,,,,,"29.5","22","16",,"157",,,,,,"51.2",,"30.4",,,,,,,,,,"0.349",,,,,,,
"1","서구(대전)","성인","일반","48","관리자","참가","20250211","F","138.2","71.1","52.9",,"72","130","19.8","23.9",,,"20.8",,,,,,"37.2","0",,,"99",,,,,,"33.6",,,"88","146",,,,,,,,"0.450",,,,,,,
"1","춘천","성인","일반","22","관리자","참가","20250211","M","162.3","69.7","25.5","86.6","83","139","32.6","44.3",,,"15.5",,,,,,"26.5","40","32",,"186",,,,,,"63.6",,"40.7",,,,,,,,,,"0.280",,,,,,,
"1","제주","성인","일반","20","관리자","참가","20250211","M","178.8","72.3","15","86","81","158","35.9","37",,,"-5.6",,,,,,"22.6","29","26",,"181",,,,,,"51.2",,"38.7",,,,,,,,,,"0.346",,,,,,,
"1","익산","성인","출장","49","관리자","참가","20250211","M","160.9","75","31.4",,"82","127","40.4","43.7",,,"9.7",,,,,,"29.0","20","16",,"180",,,,,,"58.3",,"34.0",,,,,,,,,,"0.412",,,,,,,
"1","동구(인천)","성인","일반","22","관리자","2등급","20250211","F","169.1","57.8","31.4",,"69","113","29.9","30.1",,,"18.4",,,,,,"20.2","30",,,"159",,,,,,"52.1",,,,,,,,"143","35.0",,,"0.329",,,,,,,
"1","춘천","성인","일반","19","관리자","3등급","20250211","M","182.2","76.3","20.3","87.4","81","154","44.5","47.4",,,"16",,,,,,"23.0","44","45",,"222",,,,,,"62.1",,"42.6",,,,,,,,,,"0.333",,,,,,,
"1","포천","성인","일반","45","관리자","참가","20250211","M","175.9","77.9","25.6","87","80","146","32.6","32.7",,,"25.4",,,,,,"25.2","21",,,"189",,,,,,"42.0",,,,,,,,"158","32.6",,,"0.290",,,,,,,
"1","익산","성인","출장","55","관리자","참가","20250211","M","173.4","80.7","29.3",,"85","123","39.7","44.3",,,"2.8",,,,,,"26.8","22","35",,"186",,,,,,"54.9",,"36.9",,,,,,,,,,"0.473",,,,,,,
"1","동작","어르신","일반","66","관리자","1등급","20250211","M","165.4","68.7","26.5","79.9","89","124","42.9","39",,,"15.5",,,,,,"25.1",,,,,"32",,"130","4.46","19.11","62.4",,,,,,,,,,,,,,,,,,,"42.9"
"1","부천","성인","일반","19","관리자","참가","20250211","M","173.6","56.2","13.5",,"79","136","33.2","31.2",,,"14",,,,,,"18.6","39",,,,,,,,,"59.1",,,,,,,,"120","49.2",,,"0.296","0.614",,,,,,
"2","부천","성인","일반","24","관리자","참가","20250211","F","162.1","45.5","26.7",,"75","130","19","19.7",,,"14.2",,,,,,"17.3","7",,,"151",,,,,,"43.3",,,,,,,,"160","34.9",,,"0.305",,,,,,,
"1","KSPO송파별관(어르신)","어르신","일반","73","관리자","2등급","20250211","M","164.8","59.6","25.8",,"84","143","35.5","35.7",,,"7.3",,,,,,"21.9",,,,,"23",,"114","5.11","20.24","59.9",,,,,,,,,,,,,,,,,,,"35.7"
"1","수원","성인","일반","20","관리자","2등급","20250211","F","162.7","48","21.2","65","73","115","27.3","25.7",,,"16.2",,,,,,"18.1","36",,,"184",,,,,,"56.9",,,,,,,,"101","42.3",,,"0.385",,,,,,,
"1","KSPO송파별관(어르신)","어르신","일반","65","관리자","1등급","20250211","M","163.7","73.4","32.4",,"61","159","41.2","38.2",,,"14.4",,,,,,"27.4",,,,,"27",,"130","4.51","19.77","56.1",,,,,,,,,,,,,,,,,,,"41.2"
"2","수원","성인","일반","60","관리자","참가","20250211","M","171","81.1","29.2","96","74","125","43","46.8",,,"7.9",,,,,,"27.7","15",,,"174",,,,,,"57.7",,,,,,,,"120","33.4",,,"0.355",,,,,,,
"1","서대문","청소년","일반","18","관리자","참가","20250211","M","169.6","60.4","20.0",,"89","125","43.9","41.6",,"40","12.6","22.6","0.538","41.741","16","42.477","21.0",,"25",,,,,,,,"72.7",,"40.4",,,,,,,,,,,,,,,,,
"1","서구(광주)","청소년","일반","18","관리자","참가","20250211","M","178","68.1","17.1","77","74","121","37.5","35.3","23",,"18.8","17.72","0.634","46.052","9","46.466","21.5",,,,,,,,,,"55.1",,,"106","121","136",,"48.9",,,,,,,,,,,,
"1","KSPO송파","성인","일반","23","관리자","2등급","20250211","F","170.8","55.9","22.9","75","56","114","27.2","28.8",,,"28.3",,,,,,"19.2","35",,,,,,,,,"51.5",,,,,,,,"114","39.0",,,"0.320","0.429",,,,,,
"4","남구(부산)","성인","일반","19","관리자","3등급","20250211","M","170.9","65.6","15.5",,"68","130","48.2","58.3",,,"18.6",,,,,,"22.5","50",,,"229",,,,,,"88.9",,,"98","131","149","184","44.7",,,,,"0.266",,,,,,,
"1","KSPO송파","성인","일반","20","관리자","2등급","20250211","M","175.5","78.6","17.5","87.7","72","121","53.5","54.1",,,"15.3",,,,,,"25.5","56",,,"227",,,,,,"68.8",,,"73","91","110","132","50.0",,,,,"0.327",,,,,,,
"1","남구(부산)","성인","일반","22","관리자","2등급","20250211","F","161.5","54.5","23.7",,"68","119","27.8","30.3",,,"31.6",,,,,,"20.9","33",,,"164",,,,,,"55.6",,,"69","94","108",,"44.1",,,,,"0.400",,,,,,,
"1","김천","성인","일반","19","관리자","참가","20250211","M","176.8","86.1","30.2","95.8","76","139","34.9","38.1",,,"5.3",,,,,,"27.5","45",,"10.14","222",,,,,,"44.3",,,"98","134","141",,"44.8",,,,,,,,,,,,
"2","부천","어르신","일반","65","관리자","참가","20250211","M","175.1","105.6","37.7",,"66","107","41","37.8",,,"2.5",,,,,,"34.4",,,,,"26",,"125","4.29","19.22","38.8",,,,,,,,,,,,,,,,,,,"41.0"
"1","수원","성인","일반","22","관리자","참가","20250211","M","174.9","68.8","16.5","78","57","121","43.5","48.2",,,"2.1",,,,,,"22.5","46","40","10.4",,,,,,,"70.1",,"42.4",,,,,,,,,,,"0.536",,,,,,
"4","성남","어르신","일반","76","관리자","2등급","20250211","F","146.4","54.2","39.4",,"67","133","24.8","22.8",,,"11.2",,,,,,"25.3",,,,,"27",,"106","5.73","22.67","45.8",,,,,,,,,,,,,,,,,,,"24.8"
"1","청주","성인","일반","21","관리자","참가","20250211","M","184.6","99.4","18.9","99.4","77","128","57.9","63.7",,,"6.4",,,,,,"29.2","40",,,"235",,,,,,"64.1",,,,,,,,"124","39.4",,,"0.279",,,,,,,
"2","성동","성인","일반","20","관리자","3등급","20250211","F","170.7","58.8","26",,"59","110","27.7","27.2",,,"14.2",,,,,,"20.2","23",,,,,,,,,"47.1",,,,,,,,"130","36.9",,,"0.364","0.452",,,,,,
"7","사상","성인","일반","22","관리자","3등급","20250211","M","176.7","67.5","18.2","71.5","80","117","43.8","43.7",,,"20.2",,,,,,"21.6","52",,,,,,,,,"64.9",,,,,,,,"136","43.8",,,"0.298","0.549",,,,,,
"1","안산","성인","일반","32","관리자","참가","20250211","M","175.4","70.8","19.7","79","60","106","39.7","40",,,"14.7",,,,,,"23.0","31","23",,"169",,,,,,"56.5",,"37.4",,,,,,,,,,"0.359",,,,,,,
"1","성동","성인","일반","22","관리자","1등급","20250211","F","164.5","52.4","24",,"71","113","26.5","30.4",,,"24.9",,,,,,"19.4","40",,,"167",,,,,,"58.0",,,,,,,,"123","38.3",,,"0.273",,,,,,,
"2","안산","성인","일반","26","관리자","3등급","20250211","F","167.2","51.3","31.4","64","65","120","28.1","27.3",,,"19.4",,,,,,"18.4","33","17",,,,,,,,"54.8",,"33.2",,,,,,,,,,"0.348","0.499",,,,,,
"4","성남","어르신","일반","74","관리자","3등급","20250211","F","150.8","53.9","40.6",,"77","158","18.9","22.1",,,"12.6",,,,,,"23.7",,,,,"19",,"100","6.36","26.06","41.0",,,,,,,,,,,,,,,,,,,"22.1"
"1","서구(대전)","성인","일반","43","관리자","참가","20250211","F","136.8","68.6","48.1",,"69","113","21.9","24.2",,,"14.4",,,,,,"36.7","10",,,"88",,,,,,"35.3",,,"90","139","169",,"26.7",,,,,"0.405",,,,,,,
"1","전주","청소년","일반","18","관리자","참가","20250211","M","174.3","71.1","17","79.9","91","141","30.6","41.8","50",,"25.7","20.28","0.598","49.103","13","49.701","23.4",,"31",,,,,,,,"58.8",,"40.3",,,,,,,,,,,,,,,,,
"5","안산","어르신","일반","65","관리자","3등급","20250211","F","149.9","54.1","36.6","79","73","137","27.3","30.4",,,"14.6",,,,,,"24.1",,,,,"34",,"109","5.59","20.03","56.2",,,,,,,,,,,,,,,,,,,"30.4"
"1","시흥","성인","일반","63","관리자","참가","20250211","F","160.3","66.2","36.6","86.4","74","152","22","22.4",,,"8.6",,,,,,"25.8","0",,,"66",,,,,,"33.8",,,"71","106","129",,"30.9",,,,,"0.45",,,,,,,
"1","KSPO대구","성인","일반","56","관리자","참가","20250211","F","153.1","58.6","33.4","83","78","133","30.2","28.1",,,"20.2",,,,,,"25.0","13",,,"146",,,,,,"51.5",,,,,,,,"103","31.8",,,"0.328",,,,,,,
"3","스포원(금정)","어르신","일반","66","관리자","3등급","20250211","M","169.7","65.3","23",,"76","145","42.6","45.9",,,"5.4",,,,,,"22.7",,,,,"26",,"129","4.2","19.2","70.3",,,,,,,,,,,,,,,,,,,"45.9"
"1","스포원(금정)","어르신","일반","70","관리자","3등급","20250211","M","158.8","57.8","24.4",,"74","165","37.6","40.6",,,"12",,,,,,"22.9",,,,,"23",,"90","5.5","24.7","70.2",,,,,,,,,,,,,,,,,,,"40.6"
"1","사천","어르신","일반","67","관리자","3등급","20250211","M","181.2","99.8","28.1",,"90","145","41.5","49.4",,,"10.9",,,,,,"30.4",,,,,"28",,"120","4.14","18.78","49.5",,,,,,,,,,,,,,,,,,,"49.4"
"2","화성","어르신","출장","74","관리자","참가","20250211","F","146","53.2","43.4",,"76","146","21.7","21.5",,,"8.5",,,,,,"25.0",,,,,"26",,"94","2.31","24.52","40.8",,,,,,,,,,,,,,,,,,,"21.7"
"1","스포원(금정)","어르신","일반","67","관리자","2등급","20250211","M","169.9","62.9","20.8",,"89","137","39.4","43.3",,,"10.6",,,,,,"21.8",,,,,"22",,"116","4.6","20.5","68.8",,,,,,,,,,,,,,,,,,,"43.3"
"5","KSPO송파별관(어르신)","어르신","일반","67","관리자","1등급","20250211","F","147.4","53.8","33.3",,"80","145","22.3","26.4",,,"20",,,,,,"24.8",,,,,"35",,"150","4.63","16.91","49.1",,,,,,,,,,,,,,,,,,,"26.4"
"3","화성","어르신","출장","80","관리자","2등급","20250211","F","151","58.7","41",,"99","139","21","18.9",,,"12.5",,,,,,"25.7",,,,,"20",,"122","6.56","28.61","35.8",,,,,,,,,,,,,,,,,,,"21.0"
"2","KSPO송파별관(어르신)","어르신","일반","74","관리자","2등급","20250211","M","168","79.6","32.1",,"94","158","44.7","42.9",,,"5",,,,,,"28.2",,,,,"30",,"122","3.93","15.87","56.2",,,,,,,,,,,,,,,,,,,"44.7"
"1","화성","어르신","출장","81","관리자","2등급","20250211","F","154","55","30.7",,"81","137","20.8","19.4",,,"10.5",,,,,,"23.2",,,,,"20",,"84","4.82","32.82","37.8",,,,,,,,,,,,,,,,,,,"20.8"
"3","고양","어르신","일반","70","관리자","1등급","20250211","M","168.6","69.4","22.7",,"87","154","42.4","44.6",,,"14",,,,,,"24.4",,,,,"40",,"150","4.84","19.21","64.3",,,,,,,,,,,,,,,,,,,"44.6"
"1","고양","성인","일반","28","관리자","참가","20250211","F","168.7","56.7","23",,"67","118","26.1","28.4",,,"18.4",,,,,,"19.9","11",,"13.14","125",,,,,,"50.1",,,,,,,,"159","32.2",,,,,,,,,,
"3","화성","성인","출장","63","관리자","참가","20250211","F","167","79.4","38.9",,"76","146","28.4","26.6",,,"13",,,,,,"28.5",,,,,,,,,,"35.8",,,,,,,,,,,,,,,,,,,
"6","성남","어르신","일반","70","관리자","2등급","20250211","F","154.7","57.2","40.0",,"78","156","21.8","24.6",,,"24.2",,,,,,"23.9",,,,,"24",,"105","4.94","19.81","43.0",,,,,,,,,,,,,,,,,,,"24.6"
"4","정읍","성인","일반","46","관리자","참가","20250211","M","159.2","81.3","35.8",,"87","133","39.1","44.7",,,"14.1",,,,,,"32.1","34",,,,,,,,,"55.0",,,,,,,,"133","33.9",,,"0.393","0.399",,,,,,
"1","화성","어르신","출장","74","관리자","1등급","20250211","F","158","54.6","25.9",,"69","146","25.5","27.6",,,"22.5",,,,,,"21.9",,,,,"22",,"114","4.24","22.93","50.5",,,,,,,,,,,,,,,,,,,"27.6"
"4","오산","어르신","일반","67","관리자","3등급","20250211","M","176.2","80.5","25.2","94.7","83","133","36.1","40",,,"3.4",,,,,,"25.9",,,,,"27",,"111","4.68","21","49.7",,,,,,,,,,,,,,,,,,,"40.0"
"2","서구(대전)","성인","일반","25","관리자","참가","20250211","M","176.8","75.7","28.8",,"77","125","42.4","43.4",,,"-0.5",,,,,,"24.2","5","1",,,,,,,,"57.3",,"32.0",,,,,,,,,,"0.386","0.365",,,,,,
"3","연제","어르신","일반","67","관리자","1등급","20250211","M","175.3","81.8","24.2",,"81","126","48.2","52.7",,,"24.9",,,,,,"26.6",,,,,"30",,"132","4.5","18.1","64.4",,,,,,,,,,,,,,,,,,,"52.7"
"1","화성","어르신","출장","79","관리자","3등급","20250211","F","161","67.7","35.2",,"78","137","24.8","29.3",,,"7.5",,,,,,"26.1",,,,,"19",,"111","6.29","27.35","43.3",,,,,,,,,,,,,,,,,,,"29.3"
"2","화성","어르신","출장","74","관리자","2등급","20250211","F","152","55.4","36.6",,"80","136","19.4","20.7",,,"17.5",,,,,,"24.0",,,,,"19",,"144","5.91","27.01","37.4",,,,,,,,,,,,,,,,,,,"20.7"
"1","KSPO송파","성인","일반","50","관리자","3등급","20250211","M","174.4","68.4","22.1","84","75","131","45.2","47.6",,,"10.9",,,,,,"22.5","26",,,"203",,,,,,"69.6",,,,,,,,"111","40.2",,,"0.357",,,,,,,
"1","화성","어르신","출장","72","관리자","3등급","20250211","F","158","62.7","39.6",,"82","141","21.1","20.3",,,"12",,,,,,"25.1",,,,,"17",,"103","5.11","23.86","33.7",,,,,,,,,,,,,,,,,,,"21.1"
"2","KSPO송파","성인","일반","21","관리자","참가","20250211","M","189.7","71.9","11.8","77.7","80","146","51","56.7",,,"-0.3",,,,,,"20.0","39","54",,"243",,,,,,"78.9",,"45.0",,,,,,,,,,"0.303",,,,,,,
"1","성남","어르신","일반","65","관리자","참가","20250211","F","155.4","60.7","40.6",,"79","114","21.6","21.6",,,"-12.5",,,,,,"25.1",,,,,"16",,"100","5.24","20.82","35.6",,,,,,,,,,,,,,,,,,,"21.6"
"1","화성","어르신","출장","66","관리자","2등급","20250211","F","155","46.2","23.2",,"80","111","21.8","20.8",,,"27.2",,,,,,"19.2",,,,,"26",,"122","5.44","23.28","47.2",,,,,,,,,,,,,,,,,,,"21.8"
"11","화성","어르신","출장","77","관리자","2등급","20250211","M","164","65.7","22.7",,"84","147","34.5","33.5",,,"3",,,,,,"24.4",,,,,"36",,"134","3.81","16.08","52.5",,,,,,,,,,,,,,,,,,,"34.5"
"1","화성","성인","출장","63","관리자","참가","20250211","F","156","56.7","33.3",,"71","139","26.1","25.6",,,"29",,,,,,"23.3",,,,,,,,,,"46.0",,,,,,,,,,,,,,,,,,,
"2","오산","성인","일반","44","관리자","3등급","20250211","M","169","65.7","24.5","84.4","93","146","36.3","42.3",,,"16.9",,,,,,"23.0","40",,,"190",,,,,,"64.4",,,,,,,,"142","37.3",,,"0.394",,,,,,,
"1","화성","어르신","출장","66","관리자","참가","20250211","F","158","60.6","40.2",,"69","101","27","28.3",,,"10.8",,,,,,"24.3",,,,,"17",,"136","5.33","24.28","46.7",,,,,,,,,,,,,,,,,,,"28.3"
"1","화성","어르신","출장","79","관리자","참가","20250211","F","169","64","27.4",,"85","135","19.4","19.7",,,"6",,,,,,"22.4",,,,,"10",,"101","6.10","27.63","30.8",,,,,,,,,,,,,,,,,,,"19.7"
"1","안동","성인","일반","19","관리자","1등급","20250211","M","178.2","65.8","14.2","69","62","124","46.4","48.7",,,"20.7",,,,,,"20.7","63","62",,"241",,,,,,"74.0",,"48.2",,,,,,,,,,"0.298",,,,,,,
"2","천안","성인","일반","61","관리자","3등급","20250211","M","172","67.8","24.9",,"87","154","33.4","37.3",,,"4",,,,,,"22.9","31",,,"183",,,,,,"55.0",,,,,,,,"102","38.8",,,"0.418",,,,,,,
"6","동구(광주)","성인","일반","34","관리자","참가","20250211","M","177.4","77","18.1","84","69","130","39.4","40.4",,,,,,,,,"24.5","42",,,"175",,,,,,"52.5",,,,,,,,"109","42.8",,,"0.290",,,,,,,
"1","사천","성인","일반","19","관리자","3등급","20250211","M","176.1","75.7","18.5","85.6","76","138","38.8","39.7",,,"22.7",,,,,,"24.4","62","56",,"206",,,,,,"52.4",,"45.4",,,,,,,,,,"0.359",,,,,,,
"1","화성","어르신","출장","72","관리자","참가","20250211","F","161","72.1","40.2",,"76","131","20.3","26.4",,,"-2",,,,,,"27.8",,,,,"17",,"106","5.58","25.53","36.6",,,,,,,,,,,,,,,,,,,"26.4"
"1","안동","성인","일반","19","관리자","참가","20250211","M","186.7","68.9","17.1","75","88","147","46","50.4",,,"18.3",,,,,,"19.8","43","34",,,,,,,,"73.1",,"41.0",,,,,,,,,,"0.315","0.508",,,,,,
"1","화성","어르신","출장","74","관리자","3등급","20250211","F","139","53.6","42.6",,"78","138","22.3","23.4",,,"15",,,,,,"27.7",,,,,"16",,"114","5.88","25.23","43.7",,,,,,,,,,,,,,,,,,,"23.4"
"2","사하","성인","일반","28","관리자","참가","20250211","M","181.8","69.9","11.0","83.2","73","132","51.1","52.1",,,"-1.5",,,,,,"21.1","46","33",,"234",,,,,,"74.5",,"40.0",,,,,,,,,,"0.331",,,,,,,
"2","화성","어르신","출장","66","관리자","3등급","20250211","F","157","56.2","29.7",,"81","126","24.1","25.1",,,"13",,,,,,"22.8",,,,,"23",,"116","4.36","19.25","44.7",,,,,,,,,,,,,,,,,,,"25.1"
"1","달서","성인","일반","25","관리자","3등급","20250211","F","172.9","60.66","30.4","77.4","66","134","22","25.5",,,"9.9",,,,,,"20.3","22",,,,,,,,,"42",,,,,,,,"124","36.4",,,"0.345","0.4145",,,,,,
"11","광주","성인","일반","44","관리자","3등급","20250211","F","158.1","53.5","27",,"65","113","25.9","27",,,"24",,,,,,"21.4","42",,,,,,,,,"50.5",,,"94","112","128",,"37.3",,,,,"0.384","0.392",,,,,,
"3","화성","어르신","출장","79","관리자","3등급","20250211","F","146","46.7","27.5",,"86","142","19.9","19",,,"10.5",,,,,,"21.9",,,,,"24",,"93","6.11","26.78","42.6",,,,,,,,,,,,,,,,,,,"19.9"
"1","전주","성인","일반","19","관리자","참가","20250211","M","170.8","70.6","21.8","81.9","67","117","32.9","29.9",,,"5.8",,,,,,"24.2","44","43","10.38",,,,,,,"46.6",,"43.2",,,,,,,,,,,"0.530",,,,,,
"2","화성","어르신","출장","78","관리자","3등급","20250211","M","170","53.6","19.3",,"85","148","36.3","31.9",,,"3.5",,,,,,"18.5",,,,,"15",,"95","4.28","18.7","67.7",,,,,,,,,,,,,,,,,,,"36.3"
"2","성동","성인","일반","24","관리자","참가","20250211","M","174.8","67.9","22.6",,"77","144","36.8","42",,,"7.9",,,,,,"22.2","45","23","10.20","234",,,,,,"61.9",,"38.4",,,,,,,,,,,,,,,,,
"1","화성","어르신","출장","73","관리자","참가","20250211","F","154","50.5","35.7",,"72","140","13.8","16.6",,,"0",,,,,,"21.3",,,,,"17",,"82","4.93","21.7","32.9",,,,,,,,,,,,,,,,,,,"16.6"
"2","광주","성인","일반","19","관리자","3등급","20250211","M","174","78.8","23.5",,"78.8","135","37.7","41.1",,,"9.4",,,,,,"26.0","42","42",,,,,,,,"52.2",,"41.7",,,,,,,,,,"0.347","0.556",,,,,,
"2","화성","어르신","출장","72","관리자","참가","20250211","M","165","62.2","24.9",,"71","136","37.4","37.7",,,"-10",,,,,,"22.8",,,,,"33",,"132","3.54","16.71","60.6",,,,,,,,,,,,,,,,,,,"37.7"
"1","화성","어르신","출장","71","관리자","3등급","20250211","F","163","57.9","32.9",,"94","145","20.3","20.4",,,"11.5",,,,,,"21.8",,,,,"30",,"103","4.18","19.98","35.2",,,,,,,,,,,,,,,,,,,"20.4"
"3","화성","어르신","출장","75","관리자","3등급","20250211","F","156","59.6","32",,"81","121","15.9","21.8",,,"7.5",,,,,,"24.5",,,,,"27",,"109","4.98","25.94","36.6",,,,,,,,,,,,,,,,,,,"21.8"
"1","화성","어르신","출장","82","관리자","참가","20250211","M","160","58.8","31.6",,"78","139","21.8","23.4",,,"2.5",,,,,,"23.0",,,,,"12",,"78","7.9","36.98","39.8",,,,,,,,,,,,,,,,,,,"23.4"
"1","화성","어르신","출장","66","관리자","참가","20250211","F","154","59.6","38",,"72","136","22.7","23.2",,,"7.5",,,,,,"25.1",,,,,"29",,"117","3.94","16.16","38.9",,,,,,,,,,,,,,,,,,,"23.2"
"1","화성","어르신","출장","65","관리자","2등급","20250211","F","150","45.9","34.4",,"81","140","21.7","20.4",,,"16",,,,,,"20.4",,,,,"29",,"126","3.58","15.66","47.3",,,,,,,,,,,,,,,,,,,"21.7"
"2","화성","어르신","출장","69","관리자","2등급","20250211","F","160","64.6","34.1",,"71","131","20","25.6",,,"26.5",,,,,,"25.2",,,,,"21",,"140","4.21","18.91","39.6",,,,,,,,,,,,,,,,,,,"25.6"
"2","화성","어르신","출장","72","관리자","3등급","20250211","F","150","51.1","31.2",,"83","131","19.6","19.3",,,"25",,,,,,"22.7",,,,,"29",,"96","4.53","18.28","38.4",,,,,,,,,,,,,,,,,,,"19.6"
"1","남구(부산)","성인","일반","19","관리자","3등급","20250211","M","177.9","64.5","10.7",,"97","170","40.1","50.6",,,"18.5",,,,,,"20.4","44",,,"247",,,,,,"78.4",,,"89","124","148","165","48.3",,,,,"0.269",,,,,,,
"1","화성","어르신","출장","73","관리자","1등급","20250211","F","150","52.9","34.9",,"72","136","20.4","21.8",,,"25.5",,,,,,"23.5",,,,,"24",,"130","5.09","23.73","41.2",,,,,,,,,,,,,,,,,,,"21.8"
"2","화성","어르신","출장","77","관리자","참가","20250211","F","150","60.9","39.4",,"84","141","17.7","17.5",,,,,,,,,"27.1",,,,,"14",,"95","6.91","33.1","29.1",,,,,,,,,,,,,,,,,,,"17.7"
"1","화성","어르신","출장","80","관리자","참가","20250211","M","170","83.4","27",,"96","151","33.3","25.7",,,"-10",,,,,,"28.9",,,,,"21",,"116","4.56","24.76","39.9",,,,,,,,,,,,,,,,,,,"33.3"
"1","목포","성인","일반","56","관리자","참가","20250211","F","161.2","58.4","36.6","85.3","86","140","21.2","27.3",,,"13.7",,,,,,"22.5","0",,,,,,,,,"46.7",,,"82","130","168",,"28.9",,,,,"0.379","0.316",,,,,,
"1","화성","어르신","출장","83","관리자","3등급","20250211","F","154","57.3","33.9",,"89","136","22","25.8",,,"5",,,,,,"24.2",,,,,"23",,"111","5.18","25.1","45.0",,,,,,,,,,,,,,,,,,,"25.8"
"1","강북","성인","일반","64","관리자","3등급","20250211","M","167.2","52.8","13.4","75","94","151","34.7","37.7",,,"8.2",,,,,,"18.9","22",,,,,,,,,"71.4",,,,,,,,"141","35.3",,,"0.365","0.482",,,,,,
"1","화성","어르신","출장","71","관리자","2등급","20250211","F","153","58.3","37",,"75","135","25.5","28.7",,,"18",,,,,,"24.9",,,,,"24",,"110","4.18","20.71","49.2",,,,,,,,,,,,,,,,,,,"28.7"
"1","사천","성인","일반","19","관리자","3등급","20250211","M","177.4","63.8","10.6","76","81","142","48","51",,,"8",,,,,,"20.3","44","56",,"241",,,,,,"79.9",,"47.1",,,,,,,,,,"0.314",,,,,,,
"1","화성","어르신","출장","75","관리자","3등급","20250211","F","158","59.1","41.7",,"80","139","18.3","17.6",,,"16.3",,,,,,"23.7",,,,,"13",,"94","5.73","25.26","31.0",,,,,,,,,,,,,,,,,,,"18.3"
"1","삼척","성인","일반","33","관리자","참가","20250211","M","175.2","79.4","19.0",,"60","100","54","57.2",,,"4.5",,,,,,"25.9","42",,"10.92","234",,,,,,"72.0",,,,,,,,"108","42.5",,,,,,,,,,
"1","양평","성인","일반","21","관리자","참가","20250211","M","178.4","84.1","22",,"74","140","40.3","47.5",,,"-2.0",,,,,,"26.4","43","32","11.54","200",,,,,,"56.5",,"38.3",,,,,,,,,,,,,,,,,
"5","서구(대전)","어르신","일반","74","관리자","3등급","20250211","F","154.8","67.4","41.6",,"83","140","18.3","21.8",,,"21",,,,,,"28.1",,,,,"20",,"84","7.33","26.76","32.3",,,,,,,,,,,,,,,,,,,"21.8"
"1","강북","성인","일반","42","관리자","참가","20250211","F","166.6","63.30","34.9","84.5","82","126","21.7","24.2",,,"12.2",,,,,,"22.8","8",,,,,,,,,"38.2",,,"92","133","155",,"33.0",,,,,"0.372","0.406",,,,,,
"1","화성","어르신","출장","74","관리자","2등급","20250211","F","160","61.9","26.7",,"78","141","21.3","23.9",,,"23",,,,,,"24.2",,,,,"19",,"102","5.66","23.7","38.6",,,,,,,,,,,,,,,,,,,"23.9"
"3","청주","성인","일반","56","관리자","참가","20250211","F","158","57.1","23.9","77.6","68","125","23.9","28.2",,,"9.4",,,,,,"22.9","8",,,"109",,,,,,"49.4",,,,,,,,"91","34.2",,,"0.330",,,,,,,
"1","화성","어르신","출장","76","관리자","2등급","20250211","F","162","65.9","30.8",,"79","151","27.6","29.4",,,"17",,,,,,"25.1",,,,,"17",,"127","6.61","28.91","44.6",,,,,,,,,,,,,,,,,,,"29.4"
"3","남구(부산)","성인","일반","22","관리자","2등급","20250211","M","177.9","66.5","13.1",,"56","123","46","46.6",,,"19",,,,,,"21.0","53",,,"194",,,,,,"70.1",,,,,,,,"102","49.1",,,"0.253",,,,,,,
"1","청주","성인","일반","62","관리자","참가","20250211","F","157.3","67.6","36.5","94.2","82","148","28.4","27",,,"5.4",,,,,,"27.3","12",,,"123",,,,,,"42.0",,,,,,,,"87","30.9",,,"0.317",,,,,,,
"4","서대문","성인","일반","24","관리자","2등급","20250211","F","170.2","53.6","29.5",,"88","135","28.1","30",,,"19.8",,,,,,"18.5","30",,,,,,,,,"56.0",,,,,,,,"135","36.8",,,"0.276","0.470",,,,,,
"11","군산","성인","일반","63","관리자","1등급","20250211","F","154.8","55.7","29.4","71","81","142","28","32.2",,,"27.4",,,,,,"23.2","32",,,,,,,,,"57.8",,,"78","96","116",,"34.3",,,,,"0.348","0.435",,,,,,
"1","화성","어르신","출장","71","관리자","3등급","20250211","F","159","61.5","39",,"69","151","20.1","22.7",,,"12",,,,,,"24.3",,,,,"17",,"101","4.98","25.76","36.9",,,,,,,,,,,,,,,,,,,"22.7"
"1","연제","성인","일반","19","관리자","참가","20250211","M","158.9","53.5","20.9",,"79","143","28.5","33.5",,,"21.4",,,,,,"21.2","38",,,,,,,,,"62.6",,,"79","101","126","151","51.1",,,,,"0.373","0.495",,,,,,
"1","화성","어르신","출장","80","관리자","3등급","20250211","F","153","49.3","26.5",,"71","136","15.6","16.2",,,"6",,,,,,"21.1",,,,,"11",,"89","6.31","28.51","32.9",,,,,,,,,,,,,,,,,,,"16.2"
"2","화성","어르신","출장","80","관리자","참가","20250211","M","167","70.8","35.4",,"77","136","24.6","25",,,"-20",,,,,,"25.4",,,,,"13",,"121","8.16","34.66","35.3",,,,,,,,,,,,,,,,,,,"25.0"
"1","강북","어르신","일반","65","관리자","3등급","20250211","M","169.7","63.50","12.8","83.6","92","154","42.4","46.1",,,"22.5",,,,,,"22.1",,,,,"23",,"101","4.5","18.9","72.6",,,,,,,,,,,,,,,,,,,"46.1"
"1","안산","성인","일반","59","관리자","참가","20250211","M","180.2","96.0","35.0","113","76","157","35.2","34.9",,,"-2.2",,,,,,"29.6","12",,,"120",,,,,,"36.7",,,,,,,,"138","28.4",,,"0.472",,,,,,,
"1","화성","어르신","출장","70","관리자","2등급","20250211","F","151","59.1","33.3",,"66","126","29.7","31",,,"16",,,,,,"25.9",,,,,"19",,"140","5.43","25.75","52.5",,,,,,,,,,,,,,,,,,,"31.0"
"1","화성","어르신","출장","67","관리자","참가","20250211","F","160","61","32.6",,"74","139","23.7","28.1",,,"11",,,,,,"23.8",,,,,"18",,"113","4.5","20.48","46.1",,,,,,,,,,,,,,,,,,,"28.1"
"2","강릉","성인","일반","58","관리자","1등급","20250211","M","172.9","79.4","22.4","92.2","81","120","48","50.7",,,"14.6",,,,,,"26.6","39",,,"198",,,,,,"63.9",,,,,,,,"81","40.1",,,"0.274",,,,,,,
"3","화성","어르신","출장","76","관리자","2등급","20250211","F","143","50.6","31.2",,"67","137","27.7","24.9",,,"15.7",,,,,,"24.7",,,,,"21",,"102","5.41","26.58","54.7",,,,,,,,,,,,,,,,,,,"27.7"
"1","화성","어르신","출장","74","관리자","참가","20250211","M","166","52.8","29.1",,"76","142","24.2","25.4",,,"2.3",,,,,,"19.2",,,,,"17",,"95","6.51","34.48","48.1",,,,,,,,,,,,,,,,,,,"25.4"
"1","화성","어르신","출장","72","관리자","참가","20250211","F","149","59.11","38.8",,"73","111","23","26.1",,,"-4",,,,,,"26.6",,,,,"15",,"105","5.56","24.85","44.2",,,,,,,,,,,,,,,,,,,"26.1"
"1","화성","어르신","출장","75","관리자","참가","20250211","F","145","52.6","39.3",,"79","131","14.9","19.7",,,"11.7",,,,,,"25.0",,,,,"10",,"80","5.4","32.06","37.5",,,,,,,,,,,,,,,,,,,"19.7"
"1","전주","성인","일반","54","관리자","참가","20250211","F","164.5","74.3","38.7","96.3","84","149","32.2","32.9",,,"17.3",,,,,,"27.5",,,,,,,,,,"44.3",,,,,,,,,,,,,,,,,,,
"1","서구(대전)","성인","일반","61","관리자","참가","20250211","F","164.1","55.3","22",,"74","150","32.3","33",,,"13.7",,,,,,"20.5","1",,,,,,,,,"59.7",,,"69","104","140",,"32.3",,,,,"0.300","0.390",,,,,,
"1","화성","어르신","출장","75","관리자","참가","20250211","F","149","66.3","40.9",,"97","151","12.5","13.7",,,"-3",,,,,,"29.9",,,,,"31",,"130","6.3","28.56","20.7",,,,,,,,,,,,,,,,,,,"13.7"
"1","전주","어르신","일반","67","관리자","참가","20250211","M","173.6","63","26.1","82.5","83","140","31.2","36.9",,,"-8.5",,,,,,"20.9",,,,,,,,,,"58.6",,,,,,,,,,,,,,,,,,,"36.9"
"1","전주","성인","일반","57","관리자","참가","20250211","M","163.2","77.3","29.6","95.1","93","154","38.1","36",,,"3.3",,,,,,"29.0",,,,,,,,,,"49.3",,,,,,,,,,,,,,,,,,,
"3","남구(부산)","성인","일반","20","관리자","3등급","20250211","M","178.9","72.6","13.9",,"67","128","44","46",,,"9.1",,,,,,"22.7","45",,,"215",,,,,,"63.4",,,"99","128","146","156","47.6",,,,,"0.335",,,,,,,
"1","화성","어르신","출장","75","관리자","1등급","20250211","F","149","57.5","36.8",,"80","128","24.6","26.5",,,"18.3",,,,,,"25.9",,,,,"19",,"125","5.44","23.36","46.1",,,,,,,,,,,,,,,,,,,"26.5"
"2","북구(광주)","성인","일반","19","관리자","참가","20250211","M","181.8","84.3","21.3","83.2","59","124","44.9","44.7",,,"1.8",,,,,,"25.5","44",,,"229",,,,,,"53.3",,,,,,,,"116","44.2",,,"0.327",,,,,,,
"4","고양","성인","일반","35","관리자","2등급","20250211","M","173.2","72.2","22.3",,"78","130","42.1","45.3",,,"14.3",,,,,,"24.1","50","44","10.97","202",,,,,,"62.7",,"41.9",,,,,,,,,,,,,,,,,
"1","고양","성인","일반","41","관리자","참가","20250211","M","171.4","78.9","26.8",,"66","133","46","49.7",,,"22.7",,,,,,"26.9","52","34","10.51","212",,,,,,"63.0",,"38.1",,,,,,,,,,,,,,,,,
"7","동작","성인","일반","23","관리자","2등급","20250211","F","175.4","56","22.8","73","79","113","26.9","33.1",,,"17.7",,,,,,"18.2","40",,,,,,,,,"59.1",,,,,,,,"100","41.1",,,"0.285","0.489",,,,,,
"1","포항","성인","일반","19","관리자","참가","20250211","M","168.9","64.2","16.8",,"78","134","37.9","39.9",,,"13.1",,,,,,"22.5","35","43","10.73","230",,,,,,"62.1",,"44.2",,,,,,,,,,,,,,,,,
"1","화성","어르신","출장","80","관리자","2등급","20250211","F","148","52.7","34.2",,"76","136","21.8","25.5",,,"19",,,,,,"24.1",,,,,"19",,"92","4.98","24.23","48.4",,,,,,,,,,,,,,,,,,,"25.5"
"2","양평","성인","일반","48","관리자","참가","20250211","F","155.2","67.1","35.9",,"84","159","29.2","30.3",,,"18.2",,,,,,"27.9","27",,,"120",,,,,,"45.2",,,"108","135","160",,"28.5",,,,,"0.370",,,,,,,
"4","KSPO송파별관(어르신)","어르신","일반","65","관리자","2등급","20250211","F","144.6","50.3","36.8",,"69","185","23.1","24.9",,,"17.9",,,,,,"24.1",,,,,"27",,"116","5.44","20.30","49.5",,,,,,,,,,,,,,,,,,,"24.9"
"1","KSPO송파별관(어르신)","어르신","일반","72","관리자","참가","20250211","M","167.8","77.9","32.7",,"71","131","33.4","30.5",,,"4.8",,,,,,"27.7",,,,,"21",,"120","5.57","22.26","42.9",,,,,,,,,,,,,,,,,,,"33.4"
"4","스포원(금정)","성인","일반","19","관리자","참가","20250211","M","167.5","77.7","32.1",,"84","141","39.6","37.4",,,"11.2",,,,,,"27.7","41","27",,,,,,,,"51.0",,"38.5",,,,,,,,,,"0.380","0.528",,,,,,
"1","화성","성인","출장","63","관리자","참가","20250211","F","157","62.6","38.4",,"90","139","25.2","29.6",,,"13.5",,,,,,"25.4",,,,,,,,,,"47.3",,,,,,,,,,,,,,,,,,,
"2","천안","성인","일반","28","관리자","2등급","20250211","M","188.3","84.1","23.3",,"71","129","42.4","49.3",,,"15.5",,,,,,"23.7","51",,,"215",,,,,,"58.6",,,,,,,,"83","47.3",,,"0.330",,,,,,,
"1","화성","어르신","출장","68","관리자","1등급","20250211","F","158","53","30.9",,"69","141","27.4","27.2",,,"19.5",,,,,,"21.2",,,,,"30",,"119","4.34","17.68","51.7",,,,,,,,,,,,,,,,,,,"27.4"
"2","천안","성인","일반","19","관리자","참가","20250211","M","186","92.8","30.3",,"80","141","38.6","39.8",,,"-0.3",,,,,,"26.8","41",,,"188",,,,,,"42.9",,,,,,,,"97","45.4",,,"0.300",,,,,,,
"3","화성","어르신","출장","80","관리자","2등급","20250211","F","158","64.6","36.2",,"77","131","21.4","19.7",,,"15",,,,,,"25.9",,,,,"21",,"95","4.28","23.21","33.1",,,,,,,,,,,,,,,,,,,"21.4"
"8","화성","어르신","출장","67","관리자","2등급","20250211","F","160","70.6","39.5",,"80","159","29.6","25.9",,,"15.5",,,,,,"27.6",,,,,"30",,"115","4.54","21.06","41.9",,,,,,,,,,,,,,,,,,,"29.6"
"1","KSPO송파","성인","일반","59","관리자","참가","20250211","M","171.7","68.2","20.3","84.1","97","146","38.2","44.4",,,"5.6",,,,,,"23.1","15",,,"206",,,,,,"65.1",,,,,,,,"140","33.6",,,"0.333",,,,,,,
"3","KSPO송파","성인","일반","20","관리자","2등급","20250211","M","169.6","59.9","19.4","79","67","150","34.3","37.5",,,"12.7",,,,,,"20.8","59",,,"229",,,,,,"62.6",,,,,,,,"126","46.9",,,"0.285",,,,,,,
"1","창원","성인","일반","38","관리자","2등급","20250211","F","152.8","58.8","27.2","69","72","130","21","26.7",,,"26.2",,,,,,"25.2","38",,,"130",,,,,,"45.4",,,"75","105","107",,"40.4",,,,,"0.339",,,,,,,
"3","수원","어르신","일반","67","관리자","3등급","20250211","F","152.3","57.6","36.8","88","69","118","24","27.9",,,"16.4",,,,,,"24.8",,,,,"28",,"91","5.6","24.4","48.4",,,,,,,,,,,,,,,,,,,"27.9"
"3","화성","어르신","출장","82","관리자","참가","20250211","F","150","45.4","29.1",,"77","131","13.9","10.1",,,"3.5",,,,,,"20.2",,,,,"14",,"59","11.48","55.6","30.6",,,,,,,,,,,,,,,,,,,"13.9"
"7","수원","어르신","일반","79","관리자","참가","20250211","F","152.7","60.6","39.5","99","68","158","21.5","21.5",,,"14",,,,,,"26.0",,,,,"18",,"61","6.5","35.6","35.5",,,,,,,,,,,,,,,,,,,"21.5"
"3","부천","성인","일반","21","관리자","3등급","20250211","F","163","61","32.1",,"63","125","30.2","31.4",,,"12.5",,,,,,"23.0","33",,,"157",,,,,,"51.5",,,,,,,,"126","35.9",,,"0.352",,,,,,,
"6","오산","어르신","일반","69","관리자","참가","20250211","F","155.4","64","39","90.5","75","156","24.5","25.8",,,"10.2",,,,,,"26.5",,,,,"18",,"108","6.4","22.19","40.3",,,,,,,,,,,,,,,,,,,"25.8"
"2","제주","성인","일반","20","관리자","참가","20250211","M","174","68.9","10.6","72.9","80","127","32.6","35",,,"17.3",,,,,,"22.8","45",,,"239",,,,,,"50.8",,,"96","119","138","171","45.6",,,,,"0.272",,,,,,,
"1","화성","어르신","출장","75","관리자","참가","20250211","F","155","54.8","32.6",,"89","151","18","18.3",,,"-6",,,,,,"22.8",,,,,"13",,"96","7.53","37.63","33.4",,,,,,,,,,,,,,,,,,,"18.3"
"1","수원","성인","일반","19","관리자","참가","20250211","M","170.9","80.3","28.1","91","93","136","38.5","42.2",,,"14.6",,,,,,"27.5","32",,,,,,,,,"52.6",,,,,,,,"153","38.8",,,"0.393","0.538",,,,,,
"6","오산","어르신","일반","68","관리자","3등급","20250211","F","154.2","76.4","45.9","105.3","78","142","21.5","26.4",,,"16.8",,,,,,"32.1",,,,,"21",,"104","5.88","22","34.6",,,,,,,,,,,,,,,,,,,"26.4"
"1","화성","어르신","출장","72","관리자","참가","20250211","F","155","45.8","27.1",,"81","121","17.2","17.3",,,"6",,,,,,"19.1",,,,,"19",,"108","4.89","22.83","37.8",,,,,,,,,,,,,,,,,,,"17.3"
"4","KSPO아산","성인","일반","20","관리자","3등급","20250211","M","176.1","90","15.5","91","75","153","54.3","59.5",,,"13.4",,,,,,"29.0","43","41","10.4",,,,,,,"66.1",,"39.7",,,,,,,,,,,"0.584",,,,,,
"7","KSPO송파별관(어르신)","어르신","일반","66","관리자","2등급","20250211","M","164","52.4","18.9",,"84","152","32.1","37",,,"15",,,,,,"19.5",,,,,"32",,"121","5.05","21.23","70.6",,,,,,,,,,,,,,,,,,,"37.0"
"1","화성","어르신","출장","75","관리자","참가","20250211","F","158","70.8","43.4",,"82","136","21.3","26.8",,,"4",,,,,,"28.4",,,,,"21",,"119","6.38","27.86","37.9",,,,,,,,,,,,,,,,,,,"26.8"
"2","KSPO아산","성인","일반","25","관리자","1등급","20250211","M","171","74.6","9.8","81.7","59","124","52.2","53.3",,,"18.6",,,,,,"25.5","63","54","10.3","258",,,,,,"71.4",,"44.7",,,,,,,,,,,,,,,,,
"4","화성","어르신","출장","79","관리자","참가","20250211","F","157.5","55.5","34",,"76","141","13.5","16.6",,,,,,,,,"22.4",,,,,"17",,"109","6.43","28.4","29.9",,,,,,,,,,,,,,,,,,,"16.6"
"2","화성","어르신","출장","73","관리자","3등급","20250211","F","158","67.3","42.7",,"90","156","19.7","28.3",,,"11",,,,,,"27.0",,,,,"19",,"128","5.66","26.28","42.1",,,,,,,,,,,,,,,,,,,"28.3"
"2","제주","성인","일반","19","관리자","참가","20250211","M","171.3","66.2","18.8","80.1","89","130","39.6","39.9",,,"4.2",,,,,,"22.6","44",,,"180",,,,,,"60.3",,,"77","110","139","181","44.5",,,,,"0.283",,,,,,,
"1","강릉","성인","일반","20","관리자","3등급","20250211","M","167.0","59.6","18.4","75.7","97","146","36.1","39.9",,,"15.2",,,,,,"21.4","45","41",,"196",,,,,,"66.9",,"44.3",,,,,,,,,,"0.271",,,,,,,
"2","안동","성인","일반","19","관리자","참가","20250211","M","172.5","71","21.5","82","98","149","35.3","41.6",,,"14.4",,,,,,"23.9","49","31",,"225",,,,,,"58.6",,"40.3",,,,,,,,,,"0.333",,,,,,,
"1","스포원(금정)","성인","일반","20","관리자","참가","20250211","M","172.7","68.2","20.5",,"74","132","38.1","42.4",,,"-3.5",,,,,,"22.9","36","33",,"206",,,,,,"62.2",,"41.1",,,,,,,,,,"0.387",,,,,,,
"1","안동","성인","일반","19","관리자","참가","20250211","M","167.9","80.5","22.5","84","87","157","45.3","46.6",,,"4.7",,,,,,"28.6","45","44",,"212",,,,,,"57.9",,"42.0",,,,,,,,,,"0.289",,,,,,,
"1","동구(광주)","청소년","일반","18","관리자","참가","20250211","M","169.4","52.6","8.6","69","69","115","29.7","39.2",,"35","7","17.86","0.539","50.966","19","51.840","18.3",,"30",,,,,,,,"74.5",,"42.8",,,,,,,,,,,,,,,,,
"3","스포원(금정)","성인","일반","20","관리자","참가","20250211","M","172.5","71.1","19.8",,"80","141","49.9","56.1",,,"4.3",,,,,,"23.9","60","64","9","233",,,,,,"78.9",,"47.9",,,,,,,,,,,,,,,,,
"3","성동","성인","일반","64","관리자","1등급","20250211","M","165.7","68.5","22.2",,"90","154","48.1","47.3",,,"19.1",,,,,,"24.9","32","26","11.4","191",,,,,,"70.2",,"36.0",,,,,,,,,,,,,,,,,
"2","고양","성인","일반","21","관리자","참가","20250211","M","162.8","88.4","39.5",,"90","145","36.3","32.6",,,"9",,,,,,"33.4","32",,"12.32","153",,,,,,"41.1",,,,,,,,"134","38.6",,,,,,,,,,
"2","서구(대전)","성인","일반","19","관리자","참가","20250211","M","175.4","67.4","20.5",,"65","115","44","44.2",,,"16.3",,,,,,"21.9","33",,"10.13","245",,,,,,"65.6",,,,,,,,"118","47.1",,,,,,,,,,
"1","고양","어르신","일반","70","관리자","2등급","20250211","F","158.5","44.5","24",,"70","141","24.5","23.3",,,"29",,,,,,"17.7",,,,,"29",,"106","5.35","20.84","55.1",,,,,,,,,,,,,,,,,,,"24.5"
"3","KSPO송파","성인","일반","23","관리자","2등급","20250211","F","162.6","51","21.8","67","65","137","22.6","26.2",,,"22.7",,,,,,"19.3","33",,,,,,,,,"51.4",,,"94","144","161",,"39.0",,,,,"0.295","0.509",,,,,,
"4","부천","성인","일반","24","관리자","3등급","20250211","M","179.4","70.6","18.4",,"68","138","33.8","40.2",,,"17.5",,,,,,"21.9","42",,,,,,,,,"56.9",,,,,,,,"102","47.8",,,"0.314","0.539",,,,,,
"1","사천","성인","일반","60","관리자","참가","20250211","M","181.5","102.8","33.7","115.2","80","153","45.4","46.3",,,"1.5",,,,,,"31.2","20",,,,,,,,,"45.0",,,,,,,,"86","34.3",,,"0.417","0.415",,,,,,
"1","천안","성인","일반","20","관리자","3등급","20250211","M","175.3","73.7","19.5",,"54","121","36.4","40.1",,,"30.8",,,,,,"24.0","58",,"9.23","242",,,,,,"54.4",,,,,,,,"119","45.3",,,,,,,,,,
"2","부천","성인","일반","27","관리자","참가","20250211","M","177.2","78.5","30.8",,"85","142","41","40.9",,,"-8.3",,,,,,"25.0","42",,,"181",,,,,,"52.2",,,,,,,,"140","39.6",,,"0.327",,,,,,,
"1","시흥","성인","일반","19","관리자","참가","20250211","M","194.8","70.3","10.1","73","79","144","34.5","40.6",,,"5.2",,,,,,"18.5","37","50","10.92","236",,,,,,"57.8",,"44.4",,,,,,,,,,,,,,,,,
"3","시흥","성인","일반","21","관리자","참가","20250211","M","173.5","73.8","14.7","79.8","76","130","41","40.8",,,"10.7",,,,,,"24.5","40",,,,,,,,,"55.6",,,,,,,,"115","45.5",,,"0.373",,,,,,,
"1","화성","어르신","출장","80","관리자","3등급","20250211","F","153","49.3","26.5",,"71","136","15.6","16.2",,,"6",,,,,,"21.1",,,,,"11",,"89","6.31","28.51","32.9",,,,,,,,,,,,,,,,,,,"16.2"
"1","고양","성인","일반","19","관리자","참가","20250211","M","175.5","80.8","20.1",,"77","140","49.1","54.9",,,"8.4",,,,,,"26.2","35","30","10.15","212",,,,,,"67.9",,"38.6",,,,,,,,,,,,,,,,,
"2","고양","성인","일반","44","관리자","참가","20250211","M","177.9","87.8","33.2",,"97","149","36.4","37.9",,,"13.4",,,,,,"27.7","34","14","12.62","174",,,,,,"43.2",,"31.8",,,,,,,,,,,,,,,,,
"1","화성","성인","일반","24","관리자","3등급","20250211","F","161","54.3","32.2",,"61","112","18.7","20.8",,,"15.5",,,,,,"20.9","39","20","13.2",,,,,,,"38.3",,"33.6",,,,,,,,,,,"0.44",,,,,,
"10","화성","성인","일반","46","관리자","2등급","20250211","F","162.4","80","38.2",,"92","126","33.4","33.5",,,"18.5",,,,,,"30.3","30","18",,"157",,,,,,"41.9",,"28.0",,,,,,,,,,"0.36",,,,,,,
"1","고양","성인","일반","23","관리자","참가","20250211","F","162.2","49.7","27.2",,"80","120","21.9","27.1",,,"11.9",,,,,,"18.9","15","15","13.44","162",,,,,,"54.5",,"32.9",,,,,,,,,,,,,,,,,
"1","익산","성인","출장","50","관리자","참가","20250212","M","171.9","77.6","25.7",,"82","124","30.3","36.2",,,"-1.8",,,,,,"26.3","31","31",,"165",,,,,,"46.6",,"36.9",,,,,,,,,,"0.407",,,,,,,
"7","양평","어르신","일반","75","관리자","1등급","20250212","M","177","83.5","27.6",,"48","139","42.2","43.2",,,"9.1",,,,,,"26.7",,,,,"24",,"127","5.56","23.04","51.7",,,,,,,,,,,,,,,,,,,"43.2"
"9","청주","어르신","일반","67","관리자","참가","20250212","F","151.4","44.9","23.1","66.4","73","104","26.4","26.2",,,"9.7",,,,,,"19.6",,,,,"35",,"138","5.2","19.2","58.8",,,,,,,,,,,,,,,,,,,"26.4"
"6","청주","어르신","일반","72","관리자","3등급","20250212","M","161.4","60.4","23.8","79.1","64","138","35.3","37.8",,,"3.9",,,,,,"23.2",,,,,"29",,"135","5.6","22.8","62.6",,,,,,,,,,,,,,,,,,,"37.8"
"15","청주","어르신","일반","74","관리자","2등급","20250212","M","168.6","64.9","24.8","79.9","52","110","35.1","37",,,"18",,,,,,"22.8",,,,,"35",,"134","5.5","22.6","57.0",,,,,,,,,,,,,,,,,,,"37.0"
"30","제주","어르신","일반","82","관리자","참가","20250212","M","153.1","52.1","19.7","74.1","81","135","21.7","19.8",,,"-1",,,,,,"22.2",,,,,"19",,"68","7","26.36","41.7",,,,,,,,,,,,,,,,,,,"21.7"
"2","강북","성인","일반","25","관리자","참가","20250212","F","163.4","56.70","30.6","67.3","57","103","21.2","21.5",,,"9.1",,,,,,"21.2","35",,,,,,,,,"37.9",,,,,,,,"132","35.5",,,"0.340","0.455",,,,,,
"6","청주","성인","일반","60","관리자","참가","20250212","F","159.2","56.7","35.4","84.9","79","121","24.1","29.4",,,"15.5",,,,,,"22.4","4",,,"118",,,,,,"51.9",,,,,,,,"122","29.8",,,"0.365",,,,,,,
"2","창원","성인","일반","40","관리자","1등급","20250212","F","166.7","54.7","20.5","67","73","133","32.3","33.6",,,"21.1",,,,,,"19.7","35",,"11.78","181",,,,,,"61.4",,,,,,,,"124","34.5",,,,,,,,,,
"1","사천","성인","일반","61","관리자","3등급","20250212","M","171.5","68.3","25.9","91.9","78","158","36.4","35.1",,,"12",,,,,,"23.2","26",,,,,,,,,"53.3",,,,,,,,"106","38.1",,,"0.494","0.414",,,,,,
"1","목포","성인","일반","20","관리자","참가","20250212","M","176.6","97.7","30.1","108.5","90","142","45.5","49.5",,,"6.1",,,,,,"31.3","43",,"10.0","222",,,,,,"50.7",,,"65","109","135","172","39.2",,,,,,,,,,,,
"1","강북","어르신","일반","70","관리자","2등급","20250212","M","162.5","64.00","24.9","87.8","92","154","29.7","32",,,"5.2",,,,,,"24.2",,,,,"25",,"104","4.6","19.6","50.0",,,,,,,,,,,,,,,,,,,"32.0"
"6","중구(서울)","어르신","일반","77","관리자","참가","20250212","M","161.7","63","28.5","91.8","94","150","27.4","30.9",,,"-2.3",,,,,,"24.1",,,,,"27",,"104","4.9","20.2","49.0",,,,,,,,,,,,,,,,,,,"30.9"
"1","안산","어르신","일반","65","관리자","참가","20250212","M","160.7","58.9","23.2","71","84","137","29.7","34.1",,,"-11.8",,,,,,"22.8",,,,,"35",,"122","4.2","20.8","57.9",,,,,,,,,,,,,,,,,,,"34.1"
"1","성동","성인","일반","48","관리자","참가","20250212","F","164.6","60.9","32.5",,"68","125","26.1","25.5",,,"21.6",,,,,,"22.5","0",,,,,,,,,"42.9",,,,,,,,"111","32.9",,,"0.357","0.403",,,,,,
"5","화성","성인","일반","54","관리자","3등급","20250212","M","167.1","67.6","21.5",,"86","141","38.4","38.6",,,"10.4",,,,,,"24.2","39","21",,"199",,,,,,"57.1",,"35.8",,,,,,,,,,"0.316",,,,,,,
"1","서구(대전)","성인","일반","23","관리자","3등급","20250212","M","171.8","68.6","24.4",,"62","101","36.7","40.8",,,"8.5",,,,,,"23.2","42",,,,,,,,,"59.5",,,,,,,,"128","44.1",,,"0.290","0.539",,,,,,
"2","미추홀","성인","일반","56","관리자","2등급","20250212","M","176.1","62.1","15.6","78","82","140","41","43.5",,,"9.3",,,,,,"20.0","34",,"11.84","170",,,,,,"70.0",,,,,,,,"100","41.9",,,,,,,,,,
"1","KSPO송파별관(어르신)","어르신","일반","66","관리자","3등급","20250212","M","170","69.4","31",,"95","151","32.3","36.2",,,"10.3",,,,,,"24.0",,,,,"23",,"106","4.64","19.22","52.2",,,,,,,,,,,,,,,,,,,"36.2"
"3","성동","성인","일반","24","관리자","2등급","20250212","F","158.9","54.4","30.2",,"76","117","29.7","32.5",,,"20.9",,,,,,"21.5","43",,"12.8",,,,,,,"59.7",,,,,,,,"120","37.3",,,,"0.477",,,,,,
"1","서구(대전)","성인","일반","23","관리자","참가","20250212","M","179.4","79","24.8",,"78","124","46.6","53.5",,,"5.5",,,,,,"24.5","43",,,,,,,,,"67.7",,,,,,,,"134","41.5",,,"0.287","0.526",,,,,,
"1","광주","성인","일반","59","관리자","3등급","20250212","M","168.5","68","21.1",,"83","139","33.8","32.8",,,"10.6",,,,,,"24.0","37",,,"179",,,,,,"49.7",,,"62","88","103",,"42.5",,,,,"0.527",,,,,,,
"1","광주","성인","일반","53","관리자","2등급","20250212","M","164","60.6","21.9",,"67","112","34","33.8",,,"18.3",,,,,,"22.5","39",,,"204",,,,,,"56.1",,,"75","103","121",,"42.2",,,,,"0.379",,,,,,,
"2","KSPO대구","성인","일반","53","관리자","2등급","20250212","M","174.6","68.2","15.7","77","76","135","45","47.7",,,"12.2",,,,,,"22.4","35","37","11.7","205",,,,,,"69.9",,"39.3",,,,,,,,,,,,,,,,,
"2","원주","성인","일반","43","관리자","참가","20250212","M","184.6","81.9","21.6","93","89","134","39.7","41.1",,,"-5.4",,,,,,"24.0","34",,,"143",,,,,,"50.2",,,,,,,,"134","36.4",,,"0.311",,,,,,,
"2","KSPO송파","성인","일반","33","관리자","3등급","20250212","M","177.9","77","18.8","86.2","76","134","45.2","51.2",,,"11.9",,,,,,"24.3","47",,,"198",,,,,,"66.5",,,,,,,,"101","44.2",,,"0.351",,,,,,,
"2","KSPO아산","성인","일반","19","관리자","2등급","20250212","M","171.1","83.5","23.2","86.0","86","159","43.5","49.2",,,"25.4",,,,,,"28.5","62",,"10.02","235",,,,,,"58.9",,,"55","96","115","149","47.4",,,,,,,,,,,,
"1","부천","성인","일반","25","관리자","참가","20250212","F","165.9","43.7","21.9",,"55","109","19.5","19.7",,,"15.9",,,,,,"15.9","9",,,,,,,,,"45.1",,,,,,,,"131","39.1",,,"0.322","0.452",,,,,,
"3","수원","어르신","일반","66","관리자","2등급","20250212","F","158.5","55.8","26.9","84","81","152","30.3","27",,,"16",,,,,,"22.2",,,,,"24",,"114","5.7","23.9","54.3",,,,,,,,,,,,,,,,,,,"30.3"
"5","수원","어르신","일반","71","관리자","2등급","20250212","M","163.2","60.8","21.6","76","62","130","39","42.2",,,"5",,,,,,"22.8",,,,,"26",,"118","4.6","22","69.4",,,,,,,,,,,,,,,,,,,"42.2"
"1","북구(광주)","성인","일반","32","관리자","참가","20250212","M","171.3","81.6","32.0","93.0","70","123","43.2","37.4",,,"12.3",,,,,,"27.8","36",,,,,,,,,"52.9",,,,,,,,"108","41.9",,,"0.309","0.548",,,,,,
"1","정읍","성인","일반","45","관리자","2등급","20250212","F","157.4","50.1","27.7",,"97","156","26","25.7",,,"22.6",,,,,,"20.2","27",,,,,,,,,"51.9",,,"88","127","156",,"34.3",,,,,"0.377","0.439",,,,,,
"1","KSPO광주","성인","일반","26","관리자","2등급","20250212","M","174.8","68.1","11.9","76.8","85","124","38.8","40.7",,,"22.9",,,,,,"22.3","48",,,"226",,,,,,"59.8",,,,,,,,"106","47.0",,,"0.322",,,,,,,
"2","원주","어르신","일반","70","관리자","1등급","20250212","M","156.9","59","19.2","81.4","77","156","36.9","34.7",,,"14.7",,,,,,"24.0",,,,,"27",,"135","4.85","20.28","62.5",,,,,,,,,,,,,,,,,,,"36.9"
"1","KSPO아산","어르신","일반","75","관리자","2등급","20250212","M","168.9","72","22.9","96","69","155","37.1","36.3",,,"10.2",,,,,,"25.2",,,,,"26","580",,"5.2","21.6","51.5",,,,,,,,,,,,,,,,,,,"37.1"
"2","동구(광주)","성인","일반","27","관리자","참가","20250212","M","189.1","96.1","26.1","85","74","124","49.7","51.1",,,"7.1",,,,,,"26.9","36",,,"215",,,,,,"53.2",,,,,,,,"125","38.8",,,"0.319",,,,,,,
"1","서대문","성인","일반","26","관리자","참가","20250212","F","168.0","56.7","28.5",,"78","125","24.2","24.4",,,"20.5",,,,,,"20.1","15",,"12.28",,,,,,,"43.0",,,"103","140","176",,"34.0",,,,,,"0.417",,,,,,
"1","서대문","성인","일반","23","관리자","참가","20250212","F","161.4","46.8","30.0",,"74","112","18.2","19.4",,,"14.1",,,,,,"18.0","14",,"14.00",,,,,,,"41.5",,,,,,,,"127","38.7",,,,"0.460",,,,,,
"4","스포원(금정)","성인","일반","23","관리자","3등급","20250212","F","164.1","52.8","25.2",,"59","98","27.2","28.2",,,"16.5",,,,,,"19.6","25",,"13.1","166",,,,,,"53.4",,,"91","129","146",,"40.1",,,,,,,,,,,,
"6","스포원(금정)","어르신","일반","69","관리자","3등급","20250212","M","173.3","80.6","27.6",,"70","142","50.2","46.4",,,"4.6",,,,,,"26.8",,,,,"29",,"117","4.2","15.9","62.3",,,,,,,,,,,,,,,,,,,"50.2"
"1","연제","성인","일반","33","관리자","참가","20250212","F","164.8","56.1","22.5",,"71","134","20.6","23.7",,,"26.7",,,,,,"20.7","16",,,,,,,,,"42.2",,,"97","115","138",,"37.5",,,,,"0.422","0.488",,,,,,
"1","연제","성인","일반","60","관리자","참가","20250212","F","161.4","54.3","23.7",,"83","142","23.9","24",,,"15.4",,,,,,"20.8","2",,,,,,,,,"44.2",,,"74","102","130",,"33.9",,,,,"0.431","0.407",,,,,,
"1","KSPO송파","성인","일반","27","관리자","3등급","20250212","F","154.1","51.8","31.6","73","61","117","24.7","23",,,"18.8",,,,,,"21.8","36",,,,,,,,,"47.7",,,,,,,,"98","39.6",,,"0.4","0.436",,,,,,
"3","원주","성인","일반","25","관리자","3등급","20250212","M","177.4","92.9","24.6","91.7","90","155","53.4","51",,,"7.1",,,,,,"29.5","38",,,,,,,,,"57.5",,,,,,,,"96","43.4",,,"0.293","0.552",,,,,,
"5","포천","어르신","일반","73","관리자","3등급","20250212","M","170.5","76.5","27","84","87","157","49.9","52.7",,,"2.9",,,,,,"26.3",,,,,"27",,"133","4.32","17.93","68.9",,,,,,,,,,,,,,,,,,,"52.7"
"3","KSPO송파별관(어르신)","어르신","일반","76","관리자","1등급","20250212","M","164.7","57.9","23.6",,"85","144","29.9","29.5",,,"9.3",,,,,,"21.3",,,,,"28",,"115","5.76","22.96","51.6",,,,,,,,,,,,,,,,,,,"29.9"
"1","마포","성인","일반","31","관리자","참가","20250212","M","166.8","93.9","40.7","98","93","142","33.9","46",,,"5.1",,,,,,"33.7","32",,,"161",,,,,,"49.0",,,,,,,,"148","33.2",,,"0.342",,,,,,,
"1","나주","어르신","일반","66","관리자","1등급","20250212","M","165.2","69.6","25.5","86","98","183","38.7","40.4",,,"15.9",,,,,,"25.5",,,,,"27",,"133","4.43","18.58","58.0",,,,,,,,,,,,,,,,,,,"40.4"
"1","KSPO송파별관(어르신)","어르신","일반","75","관리자","2등급","20250212","M","168.2","66.4","29.3",,"90","159","37.7","31.6",,,"4.5",,,,,,"23.5",,,,,"24",,"102","6.67","25.43","56.8",,,,,,,,,,,,,,,,,,,"37.7"
"4","강북","성인","일반","63","관리자","2등급","20250212","M","164.8","64.10","20.9","79.8","88","140","30.1","46.4",,,"18.9",,,,,,"23.6","41",,,"186",,,,,,"72.4",,,"89","107","130","160","35.4",,,,,"0.367",,,,,,,
"6","진천","어르신","일반","70","관리자","3등급","20250212","M","164.3","59","22.3","79","80","131","36.3","39.4",,,"1.1",,,,,,"21.9",,,,,"23",,"111","5.521","25.588","66.8",,,,,,,,,,,,,,,,,,,"39.4"
"4","의정부","성인","일반","22","관리자","참가","20250212","F","165.5","77.3","37.8","101.6","78","126","30.5","40.3",,,"15.9",,,,,,"28.2","42","19",,"174",,,,,,"52.1",,"29.8",,,,,,,,,,"0.413",,,,,,,
"2","사천","성인","일반","57","관리자","참가","20250212","M","169.8","70.4","21.5","88.9","94","150","43.3","44.6",,,"8",,,,,,"24.4","0",,,,,,,,,"63.4",,,,,,,,"95","40.1",,,"0.392","0.452",,,,,,
"2","포천","어르신","일반","87","관리자","2등급","20250212","M","156.8","64.2","30.9","84","77","153","26.2","28.8",,,"3.8",,,,,,"26.1",,,,,"25",,"123","5.97","24.94","44.9",,,,,,,,,,,,,,,,,,,"28.8"
"2","부천","어르신","일반","83","관리자","3등급","20250212","M","161","62.2","35.2",,"85","155","30","30",,,"0.1",,,,,,"24.0",,,,,"22",,"113","5.06","21.87","48.2",,,,,,,,,,,,,,,,,,,"30.0"
"2","안산","성인","일반","63","관리자","참가","20250212","M","165.9","69.2","25.9","84","69","130","43","49.4",,,"1.3",,,,,,"25.1","22","24","12.38","161",,,,,,"71.4",,"35.5",,,,,,,,,,,,,,,,,
"24","청주","성인","일반","49","관리자","참가","20250212","F","152.1","74.4","43.8","102.5","81","149","31.8","34",,,"16.8",,,,,,"32.2","15",,,"141",,,,,,"45.7",,,,,,,,"79","32.1",,,"0.414",,,,,,,
"1","청주","성인","일반","53","관리자","참가","20250212","F","156.6","67.7","39.2","89.1","70","144","18.3","21.6",,,"9.7",,,,,,"27.6","0",,,"157",,,,,,"31.9",,,,,,,,"80","33.3",,,"0.363",,,,,,,
"6","청주","성인","일반","56","관리자","3등급","20250212","F","161.9","60.5","36.8","82.6","65","98","30.2","26.4",,,"16.7",,,,,,"23.1","9",,,"137",,,,,,"49.9",,,,,,,,"102","32.4",,,"0.485",,,,,,,
"4","서대문","어르신","일반","68","관리자","2등급","20250212","M","161.7","68.0","23.4",,"98","153","41","42.7",,,"8.8",,,,,,"26.0",,,,,"27",,"112","5.53","23.82","62.8",,,,,,,,,,,,,,,,,,,"42.7"
"6","청주","성인","일반","55","관리자","2등급","20250212","F","159.9","63.8","34.4","85.1","59","118","23.6","30.4",,,"16.7",,,,,,"25.0","17",,,"126",,,,,,"47.6",,,,,,,,"101","31.7",,,"0.363",,,,,,,
"6","부천","어르신","일반","76","관리자","3등급","20250212","M","171.6","71.3","29.4",,"61","127","33.6","36.6",,,"-0.5",,,,,,"24.2",,,,,"21",,"107","5.19","23.34","51.3",,,,,,,,,,,,,,,,,,,"36.6"
"8","시흥","어르신","일반","77","관리자","3등급","20250212","M","157.8","65.9","31.8","89.5","88","159","29.9","30",,,"13.4",,,,,,"26.5",,,,,"21",,"92","5.69","20.03","45.5",,,,,,,,,,,,,,,,,,,"30.0"
"1","연제","성인","일반","20","관리자","참가","20250212","M","175.4","68.8","20.9",,"85","136","41.7","43.9",,,"-6.7",,,,,,"22.4","39","25",,"217",,,,,,"63.8",,"39.1",,,,,,,,,,"0.373",,,,,,,
"1","서구(대전)","성인","일반","52","관리자","2등급","20250212","F","161.1","56","33.2",,"77","122","27.5","29.1",,,"20.5",,,,,,"21.6","31",,,,,,,,,"52.0",,,,,,,,"123","31.6",,,"0.344","0.440",,,,,,
"1","KSPO대구","성인","일반","38","관리자","참가","20250212","M","172.2","73.6","19.3","83","84","130","43.1","46.6",,,"9.9",,,,,,"24.8","46","26","10.7","234",,,,,,"63.3",,"37.2",,,,,,,,,,,,,,,,,
"3","사천","성인","일반","61","관리자","1등급","20250212","M","156.3","66","31.8","92.7","94","143","34.9","43.7",,,"17.4",,,,,,"27.0","38","26","11.13","190",,,,,,"66.2",,"36.8",,,,,,,,,,,,,,,,,
"1","성동","성인","일반","36","관리자","참가","20250212","F","161.8","53.8","23.1",,"60","97","28.8","30.6",,,"11.0",,,,,,"20.6","18",,,"155",,,,,,"56.9",,,,,,,,"84","39.9",,,"0.218",,,,,,,
"2","춘천","성인","일반","57","관리자","참가","20250212","M","176.5","84.9","28.6","97.4","74","138","41.1","42.8",,,"10.7",,,,,,"27.3","14",,,"168",,,,,,"50.4",,,,,,,,"116","34.3",,,"0.348",,,,,,,
"2","KSPO광주","성인","일반","54","관리자","3등급","20250212","F","156.2","56.9","36.8","80.5","77","132","22.7","22.7",,,"17.5",,,,,,"23.3","17",,,,,,,,,"39.9",,,,,,,,"123","30.5",,,"0.418","0.334",,,,,,
"1","KSPO광주","성인","일반","54","관리자","참가","20250212","F","163.5","69.7","36.9","84.9","80","140","24.6","25.7",,,"19",,,,,,"26.1","10",,,,,,,,,"36.9",,,,,,,,"124","27.9",,,"0.447","0.362",,,,,,
"3","창원","성인","일반","50","관리자","2등급","20250212","F","156.3","53.8","29.3","78","66","130","24.9","28.7",,,"18.3",,,,,,"22.0","37",,"12.28","150",,,,,,"53.3",,,,,,,,"114","33.1",,,,,,,,,,
"4","성동","어르신","일반","66","관리자","2등급","20250212","M","162.3","63.3","26.5",,"88","146","40.1","40.8",,,"9.1",,,,,,"24.0",,,,,"31",,"134","4.43","17.95","64.5",,,,,,,,,,,,,,,,,,,"40.8"
"6","광주","어르신","일반","69","관리자","참가","20250212","M","177.2","80.3","28.4",,"79","150","35.9","35.4",,,"20.6",,,,,,"25.6",,,,,"32",,"107","5.49","19.60","44.7",,,,,,,,,,,,,,,,,,,"35.9"
"5","광주","어르신","일반","72","관리자","3등급","20250212","F","150.6","52.9","31.5",,"81","156","21.6","25.1",,,"20.9",,,,,,"23.3",,,,,"21",,"87","6.78","26.76","47.4",,,,,,,,,,,,,,,,,,,"25.1"
"1","KSPO송파별관(어르신)","어르신","일반","67","관리자","3등급","20250212","M","160.8","71.2","32.3",,"93","157","34.7","34.2",,,"10.8",,,,,,"27.5",,,,,"25",,"125","5.56","20.47","48.7",,,,,,,,,,,,,,,,,,,"34.7"
"1","서구(광주)","성인","일반","64","관리자","3등급","20250212","F","161.4","56.1","31.2","77","66","107","20.9","22.1",,,"15.6",,,,,,"21.5","16",,,"103",,,,,,"39.4",,,"76","116","142",,"31.8",,,,,"0.413",,,,,,,
"5","KSPO송파별관(어르신)","어르신","일반","68","관리자","2등급","20250212","F","147.1","50.6","34.4",,"74","153","19.1","22",,,"15.2",,,,,,"23.4",,,,,"27",,"126","5.77","21.11","43.5",,,,,,,,,,,,,,,,,,,"22.0"
"6","북구(광주)","성인","일반","23","관리자","1등급","20250212","F","166.2","45.5","22.7","62.7","59","96","19.8","24.3",,,"20.1",,,,,,"16.5","41",,,,,,,,,"53.4",,,"95","124","149",,"41.0",,,,,"0.321","0.481",,,,,,
"3","북구(광주)","성인","일반","63","관리자","2등급","20250212","M","174.8","57.3","17.7","78.6","69","151","34.0","32.7",,,"12.8",,,,,,"18.8","25",,"14.56","154",,,,,,"59.3",,,,,,,,"121","38.1",,,,,,,,,,
"1","창원마산회원","성인","일반","62","관리자","3등급","20250212","M","174.2","71.5","18.8","88","95","139","48.9","53.1",,,"14.6",,,,,,"23.6","26","15",,"198",,,,,,"74.3",,"33.0",,,,,,,,,,"0.337",,,,,,,
"1","동구(광주)","성인","일반","49","관리자","3등급","20250212","M","176.8","66.2","17.4","79","87","140","34","40",,,"4.6",,,,,,"21.2","35",,,"183",,,,,,"60.4",,,"79","99","121","155","41.4",,,,,"0.32",,,,,,,
"1","동구(광주)","성인","일반","48","관리자","3등급","20250212","F","163.2","60.7","32.9","77","95","146","26.3","30.2",,,"15",,,,,,"22.8","20",,,"141",,,,,,"49.8",,,"91","117","145",,"32.6",,,,,"0.249",,,,,,,
"1","포천","성인","일반","60","관리자","1등급","20250212","M","171","62.9","20.2","78","97","154","33.1","37",,,"16.5",,,,,,"21.5","33",,,"191",,,,,,"58.8",,,,,,,,"74","44.2",,,"0.386",,,,,,,
"1","KSPO송파","성인","일반","45","관리자","참가","20250212","F","163.6","52.9","34","76.9","53","82","17.9","23.4",,,"4.4",,,,,,"19.8","0",,,,,,,,,"44.2",,,"82","120","155",,"33.9",,,,,"0.413","0.345",,,,,,
"2","안산","성인","일반","30","관리자","2등급","20250212","M","185.5","76.4","7.6","71","87","137","53.5","57.1",,,"24.1",,,,,,"22.2","58","78","10.7","218",,,,,,"74.7",,"49.4",,,,,,,,,,,,,,,,,
"3","부천","어르신","일반","71","관리자","1등급","20250212","M","162.3","58","21.3",,"80","154","29.3","34.6",,,"13.8",,,,,,"22.0",,,,,"23",,"122","5.0","21.75","59.7",,,,,,,,,,,,,,,,,,,"34.6"
"1","KSPO송파","성인","일반","32","관리자","참가","20250212","F","166.8","51.5","21.5","70","74","141","26.3","29.7",,,"16.4",,,,,,"18.5","17",,"12.99",,,,,,,"57.7",,,"89","129","161",,"36.4",,,,,,"0.478",,,,,,
"3","창원","성인","일반","47","관리자","3등급","20250212","F","160.8","55","27.2","69","78","143","28","33.3",,,"20.7",,,,,,"21.3","45",,"12.19","169",,,,,,"60.5",,,,,,,,"136","31.1",,,,,,,,,,
"3","진천","성인","일반","54","관리자","3등급","20250212","M","173.2","68.6","22.9","79.6","84","143","35.8","41.9",,,"7.8",,,,,,"22.9","38",,,"204",,,,,,"61.1",,,,,,,,"114","38.7",,,"0.354",,,,,,,
"7","부천","어르신","일반","81","관리자","3등급","20250212","M","172.5","57.2","21.2",,"79","147","22.3","31.2",,,"-1.2",,,,,,"19.2",,,,,"15",,"112","5.35","26.32","54.5",,,,,,,,,,,,,,,,,,,"31.2"
"5","광주","어르신","일반","71","관리자","3등급","20250212","F","157.1","56.3","31.7",,"65","122","24.6","21.9",,,"21.3",,,,,,"22.8",,,,,"20",,"94","6.52","26.96","43.7",,,,,,,,,,,,,,,,,,,"24.6"
"1","포항","성인","일반","63","관리자","참가","20250212","M","169.2","69.4","24.9",,"90","152","40.1","40.4",,,"6.8",,,,,,"24.2","22","11",,"160",,,,,,"58.2",,"32.4",,,,,,,,,,"0.292",,,,,,,
"2","화성","성인","일반","33","관리자","참가","20250212","M","166.3","78.4","33.3",,"97","152","43.6","43.5",,,"3.6",,,,,,"28.3","41",,,"195",,,,,,"55.6",,,,,,,,"99","43.3",,,"0.302",,,,,,,
"1","달서","성인","일반","23","관리자","참가","20250212","M","177.6","69.1","18","74.9","87","138","38.4","41.4",,,"0.5",,,,,,"21.9","48",,,"239",,,,,,"59.9",,,,,,,,"104","48.0",,,"0.316",,,,,,,
"3","마포","어르신","일반","69","관리자","3등급","20250212","M","166.2","51.8","11.7","70","73","128","34.1","36.9",,,"5.7",,,,,,"18.8",,,,,"24",,"120","3.42","14.34","71.2",,,,,,,,,,,,,,,,,,,"36.9"
"1","양평","성인","일반","55","관리자","1등급","20250212","F","163.4","55.20","29.0","76.9","67","114","23.1","25.2",,,"22.5",,,,,,"20.7","31",,,"143",,,,,,"45.7",,,"66","101","131",,"34.8",,,,,"0.352",,,,,,,
"1","시흥","어르신","일반","70","관리자","2등급","20250212","M","167.3","67.3","20.6","91","77","138","39.1","37.7",,,"9.5",,,,,,"24.0",,,,,"35",,"106","4.68","19.5","58.1",,,,,,,,,,,,,,,,,,,"39.1"
"2","수원","성인","일반","19","관리자","2등급","20250212","M","172.2","67.6","18.5","77","65","114","39.7","40.5",,,"14.3",,,,,,"22.8","56",,"10.2","249",,,,,,"59.9",,,,,,,,"77","52.9",,,,,,,,,,
"1","수원","성인","일반","29","관리자","참가","20250212","M","175.1","82","28.5","97","96","136","38.2","44.5",,,"-8.2",,,,,,"26.7","42",,,,,,,,,"54.3",,,,,,,,"78","47.3",,,"0.379","0.448",,,,,,
"1","수원","성인","일반","24","관리자","참가","20250212","M","176.2","67.9","18.2","82","65","113","29.2","34.5",,,"16.9",,,,,,"21.9","34",,,,,,,,,"50.8",,,,,,,,"110","47.0",,,"0.381","0.544",,,,,,
"5","마포","어르신","일반","75","관리자","2등급","20250212","M","159.7","63.4","25.9","84","75","144","32.8","39.4",,,"7.2",,,,,,"24.9",,,,,"21",,"129","4.28","19.49","62.1",,,,,,,,,,,,,,,,,,,"39.4"
"1","수원","성인","일반","24","관리자","3등급","20250212","F","164.2","53.7","24.2","66","66","110","22.7","28.2",,,"19.1",,,,,,"19.9","23",,,,,,,,,"52.5",,,,,,,,"98","40.7",,,"0.391","0.436",,,,,,
"1","군산","성인","일반","57","관리자","참가","20250212","F","152.1","52.2","32.2","77","81","137","20.7","20.8",,,"22.8",,,,,,"22.6","3","18","14.67","155",,,,,,"39.8",,"31.9",,,,,,,,,,,,,,,,,
"2","군산","성인","일반","34","관리자","참가","20250212","M","177.7","81.4","20.5","87","82","134","46.8","52.5",,,"-2.3",,,,,,"25.8","28","31","12.23","206",,,,,,"64.5",,"37.5",,,,,,,,,,,,,,,,,
"9","안산","어르신","일반","76","관리자","참가","20250212","M","161.9","76.6","41.5","95","70","127","43","40.3",,,"-2.7",,,,,,"29.2",,,,,"28",,"108","5.56","21.38","56.1",,,,,,,,,,,,,,,,,,,"43.0"
"1","KSPO대구","성인","일반","28","관리자","참가","20250212","M","158.3","52.9","19","65","82","132","26.5","29.7",,,"10.7",,,,,,"21.1","39","13","12.5","166",,,,,,"56.1",,"38.3",,,,,,,,,,,,,,,,,
"1","남구(부산)","성인","일반","37","관리자","3등급","20250212","M","172.4","67.4","17.6",,"81","123","41.9","43.7",,,"12.9",,,,,,"22.7","36",,,"229",,,,,,"64.8",,,"83","100","123","140","45.7",,,,,"0.269",,,,,,,
"1","사천","성인","일반","26","관리자","참가","20250212","M","174.2","85.3","28.4","101.3","98","158","37.5","39.1",,,"19",,,,,,"28.1","46","42",,"173",,,,,,"45.8",,"40.2",,,,,,,,,,"0.252",,,,,,,
"1","남구(부산)","성인","일반","23","관리자","2등급","20250212","M","177.8","76.8","5",,"60","120","47.8","49.7",,,"22.2",,,,,,"24.3","50",,,"252",,,,,,"64.7",,,"68","86","104","138","49.4",,,,,"0.262",,,,,,,
"5","남구(부산)","성인","일반","45","관리자","3등급","20250212","M","171.8","71","26.2",,"75","125","38","36.3",,,"15.4",,,,,,"24.1","35",,,"201",,,,,,"53.5",,,,,,,,"122","39.1",,,"0.315",,,,,,,
"1","화성","청소년","일반","18","관리자","참가","20250212","M","186.5","73.7","20",,"80","133","41.9","37.5","53",,"6.8","19.43","0.539","57.847","15","58.537","21.2",,"32",,,,,,,,"56.9",,"41.7",,,,,,,,,,,,,,,,,
"1","연제","성인","일반","29","관리자","참가","20250212","M","175","85.4","27.9",,"91","136","37.6","40.3",,,"-0.7",,,,,,"27.9","25","22",,"210",,,,,,"47.2",,"35.2",,,,,,,,,,"0.375",,,,,,,
"1","영동","성인","일반","19","관리자","참가","20250212","M","163.8","78.4","33.3",,"92","134","30.5","31.1",,,"10.3",,,,,,"29.2","48",,,,,,,,,"39.7",,,"83","121","145","178","41.4",,,,,"0.335","0.527",,,,,,
"1","양평","성인","일반","55","관리자","2등급","20250212","F","168.1","53.3","22.6",,"68","147","28.5","27.1",,,"18.8",,,,,,"18.9","20",,,,,,,,,"53.5",,,,,,,,"110","33.9",,,"0.437","0.430",,,,,,
"3","부천","어르신","일반","65","관리자","1등급","20250212","M","170.6","76.5","21.9",,"80","130","39.8","44.7",,,"12",,,,,,"26.3",,,,,"32",,"122","3.82","16.52","58.4",,,,,,,,,,,,,,,,,,,"44.7"
"1","포항","성인","일반","23","관리자","3등급","20250212","M","174.8","68.2","14.8",,"76","123","33.4","36",,,"20.3",,,,,,"22.3","47",,"10.76",,,,,,,"52.8",,,"80","111","130","149","49.3",,,,,,"0.688",,,,,,
"1","오산","청소년","일반","18","관리자","3등급","20250212","F","155","48","27.9","70.7","72","105","23.7","27","19",,"15","20.91","0.514","52.851","9","53.265","20.0",,"23",,,,,,,,"56.3",,"35.6",,,,,,,,,,,,,,,,,
"1","청주","성인","일반","54","관리자","3등급","20250212","F","161.1","60.7","33.4","81.1","64","110","26.1","27.7",,,"12.2",,,,,,"23.4","19",,,"120",,,,,,"45.6",,,,,,,,"95","33.5",,,"0.373",,,,,,,
"1","나주","성인","일반","19","관리자","참가","20250212","M","177.4","92.7","30.4","109.5","82","147","45.2","47",,,"15.7",,,,,,"29.5","27","24",,"199",,,,,,"50.7",,"35.4",,,,,,,,,,"0.339",,,,,,,
"6","달서","성인","일반","24","관리자","참가","20250212","F","167.8","50.3","27.9","73.4","63","106","23.4","21.8",,,"24.5",,,,,,"17.9","12",,,"125",,,,,,"46.5",,,,,,,,"103","41.2",,,"0.322",,,,,,,
"1","달서","성인","일반","31","관리자","참가","20250212","M","184.8","82.6","15.4","90.3","79","139","55.1","56.3",,,"-12.6",,,,,,"24.2","32",,,"182",,,,,,"68.2",,,,,,,,"81","47.0",,,"0.335",,,,,,,
"4","청주","성인","일반","58","관리자","참가","20250212","F","156.8","50.4","32","76.3","64","120","27.8","27.8",,,"4.9",,,,,,"20.5","14",,,"169",,,,,,"55.2",,,,,,,,"78","36.9",,,"0.366",,,,,,,
"6","청주","성인","일반","63","관리자","1등급","20250212","F","161.8","64.6","34.1","86.5","81","149","28.3","31.7",,,"21.6",,,,,,"24.7","18",,,"120",,,,,,"49.1",,,,,,,,"85","32.1",,,"0.413",,,,,,,
"1","KSPO송파(출장A)","어르신","출장","72","관리자","3등급","20250212","F","154","47.4","30",,"63","154","21.9","24.6",,,"9.5",,,,,,"20.0",,,,,"20",,"125","4.68","18.68","51.9",,,,,,,,,,,,,,,,,,,"24.6"
"2","스포원(금정)","어르신","일반","69","관리자","2등급","20250212","M","165.3","72.9","30.6",,"97","152","45.4","50.6",,,"10.3",,,,,,"26.7",,,,,"24",,"112","4.7","21.9","69.4",,,,,,,,,,,,,,,,,,,"50.6"
"1","KSPO송파(출장A)","어르신","출장","79","관리자","참가","20250212","M","159.4","62.4","27.5",,"83","155","37","39.9",,,"-12.5",,,,,,"24.6",,,,,"31",,"142","4.86","20.39","63.9",,,,,,,,,,,,,,,,,,,"39.9"
"4","청주","성인","일반","26","관리자","참가","20250212","F","164.2","55.1","31.1","78.4","54","101","25.8","30.7",,,"0.6",,,,,,"20.4","7",,,"139",,,,,,"55.7",,,,,,,,"114","38.0",,,"0.359",,,,,,,
"3","스포원(금정)","어르신","일반","67","관리자","1등급","20250212","M","166.5","58","17.6",,"88","151","42.9","45.5",,,"13.9",,,,,,"20.9",,,,,"25",,"128","4.1","18.8","78.4",,,,,,,,,,,,,,,,,,,"45.5"
"1","KSPO송파(출장A)","어르신","출장","73","관리자","3등급","20250212","F","147.3","40.7","27.9",,"78","159","18.1","22.6",,,"11",,,,,,"18.8",,,,,"15",,"104","6.06","29.16","55.5",,,,,,,,,,,,,,,,,,,"22.6"
"3","의정부","성인","일반","45","관리자","3등급","20250212","M","177.6","82.4","23.2","92.4","83","123","49.8","48.5",,,"4.7",,,,,,"26.1","41",,,"205",,,,,,"60.4",,,,,,,,"101","40.1",,,"0.321",,,,,,,
"1","KSPO송파(출장A)","어르신","출장","77","관리자","3등급","20250212","F","154.5","62.6","40.3",,"59","159","21.8","6.7",,,"8.5",,,,,,"26.2",,,,,"16",,"129","6.54","24.55","34.8",,,,,,,,,,,,,,,,,,,"21.8"
"1","KSPO송파(출장A)","어르신","출장","77","관리자","2등급","20250212","F","143","53","37.8",,"55","137","22.1","21.7",,,"12",,,,,,"25.9",,,,,"18",,"119","5.32","26.68","41.7",,,,,,,,,,,,,,,,,,,"22.1"
"1","스포원(금정)","성인","일반","64","관리자","참가","20250212","M","162.6","68.8","28.3",,"78","158","37.6","43.4",,,"13",,,,,,"26.0","38",,,"138",,,,,,"63.1",,,"84","120","141","177","32.1",,,,,"0.379",,,,,,,
"1","KSPO송파(출장A)","어르신","출장","76","관리자","3등급","20250212","F","149.8","56","42",,"79","154","23.4","25.3",,,"9.5",,,,,,"25.0",,,,,"20",,"133","6.27","23.03","45.2",,,,,,,,,,,,,,,,,,,"25.3"
"2","의정부","성인","일반","20","관리자","3등급","20250212","F","152.2","43.6","30.9","69.6","77","121","18","18.6",,,"10.8",,,,,,"18.8","48",,,"176",,,,,,"42.7",,,,,,,,"137","38.0",,,"0.310",,,,,,,
"5","스포원(금정)","어르신","일반","65","관리자","3등급","20250212","M","175.4","78.6","25.8",,"87","146","46.8","46.7",,,"3.6",,,,,,"25.5",,,,,"22",,"122","4","19.6","59.5",,,,,,,,,,,,,,,,,,,"46.8"
"1","KSPO송파(출장A)","어르신","출장","76","관리자","3등급","20250212","F","162.6","85.5","46.4",,"72","158","28.7","27.4",,,"12",,,,,,"32.3",,,,,"13",,"123","6.36","25.77","33.6",,,,,,,,,,,,,,,,,,,"28.7"
"3","KSPO송파(출장A)","어르신","출장","82","관리자","2등급","20250212","F","149","53.8","35.4",,"67","157","24.6","23.6",,,"13",,,,,,"24.2",,,,,"17",,"122","6.92","29.35","45.7",,,,,,,,,,,,,,,,,,,"24.6"
"1","영주","유아기","출장","52","관리자","참가","20250212","F","97.9","15",,,,,"6","5.5","1",,"8",,,,,,"15.7",,"23",,"60",,,,,,"40.0",,,,,,,,,,,,,,,,,"10.69","31.06",
"4","오산","어르신","일반","77","관리자","2등급","20250212","M","159.6","51","20.4","75.5","88","158","34.1","26.7",,,"11.4",,,,,,"20.0",,,,,"19",,"120","5.78","23.53","66.9",,,,,,,,,,,,,,,,,,,"34.1"
"1","영주","유아기","출장","61","관리자","참가","20250212","M","108.3","20",,,,,"6","7","3",,"7",,,,,,"17.1",,"31",,"85",,,,,,"35.0",,,,,,,,,,,,,,,,,"9.94","47.44",
"1","영주","유아기","출장","61","관리자","참가","20250212","F","114.1","23.1",,,,,"6","7.5","7",,"4.5",,,,,,"17.7",,"30",,"70",,,,,,"32.5",,,,,,,,,,,,,,,,,"9.72","25.24",
"1","사상","유아기","일반","60","관리자","3등급","20250212","M","112.2","21.6",,,,,"9","8.5","15",,"9.2",,,,,,"17.2",,"43",,"112",,,,,,"41.7",,,,,,,,,,,,,,,,,"8.7","27.5",
"1","영주","유아기","출장","55","관리자","참가","20250212","M","102.6","17.1",,,,,"5","5.5","0",,"9",,,,,,"16.2",,"25",,"50",,,,,,"32.2",,,,,,,,,,,,,,,,,"14.63","51.86",
"1","영주","유아기","출장","52","관리자","참가","20250212","M","114.1","23.1",,,,,"6","7.5","7",,"4.5",,,,,,"17.7",,"30",,"70",,,,,,"32.5",,,,,,,,,,,,,,,,,"9.72","25.24",
"1","영주","유아기","출장","52","관리자","참가","20250212","M","107","15.4",,,,,"6","8.5","6",,"3",,,,,,"13.5",,"37",,"85",,,,,,"55.2",,,,,,,,,,,,,,,,,"10.82","36.3",
"1","영주","유아기","출장","61","관리자","참가","20250212","M","106.4","16.7",,,,,"9","10.5","3",,"3",,,,,,"14.8",,"70",,"80",,,,,,"62.9",,,,,,,,,,,,,,,,,"10.66","29.1",
"1","KSPO송파(출장A)","어르신","출장","78","관리자","참가","20250212","F","148.1","59.6","39.2",,"68","155","19.1","19.3",,,"5",,,,,,"27.2",,,,,"17",,"103","6","28.1","32.4",,,,,,,,,,,,,,,,,,,"19.3"
"1","영주","유아기","출장","83","관리자","참가","20250212","F","128.1","25.7",,,,,"9.5","7.5","18",,"13",,,,,,"15.7",,"35",,"115",,,,,,"37.0",,,,,,,,,,,,,,,,,"8.07","23.07",
"1","KSPO송파(출장A)","어르신","출장","79","관리자","참가","20250212","F","144.8","52.4","41.7",,"56","124","23.7","27.1",,,"6.1",,,,,,"25.0",,,,,"15",,"113","6.4","29.8","51.7",,,,,,,,,,,,,,,,,,,"27.1"
"1","영주","유아기","출장","81","관리자","참가","20250212","F","119.7","23.7",,,,,"4.5","5","7",,"-8",,,,,,"16.5",,"47",,"90",,,,,,"21.1",,,,,,,,,,,,,,,,,"10.03","24.19",
"1","영주","유아기","출장","75","관리자","3등급","20250212","M","119.8","24.6",,,,,"12","11","10",,"10.8",,,,,,"17.1",,"76",,"115",,,,,,"48.8",,,,,,,,,,,,,,,,,"10.34","22.79",
"1","영주","유아기","출장","83","관리자","참가","20250212","M","125.1","32.1",,,,,"12","11.5","14",,"7.1",,,,,,"20.5",,"76",,"103",,,,,,"37.4",,,,,,,,,,,,,,,,,"10.44","20.26",
"1","영주","유아기","출장","83","관리자","참가","20250212","M","123.9","31.9",,,,,"11.5","12","2",,"9.2",,,,,,"20.8",,"60",,"121",,,,,,"37.6",,,,,,,,,,,,,,,,,"8.5","22.407",
"1","영주","유아기","출장","64","관리자","참가","20250212","F","104.2","17.5",,,,,"9","10.5","3",,"8.3",,,,,,"16.1",,"53",,"95",,,,,,"60.0",,,,,,,,,,,,,,,,,"9.4","24.136",
"1","영주","유아기","출장","64","관리자","참가","20250212","F","112.6","21.5",,,,,"6.5","9","3",,"7.3",,,,,,"17.0",,"54",,"75",,,,,,"41.9",,,,,,,,,,,,,,,,,"10.88","32.328",
"1","영주","유아기","출장","72","관리자","참가","20250212","F","117.8","27.3",,,,,"8","10","1",,"3.8",,,,,,"19.7",,"18",,"83",,,,,,"36.6",,,,,,,,,,,,,,,,,"12.44","23.293",
"1","영주","유아기","출장","66","관리자","참가","20250212","M","109","19.1",,,,,"4","5","0",,"2.1",,,,,,"16.1",,"19",,"60",,,,,,"26.2",,,,,,,,,,,,,,,,,"30","30.936",
"1","영주","유아기","출장","62","관리자","참가","20250212","M","109.9","17.9",,,,,"6","7.5","0",,"9.7",,,,,,"14.8",,"18",,"54",,,,,,"41.9",,,,,,,,,,,,,,,,,"12.82","34.074",
"2","KSPO송파(출장A)","어르신","출장","82","관리자","1등급","20250212","M","175.1","63.4","14.6",,"70","139","32.4","27.9",,,"14.0",,,,,,"20.7",,,,,"21",,"135","5.35","22.06","51.1",,,,,,,,,,,,,,,,,,,"32.4"
"15","세종","어르신","일반","65","관리자","2등급","20250212","M","170.8","82.4","28.6","95.4","82","130","47.6","44.2",,,"9.3",,,,,,"28.2",,,,,"30",,"134","4.29","18.47","57.8",,,,,,,,,,,,,,,,,,,"47.6"
"4","오산","성인","일반","24","관리자","1등급","20250212","F","163.6","53.6","31","74.7","73","113","26.4","25.4",,,"23.5",,,,,,"20.0","37",,,"154",,,,,,"49.3",,,,,,,,"100","40.4",,,"0.239",,,,,,,
"2","세종","어르신","일반","66","관리자","2등급","20250212","F","156.8","56.4","26.2","75","70","135","21.1","25",,,"16.5",,,,,,"22.9",,,,,"32",,"132","4.23","18.29","44.3",,,,,,,,,,,,,,,,,,,"25.0"
"1","KSPO송파","성인","일반","22","관리자","3등급","20250212","F","166.1","63","34.5","84.5","67","111","27.8","26",,,"20.5",,,,,,"22.8","31",,,"146",,,,,,"44.1",,,"90","121","155",,"35.5",,,,,"0.395",,,,,,,
"3","청주","성인","일반","52","관리자","참가","20250212","F","166.3","77.4","38.8","100.4","64","141","34.1","30.2",,,"8.8",,,,,,"28.0","12",,,"145",,,,,,"44.1",,,,,,,,"85","31.4",,,"0.435",,,,,,,
"1","KSPO송파(출장A)","어르신","출장","81","관리자","3등급","20250212","F","150.7","53.8","33.3",,"60","115","17.2","19.3",,,"8.5",,,,,,"23.7",,,,,"25",,"133","5.4","24.12","35.9",,,,,,,,,,,,,,,,,,,"19.3"
"4","오산","어르신","일반","67","관리자","3등급","20250212","M","169.6","64.3","18.3","74.2","80","134","33.9","37.8",,,"5.3",,,,,,"22.4",,,,,"27",,"135","5.25","20.31","58.8",,,,,,,,,,,,,,,,,,,"37.8"
"1","익산","성인","출장","54","관리자","참가","20250212","M","176","99.2","36.2",,"80","134","37.5","36.8",,,"8.4",,,,,,"32.0","10","4",,"110",,,,,,"37.8",,"27.0",,,,,,,,,,"0.374",,,,,,,
"1","KSPO송파(출장A)","어르신","출장","71","관리자","참가","20250212","F","160.5","45.1","22.2",,"54","113","20","20.6",,,"-5.3",,,,,,"17.5",,,,,"26",,"125","5.32","22.10","45.7",,,,,,,,,,,,,,,,,,,"20.6"
"12","청주","성인","일반","63","관리자","3등급","20250212","F","159.1","49.4","21.6","71.8","57","114","31.6","38.6",,,"14.4",,,,,,"19.5","27",,,"169",,,,,,"78.1",,,,,,,,"94","34.5",,,"0.409",,,,,,,
"1","익산","성인","출장","55","관리자","참가","20250212","M","175.5","81.7","33.6",,"78","136","35.4","33",,,"-4",,,,,,"26.5","24","10",,"130",,,,,,"43.3",,"30.9",,,,,,,,,,"0.588",,,,,,,
"1","익산","성인","출장","41","관리자","참가","20250212","F","156.1","62.8","29.9",,"80","121","34.1","33.5",,,"19.3",,,,,,"25.8","32","13",,"143",,,,,,"54.3",,"29.4",,,,,,,,,,"0.507",,,,,,,
"4","청주","성인","일반","59","관리자","참가","20250212","F","159.7","62.9","40.4","85.8","78","159","20.8","25.1",,,"0.5",,,,,,"24.7","9",,,"101",,,,,,"39.9",,,,,,,,"105","30.6",,,"0.408",,,,,,,
"1","익산","성인","출장","55","관리자","참가","20250212","M","172.1","77.1","30.2",,"78","134","31.6","42.1",,,"-20",,,,,,"26.0","23","10",,"145",,,,,,"54.6",,"31.6",,,,,,,,,,"0.417",,,,,,,
"7","청주","성인","일반","59","관리자","참가","20250212","F","152.7","48.9","31.9","74.8","69","141","26.7","30.4",,,"9.1",,,,,,"21.0","11",,,"155",,,,,,"62.2",,,,,,,,"114","32.3",,,"0.368",,,,,,,
"1","익산","성인","출장","55","관리자","참가","20250212","M","174.8","82.1","27.4",,"76","138","35.7","42.5",,,"4.7",,,,,,"26.9","22","18",,"168",,,,,,"51.8",,"32.7",,,,,,,,,,"0.559",,,,,,,
"2","동해","성인","일반","62","관리자","2등급","20250212","F","153.6","59.6","33.7",,"79","139","21.8","22.9",,,"17.6",,,,,,"25.3","12",,,"110",,,,,,"38.4",,,"90","110","133",,"31.1",,,,,"0.338",,,,,,,
"1","익산","성인","출장","54","관리자","참가","20250212","M","169.3","63.5","23.6",,"80","123","32.9","38.2",,,"-6.4",,,,,,"22.2","37","17",,"189",,,,,,"60.2",,"35.4",,,,,,,,,,"0.405",,,,,,,
"2","익산","성인","출장","56","관리자","참가","20250212","M","178.8","80.6","21.5",,"80","123","50","54",,,"-2",,,,,,"25.2","33","23",,"170",,,,,,"67.0",,"33.9",,,,,,,,,,"0.565",,,,,,,
"1","익산","성인","출장","51","관리자","참가","20250212","M","168.8","79.5","28.5",,"81","124","43.2","47.8",,,"5.5",,,,,,"27.9","26","25",,"175",,,,,,"60.1",,"35.2",,,,,,,,,,"0.357",,,,,,,
"1","강북","어르신","일반","67","관리자","3등급","20250212","F","155.0","57.60","30.3","84","86","151","22.9","21.2",,,"12.7",,,,,,"24.0",,,,,"18",,"92","5.6","23.1","39.8",,,,,,,,,,,,,,,,,,,"22.9"
"1","익산","성인","출장","55","관리자","참가","20250212","M","166.8","74.3","24.1",,"80","117","39.9","42",,,"-0.3",,,,,,"26.7","36","32",,"163",,,,,,"56.5",,"37.3",,,,,,,,,,"0.38",,,,,,,
"1","익산","성인","출장","54","관리자","참가","20250212","M","167.1","67","16.4",,"80","123","25.1","24.9",,,"-5.8",,,,,,"24.0","25","32",,"185",,,,,,"37.5",,"38.4",,,,,,,,,,"0.383",,,,,,,
"1","익산","성인","출장","48","관리자","3등급","20250212","M","174.5","79.7","22",,"84","134","47.2","44.3",,,"9",,,,,,"26.2","32","32",,"225",,,,,,"59.2",,"36.9",,,,,,,,,,"0.395",,,,,,,
"1","익산","성인","출장","55","관리자","참가","20250212","M","164.4","65.2","25.2",,"85","120","42.5","32.5",,,"3.7",,,,,,"24.1","23","23",,"175",,,,,,"65.2",,"36.6",,,,,,,,,,"0.412",,,,,,,
"1","강북","성인","일반","31","관리자","2등급","20250212","M","168.6","59.10","12.9","71.7","61","101","41.8","37.3",,,"9.9",,,,,,"20.8","45","44","11.6","187",,,,,,"70.7",,"44.2",,,,,,,,,,,,,,,,,
"1","익산","성인","출장","54","관리자","참가","20250212","M","173.1","72","24.4",,"79","132","36.5","41.5",,,"3.7",,,,,,"24.0","30","32",,"185",,,,,,"57.6",,"37.6",,,,,,,,,,"0.422",,,,,,,
"1","익산","성인","출장","56","관리자","참가","20250212","M","183.5","84.5","23.6",,"79","126","37","45",,,"-9.9",,,,,,"25.1","50","15",,"160",,,,,,"53.3",,"31.4",,,,,,,,,,"0.628",,,,,,,
"1","오산","어르신","일반","70","관리자","2등급","20250212","F","155.2","65.4","37.2","90.3","88","127","25.6","25.3",,,"14.9",,,,,,"27.2",,,,,"30",,"122","4.91","19.25","39.1",,,,,,,,,,,,,,,,,,,"25.6"
"6","오산","어르신","일반","69","관리자","2등급","20250212","M","167.4","70.3","22.4","88.5","80","142","32.7","39.3",,,"8.7",,,,,,"25.1",,,,,"30",,"117","5.40","19.66","55.9",,,,,,,,,,,,,,,,,,,"39.3"
"3","KSPO송파(출장A)","어르신","출장","78","관리자","2등급","20250212","F","151","59.6","41.6",,"49","145","24.4","25",,,"14.8",,,,,,"26.1",,,,,"17",,"104","6.16","25.96","41.9",,,,,,,,,,,,,,,,,,,"25.0"
"3","KSPO송파(출장A)","어르신","출장","81","관리자","참가","20250212","F","146.7","66.7","48",,"72","159","15.2","18.1",,,"4.2",,,,,,"31.0",,,,,"16",,"107","6.6","31.41","27.1",,,,,,,,,,,,,,,,,,,"18.1"
"1","KSPO송파(출장A)","어르신","출장","82","관리자","2등급","20250212","M","167","67","27.2",,"74","155","28.2","33.7",,,"11.0",,,,,,"24.0",,,,,"17",,"113","4.8","21.79","50.3",,,,,,,,,,,,,,,,,,,"33.7"
"6","KSPO송파별관(어르신)","어르신","일반","79","관리자","1등급","20250212","M","160.4","61.3","28.7",,"74","158","32.9","37.1",,,"9.8",,,,,,"23.8",,,,,"25",,"115","5.93","23.98","60.5",,,,,,,,,,,,,,,,,,,"37.1"
"1","익산","성인","출장","54","관리자","참가","20250212","M","170.8","82.6","33.4",,"83","122","36.2","38.4",,,"-12.2",,,,,,"28.3","27","5",,"135",,,,,,"46.5",,"29.8",,,,,,,,,,"0.656",,,,,,,
"3","KSPO송파(출장A)","어르신","출장","82","관리자","3등급","20250212","F","150.2","52.8","41.1",,"86","156","20.6","22.9",,,"5.0",,,,,,"23.4",,,,,"18",,"103","6.06","27.83","43.4",,,,,,,,,,,,,,,,,,,"22.9"
"3","KSPO송파별관(어르신)","어르신","일반","65","관리자","2등급","20250212","M","167.3","64.9","24.1",,"75","143","29.8","34",,,"10",,,,,,"23.2",,,,,"30",,"120","4.57","20.19","52.4",,,,,,,,,,,,,,,,,,,"34.0"
"1","익산","성인","출장","56","관리자","참가","20250212","M","171.2","79.2","32.5",,"80","136","33.6","37.1",,,"-19",,,,,,"27.0","21","12",,"158",,,,,,"46.8",,"31.7",,,,,,,,,,"0.470",,,,,,,
"1","익산","성인","출장","55","관리자","참가","20250212","F","152.2","72.9","46.9",,"78","132","27","28.4",,,"17",,,,,,"31.5","8","10",,"114",,,,,,"39.0",,"26.2",,,,,,,,,,"0.572",,,,,,,
"1","익산","성인","출장","51","관리자","참가","20250212","F","149.6","49.9","34.8",,"81","118","19","18.6",,,"6.7",,,,,,"22.3","10","16",,"110",,,,,,"38.1",,"31.9",,,,,,,,,,"0.497",,,,,,,
"1","익산","성인","출장","52","관리자","참가","20250212","M","177","82","31.7",,"84","134","41.8","46",,,"2",,,,,,"26.2","18","17",,"172",,,,,,"56.1",,"32.7",,,,,,,,,,"0.415",,,,,,,
"1","익산","성인","출장","55","관리자","참가","20250212","M","177.6","66.9","20.4",,"78","132","44.7","43.7",,,"3",,,,,,"21.2","24","32",,"205",,,,,,"66.8",,"38.1",,,,,,,,,,"0.448",,,,,,,
"1","익산","성인","출장","55","관리자","참가","20250212","F","151.5","53.1","33.9",,"80","119","22.3","21.6",,,"0.8",,,,,,"23.1","15","16",,"110",,,,,,"42.0",,"31.2",,,,,,,,,,"0.434",,,,,,,
"1","익산","성인","출장","53","관리자","참가","20250212","M","170.7","67.4","26.7",,"81","122","36.6","39",,,"17.3",,,,,,"23.1","22","27",,"192",,,,,,"57.9",,"37.2",,,,,,,,,,"0.389",,,,,,,
"22","연제","성인","일반","29","관리자","2등급","20250212","M","167.1","69.3","23.3",,"95","137","42.7","44.4",,,"16.6",,,,,,"24.8","56",,,,,,,,,"64.1",,,,,,,,"80","49.2",,,"0.313","0.479",,,,,,
"1","익산","성인","출장","55","관리자","참가","20250212","M","168.2","64.9","23.1",,"80","124","34.7","33.4",,,"-7.5",,,,,,"22.9","33","32",,"185",,,,,,"53.5",,"38.6",,,,,,,,,,"0.425",,,,,,,
"1","익산","성인","출장","56","관리자","참가","20250212","M","175.2","81.7","27.2",,"78","134","40.7","44.6",,,"-12.8",,,,,,"26.6","30","17",,"172",,,,,,"54.6",,"32.4",,,,,,,,,,"0.446",,,,,,,
"2","익산","성인","출장","56","관리자","1등급","20250212","F","155.2","50.6","28.4",,"79","130","28.4","29.1",,,"26.5",,,,,,"21.0","32","25",,"157",,,,,,"57.5",,"34.4",,,,,,,,,,"0.486",,,,,,,
"1","익산","성인","출장","55","관리자","참가","20250212","M","169.4","75.1","28",,"90","140","45","45.1",,,"13",,,,,,"26.2","23","25",,"190",,,,,,"60.1",,"35.5",,,,,,,,,,"0.495",,,,,,,
"1","익산","성인","출장","51","관리자","참가","20250212","M","169.9","75.9","30.4",,"78","128","40.3","38",,,"-4.6",,,,,,"26.3","31","25",,"160",,,,,,"53.1",,"35.7",,,,,,,,,,"0.431",,,,,,,
"2","고양","어르신","일반","70","관리자","3등급","20250212","M","159.8","64.8","23",,"73","155","39.2","35",,,"3.5",,,,,,"25.4",,,,,"23",,"107","5.36","22.25","60.5",,,,,,,,,,,,,,,,,,,"39.2"
"1","계룡","어르신","일반","72","관리자","참가","20250212","M","179.4","88.8","35.9",,"81","148","47.3","46.4",,,"-0.7",,,,,,"27.6",,,,,"28",,"134","4.94","22.90","53.3",,,,,,,,,,,,,,,,,,,"47.3"
"6","서초","성인","일반","38","관리자","3등급","20250212","M","176.3","77.6","23.9","80.3","98","154","49.4","50.3",,,"7.4",,,,,,"25.0","36",,,,,,,,,"64.8",,,,,,,,"110","41.4",,,"0.321","0.526",,,,,,
"1","익산","성인","출장","56","관리자","참가","20250212","F","159.9","61.8","36.6",,"80","117","24","20.4",,,"5.1",,,,,,"24.2","2","11",,"102",,,,,,"38.8",,"28.4",,,,,,,,,,"0.568",,,,,,,
"2","창원","성인","일반","42","관리자","참가","20250212","M","175","98.7","27.7","96","84","138","42.4","47",,,"11",,,,,,"32.2","45",,"11.06","218",,,,,,"47.6",,,,,,,,"111","35.5",,,,,,,,,,
"2","보은","성인","일반","20","관리자","3등급","20250212","M","165.7","58.2","13.5",,"82","131","32.4","35.9",,,"11",,,,,,"21.2","47",,"12.35",,,,,,,"61.7",,,"86","109","138","170","46.6",,,,,,"0.517",,,,,,
"2","사하","성인","일반","23","관리자","참가","20250212","M","179.3","106.4","30.8","119.2","78","142","53.4","54",,,"-5.9",,,,,,"33.1","38",,,,,,,,,"50.8",,,,,,,,"95","41.2",,,"0.393","0.502",,,,,,
"3","창원","성인","일반","36","관리자","참가","20250212","M","169.3","89.3","31.1","98","70","125","43.1","50.6",,,"8.5",,,,,,"31.2","50",,"10.82","200",,,,,,"56.7",,,,,,,,"81","43.0",,,,,,,,,,
"1","마포","어르신","일반","66","관리자","3등급","20250212","M","158.3","59.5","17.8",,"91","154","43.1","41.8",,,"3.7",,,,,,"23.7",,,,,"33",,"114","4.23","17.12","72.4",,,,,,,,,,,,,,,,,,,"43.1"
"1","익산","성인","출장","57","관리자","참가","20250212","M","173.1","76.4","31.6",,"80","117","42.6","43.1",,,"1",,,,,,"25.5","21","25",,"176",,,,,,"56.4",,"35.1",,,,,,,,,,"0.504",,,,,,,
"1","익산","성인","출장","54","관리자","참가","20250212","M","164.5","76.5","30.6",,"80","118","39.6","41.6",,,"-9.1",,,,,,"28.3","29","25",,"170",,,,,,"54.4",,"35.5",,,,,,,,,,"0.545",,,,,,,
"1","익산","성인","출장","55","관리자","참가","20250212","M","169.5","76","26.8",,"84","134","37.1","32.2",,,"0.2",,,,,,"26.5","17","1",,"100",,,,,,"48.8",,"29.7",,,,,,,,,,"0.573",,,,,,,
"1","익산","성인","출장","55","관리자","참가","20250212","M","178","85.4","25.5",,"82","123","51.5","45.4",,,"15",,,,,,"27.0","27","32",,"195",,,,,,"60.3",,"35.4",,,,,,,,,,"0.486",,,,,,,
"2","KSPO아산","어르신","일반","66","관리자","3등급","20250212","F","154.4","56.9","37.5","75","78","142","20.4","24.3",,,"27.9",,,,,,"23.9",,,,,"22",,"94","5.8","21.9","42.7",,,,,,,,,,,,,,,,,,,"24.3"
"6","성남","성인","일반","28","관리자","참가","20250212","M","170.6","74.4","23.5",,"70","114","50.3","50.3",,,"4.7",,,,,,"25.6","38",,,,,,,,,"67.6",,,,,,,,"110","44.2",,,"0.329","0.558",,,,,,
"1","익산","성인","출장","56","관리자","참가","20250212","F","160","52.8","29",,"80","122","19.3","20.1",,,"13.7",,,,,,"20.6","8","17",,"130",,,,,,"38.1",,"31.7",,,,,,,,,,"0.548",,,,,,,
"1","익산","성인","출장","47","관리자","참가","20250212","M","171.2","77.3","25.6",,"79","129","42.8","44.1",,,"18",,,,,,"26.4","38","27",,"184",,,,,,"57.1",,"36.2",,,,,,,,,,"0.526",,,,,,,
"1","사천","성인","일반","53","관리자","참가","20250212","M","173","79.5","30.6","106.6","88","143","40","36.2",,,"-8.5",,,,,,"26.6","21",,,,,,,,,"50.3",,,,,,,,"130","34.1",,,"0.354","0.402",,,,,,
"3","마포","어르신","일반","75","관리자","2등급","20250212","M","163.1","83.3","37.8",,"98","153","45.1","44.5",,,"2.7",,,,,,"31.3",,,,,"27",,"118","5.13","20.25","54.1",,,,,,,,,,,,,,,,,,,"45.1"
"1","사천","성인","일반","62","관리자","참가","20250212","F","155.1","46.1","28.3","73.7","86","146","25.6","28.9",,,"4.9",,,,,,"19.2","2",,,,,,,,,"62.7",,,,,,,,"148","28.5",,,"0.347","0.366",,,,,,
"1","익산","성인","출장","55","관리자","참가","20250212","M","171.5","80","24",,"80","132","47.9","50.6",,,"-15",,,,,,"27.2","32","18",,"165",,,,,,"63.3",,"33.1",,,,,,,,,,"0.454",,,,,,,
"1","익산","성인","출장","55","관리자","참가","20250212","F","159","62.9","34.4",,"80","119","21.7","24.5",,,"0.7",,,,,,"24.9","25","11",,"144",,,,,,"39.0",,"28.3",,,,,,,,,,"0.530",,,,,,,
"1","마포","어르신","일반","65","관리자","2등급","20250212","M","158.1","52.6","17.8",,"89","150","39.4","36.7",,,"9.7",,,,,,"21.0",,,,,"33",,"138","3.98","15.40","74.9",,,,,,,,,,,,,,,,,,,"39.4"
"1","마포","어르신","일반","72","관리자","2등급","20250212","M","165.8","68.8","29.3",,"69","155","42.8","47.8",,,"7.9",,,,,,"25.0",,,,,"25",,"121","4.03","17.12","69.5",,,,,,,,,,,,,,,,,,,"47.8"
"1","익산","성인","출장","54","관리자","참가","20250212","F","155.6","58.2","36",,"78","128","22.2","22.7",,,"11.5",,,,,,"24.0","24","25",,"146",,,,,,"39.0",,"33.3",,,,,,,,,,"0.585",,,,,,,
"1","익산","성인","출장","53","관리자","참가","20250212","F","161.4","48.9","26.1",,"79","122","20.3","18.3",,,"-2.8",,,,,,"18.8","9","13",,"136",,,,,,"41.5",,"31.2",,,,,,,,,,"0.359",,,,,,,
"1","목포","성인","일반","37","관리자","참가","20250212","F","160.6","49.2","29.3","75.7","55","103","18.6","18.7",,,"-4",,,,,,"19.1","23",,,,,,,,,"38.0",,,"56","120","145",,"38.8",,,,,"0.380","0.452",,,,,,
"2","성남","성인","일반","26","관리자","2등급","20250212","M","171.1","64.0","15.7",,"75","125","45.6","35.1",,,"13.1",,,,,,"21.9","49","44",,"231",,,,,,"71.3",,"43.8",,,,,,,,,,"0.262",,,,,,,
"1","익산","성인","출장","55","관리자","3등급","20250212","F","161.6","52.1","25.3",,"80","119","26.6","25.5",,,"18.6",,,,,,"20.0","12","20",,"140",,,,,,"51.1",,"32.8",,,,,,,,,,"0.451",,,,,,,
"1","목포","성인","일반","42","관리자","참가","20250212","M","170","73.9","21.3","89.3","84","144","37.8","38.1",,,"2",,,,,,"25.6","38",,"11.32",,,,,,,"51.6",,,"89","109","125","155","41.0",,,,,,"0.651",,,,,,
"1","익산","성인","출장","55","관리자","참가","20250212","M","172.7","87.1","27.8",,"81","123","38.4","37.1",,,"4",,,,,,"29.2","36","32",,"190",,,,,,"44.1",,"35.3",,,,,,,,,,"0.513",,,,,,,
"1","익산","성인","출장","56","관리자","참가","20250212","M","170.9","77.2","35.4",,"82","132","39","38",,,"-4.8",,,,,,"26.4","7","17",,"158",,,,,,"50.5",,"33.2",,,,,,,,,,"0.684",,,,,,,
"1","익산","성인","출장","55","관리자","참가","20250212","M","166.5","82","30.4",,"85","136","44.4","51.4",,,"12.5",,,,,,"29.6","28","20",,"165",,,,,,"62.7",,"33.4",,,,,,,,,,"0.526",,,,,,,
"1","익산","성인","출장","55","관리자","참가","20250212","F","162.7","63.8","37",,"78","128","26","22.4",,,"10",,,,,,"24.1","21","8",,"130",,,,,,"40.8",,"27.3",,,,,,,,,,"0.49",,,,,,,
"4","서구(광주)","성인","일반","25","관리자","참가","20250212","M","177","94.9","33.9","101","82","123","42.7","40.2",,,"15.0",,,,,,"30.3","31","41",,,,,,,,"45.0",,"38.6",,,,,,,,,,"0.437","0.476",,,,,,
"4","부천","성인","일반","47","관리자","참가","20250212","M","166.2","71.2","29.3",,"85","142","36.8","40",,,"9.7",,,,,,"25.8","37",,,"182",,,,,,"56.2",,,,,,,,"102","41.0",,,"0.334",,,,,,,
"1","KSPO송파(출장A)","어르신","출장","69","관리자","참가","20250212","F","156.2","59.3","38.2",,"81","130","23.4","25.7",,,"7.3",,,,,,"24.3",,,,,"25",,"122","4.75","23.4","43.3",,,,,,,,,,,,,,,,,,,"25.7"
"1","사천","성인","일반","59","관리자","참가","20250212","M","173.9","70.8","25.1","90.2","66","152","41.6","40.3",,,"-20",,,,,,"23.4","21",,,,,,,,,"58.8",,,,,,,,"128","34.9",,,"0.367","0.440",,,,,,
"1","익산","성인","출장","52","관리자","참가","20250212","F","156.3","51","31.8",,"80","117","22.6","25.4",,,"-15.4",,,,,,"20.9","1","11",,"78",,,,,,"49.8",,"30.2",,,,,,,,,,"0.487",,,,,,,
"2","사천","성인","일반","58","관리자","참가","20250212","M","164.7","89.4","35.7","109.6","82","159","38.7","43.3",,,"7",,,,,,"33.0","7",,,,,,,,,"48.4",,,,,,,,"110","33.0",,,"0.365","0.446",,,,,,
"1","익산","성인","출장","53","관리자","참가","20250212","M","171.8","72.6","22.3",,"78","128","39.1","48.5",,,"3",,,,,,"24.6","30","31",,"185",,,,,,"66.8",,"37.4",,,,,,,,,,"0.446",,,,,,,
"1","수원","어르신","일반","76","관리자","3등급","20250212","M","168.1","93.1","25.2","121","62","99","29.4","39.5",,,"-1",,,,,,"32.9",,,,,"23",,"105","6","25","42.4",,,,,,,,,,,,,,,,,,,"39.5"
"1","익산","성인","출장","55","관리자","참가","20250212","M","175.1","82.2","24.6",,"78","129","51.9","53",,,"-0.8",,,,,,"26.8","35","31",,"185",,,,,,"64.5",,"35.7",,,,,,,,,,"0.423",,,,,,,
"1","KSPO송파(출장A)","어르신","출장","79","관리자","참가","20250212","M","163","65.7","29.7",,"71","158","30.4","36.5",,,"-12",,,,,,"24.7",,,,,,,,"15.28","66","55.6",,,,,,,,,,,,,,,,,,,"36.5"
"2","양평","성인","일반","23","관리자","3등급","20250212","F","170.8","56.9","27",,"60","98","26.1","24.9",,,"12.9",,,,,,"19.5","26",,,"142",,,,,,"45.9",,,,,,,,"132","36.5",,,"0.393",,,,,,,
"1","익산","성인","출장","45","관리자","참가","20250212","M","172.5","80.7","22.3",,"81","123","45","55.5",,,"-7",,,,,,"27.1","25","31",,"175",,,,,,"68.8",,"36.8",,,,,,,,,,"0.515",,,,,,,
"1","익산","성인","출장","54","관리자","참가","20250212","F","164.2","51.1","26.9",,"78","122","23.6",,,,"-6",,,,,,"19.0","25.5","23.6",,"120",,,,,,"46.2",,"34.1",,,,,,,,,,"0.47",,,,,,,
"1","익산","성인","출장","56","관리자","참가","20250212","F","162.4","68.2","40",,"80","129","19.1","20.3",,,"11.4",,,,,,"25.9","13","8",,"95",,,,,,"29.8",,"26.5",,,,,,,,,,"0.478",,,,,,,
"4","화성","성인","일반","20","관리자","1등급","20250212","M","178.1","77.6","16.3",,"79","140","45.5","51.4",,,"16.1",,,,,,"24.5","58","62",,"236",,,,,,"66.2",,"46.4",,,,,,,,,,"0.338",,,,,,,
"1","천안","성인","일반","26","관리자","참가","20250212","M","180","89.2","32",,"90","144","40.7","40.2",,,"-4.6",,,,,,"27.5","48",,,,,,,,,"45.6",,,,,,,,"87","45.5",,,"0.333","0.514",,,,,,
"1","익산","성인","출장","53","관리자","참가","20250212","F","162","53.9","33.4",,"79","129","22.1","21",,,"10",,,,,,"20.5","22","16",,"139",,,,,,"41.0",,"31.4",,,,,,,,,,"0.427",,,,,,,
"1","안산","성인","일반","46","관리자","참가","20250212","M","179.0","77.7","26.1","83","80","133","51.6","50.4",,,"-12.7",,,,,,"24.3","21","19",,"190",,,,,,"66.4",,"34.2",,,,,,,,,,"0.324",,,,,,,
"7","천안","성인","일반","24","관리자","참가","20250212","F","170.8","62.4","27.8",,"55","105","31.8","32.7",,,"7.3",,,,,,"21.4","41",,,"179",,,,,,"52.4",,,,,,,,"110","37.7",,,"0.325",,,,,,,
"2","KSPO송파","성인","일반","54","관리자","참가","20250212","M","176.7","78.4","25.1","91.3","72","128","40.2","44.1",,,"11.4",,,,,,"25.1","30",,,"201",,,,,,"56.3",,,"59","83","99","133","42.1",,,,,"0.354",,,,,,,
"1","KSPO송파(출장A)","어르신","출장","84","관리자","참가","20250212","M","158","63.4","37.4",,"80","149","29.6","27.7",,,"0",,,,,,"25.4",,,,,"14",,"60","6.4","28.7","46.7",,,,,,,,,,,,,,,,,,,"29.6"
"1","익산","성인","출장","55","관리자","참가","20250212","F","157.6","70.2","37.5",,"82","132","25.9","22.7",,,"4.6",,,,,,"28.3","17","16",,"146",,,,,,"36.9",,"28.6",,,,,,,,,,"0.493",,,,,,,
"1","안산","유소년","일반","12","관리자","참가","20250212","F","157.4","50.6",,"65",,,"21.3","22.1","17",,"0.8",,,,,,"20.4",,"29",,"159",,,,,,"43.7",,,,,,,,,,,,,,"0.41","40","5",,,
"1","익산","성인","출장","54","관리자","참가","20250212","M","169.6","72.6","25.1",,"80","127","34.1","36.7",,,"12",,,,,,"25.2","32","25",,"160",,,,,,"50.6",,"35.9",,,,,,,,,,"0.539",,,,,,,
"1","전주","성인","일반","56","관리자","참가","20250212","M","169","78.1","24.6","89.4","92","158","40.9","44.4",,,"5.1",,,,,,"27.3","29",,,"188",,,,,,"56.9",,,,,,,,"136","32.5",,,"0.366",,,,,,,
"1","북구(광주)","성인","일반","48","관리자","2등급","20250212","F","157.2","64.3","27.5","76.7","87","127","31.6","37",,,"17.2",,,,,,"26.0","38",,,,,,,,,"57.5",,,,,,,,"88","34.2",,,"0.338","0.457",,,,,,
"1","북구(광주)","성인","일반","43","관리자","참가","20250212","F","153.5","51.6","27.9","69.5","67","123","14.1","18.9",,,"20.2",,,,,,"21.9","24",,,,,,,,,"36.6",,,,,,,,"95","37.0",,,"0.540","0.345",,,,,,
"1","KSPO송파(출장A)","어르신","출장","79","관리자","3등급","20250212","M","167.5","74.5","26.7",,"45","135","34.3","31.1",,,"2.2",,,,,,"26.6",,,,,"15",,"99","6.8","31.1","46.0",,,,,,,,,,,,,,,,,,,"34.3"
"1","익산","성인","출장","54","관리자","참가","20250212","F","163.4","52","30.5",,"76","126","27.3","28.5",,,"-7",,,,,,"19.5","29","13",,"112",,,,,,"54.8",,"30.7",,,,,,,,,,"0.6",,,,,,,
"1","수원","성인","일반","22","관리자","참가","20250212","F","151.6","66","42.3","81","80","129","17.3","25",,,"12",,,,,,"28.7","0",,,"122",,,,,,"37.9",,,,,,,,"137","32.0",,,"0.341",,,,,,,
"2","서구(대전)","청소년","일반","16","관리자","3등급","20250212","F","167.1","65.7","27.4",,"70","104","25.5","27.2",,"32","19.2","21.72","0.440","46.859","6","47.135","23.5",,"22",,,,,,,,"41.4",,"33.4",,,,,,,,,,,,,,,,,
"1","KSPO송파(출장A)","어르신","출장","67","관리자","참가","20250212","F","163.5","76.4","40.9",,"84","151","19.7","21.6",,,"8",,,,,,"28.6",,,,,"18",,"103","6.38","29.36","28.3",,,,,,,,,,,,,,,,,,,"21.6"
"1","전주","성인","일반","19","관리자","3등급","20250212","M","176.3","74.3","17","86.4","80","141","43.3","47.8",,,"7.5",,,,,,"23.9","50",,,"213",,,,,,"64.3",,,,,,,,"130","43.9",,,"0.307",,,,,,,
"2","서구(대전)","청소년","일반","16","관리자","1등급","20250212","F","163.7","63.7","28",,"76","126","28.9","30.1",,"41","22.1","20.47","0.514","49.886","9","50.300","23.8",,"33",,,,,,,,"47.3",,"35.4",,,,,,,,,,,,,,,,,
"1","익산","성인","출장","54","관리자","참가","20250212","F","172.4","63","30.7",,"78","127","28.7","30.7",,,"11.2",,,,,,"21.2","25","15",,"132",,,,,,"48.7",,"29.7",,,,,,,,,,"0.435",,,,,,,
"2","마포","어르신","일반","65","관리자","1등급","20250212","M","169.5","62.8","10.8",,"87","156","47.2","38.8",,,"13.5",,,,,,"21.9",,,,,"27",,"129","3.50","18.52","75.2",,,,,,,,,,,,,,,,,,,"47.2"
"1","전주","성인","일반","19","관리자","2등급","20250212","M","179.5","75","19.4","87.2","75","134","43.3","47.8",,,"18.4",,,,,,"23.3","56",,,"245",,,,,,"63.7",,,,,,,,"115","46.2",,,"0.310",,,,,,,
"1","익산","성인","출장","55","관리자","참가","20250212","M","168.4","94.7","32.8",,"83","124","42.2","39.1",,,"-16",,,,,,"33.4","23","21",,"162",,,,,,"44.6",,"31.7",,,,,,,,,,"0.424",,,,,,,
"2","화성","성인","일반","19","관리자","참가","20250212","M","177.8","83.2","20.1",,"60","129","48.3","50.5",,,"-2.7",,,,,,"26.3","38",,,,,,,,,"60.7",,,"94","99","125",,"42.9",,,,,"0.298","0.614",,,,,,
"7","성동","성인","일반","60","관리자","2등급","20250212","M","157.3","61.1","29.4",,"86","150","36.4","40",,,"14",,,,,,"24.7","26",,,,,,,,,"65.5",,,,,,,,"109","38.4",,,"0.334","0.49",,,,,,
"1","익산","성인","출장","55","관리자","2등급","20250212","M","170.8","66.6","22.8",,"84","124","39.7","38.7",,,"11",,,,,,"22.8","43","25",,"195",,,,,,"59.6",,"36.7",,,,,,,,,,"0.329",,,,,,,
"1","익산","성인","출장","52","관리자","참가","20250212","F","162.2","62.4","37.8",,"78","122","23.8","22.4",,,"-4.6",,,,,,"23.7","9","13",,"95",,,,,,"38.1",,"29.1",,,,,,,,,,"0.64",,,,,,,
"9","사하","어르신","일반","80","관리자","참가","20250212","F","155.7","56.7","41.0","83.4","79","152","20","19",,,"6.3",,,,,,"23.4",,,,,"13",,"70","10.75","36.60","35.3",,,,,,,,,,,,,,,,,,,"20.0"
"3","마포","어르신","일반","70","관리자","1등급","20250212","M","164","65.8","24.3",,"82","149","43","39",,,"11.7",,,,,,"24.5",,,,,"32",,"136","3.67","15.56","65.3",,,,,,,,,,,,,,,,,,,"43.0"
"1","익산","성인","출장","50","관리자","참가","20250212","M","172.7","67.1","17.7",,"79","122","46","45.3",,,"12.7",,,,,,"22.5","20","33",,"195",,,,,,"68.6",,"38.8",,,,,,,,,,"0.494",,,,,,,
"9","동구(광주)","어르신","일반","72","관리자","3등급","20250212","F","148.1","50.2","34.7","71","71","132","21.8","22.6",,,"21.2",,,,,,"22.9",,,,,"16",,"135","6.15","23.93","45.0",,,,,,,,,,,,,,,,,,,"22.6"
"1","시흥","성인","일반","63","관리자","참가","20250212","M","166","79.1","25.4","89","74","140","40.8","37.3",,,"8.8",,,,,,"28.7","34","16",,,,,,,,"51.6",,"32.2",,,,,,,,,,"0.374","0.454",,,,,,
"1","성동","성인","일반","19","관리자","참가","20250212","F","168","49.1","24",,"73","117","22.7","28",,,"-15.6",,,,,,"17.4","43",,"13.77",,,,,,,"57.0",,,"95","141","171",,"38.5",,,,,,"0.428",,,,,,
"1","익산","성인","출장","53","관리자","참가","20250212","F","167.2","53.5","22.3",,"80","118","32.1","26.7",,,"-20",,,,,,"19.1","1","33",,"132",,,,,,"60.0",,"36.7",,,,,,,,,,"0.483",,,,,,,
"1","스포원(금정)","어르신","일반","65","관리자","2등급","20250212","M","154.7","47.7","19.1",,"74","141","36.8","34.8",,,"6.6",,,,,,"19.9",,,,,"27",,"113","4.5","19.4","77.1",,,,,,,,,,,,,,,,,,,"36.8"
"1","익산","성인","출장","53","관리자","참가","20250212","M","173","75","26.3",,"84","122","36.4","45.9",,,"-1.8",,,,,,"25.1","29","31",,"200",,,,,,"61.2",,"37.0",,,,,,,,,,"0.440",,,,,,,
"1","스포원(금정)","성인","일반","20","관리자","참가","20250212","M","174.9","65.7","21.1",,"82","132","39.2","48.2",,,"10.6",,,,,,"21.5","21",,,"178",,,,,,"73.4",,,"116","136","160","168","45.2",,,,,"0.359",,,,,,,
"10","화성","어르신","일반","75","관리자","3등급","20250212","M","174","94.3","39.5",,"80","160","40","43.2",,,"11",,,,,,"31.1",,,,,"17",,"93","5.81","27.48","45.8",,,,,,,,,,,,,,,,,,,"43.2"
"3","KSPO송파(출장A)","어르신","출장","76","관리자","2등급","20250212","F","152.4","56.9","28.8",,"81","137","27.7","25.7",,,"14.5",,,,,,"24.5",,,,,"25",,"122","5.46","22.3","48.7",,,,,,,,,,,,,,,,,,,"27.7"
"1","익산","성인","출장","41","관리자","참가","20250212","M","173.2","90.6","33.7",,"84","129","30.5","28.4",,,"6.7",,,,,,"30.2","27","33",,"130",,,,,,"33.7",,"36.1",,,,,,,,,,"0.455",,,,,,,
"2","충주","성인","일반","25","관리자","참가","20250212","M","184.4","132","38.6","126","77","140","39.3","35.2",,,"-20",,,,,,"38.8","12","10",,"85",,,,,,"29.8",,"25.7",,,,,,,,,,"0.64",,,,,,,
"5","KSPO송파별관(어르신)","어르신","일반","69","관리자","3등급","20250212","M","167.3","65.5","20.7",,"76","135","40.1","40.1",,,"3.6",,,,,,"23.4",,,,,"36",,"146","4.63","16.88","61.2",,,,,,,,,,,,,,,,,,,"40.1"
"3","KSPO송파(출장A)","어르신","출장","74","관리자","1등급","20250212","F","150","56.1","35.6",,"71","156","27.9","28.9",,,"18.0",,,,,,"24.9",,,,,"29",,"125","4.88","19.75","51.5",,,,,,,,,,,,,,,,,,,"28.9"
"4","KSPO송파별관(어르신)","어르신","일반","75","관리자","3등급","20250212","M","172","75.4","26.2",,"67","151","30.8","31.2",,,"4.7",,,,,,"25.5",,,,,"28",,"118","4.82","19.88","41.4",,,,,,,,,,,,,,,,,,,"31.2"
"1","익산","성인","출장","45","관리자","3등급","20250212","M","171","68","18.8",,"88","129","41.9","47.5",,,"8.5",,,,,,"23.3","35","33",,"210",,,,,,"69.9",,"39.2",,,,,,,,,,"0.471",,,,,,,
"2","창원","성인","일반","20","관리자","3등급","20250212","F","158.7","55.2","31.3","69","81","120","22.2","25.6",,,"26.7",,,,,,"21.9","42","21",,,,,,,,"46.4",,"33.9",,,,,,,,,,"0.406","0.415",,,,,,
"4","화성","어르신","일반","66","관리자","3등급","20250212","F","160.3","56.3","28.9",,"79","152","24.5","26.1",,,"19.4",,,,,,"21.9",,,,,"20",,"100","4.6","17.8","46.4",,,,,,,,,,,,,,,,,,,"26.1"
"1","서초","어르신","일반","70","관리자","3등급","20250212","M","161.5","65.5","29.7","79.8","91","152","44.4","43.4",,,"0.1",,,,,,"25.1",,,,,"28",,"130","4.96","21.16","67.8",,,,,,,,,,,,,,,,,,,"44.4"
"2","수원","성인","일반","20","관리자","참가","20250212","M","178.8","79.9","23.4","80","62","121","47.2","47.5",,,"2.6",,,,,,"25.0","48","51","12.4","180",,,,,,"59.4",,"43.5",,,,,,,,,,,,,,,,,
"1","원주","성인","일반","19","관리자","참가","20250212","M","194.5","88.5","18.9","86.4","74","134","47.6","51.7",,,"-3.1",,,,,,"23.4","45",,"10.43","237",,,,,,"58.4",,,"85","119","144","126","49.8",,,,,,,,,,,,
"1","창원","성인","일반","20","관리자","참가","20250212","M","170.4","70.3","23.8","83","79","156","31.1","30.6",,,"12.3",,,,,,"24.2","55","48",,"176",,,,,,"44.2",,"44.3",,,,,,,,,,"0.468",,,,,,,
"1","익산","성인","출장","53","관리자","참가","20250212","F","157.1","56.3","34.2",,"81","124","18.6","15.7",,,"5.5",,,,,,"22.8","19","21",,"124",,,,,,"33.0",,"32.4",,,,,,,,,,"0.398",,,,,,,
"17","청주","성인","일반","53","관리자","참가","20250212","F","158.7","55.1","35","83.9","69","114","30.6","33.9",,,"8.3",,,,,,"21.9","21",,,"134",,,,,,"61.5",,,,,,,,"106","33.4",,,"0.329",,,,,,,
"3","광주","어르신","일반","71","관리자","2등급","20250212","F","147","40.6","19.6",,"71","120","21.8","21.2",,,"15.5",,,,,,"18.8",,,,,"24",,"109","5.82","23.89","53.7",,,,,,,,,,,,,,,,,,,"21.8"
"5","청주","성인","일반","60","관리자","참가","20250212","F","156.2","68.9","44.9","92.1","77","123","27.2","27.3",,,"11.4",,,,,,"28.2","14",,,"103",,,,,,"39.6",,,,,,,,"112","27.8",,,"0.701",,,,,,,
"1","KSPO송파(출장A)","어르신","출장","78","관리자","참가","20250212","F","152","66.5","46.3",,"77","154","15.1","15.5",,,"19.5",,,,,,"28.8",,,,,"18",,"132","6.56","26.74","23.3",,,,,,,,,,,,,,,,,,,"15.5"
"16","청주","성인","일반","62","관리자","참가","20250212","F","158.5","61.7","37.5","82.3","83","154","25.6","26.6",,,"10.2",,,,,,"24.6","13",,,"109",,,,,,"43.1",,,,,,,,"109","29.8",,,"0.405",,,,,,,
"1","순천","성인","일반","57","관리자","참가","20250212","F","152.2","43.8","29.6","70","79","119","22.1","21.4",,,"8.5",,,,,,"18.9","12",,,,,,,,,"50.5",,,,,,,,"98","35.8",,,"0.407","0.378",,,,,,
"1","KSPO송파(출장A)","어르신","출장","67","관리자","참가","20250212","M","174","72.6","24.2",,"67","125","25.9","26.3",,,"-20.0",,,,,,"24.0",,,,,"17",,"123","6.13","26.51","36.2",,,,,,,,,,,,,,,,,,,"26.3"
"1","목포","성인","일반","51","관리자","2등급","20250212","F","165.8","53.4","24.6","70.3","95","139","24.4","22.6",,,"18.3",,,,,,"19.4","28",,"13.97","134",,,,,,"45.7",,,,,,,,"94","36.4",,,,,,,,,,
"5","동작","성인","일반","26","관리자","3등급","20250212","F","167.9","53.7","27.9","68","68","114","26.6","28",,,"9.7",,,,,,"19.0","26",,,,,,,,,"52.1",,,"71","104","148",,"37.7",,,,,"0.370","0.439",,,,,,
"2","동작","성인","일반","52","관리자","3등급","20250212","M","181","67","18.1","83","98","134","43.6","50.7",,,"9.8",,,,,,"20.5","31",,,"207",,,,,,"75.7",,,"105","126","139",,"39.8",,,,,"0.333",,,,,,,
"5","청주","성인","일반","58","관리자","참가","20250212","F","166.2","75","44.6","98.1","68","134","28.5","30",,,"16.9",,,,,,"27.2","8",,,"129",,,,,,"40.0",,,,,,,,"135","24.8",,,"0.336",,,,,,,
"1","고양","성인","일반","35","관리자","3등급","20250212","M","172.9","71.4","18.8",,"79","139","32.5","36.8",,,"6.7",,,,,,"23.9","49","29","11.51","198",,,,,,"51.5",,"38.5",,,,,,,,,,,,,,,,,
"7","청주","성인","일반","60","관리자","2등급","20250212","F","154.2","48","34.1","74.5","80","135","27.8","27.4",,,"16.6",,,,,,"20.2","17",,,,,,,,,"57.9",,,,,,,,"121","31.6",,,"0.337",,,,,,,
"2","포항","성인","일반","56","관리자","1등급","20250212","F","155.5","56.5","33.6",,"80","130","27.9","27.2",,,"26.6",,,,,,"23.4","24",,,,,,,,,"49.4",,,"48","84","94",,"39.5",,,,,"0.309","0.465",,,,,,
"2","동구(인천)","성인","일반","30","관리자","참가","20250212","M","181.2","75.5","15.6",,"75","128","39.1","43.9",,,"2.9",,,,,,"23.0","41",,,,,,,,,"58.1",,,,,,,,"115","43.5",,,"0.343","0.539",,,,,,
"1","KSPO송파(출장A)","어르신","출장","79","관리자","참가","20250212","M","161.2","70.3","23.8",,"68","146","37.1","37.4",,,"-15",,,,,,"27.1",,,,,"24",,"120","4.9","22.8","53.2",,,,,,,,,,,,,,,,,,,"37.4"
"1","KSPO송파(출장A)","어르신","출장","71","관리자","참가","20250212","F","152.6","52.1","37.2",,"42","129","19.6","15.7",,,"2.0",,,,,,"22.4",,,,,"16",,"125","6.6","27.5","37.6",,,,,,,,,,,,,,,,,,,"19.6"
"1","마포","어르신","일반","69","관리자","3등급","20250212","M","151","53.3","29.9",,"103","183","36.4","42.2",,,"5.4",,,,,,"23.4",,,,,"27",,"136","3.44","16.58","79.2",,,,,,,,,,,,,,,,,,,"42.2"
"1","강북","어르신","일반","71","관리자","3등급","20250212","F","148.0","47.00","23.6","76.7","56","119","21.7","22.2",,,"20.8",,,,,,"21.5",,,,,"14",,"95","6.1","26.8","47.2",,,,,,,,,,,,,,,,,,,"22.2"
"1","마포","어르신","일반","70","관리자","1등급","20250212","M","153.8","55.7","26.7",,"89","143","29.5","30.6",,,"12.3",,,,,,"23.5",,,,,"34",,"134","4.10","17.06","54.9",,,,,,,,,,,,,,,,,,,"30.6"
"1","순천","성인","일반","24","관리자","참가","20250212","M","177","71.6","17.2","79.9","92","138","41.7","47.7",,,"1.8",,,,,,"22.9","26",,,,,,,,,"66.6",,,,,,,,"118","45.1",,,"0.311","0.527",,,,,,
"2","포천","어르신","일반","77","관리자","2등급","20250212","M","164","65.3","25","85","94","176","24.6","29.6",,,"15.7",,,,,,"24.3",,,,,"22",,"117","5.37","22.19","45.3",,,,,,,,,,,,,,,,,,,"29.6"
"2","원주","어르신","일반","68","관리자","2등급","20250212","M","169.1","78.8","30.8","94.5","84","149","44.8","38.3",,,"6.7",,,,,,"27.6",,,,,"27",,"131","4.94","20.88","56.9",,,,,,,,,,,,,,,,,,,"44.8"
"1","순천","성인","일반","19","관리자","참가","20250212","M","173.8","59.8","22.4","79.4","98","135","40.4","36.3",,,"5",,,,,,"19.8","20",,,,,,,,,"67.6",,,,,,,,"134","46.3",,,"0.335","0.526",,,,,,
"1","강북","성인","일반","24","관리자","참가","20250212","F","162.5","56.60","30.6","74","71","116","22.3","25.8",,,"0.9",,,,,,"21.4","7",,,,,,,,,"45.6",,,"93","125","151",,"37.4",,,,,"0.372","0.420",,,,,,
"1","서대문","성인","일반","23","관리자","2등급","20250212","F","167.3","48.4","24.0",,"71","123","21.1","24.9",,,"17.6",,,,,,"17.3","35","26","11.28",,,,,,,"51.4",,"36.6",,,,,,,,,,,"0.510",,,,,,
"3","사상","성인","일반","43","관리자","1등급","20250212","M","163.5","70.2","20.5","78.9","90","139","41.8","45",,,"16.3",,,,,,"26.3","52","45",,"227",,,,,,"64.1",,"42.0",,,,,,,,,,"0.322",,,,,,,
"1","서대문","성인","일반","25","관리자","참가","20250212","F","161.4","55.4","29.8",,"81","117","27","33.5",,,"8.4",,,,,,"21.3","36","29","11.83",,,,,,,"60.5",,"36.2",,,,,,,,,,,"0.474",,,,,,
"1","서대문","성인","일반","61","관리자","2등급","20250212","F","150.5","51.7","35.7",,"65","147","22.7","21.4",,,"18.7",,,,,,"22.8","19","13","14.24",,,,,,,"43.9",,"30.3",,,,,,,,,,,"0.417",,,,,,
"1","순천","성인","일반","54","관리자","참가","20250212","M","171","70.7","24.3","82.6","80","140","35.2","35.4",,,"-3.9",,,,,,"24.2","33",,,,,,,,,"50.1",,,,,,,,"84","42.4",,,"0.522","0.428",,,,,,
"3","서대문","성인","일반","64","관리자","2등급","20250212","M","169.0","82.2","33.1",,"95","156","47","51",,,"22.5",,,,,,"28.8","28","32","12.16",,,,,,,"62.0",,"35.4",,,,,,,,,,,"0.494",,,,,,
"1","창원","성인","일반","19","관리자","3등급","20250212","M","168.7","74","18.7","81","87","155","45.5","56.9",,,"12.8",,,,,,"26.0","51",,,"190",,,,,,"76.9",,,"115","138","152","173","43.5",,,,,"0.337",,,,,,,
"3","마포","어르신","일반","68","관리자","1등급","20250212","M","162.1","59.7","16.4",,"65","120","40.7","46",,,"12.2",,,,,,"22.7",,,,,"36",,"142","3.52","14.08","77.1",,,,,,,,,,,,,,,,,,,"46.0"
"1","KSPO송파(출장A)","어르신","출장","76","관리자","참가","20250212","F","147.2","49","23.9",,"42","135","21.7","19",,,"6.5",,,,,,"22.6",,,,,"23",,"110","5.5","24.91","44.3",,,,,,,,,,,,,,,,,,,"21.7"
"2","마포","어르신","일반","74","관리자","1등급","20250212","M","166.8","60.4","19.3",,"108","178","41.7","44.6",,,"11",,,,,,"21.7",,,,,"31",,"124","3.80","14.74","73.8",,,,,,,,,,,,,,,,,,,"44.6"
"9","서초","성인","일반","29","관리자","1등급","20250212","M","173.8","78.7","23.3","85.7","72","134","48.7","51.7",,,"16.7",,,,,,"26.1","62",,,,,,,,,"65.7",,,,,,,,"98","45.0",,,"0.289","0.601",,,,,,
"3","미추홀","성인","일반","26","관리자","2등급","20250212","F","167.5","56.5","19.6","71","75","131","22.8","25.9",,,"31.7",,,,,,"20.1","34","25","11.1",,,,,,,"45.8",,"34.8",,,,,,,,,,,"0.425",,,,,,
"1","강릉","성인","일반","28","관리자","참가","20250212","M","182.9","120.7","39","138.9","96","154","50.7","51.6",,,"2.9",,,,,,"36.1","39",,,"178",,,,,,"42.8",,,,,,,,"131","31.7",,,"0.339",,,,,,,
"1","목포","성인","일반","54","관리자","참가","20250212","F","151.6","61.1","42.2","88","87","158","23.8","25",,,"19.4",,,,,,"26.6","20",,,,,,,,,"40.9",,,,,,,,"132","27.9",,,"0.384","0.378",,,,,,
"1","미추홀","성인","일반","20","관리자","참가","20250212","M","171.8","63.9","13.4","78","82","125","42.2","55.1",,,"15.4",,,,,,"21.6","40","43","8.3","258",,,,,,"86.2",,"44.1",,,,,,,,,,,,,,,,,
"2","순천","성인","일반","33","관리자","참가","20250212","M","173.5","104.0","35.2","120.7","91","153","44.6","54.4",,,"14.5",,,,,,"34.5","34",,,,,,,,,"52.3",,,,,,,,"128","33.9",,,"0.354","0.489",,,,,,
"2","미추홀","성인","일반","20","관리자","3등급","20250212","M","178","73.2","15.5","83.6","86","136","44.4","49",,,"24.9",,,,,,"23.1","50","43",,"240",,,,,,"66.9",,"42.6",,,,,,,,,,"0.346",,,,,,,
"1","마포","어르신","일반","70","관리자","1등급","20250212","M","169.1","83.3","26.7",,"93","145","43.7","47.2",,,"9.5",,,,,,"29.1",,,,,"32",,"137","3.60","15.06","56.7",,,,,,,,,,,,,,,,,,,"47.2"
"3","부천","어르신","일반","67","관리자","2등급","20250212","F","151.1","55.8","32.6",,"86","154","24","22.5",,,"17.4",,,,,,"24.4",,,,,"22",,"104","5.94","21.94","43.0",,,,,,,,,,,,,,,,,,,"24.0"
"6","고양","성인","일반","25","관리자","2등급","20250212","F","168.7","50.8","23.4",,"79","132","27.1","25",,,"15.3",,,,,,"17.8","27",,"12.57","146",,,,,,"53.3",,,,,,,,"141","36.4",,,,,,,,,,
"1","서구(대전)","성인","일반","20","관리자","참가","20250212","M","184.5","91","28.7",,"77","132","28.9","33",,,"-4",,,,,,"26.7","26",,,"198",,,,,,"36.3",,,,,,,,"137","39.5",,,"0.319",,,,,,,
"1","순천","성인","일반","48","관리자","참가","20250212","F","162","53.2","34.1","75.9","69","114","23.6","30.5",,,"8.2",,,,,,"20.3","9",,,,,,,,,"57.3",,,,,,,,"127","32.6",,,"0.343","0.402",,,,,,
"1","제주","어르신","일반","78","관리자","참가","20250212","M","166.2","64.9","30.1","87.4","65","144","18.9","23.9",,,"5.6",,,,,,"23.5",,,,,"20",,"96","8.43","26.63","36.8",,,,,,,,,,,,,,,,,,,"23.9"
"1","익산","성인","출장","47","관리자","참가","20250212","F","158.2","51.6","22.6",,"80","117","20.3","21.3",,,"4.5",,,,,,"20.6","2","12",,"134",,,,,,"41.3",,"30.7",,,,,,,,,,"1.033",,,,,,,
"3","서대문","성인","일반","64","관리자","2등급","20250212","M","162.3","59.7","22.5",,"81","123","39.4","36.1",,,"7.7",,,,,,"22.7","30","20","13.42",,,,,,,"66.0",,"36.0",,,,,,,,,,,"0.521",,,,,,
"1","경산","성인","일반","19","관리자","참가","20250212","M","178.2","80.7","17.8","80","95","144","43.1","46.1",,,"24.6",,,,,,"25.4","37","31",,"206",,,,,,"57.1",,"38.8",,,,,,,,,,"0.312",,,,,,,
"1","익산","성인","출장","45","관리자","참가","20250212","F","159.7","53.1","24.4",,"82","123","24.2","23.8",,,"13.3",,,,,,"20.8","19","7",,"110",,,,,,"45.6",,"29.0",,,,,,,,,,"0.595",,,,,,,
"6","천안","어르신","일반","69","관리자","참가","20250212","M","161.4","67.9","30.8",,"86","159","33.4","38.2",,,"2.1",,,,,,"26.1",,,,,"24",,"77","6.44","29.19","56.3",,,,,,,,,,,,,,,,,,,"38.2"
"1","서대문","성인","일반","20","관리자","참가","20250212","M","174.3","59.4","15.8",,"90","134","32.8","43.9",,,"-14.4",,,,,,"19.6","37","46","10.39",,,,,,,"73.9",,"45.4",,,,,,,,,,,"0.565",,,,,,
"1","익산","성인","출장","52","관리자","참가","20250212","F","162.9","59","31.3",,"78","117","23.2","19.7",,,"-5.5",,,,,,"22.2","9","7",,"122",,,,,,"39.3",,"27.8",,,,,,,,,,"0.413",,,,,,,
"1","서대문","성인","일반","62","관리자","2등급","20250212","M","169.2","66.2","17.9",,"93","156","42.4","44.1",,,"18.1",,,,,,"23.1","44","32","14.38",,,,,,,"66.6",,"37.9",,,,,,,,,,,"0.473",,,,,,
"1","순천","성인","일반","57","관리자","참가","20250212","F","160.1","81","46.1","104.9","75","150","29.1","29.8",,,"14.6",,,,,,"31.6","4",,,,,,,,,"36.8",,,,,,,,"137","22.7",,,"0.420","0.353",,,,,,
"1","익산","성인","출장","52","관리자","참가","20250212","F","158.4","53.4","32.7",,"80","130","19.1","24",,,"18",,,,,,"21.3","16","11",,"130",,,,,,"44.9",,"29.9",,,,,,,,,,"0.351",,,,,,,
"2","동구(인천)","성인","일반","19","관리자","참가","20250212","M","168.5","69","26.1",,"77","117","29.9","29.7",,,"15.5",,,,,,"24.3","44","22","13","166",,,,,,"43.3",,"38.6",,,,,,,,,,,,,,,,,
"1","익산","성인","출장","53","관리자","참가","20250212","F","159.6","71.3","37.5",,"83","129","22.8","19.9",,,"13.3",,,,,,"28.0","9","5",,"134",,,,,,"32.0",,"25.2",,,,,,,,,,"0.642",,,,,,,
"6","춘천","성인","일반","20","관리자","참가","20250212","F","160.4","74.2","40.7","91.6","85","136","27.5","26.9",,,"6.3",,,,,,"28.8","17",,"14.99","122",,,,,,"37.1",,,,,,,,"121","33.2",,,,,,,,,,
"1","순천","성인","일반","60","관리자","참가","20250212","M","165","68.7","26.5","89.4","92","150","34.8","34.7",,,"10.5",,,,,,"25.2","28",,,,,,,,,"50.7",,,,,,,,"141","32.6",,,"0.374","0.428",,,,,,
"1","KSPO대구","성인","일반","31","관리자","3등급","20250212","F","161.3","45.9","25.2","65","98","153","20.9","20.6",,,"12.9",,,,,,"17.6","24",,,"131",,,,,,"45.5",,,,,,,,"173","31.9",,,"0.345",,,,,,,
"1","마포","어르신","일반","65","관리자","2등급","20250212","M","179.3","84.3","25.3",,"93","169","41.2","43.7",,,"15",,,,,,"26.2",,,,,"22",,"154","3.58","16.63","51.8",,,,,,,,,,,,,,,,,,,"43.7"
"1","마포","어르신","일반","65","관리자","2등급","20250212","M","172.7","77.6","21.1",,"103","182","53.3","53.9",,,"11",,,,,,"26.0",,,,,"25",,"134","4.11","20.42","69.5",,,,,,,,,,,,,,,,,,,"53.9"
"1","익산","성인","출장","42","관리자","참가","20250212","F","162.4","97.3","44.2",,"85","123","32.6","29.3",,,"-15.8",,,,,,"36.9","1","3",,"97",,,,,,"33.5",,"20.8",,,,,,,,,,"0.667",,,,,,,
"3","익산","성인","출장","53","관리자","참가","20250212","F","155.1","56.1","32.7",,"81","130","23.6","22.7",,,"25.5",,,,,,"23.3","14","7",,"144",,,,,,"42.1",,"28.1",,,,,,,,,,"0.529",,,,,,,
"1","익산","성인","출장","54","관리자","참가","20250212","F","159","80","42.09",,"79","121","22.2","24",,,"19.5",,,,,,"31.6","17","11",,"103",,,,,,"30.0",,"25.5",,,,,,,,,,"0.780",,,,,,,
"1","KSPO송파별관(어르신)","어르신","일반","71","관리자","2등급","20250212","M","176.1","69.9","27.5",,"86","146","36","39",,,"5.1",,,,,,"22.5",,,,,"21",,"126","4.954","22.29","55.8",,,,,,,,,,,,,,,,,,,"39.0"
"1","천안","성인","일반","57","관리자","3등급","20250212","F","154.3","56.2","33.7",,"63","114","18.3","20.9",,,"18.7",,,,,,"23.6","19",,,,,,,,,"37.2",,,"65","70","111",,"34.1",,,,,"0.410","0.377",,,,,,
"1","익산","성인","출장","49","관리자","참가","20250212","F","160.2","54.9","26.4",,"78","117","14.1","17",,,"4.6",,,,,,"21.4","27","11",,"101",,,,,,"31.0",,"29.8",,,,,,,,,,"0.541",,,,,,,
"1","익산","성인","출장","44","관리자","참가","20250212","F","153.8","59.1","34.3",,"80","128","27.2","30.3",,,"-3.5",,,,,,"25.0","13","9",,"130",,,,,,"51.3",,"28.6",,,,,,,,,,"0.443",,,,,,,
"1","KSPO송파별관(어르신)","어르신","일반","65","관리자","2등급","20250212","M","160.3","56.1","22.6",,"80","132","39.6","37",,,"10",,,,,,"21.8",,,,,"34",,"125","4.68","18.9","70.6",,,,,,,,,,,,,,,,,,,"39.6"
"1","사천","성인","일반","57","관리자","참가","20250212","M","181","84.3","25.5","102.2","81","143","40.6","49.4",,,"10.8",,,,,,"25.7","25",,,"181",,,,,,"58.6",,,,,,,,"112","35.3",,,"0.339",,,,,,,
"3","서구(광주)","성인","일반","60","관리자","2등급","20250212","M","173.2","64.7","20.7","86","77","141","31.1","38.9",,,"10.9",,,,,,"21.6","28",,,,,,,,,"60.1",,,"94","113","133","169","35.9",,,,,"0.395","0.453",,,,,,
"2","성동","어르신","일반","70","관리자","1등급","20250212","M","163.9","65.8","26.1",,"77","157","36.1","40.7",,,"13.3",,,,,,"24.5",,,,,"26",,"129","4.32","18.13","61.9",,,,,,,,,,,,,,,,,,,"40.7"
"1","사천","성인","일반","60","관리자","2등급","20250212","F","156.4","49.5","29.7","76.4","62","118","26.5","25.1",,,"25.1",,,,,,"20.2","12",,,,,,,,,"53.5",,,,,,,,"105","33.4",,,"0.333","0.377",,,,,,
"2","부천","성인","일반","24","관리자","3등급","20250212","F","168.3","47.3","27.5",,"79","123","24.9","26.7",,,"15.8",,,,,,"16.6","29",,,"159",,,,,,"56.4",,,,,,,,"139","37.6",,,"0.292",,,,,,,
"1","익산","성인","출장","47","관리자","참가","20250212","F","159.8","56.2","36.9",,"80","118","18.1","22.1",,,"-1.7",,,,,,"22.0","14","9",,"130",,,,,,"39.3",,"29.0",,,,,,,,,,"0.510",,,,,,,
"1","익산","성인","출장","44","관리자","참가","20250212","F","162.8","66.6","33.4",,"89","124","29.6","31.2",,,"22",,,,,,"25.1","12","16",,"127",,,,,,"46.8",,"29.7",,,,,,,,,,"0.372",,,,,,,
"6","동작","어르신","일반","79","관리자","2등급","20250212","M","165.8","53.1","16.7","76","80","151","35.9","35.7",,,"7.9",,,,,,"19.3",,,,,"26",,"100","6.15","23.81","67.6",,,,,,,,,,,,,,,,,,,"35.9"
"1","익산","성인","출장","47","관리자","참가","20250212","F","157.3","43.9","23.2",,"89","124","19","20.8",,,"-20",,,,,,"17.7","1","1",,"50",,,,,,"47.4",,"28.5",,,,,,,,,,"0.450",,,,,,,
"4","부천","성인","일반","60","관리자","2등급","20250212","M","170.7","80.1","32.3",,"85","156","42.7","42.7",,,"7.4",,,,,,"27.5","28","20",,"178",,,,,,"53.3",,"33.2",,,,,,,,,,"0.330",,,,,,,
"1","동작","어르신","일반","73","관리자","3등급","20250212","M","173.1","67","28.1","95","72","158","45.1","49.2",,,"4.2",,,,,,"22.4",,,,,"25",,"121","4.99","20.44","73.4",,,,,,,,,,,,,,,,,,,"49.2"
"1","동구(광주)","청소년","일반","17","관리자","참가","20250212","M","182.2","66.8","9.2","74","77","112","35.5","37.4",,"40","18.7","18.25","0.576","48.027","8","48.395","20.1",,"24",,,,,,,,"56.0",,"40.6",,,,,,,,,,,,,,,,,
"11","KSPO송파","성인","일반","55","관리자","1등급","20250212","F","155.2","51.2","28.5","73.9","74","126","19.4","24.9",,,"20.8",,,,,,"21.3","23",,"13.48","136",,,,,,"48.6",,,"87","111","129",,"35.6",,,,,,,,,,,,
"1","순천","성인","일반","61","관리자","참가","20250212","F","154.3","58.3","36.3","84.9","91","149","25.6","30.5",,,"6.1",,,,,,"24.5","0",,,,,,,,,"52.3",,,,,,,,"130","27.8",,,"0.461","0.353",,,,,,
"2","익산","성인","출장","53","관리자","참가","20250212","F","156.7","44.7","24.5",,"79","131","21.9","19.7",,,"17",,,,,,"18.2","11","17",,"113",,,,,,"49.0",,"33.0",,,,,,,,,,"0.541",,,,,,,
"1","화성","성인","일반","24","관리자","참가","20250212","F","170.4","60.3","29.6",,"91","130","29.2","27.9",,,"5.7",,,,,,"20.8","12","25",,"170",,,,,,"48.4",,"34.4",,,,,,,,,,"0.341",,,,,,,
"1","서구(광주)","성인","일반","23","관리자","참가","20250212","M","180.3","83.8","17.7","78","76","133","42.9","52.1",,,"23.6",,,,,,"25.8","43",,"10.80","212",,,,,,"62.2",,,"90","108","138","166","41.0",,,,,,,,,,,,
"3","원주","성인","일반","19","관리자","참가","20250212","M","179.6","76.4","24.8","77","80","135","41.6","41",,,"14.1",,,,,,"23.7","40","45",,,,,,,,"54.5",,"42.6",,,,,,,,,,"0.323","0.502",,,,,,
"1","익산","성인","출장","53","관리자","3등급","20250212","F","166.9","57.3","29.6",,"81","131","24.2","26.7",,,"15",,,,,,"20.6","15","13",,"115",,,,,,"46.6",,"30.0",,,,,,,,,,"0.527",,,,,,,
"1","마포","어르신","일반","65","관리자","2등급","20250212","M","165.5","62.1","16.1",,"83","155","36.4","42.4",,,"11.8",,,,,,"22.7",,,,,"24",,"124","4.01","17.11","68.3",,,,,,,,,,,,,,,,,,,"42.4"
"1","수원","성인","일반","24","관리자","3등급","20250212","F","160.4","54.3","27.8","67","68","118","26.5","27.3",,,"12.9",,,,,,"21.1","25",,,"170",,,,,,"50.3",,,"87","116","144",,"38.5",,,,,"0.47",,,,,,,
"1","익산","성인","출장","52","관리자","3등급","20250212","F","163.7","62.9","32.6",,"80","17","29.4","30",,,"20",,,,,,"23.5","26","15",,"115",,,,,,"47.7",,"29.7",,,,,,,,,,"0.369",,,,,,,
"1","수원","성인","일반","19","관리자","참가","20250212","M","180.6","81","23.7","81","65","134","32.1","38.3",,,"-4",,,,,,"24.8","42",,,"230",,,,,,"47.3",,,,,,,,"116","44.8",,,"0.462",,,,,,,
"6","화성","어르신","일반","70","관리자","2등급","20250212","F","143.7","43.7","27.6",,"75","124","17.7","19.9",,,"16.1",,,,,,"21.2",,,,,"20",,"101","5.41","23.93","45.5",,,,,,,,,,,,,,,,,,,"19.9"
"4","남구(부산)","성인","일반","63","관리자","2등급","20250212","M","163.5","64.7","28.6",,"85","143","43","44.1",,,"19.1",,,,,,"24.2","25",,,,,,,,,"68.2",,,,,,,,"121","35.5",,,"0.357","0.440",,,,,,
"1","익산","성인","출장","47","관리자","참가","20250212","F","160.1","54.3","36",,"81","118","20.6","21",,,"8.2",,,,,,"21.2","18","18",,"127",,,,,,"38.7",,"32.1",,,,,,,,,,"0.777",,,,,,,
"2","창원","성인","일반","53","관리자","3등급","20250212","F","170.4","55.9","21.8","66","75","151","22.9","30.7",,,"17.3",,,,,,"19.3","33",,"12",,,,,,,"54.9",,,,,,,,"143","29.9",,,,"0.414",,,,,,
"6","남구(부산)","성인","일반","23","관리자","2등급","20250212","M","183.4","81.4","13.6",,"66","130","48.8","54.2",,,"14.1",,,,,,"24.2","58",,,,,,,,,"66.6",,,"75","102","119","143","48.2",,,,,"0.283","0.613",,,,,,
"1","익산","성인","출장","49","관리자","3등급","20250212","F","166.","61","27.1",,"81","119","26.5","24.5",,,"14.8",,,,,,"22.1","18","15",,"155",,,,,,"43.4",,"30.1",,,,,,,,,,"0.520",,,,,,,
"1","마포","어르신","일반","69","관리자","3등급","20250212","M","165","63.5","20",,"63","159","42.3","40.3",,,"4.4",,,,,,"23.3",,,,,"24",,"106","4.43","20.06","66.6",,,,,,,,,,,,,,,,,,,"42.3"
"7","안산","어르신","일반","72","관리자","3등급","20250212","F","149.3","54.3","41.8","82","84","134","14.9","17.2",,,"13.6",,,,,,"24.4",,,,,"27",,"120","5.7","25.1","31.7",,,,,,,,,,,,,,,,,,,"17.2"
"2","사상","성인","일반","26","관리자","2등급","20250212","F","161","52.6","26.7","60","65","106","21.9","23.2",,,"23",,,,,,"20.3","27",,,,,,,,,"44.1",,,"93","116","143",,"38.6",,,,,"0.361",,,,,,,
"1","창원마산회원","성인","일반","52","관리자","3등급","20250212","M","164.5","53.0","11.5","76.5","78","123","47.6","53",,,"13.5",,,,,,"19.6","29",,"11.20","221",,,,,,"100.0",,,,,,,,"130","39.6",,,,,,,,,,
"2","순천","어르신","일반","65","관리자","3등급","20250212","F","156.5","52.7","31.7","80","84","155","20.1","23.3",,,"20",,,,,,"21.5",,,,,"22",,"112","5.35","25.78","44.2",,,,,,,,,,,,,,,,,,,"23.3"
"1","KSPO송파","성인","일반","63","관리자","3등급","20250212","M","169.3","62.3","20.2","80.8","80","120","37.6","37.1",,,"7.3",,,,,,"21.7","33","18",,"180",,,,,,"60.4",,"35.1",,,,,,,,,,"0.425",,,,,,,
"1","익산","성인","출장","50","관리자","참가","20250212","F","151.6","71.1","42.4",,"85","122","23.3","22.2",,,"11",,,,,,"30.9","6","9",,"105",,,,,,"32.8",,"26.4",,,,,,,,,,"0.543",,,,,,,
"1","익산","성인","출장","53","관리자","참가","20250212","F","160.4","58.9","32.5",,"78","129","16.7","10.3",,,"10",,,,,,"22.9","25","15",,"110",,,,,,"28.4",,"30.2",,,,,,,,,,"0.372",,,,,,,
"1","익산","성인","출장","47","관리자","참가","20250212","F","165.2","80.1","42.6",,"81","122","17.4","24.1",,,"10.5",,,,,,"29.4","6","9",,"100",,,,,,"30.1",,"25.3",,,,,,,,,,"0.571",,,,,,,
"1","익산","성인","출장","47","관리자","참가","20250212","F","156.7","60.4","39.5",,"81","120","21.9","23.6",,,"4",,,,,,"24.6","7","9",,"127",,,,,,"39.1",,"28.3",,,,,,,,,,"0.584",,,,,,,
"19","청주","어르신","일반","66","관리자","2등급","20250212","F","161.4","59.7","32.7","82.3","55","113","25.6","30.1",,,"18.1",,,,,,"22.9",,,,,"28",,"142","5.6","19.9","50.4",,,,,,,,,,,,,,,,,,,"30.1"
"2","마포","어르신","일반","68","관리자","3등급","20250212","M","168","61.3","23.7",,"94","155","44.2","46.3",,,"6",,,,,,"21.7",,,,,"31",,"124","3.36","15.38","75.5",,,,,,,,,,,,,,,,,,,"46.3"
"1","익산","성인","출장","53","관리자","참가","20250212","F","161.4","75.1","40",,"80","118","20.4","21.3",,,"-10.3",,,,,,"28.8","1","9",,"95",,,,,,"28.4",,"25.8",,,,,,,,,,"0.632",,,,,,,
"3","동구(인천)","어르신","일반","65","관리자","2등급","20250212","F","159.2","59","31.1",,"60","130","32.6","34",,,"18.3",,,,,,"23.3",,,,,"24",,"117","6.22","22.6","57.6",,,,,,,,,,,,,,,,,,,"34.0"
"1","익산","성인","출장","38","관리자","참가","20250212","F","155.9","74.3","40.5",,"81","125","23.3","23",,,"10.4",,,,,,"30.6","17","8",,"101",,,,,,"31.4",,"26.1",,,,,,,,,,"0.601",,,,,,,
"1","포항","성인","일반","46","관리자","참가","20250212","F","161.4","56.7","33",,"75","131","21.6","23.2",,,"-6.7",,,,,,"21.8","0",,,,,,,,,"40.9",,,,,,,,"100","35.3",,,"0.342","0.390",,,,,,
"1","익산","성인","출장","45","관리자","참가","20250212","F","160.8","70.7","43.4",,"79","121","23.6","23.9",,,"2",,,,,,"27.3","8","7",,"100",,,,,,"33.8",,"26.2",,,,,,,,,,"0.630",,,,,,,
"6","청주","어르신","일반","65","관리자","1등급","20250212","F","159.4","59.9","29.8","80.4","79","159","32.6","33.4",,,"19.7",,,,,,"23.6",,,,,"34",,"132","5","16.6","55.8",,,,,,,,,,,,,,,,,,,"33.4"
"4","수원","성인","일반","25","관리자","1등급","20250212","M","173.5","82.3","19.4","84","57","107","51.5","61.2",,,"25.7",,,,,,"27.3","58","58","9.4","246",,,,,,"74.4",,"44.5",,,,,,,,,,,,,,,,,
"1","동작","청소년","일반","17","관리자","1등급","20250212","M","182.2","75.4","13.4","70","57","125","51","53.7",,"60","23.8","14.14","0.552","43.604","12","44.156","22.7",,"74",,,,,,,,"71.2",,"49.1",,,,,,,,,,,,,,,,,
"1","익산","성인","출장","46","관리자","참가","20250212","F","161.1","60.9","37",,"82","121","15.4","9.9",,,"7.2",,,,,,"23.5","16","13",,"125",,,,,,"25.3",,"29.6",,,,,,,,,,"0.713",,,,,,,
"1","포천","어르신","일반","71","관리자","2등급","20250212","F","142.5","43.9","30.5","69","72","129","20.4","23.8",,,"16.8",,,,,,"21.6",,,,,"27",,"128","5.21","20.25","54.2",,,,,,,,,,,,,,,,,,,"23.8"
"1","서초","성인","일반","49","관리자","2등급","20250212","M","160.7","71.4","32.0","85.3","78","134","38.6","42.1",,,"12.1",,,,,,"27.6","39",,,,,,,,,"59.0",,,,,,,,"110","38.9",,,"0.292","0.577",,,,,,
"1","익산","성인","출장","53","관리자","참가","20250212","F","157.1","56.3","34.2",,"81","124","18.6","15.7",,,"5.5",,,,,,"22.8","19","21",,"124",,,,,,"33.0",,"32.4",,,,,,,,,,"0.398",,,,,,,
"5","청주","어르신","일반","68","관리자","참가","20250212","F","147.6","58.5","43","86.7","66","114","16.9","17.7",,,"20.6",,,,,,"26.9",,,,,"30",,"112","5.1","19.5","30.3",,,,,,,,,,,,,,,,,,,"17.7"
"1","마포","어르신","일반","66","관리자","1등급","20250212","M","171.9","84.7","28.8",,"107","169","30.3","51.9",,,"13.3",,,,,,"28.7",,,,,"29",,"155","3.47","15.18","61.3",,,,,,,,,,,,,,,,,,,"51.9"
"4","마포","어르신","일반","68","관리자","2등급","20250212","M","167.4","68.1","20.5",,"97","145","48.7","50.3",,,"11.4",,,,,,"24.3",,,,,"24",,"147","3.88","15.46","73.9",,,,,,,,,,,,,,,,,,,"50.3"
"1","익산","성인","출장","46","관리자","참가","20250212","F","164.5","70.9","35.4",,"80","119","23","23.6",,,"6.3",,,,,,"26.2","27","9",,"110",,,,,,"33.3",,"26.8",,,,,,,,,,"0.588",,,,,,,
"6","제주","성인","일반","24","관리자","3등급","20250212","M","173.3","71.6","14.8","83.3","89","152","33","46.9",,,"13.9",,,,,,"23.8","47","52",,"217",,,,,,"65.5",,"44.7",,,,,,,,,,"0.26",,,,,,,
"1","익산","성인","출장","48","관리자","참가","20250212","F","166.1","72.32","44.1",,"80","117","24.8","27.2",,,"7.3",,,,,,"26.2","10","11",,"113",,,,,,"37.6",,"27.1",,,,,,,,,,"0.670",,,,,,,
"1","익산","성인","출장","52","관리자","참가","20250212","F","157.5","61.9","35.1",,"79","130","16.7","16",,,"8.6",,,,,,"25.0","5","11",,"135",,,,,,"27.0",,"28.5",,,,,,,,,,"0.595",,,,,,,
"1","시흥","성인","일반","59","관리자","2등급","20250212","F","159.5","51.2","26.7","71.5","89","158","19","23",,,"16.2",,,,,,"20.1","36",,"15.79","119",,,,,,"44.9",,,"77","119","143",,"33.8",,,,,,,,,,,,
"17","청주","어르신","일반","68","관리자","1등급","20250212","F","153.6","60.6","42.1","84.2","59","146","27.4","29.8",,,"23",,,,,,"25.7",,,,,"30",,"130","4.8","18.5","49.2",,,,,,,,,,,,,,,,,,,"29.8"
"1","미추홀","성인","일반","25","관리자","참가","20250212","M","179.3","80.8","30.3","94.2","84","137","38.1","33.8",,,"-4.6",,,,,,"25.1","44",,,,,,,,,"47.2",,,,,,,,"109","44.3",,,"0.342","0.447",,,,,,
"1","익산","성인","출장","43","관리자","참가","20250212","F","164.1","91.9","47.9",,"83","125","27.1","25.5",,,"-1",,,,,,"34.1","17","7",,"121",,,,,,"29.5",,"22.9",,,,,,,,,,"0.589",,,,,,,
"1","서대문","성인","일반","24","관리자","2등급","20250212","F","167.2","55.0","30.0",,"74","111","26.2","28.2",,,"27.4",,,,,,"19.7","31",,"13.10",,,,,,,"51.3",,,"105","144","175",,"35.2",,,,,,"0.497",,,,,,
"1","KSPO대구","성인","일반","20","관리자","참가","20250212","M","171.9","63.7","21.1","78.6","73","129","36.2","39.1",,,"5",,,,,,"21.6","31","32",,,,,,,,"61.4",,"41.5",,,,,,,,,,"0.373","0.468",,,,,,
"5","청주","어르신","일반","69","관리자","2등급","20250212","F","160.7","53.7","34.6","80.4","70","119","24.3","28.7",,,"17.8",,,,,,"20.8",,,,,"23",,"119","4.6","17.5","53.4",,,,,,,,,,,,,,,,,,,"28.7"
"1","광주","성인","일반","60","관리자","참가","20250212","F","155.2","66.2","39.2",,"80","130","26","23.1",,,"15.4",,,,,,"27.5","0",,,"54",,,,,,"39.3",,,"95","127","143",,"29.5",,,,,"0.448",,,,,,,
"1","익산","성인","출장","50","관리자","참가","20250212","F","160.7","72.7","40.1",,"87","121","26.9","22.7",,,"3.5",,,,,,"28.2","13","9",,"110",,,,,,"37.0",,"26.3",,,,,,,,,,"0.679",,,,,,,
"1","익산","성인","출장","34","관리자","참가","20250212","F","167.4","70","33",,"82","117","27.5","25.9",,,"9.1",,,,,,"25.0","24","4",,"82",,,,,,"39.3",,"25.9",,,,,,,,,,"0.5",,,,,,,
"1","스포원(금정)","어르신","일반","75","관리자","참가","20250212","M","161.1","73.9","40.2",,"83","144","34.2","38.2",,,"-2.5",,,,,,"28.5",,,,,"17","491",,"6","25.7","51.7",,,,,,,,,,,,,,,,,,,"38.2"
"1","남구(울산)","성인","일반","57","관리자","3등급","20250212","F","163.2","58.5","26.2",,"73","112","31.9","30",,,"20.5",,,,,,"22.0","13","28","12.19","155",,,,,,"54.5",,"34.1",,,,,,,,,,,,,,,,,
"1","익산","성인","출장","48","관리자","참가","20250212","F","160.6","56.4","35.9",,"89","129","23.7","23.6",,,"-5.5",,,,,,"21.9","1","13",,"135",,,,,,"42.0",,"30.2",,,,,,,,,,"0.483",,,,,,,
"1","광주","성인","일반","27","관리자","참가","20250212","M","175","93.4","32.4",,"83","139","29.6","44.2",,,"-5.6",,,,,,"30.5","50",,,"198",,,,,,"47.3",,,"88","122","145",,"37.7",,,,,"0.351",,,,,,,
"3","KSPO송파별관(어르신)","어르신","일반","65","관리자","1등급","20250212","M","168.5","59.9","21.3",,"75","154","33.2","35.9",,,"15.6",,,,,,"21.1",,,,,"33",,"142","4.41","17.91","59.9",,,,,,,,,,,,,,,,,,,"35.9"
"11","청주","어르신","일반","72","관리자","2등급","20250212","F","144","55.1","39.2","76.7","73","158","21","23.5",,,"17.7",,,,,,"26.6",,,,,"26",,"105","5.9","24.1","42.6",,,,,,,,,,,,,,,,,,,"23.5"
"1","남구(울산)","성인","일반","53","관리자","참가","20250212","F","153.3","61.6","35.9",,"53","85","19.7","21.5",,,"12",,,,,,"26.2","18","16","14.94","153",,,,,,"34.9",,"30.0",,,,,,,,,,,,,,,,,
"1","익산","성인","출장","50","관리자","3등급","20250212","F","165.3","55.8","25.1",,"81","118","26.8","27.8",,,"13",,,,,,"20.4","19","16",,"110",,,,,,"49.8",,"31.2",,,,,,,,,,"0.443",,,,,,,
"2","KSPO송파별관(어르신)","어르신","일반","67","관리자","2등급","20250212","M","174.7","80.4","31.6",,"75","114","40.7","42.2",,,"15.2",,,,,,"26.3",,,,,"27",,"120","4.96","18.92","52.5",,,,,,,,,,,,,,,,,,,"42.2"
"1","북구(광주)","성인","일반","20","관리자","참가","20250212","M","172.0","58.3","13.8","76.0","73","119","36.9","36.4",,,"15.6",,,,,,"19.7","33",,,"216",,,,,,"63.3",,,,,,,,"122","48.0",,,"0.337",,,,,,,
"1","스포원(금정)","성인","일반","62","관리자","참가","20250212","M","168.9","91.7","35.4",,"96","151","42.9","47.5",,,"22.5",,,,,,"32.1","22",,,,,,,,,"51.8",,,"92","115","142",,"27.6",,,,,"0.4","0.512",,,,,,
"6","청주","어르신","일반","67","관리자","2등급","20250212","F","165.5","50.8","29.4","72.7","69","131","29.8","32.5",,,"23.1",,,,,,"18.5",,,,,"20",,"113","4.6","17.1","64.0",,,,,,,,,,,,,,,,,,,"32.5"
"1","남구(울산)","성인","일반","34","관리자","참가","20250212","F","160.7","57.6","39.2",,"80","133","16","16.8",,,"12.5",,,,,,"22.3","18","19","14.72","135",,,,,,"29.2",,"32.4",,,,,,,,,,,,,,,,,
"1","익산","성인","출장","45","관리자","참가","20250212","F","148.4","52.8","33.9",,"81","128","19.3","22.5",,,"17",,,,,,"24.0","2","13",,"125",,,,,,"42.6",,"30.7",,,,,,,,,,"0.765",,,,,,,
"1","강릉","성인","일반","47","관리자","2등급","20250212","M","182.5","78.0","23.5","93.3","99","151","45.6","42.1",,,"11.8",,,,,,"23.4","42",,,"202",,,,,,"58.5",,,,,,,,"103","40.6",,,"0.343",,,,,,,
"2","마포","어르신","일반","69","관리자","3등급","20250212","M","156.2","80.4","38.7",,"101","162","34","38.7",,,"4.5",,,,,,"33.0",,,,,"23",,"125","4.94","23.12","48.1",,,,,,,,,,,,,,,,,,,"38.7"
"1","화성","청소년","일반","18","관리자","3등급","20250212","M","179.4","82.2","25.1",,"86","140","46.6","46.7",,"43","12.1","18.2","0.515","42.782","6","43.058","25.5",,"38",,,,,,,,"56.8",,"40.6",,,,,,,,,,,,,,,,,
"3","포항","성인","일반","46","관리자","3등급","20250212","F","163.5","51.7","22.7",,"69","133","29.1","29.6",,,"14.3",,,,,,"19.3","27",,,"137",,,,,,"57.3",,,"80","78","125",,"35.7",,,,,"0.332",,,,,,,
"5","고양","성인","일반","22","관리자","참가","20250212","F","160.4","49.2","29.5",,"73","112","22.9","25.4",,,"14.7",,,,,,"19.1","22",,"12.66","129",,,,,,"51.6",,,,,,,,"143","36.3",,,,,,,,,,
"1","남구(부산)","어르신","일반","69","관리자","1등급","20250212","M","167","73.3","25.1",,"96","184","39.6","44",,,"11.6",,,,,,"26.3",,,,,"29",,"151","4.7","17.41","60.0",,,,,,,,,,,,,,,,,,,"44.0"
"2","스포원(금정)","성인","일반","24","관리자","3등급","20250212","M","176.4","75.9","12.7",,"81","149","45","49",,,"8.9",,,,,,"24.4","56","59","9.5","224",,,,,,"64.6",,"45.7",,,,,,,,,,,,,,,,,
"1","남구(울산)","성인","일반","39","관리자","참가","20250212","F","169.2","56.3","22.9",,"61","98","31.9","30.7",,,"7",,,,,,"19.7","35","24","13.31","110",,,,,,"56.7",,"34.1",,,,,,,,,,,,,,,,,
"1","익산","성인","출장","44","관리자","참가","20250212","F","163.9","62.6","36.3",,"80","120","21.2","24.5",,,"-2.2",,,,,,"23.3","19","11",,"135",,,,,,"39.1",,"28.8",,,,,,,,,,"0.404",,,,,,,
"1","화성","청소년","일반","18","관리자","3등급","20250212","M","181.3","76.3","18.6",,"88","140","53.8","42.8","33",,"17","17.1","0.551","41.677","7","41.999","23.2",,"38",,,,,,,,"70.5",,"41.8",,,,,,,,,,,,,,,,,
"1","익산","성인","출장","52","관리자","참가","20250212","F","158.7","64.8","35.8",,"80","117","24.9","25.5",,,"18",,,,,,"25.7","18","19",,"123",,,,,,"39.4",,"30.5",,,,,,,,,,"0.470",,,,,,,
"1","남구(울산)","성인","일반","55","관리자","3등급","20250212","F","154","52.2","36.2",,"71","123","20.6","21.3",,,"14",,,,,,"22.0","25","14","13.75","140",,,,,,"40.8",,"30.8",,,,,,,,,,,,,,,,,
"1","남구(울산)","성인","일반","32","관리자","3등급","20250212","F","163","61.9","36.2",,"83","113","25.7","31.3",,,"22",,,,,,"23.3","20","20","14.10","115",,,,,,"50.6",,"32.1",,,,,,,,,,,,,,,,,
"1","남구(울산)","성인","일반","34","관리자","참가","20250212","F","163.9","53.2","29",,"55","95","17.1","14.7",,,"-10",,,,,,"19.8","13","13","15.81","120",,,,,,"32.1",,"31.3",,,,,,,,,,,,,,,,,
"1","남구(울산)","성인","일반","36","관리자","참가","20250212","M","165.2","72.6","33.8",,"98","139","33.9","39.7",,,"2.5",,,,,,"26.6","21","37","10.91","210",,,,,,"54.7",,"40.3",,,,,,,,,,,,,,,,,
"1","남구(울산)","성인","일반","28","관리자","참가","20250212","F","160.1","58.4","29.7",,"42","87","19.1","25.4",,,"11",,,,,,"22.8","22","16","12.50","145",,,,,,"43.5",,"31.6",,,,,,,,,,,,,,,,,
"1","남구(울산)","성인","일반","46","관리자","참가","20250212","M","169.4","78.4","31.4",,"92","141","37.8","46.1",,,"0",,,,,,"27.3","34","28","11.47","195",,,,,,"58.8",,"36.4",,,,,,,,,,,,,,,,,
"1","남구(울산)","성인","일반","51","관리자","참가","20250212","M","168.8","57.7","8.7",,"61","102","24.1","28",,,"-15",,,,,,"20.3","26","37","11.40","195",,,,,,"48.5",,"41.2",,,,,,,,,,,,,,,,,
"1","익산","성인","출장","46","관리자","참가","20250212","F","165.4","64.8","35.9",,"87","121","27.4","29",,,"11.3",,,,,,"23.7","15","18",,"120",,,,,,"44.8",,"30.5",,,,,,,,,,"0.526",,,,,,,
"1","사천","성인","일반","59","관리자","참가","20250212","M","163.9","57.5","25.1","83.4","81","120","35","33.8",,,"9.8",,,,,,"21.4","22",,,"154",,,,,,"60.9",,,,,,,,"155","33.2",,,"0.271",,,,,,,
"1","남구(울산)","성인","일반","54","관리자","참가","20250212","M","182.9","87.2","26.1",,"88","140","33.4","39",,,"0",,,,,,"26.1","19","26","11.69","170",,,,,,"44.7",,"33.7",,,,,,,,,,,,,,,,,
"1","남구(울산)","성인","일반","25","관리자","참가","20250212","M","181.2","78.7","15.9",,"95","139","34","40.4",,,"-10",,,,,,"24.0","32","32","12.50","140",,,,,,"51.3",,"38.7",,,,,,,,,,,,,,,,,
"3","마포","어르신","일반","75","관리자","3등급","20250212","M","166.5","81.8","36",,"87","153","40.8","42.8",,,"-0.2",,,,,,"29.5",,,,,"22",,"124","4.45","21.32","52.3",,,,,,,,,,,,,,,,,,,"42.8"
"1","사천","성인","일반","62","관리자","참가","20250212","M","177.4","85.3","25.7","95.8","82","123","43.7","48.5",,,"5",,,,,,"27.1","28",,,"166",,,,,,"56.9",,,,,,,,"112","33.6",,,"0.326",,,,,,,
"1","남구(울산)","성인","일반","36","관리자","참가","20250212","M","172.9","71.3","15.6",,"82","123","44.3","47.7",,,"10",,,,,,"23.9","30","61","11.50","225",,,,,,"66.9",,"45.9",,,,,,,,,,,,,,,,,
"2","남구(울산)","성인","일반","32","관리자","참가","20250212","M","171.6","87.6","28.2",,"99","141","37.5","37.3",,,"15",,,,,,"29.7","40","47","12.59","180",,,,,,"42.8",,"40.6",,,,,,,,,,,,,,,,,
"1","사상","성인","일반","31","관리자","참가","20250212","M","172.3","68.9","21.1","81.6","76","117","28.8","44.4",,,"17.8",,,,,,"23.2","33",,,,,,,,,"64.4",,,,,,,,"120","43.3",,,"0.326","0.563",,,,,,
"1","남구(울산)","성인","일반","56","관리자","참가","20250212","M","180.5","89.4","20",,"79","135","45.1","43.9",,,"5",,,,,,"27.4","38","0","11.50","200",,,,,,"50.4",,"27.2",,,,,,,,,,,,,,,,,
"1","남구(울산)","성인","일반","32","관리자","3등급","20250212","F","163.9","59.3","35.7",,"60","95","26.6","25.4",,,"17",,,,,,"22.1","31","28","13.82","120",,,,,,"44.9",,"35.0",,,,,,,,,,,,,,,,,
"1","고양","성인","일반","58","관리자","참가","20250212","M","166.9","69.3","29.9",,"88","142","40.7","46",,,"3.6",,,,,,"24.9","4","14","13.86","170",,,,,,"66.4",,"33.6",,,,,,,,,,,,,,,,,
"1","남구(울산)","성인","일반","37","관리자","참가","20250212","M","162.9","69.7","35.2",,"82","124","32.1","45",,,"20",,,,,,"26.3","40","34","11.13","200",,,,,,"64.6",,"39.9",,,,,,,,,,,,,,,,,
"1","남구(울산)","성인","일반","27","관리자","3등급","20250212","F","158","60.5","38.3",,"58","101","27.6","25.9",,,"15",,,,,,"24.2","21","28","12.71","155",,,,,,"45.6",,"34.9",,,,,,,,,,,,,,,,,
"2","창원","성인","일반","45","관리자","참가","20250212","F","157.4","71.5","36.7","91","81","143","21.7","38.7",,,"13.8",,,,,,"28.9","32",,"12.82","149",,,,,,"54.1",,,,,,,,"148","25.6",,,,,,,,,,
"1","사상","성인","일반","30","관리자","참가","20250212","F","158.4","48.7","20.9","71.8","79","123","30.7","34.7",,,"9",,,,,,"19.4","40",,,,,,,,,"71.3",,,,,,,,"119","37.7",,,"0.421","0.499",,,,,,
"1","익산","성인","출장","48","관리자","참가","20250212","F","155.2","60.9","41.8",,"82","119","24.1","25.5",,,"7.3",,,,,,"25.3","10","17",,"110",,,,,,"41.9",,"30.6",,,,,,,,,,"0.643",,,,,,,
"1","남구(울산)","성인","일반","50","관리자","2등급","20250212","M","166.5","71.8","26.7",,"94","138","39.3","43.1",,,"25",,,,,,"25.9","34","62","10.85","200",,,,,,"60.0",,"45.1",,,,,,,,,,,,,,,,,
"1","익산","성인","출장","45","관리자","참가","20250212","F","164.6","62.7","39.9",,"80","120","23.5","26.6",,,"5",,,,,,"23.1","17","16",,"135",,,,,,"42.4",,"30.3",,,,,,,,,,"0.501",,,,,,,
"1","익산","성인","출장","54","관리자","참가","20250212","F","166.1","68.4","37",,"87","131","29.1","29.2",,,"18.5",,,,,,"24.8","9","17",,"135",,,,,,"42.7",,"29.4",,,,,,,,,,"0.542",,,,,,,
"1","KSPO광주","성인","일반","64","관리자","3등급","20250212","F","154.1","53.2","36.9","78","67","116","22.1","25",,,"12.7",,,,,,"22.4","10",,,,,,,,,"47.0",,,,,,,,"115","30.3",,,"0.39","0.338",,,,,,
"1","익산","성인","출장","52","관리자","2등급","20250212","F","157.2","54.2","33.5",,"81","120","18.7","24.2",,,"17.3",,,,,,"21.9","25","16",,"135",,,,,,"44.6",,"31.3",,,,,,,,,,"0.641",,,,,,,
"1","익산","성인","출장","53","관리자","3등급","20250212","F","165","61.5","28.2",,"82","117","30.1","25.9",,,"21.9",,,,,,"22.6","19","15",,"149",,,,,,"48.9",,"29.9",,,,,,,,,,"0.486",,,,,,,
"1","익산","성인","출장","52","관리자","참가","20250212","F","162.7","61.2","34.6",,"82","121","25.2","21.9",,,"-2.8",,,,,,"23.1","16","15",,"132",,,,,,"41.2",,"29.9",,,,,,,,,,"0.548",,,,,,,
"1","익산","성인","출장","46","관리자","참가","20250212","M","172","70","23.2",,"82","117","30.6","33.7",,,"7.9",,,,,,"23.7","27","26",,"210",,,,,,"48.1",,"37.1",,,,,,,,,,"0.543",,,,,,,
"1","미추홀","성인","일반","63","관리자","1등급","20250212","M","163","75.3","28.3","93.7","90","150","43.2","43.2",,,"12.5",,,,,,"28.3","32","30","10.25","182",,,,,,"57.4",,"36.1",,,,,,,,,,,,,,,,,
"1","익산","성인","출장","53","관리자","참가","20250212","F","145.6","63.8","47",,"81","127","25.2","26.7",,,"3",,,,,,"30.1","2","7",,"85",,,,,,"41.8",,"26.7",,,,,,,,,,"0.769",,,,,,,
"1","익산","성인","출장","45","관리자","참가","20250212","M","172.7","62.4","17.9",,"80","121","37.5","36.8",,,"14.9",,,,,,"20.9","25","22",,"181",,,,,,"60.1",,"37.4",,,,,,,,,,"0.544",,,,,,,
"1","익산","성인","출장","42","관리자","참가","20250212","F","163.2","57.7","28.2",,"82","118","22.8","31",,,"9.1",,,,,,"21.7","31","22",,"170",,,,,,"53.7",,"33.0",,,,,,,,,,"0.588",,,,,,,
"1","익산","성인","출장","48","관리자","참가","20250212","M","180.9","69.9","24.4",,"80","120","39","37.4",,,"1.9",,,,,,"21.4","22","22",,"150",,,,,,"55.8",,"35.9",,,,,,,,,,"0.487",,,,,,,
"1","양평","어르신","일반","74","관리자","3등급","20250212","M","159.5","59.3","28",,"87","171","33.2","35.1",,,"11.4",,,,,,"23.3",,,,,"23",,"96","5.62","21.13","59.2",,,,,,,,,,,,,,,,,,,"35.1"
"1","익산","성인","출장","41","관리자","참가","20250212","M","175","78.5","29",,"80","117","38.1","38.4",,,"-13",,,,,,"25.6","24","25",,"85",,,,,,"48.9",,"36.0",,,,,,,,,,"0.532",,,,,,,
"1","익산","성인","출장","39","관리자","참가","20250212","F","169.3","59.8","28.9",,"78","120","27.1","27",,,"24.7",,,,,,"20.9","15","12",,"125",,,,,,"45.3",,"29.9",,,,,,,,,,"0.431",,,,,,,
"1","정읍","성인","일반","51","관리자","참가","20250212","M","155.6","56.8","24.9",,"87","137","32.9","35.4",,,"3.6",,,,,,"23.5","5","10",,,,,,,,"62.3",,"35.2",,,,,,,,,,"0.373","0.460",,,,,,
"1","서구(광주)","성인","일반","23","관리자","3등급","20250212","M","177","75.4","13.0","73","88","139","42.2","43.3",,,"20.4",,,,,,"24.1","46",,,"240",,,,,,"57.4",,,,,,,,"121","44.0",,,"0.323",,,,,,,
"2","KSPO송파","성인","일반","22","관리자","참가","20250212","F","166.1","58.2","30.8","68.5","56","108","28","27.3",,,"11.6",,,,,,"21.1","22",,,,,,,,,"48.1",,,"74","109","140",,"38.9",,,,,"0.350","0.459",,,,,,
"1","익산","성인","출장","35","관리자","참가","20250212","M","171.7","78.3","29.2",,"87","117","33.1","33.4",,,"-12.1",,,,,,"26.6","28","25",,"155",,,,,,"42.7",,"36.6",,,,,,,,,,"0.409",,,,,,,
"1","익산","성인","출장","46","관리자","참가","20250212","F","159.9","48.6","27",,"80","122","25.5","23.1",,,"2.5",,,,,,"19.0","25","10",,"146",,,,,,"52.5",,"30.6",,,,,,,,,,"0.687",,,,,,,
"3","서구(광주)","성인","일반","23","관리자","참가","20250212","F","171","52.1","23.8","60","91","131","24.3","26.3",,,"13.5",,,,,,"17.8","8",,,"150",,,,,,"50.5",,,,,,,,"140","36.8",,,"0.338",,,,,,,
"2","강북","성인","일반","20","관리자","참가","20250212","M","179.5","59.50","10.3","73.5","76","137","32.7","30.6",,,"6.9",,,,,,"18.5","31",,,"218",,,,,,"55.0",,,,,,,,"140","45.7",,,"0.357",,,,,,,
"1","포천","성인","일반","59","관리자","3등급","20250212","M","176.5","78.8","22.5","88","90","138","39.6","43.5",,,"6.3",,,,,,"25.3","31",,"11.75","159",,,,,,"55.2",,,,,,,,"108","36.3",,,,,,,,,,
"2","미추홀","성인","일반","19","관리자","3등급","20250212","M","170.7","66","17.8","80","84","134","41.5","47.6",,,"7",,,,,,"22.7","59","64",,,,,,,,"72.1",,"48.8",,,,,,,,,,"0.386","0.575",,,,,,
"1","안산","성인","일반","54","관리자","참가","20250212","M","173.8","97.3","34.1","97","68","136","38.2","36.9",,,"-0.9",,,,,,"32.2","25",,,,,,,,,"39.3",,,"85","113","133","153","32.2",,,,,"0.363","0.452",,,,,,
"1","익산","성인","출장","50","관리자","참가","20250212","F","157.7","52.2","35.3",,"84","112","22.4","20.3",,,"6.8",,,,,,"21.0","15","12",,"102",,,,,,"42.9",,"30.4",,,,,,,,,,"0.592",,,,,,,
"1","사하","성인","일반","45","관리자","참가","20250212","M","181.5","99.5","31.8","112.6","96","143","43.4","42.4",,,"1.3",,,,,,"30.2","36",,,"206",,,,,,"43.6",,,,,,,,"124","33.2",,,"0.310",,,,,,,
"1","익산","성인","출장","48","관리자","참가","20250212","F","157.3","50.6","31.6",,"80","112","23.9","19",,,"1",,,,,,"20.4","1","12",,"95",,,,,,"47.2",,"30.8",,,,,,,,,,"0.525",,,,,,,
"1","연제","성인","일반","45","관리자","참가","20250212","F","166.8","55.1","23.8",,"65","97","25.1","26.7",,,"1.6",,,,,,"19.8","25",,,"143",,,,,,"48.5",,,"93","97","116",,"38.3",,,,,"0.453",,,,,,,
"2","천안","성인","일반","52","관리자","참가","20250212","F","152.6","62.1","39.2",,"98","153","24.2","30.4",,,"23.2",,,,,,"26.7","19","10","14.49","140",,,,,,"49.0",,"28.1",,,,,,,,,,,,,,,,,
"1","안산","성인","일반","53","관리자","참가","20250212","F","157.1","52.5","32.7","76","77","129","22.6","24.9",,,"2",,,,,,"21.3","15",,,,,,,,,"47.4",,,,,,,,"126","31.5",,,"0.417","0.449",,,,,,
"1","부천","성인","일반","19","관리자","3등급","20250212","M","169.9","65.3","20.3",,"81","133","37.8","38.6",,,"11",,,,,,"22.6","49",,,"230",,,,,,"59.1",,,,,,,,"148","42.8",,,"0.299",,,,,,,
"1","북구(광주)","성인","일반","51","관리자","2등급","20250212","F","157.1","44.6","25.9","64.1","70","112","18.6","17.4",,,"21.0",,,,,,"18.1","21",,"14.78","116",,,,,,"41.7",,,"89","111","128",,"38.3",,,,,,,,,,,,
"3","화성","어르신","일반","67","관리자","2등급","20250212","F","148.8","67.4","40.6",,"78","149","31.4","30.7",,,"21.8",,,,,,"30.4",,,,,"26",,"108","3.78","17.38","46.6",,,,,,,,,,,,,,,,,,,"31.4"
"1","부천","성인","일반","58","관리자","참가","20250212","F","155.2","60.6","36.5",,"80","135","24","24.6",,,"11.7",,,,,,"25.2","21",,,"123",,,,,,"40.6",,,,,,,,"129","28.0",,,"0.437",,,,,,,
"1","익산","성인","출장","46","관리자","참가","20250212","M","184.2","75.7","27.6",,"84","121","42.5","47",,,"9",,,,,,"22.3","23","21",,"170",,,,,,"62.1",,"34.9",,,,,,,,,,"0.706",,,,,,,
"2","의정부","성인","일반","62","관리자","참가","20250212","F","164.9","70.3","37.7","93.5","77","155","28.3","25.3",,,"22.4",,,,,,"25.9","17","9","14.99","126",,,,,,"40.3",,"26.3",,,,,,,,,,,,,,,,,
"1","익산","성인","출장","39","관리자","참가","20250212","F","166.7","75.3","39.2",,"81","120","23.8","28.5",,,"11.6",,,,,,"27.1","25","14",,"135",,,,,,"37.8",,"27.9",,,,,,,,,,"0.577",,,,,,,
"1","천안","성인","일반","19","관리자","참가","20250212","M","175.7","86.4","32.1",,"71","129","41.1","45.8",,,"11.8",,,,,,"28.0","39","24","10.44",,,,,,,"53.0",,"36.3",,,,,,,,,,,"0.539",,,,,,
"1","익산","성인","출장","34","관리자","참가","20250212","F","165.5","72.3","29.8",,"80","117","25.5","30.3",,,"24",,,,,,"26.4","11","32",,"125",,,,,,"41.9",,"34.1",,,,,,,,,,"0.412",,,,,,,
"1","세종","성인","일반","32","관리자","3등급","20250212","M","179.2","77.5","20.8","88.6","79","132","44.8","50.1",,,"5.3",,,,,,"24.1","39",,,"218",,,,,,"64.6",,,,,,,,"96","45.2",,,"0.347",,,,,,,
"2","의정부","성인","일반","57","관리자","3등급","20250212","F","164.1","53.1","28.8","78","93","171","27.6","26.6",,,"21",,,,,,"19.7","16","11","15.07","124",,,,,,"52.0",,"29.8",,,,,,,,,,,,,,,,,
"1","의정부","성인","일반","63","관리자","2등급","20250212","M","167.3","75","26.4","91.6","108","145","39.8","43.6",,,"15.4",,,,,,"26.8","44","20","12.17","186",,,,,,"58.1",,"33.7",,,,,,,,,,,,,,,,,
"1","익산","성인","출장","46","관리자","참가","20250212","M","174","74.2","28.3",,"82","120","41.3","45.4",,,"-8.5",,,,,,"24.5","25","24",,"170",,,,,,"61.2",,"36.0",,,,,,,,,,"0.465",,,,,,,
"2","의정부","성인","일반","58","관리자","참가","20250212","F","153.6","61.6","36","87.1","74","134","25.6","29",,,"13.7",,,,,,"26.1","9","5","21.33","132",,,,,,"47.1",,"26.4",,,,,,,,,,,,,,,,,
"2","익산","성인","출장","46","관리자","참가","20250212","M","171.3","74.1","25.4",,"80","121","47.8","46",,,"9",,,,,,"25.3","38","36",,"195",,,,,,"64.5",,"38.9",,,,,,,,,,"0.502",,,,,,,
"1","의정부","성인","일반","64","관리자","참가","20250212","F","152.4","68","40.6","93.3","83","147","28.8","28.9",,,"21",,,,,,"29.3","16","7","16.7","89",,,,,,"42.5",,"25.7",,,,,,,,,,,,,,,,,
"2","의정부","성인","일반","64","관리자","3등급","20250212","F","157.5","53.6","31.4","77.4","76","157","31.7","30.8",,,"18.3",,,,,,"21.6","14","11","13.71","163",,,,,,"59.1",,"29.4",,,,,,,,,,,,,,,,,
"1","익산","성인","출장","41","관리자","참가","20250212","F","161.3","56.2","29.7",,"80","119","19","26",,,"13",,,,,,"21.6","11","17",,"134",,,,,,"46.3",,"31.7",,,,,,,,,,"0.706",,,,,,,
"1","강북","성인","일반","63","관리자","참가","20250212","M","168.0","76.30","28.3","97.8","96","139","39.2","45",,,"2.4",,,,,,"27.0","19",,,"182",,,,,,"59.0",,,"87","104","118","144","36.4",,,,,"0.396",,,,,,,
"1","익산","성인","출장","45","관리자","참가","20250212","M","183.8","92.5","25.3",,"80","117","41.9","49.6",,,"-5",,,,,,"27.4","23","34",,"195",,,,,,"53.6",,"35.5",,,,,,,,,,"0.569",,,,,,,
"1","익산","성인","출장","35","관리자","참가","20250212","F","165.1","52.3","33.4",,"79","120","23.9","27.1",,,"8.1",,,,,,"19.2","30","16",,"130",,,,,,"51.8",,"32.4",,,,,,,,,,"0.471",,,,,,,
"2","오산","성인","일반","19","관리자","참가","20250212","M","173.3","60.6","16.7","73.7","82","136","33.7","39.2",,,"-3.9",,,,,,"20.2","36",,,"227",,,,,,"64.7",,,,,,,,"136","45.8",,,"0.304",,,,,,,
"1","의정부","성인","일반","60","관리자","참가","20250212","F","153.2","64.6","43.8","90.9","82","143","15.9","20.7",,,"17.1",,,,,,"27.5","0","9","15.87","132",,,,,,"32.0",,"27.1",,,,,,,,,,,,,,,,,
"1","익산","성인","출장","43","관리자","참가","20250212","F","167.7","49","21.8",,"80","117","17.4","24.5",,,"1.3",,,,,,"17.4","13","15",,"120",,,,,,"50.0",,"32.3",,,,,,,,,,"0.603",,,,,,,
"1","익산","성인","출장","41","관리자","참가","20250212","F","160","58.8","30",,"80","120","26.6","28.5",,,"4.8",,,,,,"23.0","16","16",,"125",,,,,,"48.5",,"31.0",,,,,,,,,,"0.618",,,,,,,
"1","익산","성인","출장","32","관리자","참가","20250212","F","163.2","56.9","38.2",,"80","117","17","20.1",,,"-3.5",,,,,,"21.4","23","18",,"95",,,,,,"35.3",,"32.3",,,,,,,,,,"0.724",,,,,,,
"4","동구(광주)","어르신","일반","70","관리자","2등급","20250212","M","163.3","65.3","27.9","84","51","149","36.8","39.8",,,"4.5",,,,,,"24.5",,,,,"28",,"139","5.44","17.97","60.9",,,,,,,,,,,,,,,,,,,"39.8"
"2","의정부","성인","일반","60","관리자","참가","20250212","F","154.6","59.3","37.1","85.9","80","157","21.6","22.5",,,"13.1",,,,,,"24.8","0","8","16.41","118",,,,,,"37.9",,"27.6",,,,,,,,,,,,,,,,,
"3","익산","성인","출장","43","관리자","참가","20250212","M","174","77.2","16.7",,"84","121","52.7","65.6",,,"-12.1",,,,,,"25.5","46","46",,"228",,,,,,"85.0",,"40.9",,,,,,,,,,"0.401",,,,,,,
"1","익산","성인","출장","29","관리자","참가","20250212","F","157.5","65.6","37.7",,"78","117","23.3","25.1",,,"10.2",,,,,,"26.4","18","24",,"110",,,,,,"38.3",,"32.8",,,,,,,,,,"0.754",,,,,,,
"1","KSPO광주","성인","일반","26","관리자","3등급","20250212","M","163.5","54.9","18.2","71","88","152","33.7","40.7",,,"15.6",,,,,,"20.5","47","42",,,,,,,,"74.1",,"44.8",,,,,,,,,,"0.321","0.572",,,,,,
"5","고양","성인","일반","23","관리자","참가","20250212","F","163.3","48.8","24.4",,"67","109","15.6","19.6",,,"9.5",,,,,,"18.3","23",,"30","90",,,,,,"40.2",,,,,,,,"129","38.2",,,,,,,,,,
"1","천안","성인","일반","19","관리자","참가","20250212","M","168.5","59.4","22.9",,"65","125","33","36.1",,,"16.4",,,,,,"20.9","37","22","11.39",,,,,,,"60.8",,"40.0",,,,,,,,,,,"0.576",,,,,,
"1","춘천","성인","일반","41","관리자","참가","20250212","F","155.8","58.9","37.3","85.1","67","109","26.9","27.2",,,"23.5",,,,,,"24.3","12","16","14.72","131",,,,,,"46.2",,"30.9",,,,,,,,,,,,,,,,,
"2","춘천","성인","일반","45","관리자","참가","20250212","M","180.2","86.1","27","99.7","92","153","56.6","60.6",,,"5.5",,,,,,"26.5","44","26","11.82","225",,,,,,"70.4",,"34.7",,,,,,,,,,,,,,,,,
"6","중구(서울)","성인","일반","31","관리자","1등급","20250212","F","159.8","55.5","29","71","72","124","26.1","28.3",,,"21.7",,,,,,"21.7","39",,,"178",,,,,,"51.0",,,"81","109","129",,"39.2",,,,,"0.358",,,,,,,
"5","천안","어르신","일반","71","관리자","참가","20250212","M","176.2","84.7","38.3",,"85","159","37.5","40.0",,,"-15.2",,,,,,"27.3",,,,,"15",,"99","6.13","28.53","47.2",,,,,,,,,,,,,,,,,,,"40.0"
"5","정읍","성인","일반","46","관리자","참가","20250212","M","159.9","80.8","35.3",,"91","141","41.8","45.2",,,"10",,,,,,"31.6","28",,"12.93",,,,,,,"55.9",,,,,,,,"132","34.3",,,,"0.433",,,,,,
"1","KSPO아산","성인","일반","19","관리자","참가","20250212","M","171.9","75.2","30.5","89.5","85","146","30.9","39.2",,,"18.2",,,,,,"25.4","29",,,"202",,,,,,"52.1",,,"109","124","140","163","44.8",,,,,"0.370",,,,,,,
"15","남구(부산)","성인","일반","32","관리자","1등급","20250212","M","177.9","73.4","15.1",,"79","120","52.6","52.9",,,"21.4",,,,,,"23.2","68",,,,,,,,,"72.1",,,"75","100","110","120","51.6",,,,,"0.283","0.589",,,,,,
"1","남구(부산)","성인","일반","33","관리자","참가","20250212","M","169.2","71.2","30",,"65","115","36.2","28.7",,,"11.6",,,,,,"24.9","41",,,"169",,,,,,"50.8",,,"115","134","144","176","40.5",,,,,"0.276",,,,,,,
"4","성동","성인","일반","60","관리자","2등급","20250212","F","167","61.5","27.5",,"92","138","29.7","30.2",,,"27.9",,,,,,"22.1","13",,,"153",,,,,,"49.1",,,"81","110","136",,"32.0",,,,,"0.311",,,,,,,
"2","오산","어르신","일반","67","관리자","3등급","20250212","M","164.8","66.2","24.3","84.7","99","157","32.4","40.9",,,"12.2",,,,,,"24.4",,,,,"29",,"108","5.46","22.88","61.8",,,,,,,,,,,,,,,,,,,"40.9"
"1","달서","성인","일반","27","관리자","참가","20250212","M","171","79.9","31.9","94.9","93","149","36.2","38.8",,,"21.9",,,,,,"27.3","32","27",,"184",,,,,,"48.6",,"37.5",,,,,,,,,,"0.361",,,,,,,
"8","오산","어르신","일반","72","관리자","2등급","20250212","F","151.8","55.4","33.5","75.6","93","151","22","21",,,"14.3",,,,,,"24.0",,,,,"23",,"105","6.56","25.28","39.7",,,,,,,,,,,,,,,,,,,"22.0"
"4","동작","어르신","일반","74","관리자","3등급","20250212","M","168.8","68.2","29.4","90","70","130","32.2","24.6",,,"18.2",,,,,,"23.9",,,,,"24",,"112","5.77","22.02","47.2",,,,,,,,,,,,,,,,,,,"32.2"
"1","KSPO광주","청소년","일반","18","관리자","참가","20250212","M","173.2","56.9","11.5","70.5","71","115","32.8","30.7","45",,"1.9","17.96","0.548","58.129","12","58.681","19.0",,"22",,,,,,,,"57.6",,"40.9",,,,,,,,,,,,,,,,,
"1","수원","어르신","일반","65","관리자","참가","20250212","M","163.5","68.6","24.3","95","98","153","42","44.3",,,"0.6",,,,,,"25.7",,,,,"22",,"101","5","23.5","64.6",,,,,,,,,,,,,,,,,,,"44.3"
"1","수원","어르신","일반","70","관리자","참가","20250212","M","166.1","64.2","27.6","91","85","154","30","33.2",,,"-7",,,,,,"23.3",,,,,"19",,"51","5.7","29.9","51.7",,,,,,,,,,,,,,,,,,,"33.2"
"4","수원","어르신","일반","81","관리자","참가","20250212","M","161.3","70","39","94","74","131","29.7","30",,,"1",,,,,,"26.9",,,,,"16",,"69","7.6","31.7","42.9",,,,,,,,,,,,,,,,,,,"30.0"
"1","성동","성인","일반","63","관리자","1등급","20250212","M","168.4","64.9","17",,"71","134","39.2","35.4",,,"23",,,,,,"22.9","59",,"11.50","209",,,,,,"60.4",,,"81","99","114","144","39.5",,,,,,,,,,,,
"10","계룡","어르신","일반","69","관리자","3등급","20250212","M","161.5","69.9","31.8",,"79","158","30.4","36.1",,,"7.1",,,,,,"26.8",,,,,"27",,"108","5.78","22.09","51.6",,,,,,,,,,,,,,,,,,,"36.1"
"1","수원","성인","일반","24","관리자","3등급","20250212","M","174","71","18.1","80","75","127","37","48.6",,,"12",,,,,,"23.5","55","42","9.7","229",,,,,,"68.5",,"42.4",,,,,,,,,,,,,,,,,
"1","부천","성인","일반","20","관리자","참가","20250212","M","176.6","70.1","17.5",,"86","155","39","45.8",,,"10.3",,,,,,"22.5","41",,,"213",,,,,,"65.3",,,,,,,,"126","45.2",,,"0.293",,,,,,,
"3","부천","성인","일반","26","관리자","3등급","20250212","M","170.1","69.2","18.7",,"82","132","39.2","45.8",,,"21.9",,,,,,"23.9","43",,"10.32","231",,,,,,"66.2",,,,,,,,"114","45.2",,,,,,,,,,
"1","구미","청소년","일반","17","관리자","참가","20250212","F","157","52.3","38.2","76.4","81","133","21.5","23.5",,"29","16.0","21.76","0.449","45.835","15","46.525","21.2",,"10",,,,,,,,"44.9",,"32.4",,,,,,,,,,,,,,,,,
"1","구미","청소년","일반","17","관리자","참가","20250212","F","165.5","57.8","38.1","81.5","68","115","20.4","18.4",,"23","6.6","22.78","0.41","41.624","34","43.188","21.1",,,,,,,,,,"35.3",,,"76","89","127",,"39.7",,,,,,,,,,,,
"1","남구(부산)","어르신","일반","73","관리자","2등급","20250212","F","151.1","39.5","16.7",,"91","190","19.7","20.1",,,"13.8",,,,,,"17.3",,,,,"24",,"120","5.69","26.09","50.9",,,,,,,,,,,,,,,,,,,"20.1"
"1","KSPO송파별관(어르신)","어르신","일반","72","관리자","2등급","20250212","M","159","61.7","28.6",,"87","156","34.6","34.6",,,"4.5",,,,,,"24.4",,,,,"30",,"126","4.61","19.68","56.1",,,,,,,,,,,,,,,,,,,"34.6"
"4","스포원(금정)","어르신","일반","71","관리자","3등급","20250212","M","166.3","65.7","30.5",,"81","155","38.6","40.3",,,"8.1",,,,,,"23.8",,,,,"17",,"116","4.4","19.4","61.3",,,,,,,,,,,,,,,,,,,"40.3"
"1","KSPO송파별관(어르신)","어르신","일반","65","관리자","3등급","20250212","M","169","70.3","22.5",,"74","148","36.6","41.2",,,"6.5",,,,,,"24.6",,,,,"23",,"132","4.88","19.68","58.6",,,,,,,,,,,,,,,,,,,"41.2"
"3","스포원(금정)","성인","일반","27","관리자","참가","20250212","M","177.3","75.6","29.3",,"83","123","45.2","50.5",,,"11.2",,,,,,"24.0","27",,,"181",,,,,,"66.8",,,,,,,,"133","41.3",,,"0.352",,,,,,,
"2","KSPO송파","성인","일반","47","관리자","참가","20250212","F","164.2","70.6","34.6","87.7","66","121","26.5","26.1",,,"14.9",,,,,,"26.2","43",,,"136",,,,,,"37.5",,,"98","115","125",,"33.6",,,,,"0.372",,,,,,,
"1","KSPO송파","성인","일반","43","관리자","3등급","20250212","F","164","57.7","23.5","73.9","86","149","23.9","27.5",,,"22.2",,,,,,"21.5","21",,,"173",,,,,,"47.7",,,"82","106","127",,"37.0",,,,,"0.378",,,,,,,
"2","성동","성인","일반","57","관리자","참가","20250212","F","158.6","50.8","26.9",,"64","114","28.4","31.6",,,"24.5",,,,,,"20.2","0",,,"140",,,,,,"62.2",,,,,,,,"124","31.6",,,"0.352",,,,,,,
"2","화성","성인","일반","25","관리자","3등급","20250212","F","164.2","59.9","32.4",,"79","144","22.8","25.9",,,"28.8",,,,,,"22.2","25",,,,,,,,,"43.2",,,,,,,,"88","40.2",,,"0.39","0.428",,,,,,
"1","서구(광주)","성인","일반","21","관리자","2등급","20250212","F","160","48.5","20.9","61","78","125","25.9","28.1",,,"16.5",,,,,,"18.9","38","30",,"166",,,,,,"57.9",,"37.7",,,,,,,,,,"0.328",,,,,,,
"1","서구(광주)","성인","일반","31","관리자","3등급","20250212","F","162.4","60.6","33.8","75","63","94","28.4","26.9",,,"10.4",,,,,,"23.0","42",,,"165",,,,,,"46.9",,,"73","118","136",,"38.0",,,,,"0.417",,,,,,,
"2","광주","성인","일반","63","관리자","2등급","20250212","M","170.4","76","26.6",,"80","130","38.1","45.3",,,"12.9",,,,,,"26.2","33","22",,"170",,,,,,"59.6",,"34.0",,,,,,,,,,"0.377",,,,,,,
"8","오산","어르신","일반","71","관리자","1등급","20250212","M","166.6","56.5","22.4","76.6","79","144","33.6","33.1",,,"11.8",,,,,,"20.4",,,,,"27",,"120","4.63","19.09","59.5",,,,,,,,,,,,,,,,,,,"33.6"
"1","안산","성인","일반","20","관리자","참가","20250212","M","185.3","81.8","13.2","76","73","139","55.9","58.2",,,"3",,,,,,"23.8","47",,"9.7",,,,,,,"71.1",,,"93","120","132","170","44.9",,,,,,"0.613",,,,,,
"4","오산","어르신","일반","67","관리자","3등급","20250212","F","159.6","68.3","39.6","90.3","94","143","25.6","23.5",,,"12.8",,,,,,"26.8",,,,,"25",,"115","5.22","20.79","37.5",,,,,,,,,,,,,,,,,,,"25.6"
"1","사천","성인","일반","32","관리자","참가","20250212","F","161.2","69","37.3",,"78","118","28.6","26.9",,,"21",,,,,,"26.6","25",,,,,,,,,"41.4",,,,,,,,"99","35.0",,,"0.400","0.390",,,,,,
"1","연제","성인","일반","20","관리자","참가","20250212","M","172.2","76.6","26.9",,"94","143","29.1","32.2",,,"3.3",,,,,,"25.8","24",,,"201",,,,,,"42.0",,,,,,,,"138","41.6",,,"0.390",,,,,,,
"1","남구(부산)","성인","일반","58","관리자","2등급","20250212","M","173.2","71.2","16.5",,"103","154","44","47.6",,,"21.3",,,,,,"23.7","31",,,,,,,,,"66.9",,,"96","122","140","164","35.9",,,,,"0.307","0.489",,,,,,
"10","청주","성인","일반","60","관리자","참가","20250212","M","175","84.4","30.6","102.5","62","121","43.1","44.5",,,"0",,,,,,"27.6","23",,,"162",,,,,,"52.7",,,,,,,,"100","35.9",,,"0.409",,,,,,,
"10","청주","성인","일반","54","관리자","참가","20250212","F","164.8","64.3","35.5","83.8","73","127","23.8","27.6",,,"-3",,,,,,"23.7","16",,,"136",,,,,,"42.9",,,,,,,,"107","31.5",,,"0.394",,,,,,,
"1","서구(대전)","성인","일반","20","관리자","참가","20250212","M","179.5","75.9","24.8",,"78","128","37.8","45",,,"-4.5",,,,,,"23.6","36",,,"187",,,,,,"59.3",,,,,,,,"139","42.2",,,"0.309",,,,,,,
"3","오산","성인","일반","19","관리자","2등급","20250212","M","176.7","72","16","80.3","80","131","49.5","47.9",,,"20.1",,,,,,"23.1","52",,,"253",,,,,,"68.8",,,,,,,,"116","46.5",,,"0.276",,,,,,,
"3","청주","성인","일반","55","관리자","참가","20250212","F","153.1","66.7","42.5","91.4","74","133","30.5","28.5",,,"14.9",,,,,,"28.5","1",,,"110",,,,,,"45.7",,,,,,,,"103","30.0",,,"0.384",,,,,,,
"4","청주","성인","일반","58","관리자","참가","20250212","F","164.5","67.6","29.7","86.2","78","123","24.9","24.4",,,"2.2",,,,,,"25.0","2",,,"114",,,,,,"36.8",,,,,,,,"82","32.9",,,"0.357",,,,,,,
"1","중구(서울)","어르신","일반","66","관리자","3등급","20250212","F","152.2","62.8","28.2","90.8","95","152","25.6","29",,,"16.4",,,,,,"27.1",,,,,"21",,"103","5.5","23.8","46.2",,,,,,,,,,,,,,,,,,,"29.0"
"4","중구(서울)","어르신","일반","68","관리자","2등급","20250212","M","169.2","66.1","14.3","87.2","71","142","45.6","45.4",,,"12.6",,,,,,"23.1",,,,,"30",,"124","4.6","21.2","69.0",,,,,,,,,,,,,,,,,,,"45.6"
"15","청주","성인","일반","59","관리자","참가","20250212","F","161","62.1","30.5","80.5","62","116","27.5","30",,,"4.4",,,,,,"24.0","11",,,"123",,,,,,"48.3",,,,,,,,"111","30.2",,,"0.392",,,,,,,
"6","청주","성인","일반","56","관리자","3등급","20250212","F","155.3","59.5","31.6","82.5","71","133","31.6","32.4",,,"12.2",,,,,,"24.7","19",,,"155",,,,,,"54.5",,,,,,,,"104","31.7",,,"0.311",,,,,,,
"14","KSPO송파별관(어르신)","어르신","일반","69","관리자","1등급","20250212","M","162.8","60.8","29.1",,"86","159","35.3","31.4",,,"11.9",,,,,,"22.9",,,,,"35",,"136","4.70","17.71","58.1",,,,,,,,,,,,,,,,,,,"35.3"
"6","안산","어르신","일반","69","관리자","2등급","20250212","F","154.7","63","33.3","81","95","173","30.1","31.9",,,"27.5",,,,,,"26.3",,,,,"28",,"116","5.8","20.7","50.6",,,,,,,,,,,,,,,,,,,"31.9"
"1","KSPO송파별관(어르신)","어르신","일반","70","관리자","1등급","20250212","M","162.7","72.3","32.7",,"69","122","40.6","40.1",,,"9.6",,,,,,"27.3",,,,,"32",,"128","5.3","19.39","56.2",,,,,,,,,,,,,,,,,,,"40.6"
"1","청주","성인","일반","64","관리자","참가","20250212","F","156.1","45","12","63","74","157","26.1","25.6",,,"4.8",,,,,,"18.5","12",,,"123",,,,,,"58.0",,,,,,,,"79","36.9",,,"0.418",,,,,,,
"8","오산","어르신","일반","78","관리자","3등급","20250212","M","156.8","42.7","26.2","68.5","80","156","23.2","24.4",,,"-0.3",,,,,,"17.4",,,,,"22",,"103","6.43","25.84","57.1",,,,,,,,,,,,,,,,,,,"24.4"
"1","청주","성인","일반","64","관리자","참가","20250212","M","172.2","58.5","16.7","72.1","74","137","40","40.2",,,"1.3",,,,,,"19.7","13",,,"147",,,,,,"68.7",,,,,,,,"122","37.2",,,"0.329",,,,,,,
"1","성남","성인","일반","64","관리자","참가","20250212","F","144.1","52.7","42.1",,"71","114","19.8","22.9",,,"10.3",,,,,,"25.4","1",,,"108",,,,,,"43.5",,,,,,,,"127","28.0",,,"0.373",,,,,,,
"3","포천","성인","일반","30","관리자","1등급","20250212","F","163.7","60.3","26.9","65","99","143","33.4","38.9",,,"24.9",,,,,,"22.5","60","27","10.28","183",,,,,,"64.5",,"34.6",,,,,,,,,,,,,,,,,
"2","성남","어르신","일반","65","관리자","2등급","20250212","F","155.3","49.8","29.2",,"97","155","25","26.5",,,"24.1",,,,,,"20.6",,,,,"28",,"127","5.15","22.12","53.2",,,,,,,,,,,,,,,,,,,"26.5"
"1","천안","성인","일반","33","관리자","3등급","20250212","M","189.4","81.3","20.2",,"95","133","44","45.7",,,"15.3",,,,,,"22.7","40",,,"204",,,,,,"56.2",,,"84","104","132","153","42.5",,,,,"0.373",,,,,,,
"1","KSPO송파","성인","일반","48","관리자","2등급","20250212","M","169.5","57","8.6","73","68","118","43.7","41.5",,,"11.6",,,,,,"19.8","39",,"11.82","222",,,,,,"76.7",,,"87","101","118","156","43.3",,,,,,,,,,,,
"1","전주","성인","일반","24","관리자","3등급","20250212","F","175.5","67","21.4","74.8","89","141","27.9","30.1",,,"31.5",,,,,,"21.8","34","19",,,,,,,,"44.9",,"31.5",,,,,,,,,,"0.448","0.445",,,,,,
"1","성남","어르신","일반","65","관리자","3등급","20250212","M","169.8","73.0","29.2",,"86","143","34","31.6",,,"1.8",,,,,,"25.3",,,,,"21",,"117","5.26","21.86","46.6",,,,,,,,,,,,,,,,,,,"34.0"
"2","포항","성인","일반","28","관리자","3등급","20250212","M","174.6","83.4","22.1",,"94","159","48.8","47.5",,,"12.2",,,,,,"27.4","42","36",,"217",,,,,,"58.5",,"38.9",,,,,,,,,,"0.310",,,,,,,
"4","광주","성인","일반","27","관리자","참가","20250212","F","163.4","53.5","23.1",,"78","107","28.2","27.7",,,"0.0",,,,,,"20.0","25",,,"241",,,,,,"52.7",,,,,,,,"124","36.9",,,"0.386",,,,,,,
"1","성남","어르신","일반","76","관리자","2등급","20250212","M","173.4","73.7","23.7",,"68","155","40.6","34.4",,,"3.9",,,,,,"24.5",,,,,"21",,"112","4.99","20.33","55.1",,,,,,,,,,,,,,,,,,,"40.6"
"1","북구(광주)","성인","일반","23","관리자","3등급","20250212","F","160.9","55.6","31.0","74.5","81","118","25.4","27",,,"10.9",,,,,,"21.5","25",,,,,,,,,"48.6",,,"98","126","153",,"37.3",,,,,"0.349","0.463",,,,,,
"3","동작","성인","일반","49","관리자","2등급","20250212","F","176.6","67.1","20.3","67.7","70","114","30","33.7",,,"18.1",,,,,,"21.5","35",,,"159",,,,,,"50.2",,,"72","103","102",,"39.4",,,,,"0.450",,,,,,,
"5","안산","어르신","일반","75","관리자","1등급","20250212","M","170.3","62.9","18.2","77.9","82","155","33.9","30.7",,,"24.5",,,,,,"21.7",,,,,"27",,"121","5.53","21.34","53.9",,,,,,,,,,,,,,,,,,,"33.9"
"3","동작","성인","일반","49","관리자","2등급","20250212","F","162.1","61.6","26.1","72","90","148","30.3","31.8",,,"17.7",,,,,,"23.4","29",,,,,,,,,"51.6",,,,,,,,"79","36.2",,,"0.413","0.428",,,,,,
"8","광주","성인","일반","56","관리자","참가","20250212","F","150.4","52.9","35.5",,"74","121","18.3","19.9",,,"6.2",,,,,,"23.4","4",,,,,,,,,"37.6",,,,,,,,"97","33.7",,,"0.375","0.429",,,,,,
"4","강북","성인","일반","61","관리자","참가","20250212","M","165.9","65.30","22.9","85.9","92","137","35.5","32.7",,,"7.5",,,,,,"23.7","35",,,"188",,,,,,"54.4",,,,,,,,"143","32.8",,,"0.341",,,,,,,
"1","남구(부산)","어르신","일반","68","관리자","1등급","20250212","F","149.5","53.1","34.5",,"84","155","22.9","25.1",,,"21.3",,,,,,"23.8",,,,,"29",,"133","4.88","20.4","47.3",,,,,,,,,,,,,,,,,,,"25.1"
"1","서구(대전)","성인","일반","19","관리자","3등급","20250212","M","174.5","70.1","11.6",,"79","128","46.9","43",,,"10",,,,,,"23.0","44",,,,,,,,,"66.9",,,"81","130","155","189","43.4",,,,,"0.250","0.588",,,,,,
"1","남구(부산)","성인","일반","27","관리자","3등급","20250212","M","166.5","56.9","19",,"82","118","34.9","37.4",,,"16",,,,,,"20.5","39",,"11.9",,,,,,,"65.7",,,,,,,,"129","45.2",,,,"0.526",,,,,,
"1","창원","성인","일반","34","관리자","참가","20250212","M","166.2","77.9","30.1","91","80","147","41.2","43",,,"-4.3",,,,,,"28.2","27",,,,,,,,,"55.2",,,,,,,,"134","38.0",,,"0.372","0.465",,,,,,
"5","서대문","성인","일반","30","관리자","참가","20250212","M","166.5","83.9","31.3",,"73","129","51","53",,,"17.0",,,,,,"30.3","49","34","10.23",,,,,,,"63.2",,"38.4",,,,,,,,,,,"0.582",,,,,,
"3","서대문","성인","일반","23","관리자","1등급","20250212","F","165.0","50.0","21.3",,"76","132","29.7","30.7",,,"20.3",,,,,,"18.4","54","30","10.73",,,,,,,"61.4",,"37.5",,,,,,,,,,,"0.561",,,,,,
"2","서대문","성인","일반","23","관리자","3등급","20250212","F","170.0","53.7","28.5",,"72","112","20.6","25.2",,,"17.9",,,,,,"18.6","23","20","13.59",,,,,,,"46.9",,"33.9",,,,,,,,,,,"0.421",,,,,,
"1","창원","성인","일반","34","관리자","3등급","20250212","F","161.3","52.7","24.1","70","69","120","22.7","22.3",,,"24.3",,,,,,"20.3","23",,,"123",,,,,,"43.1",,,"70","99","129",,"39.0",,,,,"0.490",,,,,,,
"1","달서","성인","일반","21","관리자","3등급","20250212","M","169","67.7","22.8","86.4","79","144","37.5","38.2",,,"6.1",,,,,,"23.7","58",,,"234",,,,,,"56.4",,,,,,,,"132","44.0",,,"0.292",,,,,,,
"1","달서","성인","일반","24","관리자","3등급","20250212","M","170.9","70","14.9","81.8","74","132","46.4","49.9",,,"9.6",,,,,,"24.0","44",,,"228",,,,,,"71.3",,,,,,,,"110","46.1",,,"0.285",,,,,,,
"2","양평","성인","일반","59","관리자","참가","20250212","F","164.2","59.9","30",,"70","121","28.1","28.7",,,"19.8",,,,,,"22.2","3",,,"78",,,,,,"47.9",,,,,,,,"93","33.3",,,"0.346",,,,,,,
"3","서대문","성인","일반","19","관리자","1등급","20250212","M","181.5","83.6","18.1",,"74","126","48.7","57.8",,,"22.7",,,,,,"25.4","60","63","8.66",,,,,,,"69.1",,"45.8",,,,,,,,,,,"0.636",,,,,,
"5","서대문","성인","일반","64","관리자","2등급","20250212","M","163.5","64.5","29.4",,"87","137","33","34.9",,,"17.5",,,,,,"24.1","29","24","10.86",,,,,,,"54.1",,"36.2",,,,,,,,,,,"0.447",,,,,,
"1","서대문","성인","일반","60","관리자","2등급","20250212","M","177.2","72.2","19.9",,"99","154","42.2","44.6",,,"14.3",,,,,,"23.0","29","32","11.18",,,,,,,"61.8",,"37.0",,,,,,,,,,,"0.500",,,,,,
"2","안산","어르신","일반","65","관리자","3등급","20250212","F","156.1","59.8","34.1","80","75","142","28","29.3",,,"15.2",,,,,,"24.5",,,,,"26",,"101","4.7","20.1","49.0",,,,,,,,,,,,,,,,,,,"29.3"
"1","KSPO송파별관(어르신)","어르신","일반","76","관리자","3등급","20250212","M","164","63.3","28.5",,"81","145","31.4","32.1",,,"6",,,,,,"23.5",,,,,"23",,"94","5.978","23","50.7",,,,,,,,,,,,,,,,,,,"32.1"
"4","KSPO송파별관(어르신)","어르신","일반","71","관리자","참가","20250212","M","167.7","86.6","40.4",,"91","113","41","44.6",,,"-4",,,,,,"30.8",,,,,"28",,"119","5.33","21.05","51.5",,,,,,,,,,,,,,,,,,,"44.6"
"2","안산","성인","일반","26","관리자","3등급","20250212","F","165.4","52.6","24.8","65","68","120","25.6","28.3",,,"16.8",,,,,,"19.2","26",,"11.3",,,,,,,"53.8",,,,,,,,"126","37.3",,,,"0.486",,,,,,
"1","성동","성인","일반","64","관리자","참가","20250212","M","165.0","81.5","34.0",,"83","184","41","44.7",,,"2.3",,,,,,"29.9","20",,,"171",,,,,,"54.8",,,,,,,,"108","33.6",,,"0.350",,,,,,,
"1","서대문","성인","일반","24","관리자","참가","20250212","F","163.5","56.7","24.8",,"80","120","20.6","20",,,"25",,,,,,"21.2","32","23","12.67",,,,,,,"36.3",,"34.2",,,,,,,,,,,"0.478",,,,,,
"1","제주","성인","일반","19","관리자","3등급","20250212","F","167.7","54.9","24.8","71.2","71","120","21.8","23.6",,,"21.7",,,,,,"19.5","25",,,,,,,,,"43.0",,,,,,,,"121","38.8",,,"0.443","0.427",,,,,,
"1","진천","성인","일반","46","관리자","3등급","20250212","F","162.5","60.4","32","67.8","74","124","26.8","28.8",,,"25.8",,,,,,"22.9","27","15","13.72","157",,,,,,"47.7",,"30.3",,,,,,,,,,,,,,,,,
"1","사상","성인","일반","24","관리자","참가","20250212","M","172.6","85.8","28.4","87","71","124","48.5","46.1",,,"12.6",,,,,,"28.8","40","29","11.1","218",,,,,,"56.5",,"37.3",,,,,,,,,,,,,,,,,
"1","서대문","성인","일반","28","관리자","2등급","20250212","F","165.2","47.9","14.9",,"80","120","17.1","22.3",,,"21",,,,,,"17.6","39","37","13.50",,,,,,,"46.6",,"39.8",,,,,,,,,,,"0.445",,,,,,
"6","부천","어르신","일반","76","관리자","1등급","20250212","F","146.9","48.5","29.2",,"65","155","19.3","21.8",,,"16.1",,,,,,"22.2",,,,,"25",,"115","5.40","22.50","44.9",,,,,,,,,,,,,,,,,,,"21.8"
"5","부천","성인","일반","20","관리자","3등급","20250212","M","178.0","69.5","16.8",,"78","127","35","42.3",,,"12.2",,,,,,"21.9","45",,,"214",,,,,,"60.9",,,"80","100","125","149","49.0",,,,,"0.309",,,,,,,
"4","부천","어르신","일반","71","관리자","3등급","20250212","F","145.2","57.6","47.5",,"73","120","16.9","19",,,"13.7",,,,,,"27.3",,,,,"25",,"113","6.06","25.30","33.0",,,,,,,,,,,,,,,,,,,"19.0"
"1","서대문","성인","일반","22","관리자","참가","20250212","F","162.1","61.8","33.7",,"80","120","26.6","29.4",,,"3.7",,,,,,"23.5","20","16","12.91",,,,,,,"47.6",,"31.3",,,,,,,,,,,"0.464",,,,,,
"2","동작","성인","일반","59","관리자","2등급","20250212","M","170.2","74.7","25.9","89","90","137","42","38",,,"9.9",,,,,,"25.8","35",,,"174",,,,,,"56.2",,,"81","100","117",,"37.9",,,,,"0.337",,,,,,,
"5","KSPO송파","성인","일반","30","관리자","참가","20250212","M","170.8","62.1","20.8","79.4","61","104","28.4","32.2",,,"10.1",,,,,,"21.3","30",,,,,,,,,"51.9",,,,,,,,"110","46.4",,,"0.329","0.523",,,,,,
"2","서구(대전)","성인","일반","19","관리자","3등급","20250212","M","171.1","63.1","13.1",,"66","107","34.6","43.8",,,"10.5",,,,,,"21.6","51",,"11.18","274",,,,,,"69.4",,,,,,,,"112","48.6",,,,,,,,,,
"2","화성","성인","일반","19","관리자","참가","20250212","M","170.5","67.9","24.9",,"87","129","37.7","37.8",,,"-7",,,,,,"23.4","44",,,"216",,,,,,"55.7",,,"90","114","145","175","43.7",,,,,"0.293",,,,,,,
"1","수원","청소년","일반","18","관리자","참가","20250212","M","177.7","85.8","28.3","90","79","128","39.4","42.9",,"47","10.1","19.5","0.456","41.372","14","42.016","27.2",,,,,,,,,,"50.0",,,,,,,,,,,,,,,,,,,
"1","KSPO송파","성인","일반","59","관리자","참가","20250212","F","154.6","63.2","38.8","90.1","72","143","25.4","26.1",,,"13.5",,,,,,"26.4","29",,,"125",,,,,,"41.3",,,,,,,,"123","27.9",,,"0.405",,,,,,,
"1","오산","어르신","일반","65","관리자","참가","20250212","F","145.5","47.4","23.2","68.4","84","133","24.9","23.9",,,"20.8",,,,,,"22.4",,,,,"12",,"102","5.75","23.41","52.5",,,,,,,,,,,,,,,,,,,"24.9"
"1","서대문","성인","일반","60","관리자","참가","20250212","F","149.5","57.2","36.5",,"78","129","18.4","18.2",,,"18.1",,,,,,"25.6","9","7","15.68",,,,,,,"32.2",,"27.6",,,,,,,,,,,"0.361",,,,,,
"7","서대문","성인","일반","23","관리자","참가","20250212","F","162.6","54.8","27.8",,"80","132","27.6","28.3",,,"5.9",,,,,,"20.7","16","31","12.11",,,,,,,"51.6",,"37.0",,,,,,,,,,,"0.469",,,,,,
"3","성동","성인","일반","27","관리자","참가","20250212","M","190.9","104.2","28.2",,"92","150","41.1","46.5",,,"11.5",,,,,,"28.6","57","55",,,,,,,,"44.6",,"40.0",,,,,,,,,,"0.323","0.576",,,,,,
"1","경산","성인","일반","19","관리자","참가","20250212","M","177.5","67.2","6.2","77","73","135","47.6","51.8",,,"26.7",,,,,,"21.3","27",,,,,,,,,"77.1",,,"86","119","134","165","48.9",,,,,"0.309","0.649",,,,,,
"3","서대문","성인","일반","22","관리자","3등급","20250212","M","169.4","64.1","18.1",,"96","157","41.7","37",,,"15.1",,,,,,"22.3","53","43","10.86",,,,,,,"65.1",,"43.9",,,,,,,,,,,"0.591",,,,,,
"1","수원","성인","일반","19","관리자","참가","20250212","M","171.6","71.2","21.5","84","65","111","24.8","41.8",,,"-7.3",,,,,,"24.2","25",,"13.4","122",,,,,,"58.7",,,,,,,,"108","47.5",,,,,,,,,,
"5","경산","성인","일반","20","관리자","3등급","20250212","M","167.6","67.6","22.6","85","83","121","36.2","33.5",,,"7",,,,,,"24.1","48",,,"219",,,,,,"53.6",,,"98","139","168","180","42.8",,,,,"0.319",,,,,,,
"3","수원","성인","일반","21","관리자","3등급","20250212","F","172.6","61.3","28.1","68","65","103","33.2","34.3",,,"22.1",,,,,,"20.6","31",,"11.6",,,,,,,"56.0",,,"70","102","160",,"34.7",,,,,,"0.475",,,,,,
"4","청주","어르신","일반","67","관리자","1등급","20250212","F","168.1","61.5","33.2","77","71","138","22.1","27.9",,,"20",,,,,,"21.8",,,,,"22",,"129","5.3","20.2","45.4",,,,,,,,,,,,,,,,,,,"27.9"
"5","북구(광주)","성인","일반","26","관리자","참가","20250212","M","175.2","92.9","32.0","102.8","86","154","46.4","53.5",,,"13.0",,,,,,"30.3","40",,"11.02","216",,,,,,"57.6",,,,,,,,"127","38.4",,,,,,,,,,
"1","서구(대전)","성인","일반","27","관리자","참가","20250212","M","177.1","76.7","18.5",,"69","105","39.1","45.8",,,"7",,,,,,"24.5","44","25",,"207",,,,,,"59.7",,"37.3",,,,,,,,,,"0.339",,,,,,,
"1","KSPO아산","성인","일반","19","관리자","2등급","20250212","M","170.8","72.3","14.6","80","72","140","42.6","41.9",,,"14.5",,,,,,"24.8","53",,"9.2","251",,,,,,"58.9",,,,,,,,"124","44.8",,,,,,,,,,
"15","청주","어르신","일반","67","관리자","3등급","20250212","F","157.4","53.1","31.8","80.8","74","130","22.6","25.2",,,"17.1",,,,,,"21.4",,,,,"18",,"116","6.1","25.5","47.5",,,,,,,,,,,,,,,,,,,"25.2"
"2","스포원(금정)","어르신","일반","66","관리자","2등급","20250212","M","176.2","85.3","26.5",,"92","157","51.5","56.2",,,"7.2",,,,,,"27.5",,,,,"21",,"110","4.7","19.7","65.9",,,,,,,,,,,,,,,,,,,"56.2"
"1","연제","어르신","일반","69","관리자","3등급","20250212","F","162.3","60.8","28.4",,"88","157","25.7","25.8",,,"23.6",,,,,,"23.1",,,,,"26",,"102","6.0","22.9","42.4",,,,,,,,,,,,,,,,,,,"25.8"
"1","의정부","성인","일반","42","관리자","참가","20250212","M","168.2","67.5","35.5","91.1","109","173","30.1","27.8",,,"3.7",,,,,,"23.9","33","13","13.98","167",,,,,,"44.6",,"34.8",,,,,,,,,,,,,,,,,
"2","스포원(금정)","성인","일반","24","관리자","참가","20250212","F","158.9","50.1","27.9",,"78","118","25.6","22.9",,,"9.7",,,,,,"19.8","14",,,,,,,,,"51.1",,,"97","149","84",,"53.4",,,,,"0.361","0.481",,,,,,
"2","의정부","성인","일반","64","관리자","참가","20250212","M","159.8","66.5","24.1","81.5","92","170","43.3","46.8",,,"16.9",,,,,,"26.0","33","12","15.63","154",,,,,,"70.4",,"33.2",,,,,,,,,,,,,,,,,
"5","청주","성인","일반","53","관리자","2등급","20250212","F","155.8","62.1","36.2","87.1","94","153","25.3","25.3",,,"21",,,,,,"25.6","23",,,"147",,,,,,"40.7",,,,,,,,"97","32.5",,,"0.380",,,,,,,
"2","스포원(금정)","성인","일반","23","관리자","2등급","20250212","F","170.8","51.4","30.3",,"69","98","25.4","28.3",,,"19.9",,,,,,"17.6","32",,,"156",,,,,,"55.1",,,"85","128","91",,"51.5",,,,,"0.409",,,,,,,
"1","의정부","성인","일반","48","관리자","참가","20250212","F","168.2","57","33.7","81.5","87","133","22.6","22.6",,,"19.9",,,,,,"20.1","10","11","16.33","127",,,,,,"39.6",,"29.6",,,,,,,,,,,,,,,,,
"3","중구(서울)","성인","일반","63","관리자","3등급","20250212","M","169.9","60.5","16.2","83.6","96","158","42.7","46.1",,,"18.3",,,,,,"21.0","22",,,"191",,,,,,"76.2",,,,,,,,"111","38.4",,,"0.397",,,,,,,
"1","중구(서울)","성인","일반","20","관리자","참가","20250212","F","169.8","59.3","32.9","75.5","84","134","24.8","30",,,"1.1",,,,,,"20.6","5",,,,,,,,,"50.6",,,,,,,,"135","36.0",,,"0.506","0.380",,,,,,
"1","창원","청소년","일반","18","관리자","2등급","20250212","M","173","65.2","7","74","59","135","38.8","43.9","47",,"17.2","16.57","0.651","56.127","27","57.369","21.8",,,,,,,,,,"67.3",,,"104","114","123",,"50.9",,,,,,,,,,,,
"8","KSPO송파별관(어르신)","어르신","일반","69","관리자","1등급","20250212","M","170","75.1","24.1",,"96","184","44.3","45.7",,,"12.9",,,,,,"26.0",,,,,"35",,"133","4.67","19.03","60.9",,,,,,,,,,,,,,,,,,,"45.7"
"1","KSPO송파별관(어르신)","어르신","일반","66","관리자","2등급","20250212","M","167.2","63","26.6",,"85","140","34.9","36.8",,,"15.6",,,,,,"22.5",,,,,"31",,"116","4.01","18.06","58.4",,,,,,,,,,,,,,,,,,,"36.8"
"1","KSPO송파","성인","일반","23","관리자","참가","20250212","F","166.8","56.2","30.1",,"85","136","22.7","23.5",,,"8.8",,,,,,"20.2","26",,,,,,,,,"41.8",,,,,,,,"106","39.5",,,"0.415","0.416",,,,,,
"2","사상","성인","일반","22","관리자","참가","20250212","M","179","100.5","29.4","102.7","92","137","47.4","54.9",,,"8.9",,,,,,"31.4","39",,,"219",,,,,,"54.6",,,,,,,,"136","36.7",,,"0.376",,,,,,,
"4","청주","성인","일반","56","관리자","참가","20250212","M","179.2","82.7","29.1","96.5","73","134","49.5","52.2",,,"14.8",,,,,,"25.8","22",,,"205",,,,,,"63.1",,,,,,,,"95","38.3",,,"0.356",,,,,,,
"2","김천","성인","일반","19","관리자","참가","20250212","M","175","80.4","26.7","93.8","90","153","48.3","50",,,"10.2",,,,,,"26.3","53","62",,,,,,,,"62.2",,"46.1",,,,,,,,,,"0.314","0.605",,,,,,
"3","중구(서울)","어르신","일반","73","관리자","3등급","20250212","M","168.2","70.5","24.3","91.3","69","135","33.3","37.9",,,"1.7",,,,,,"24.9",,,,,"29",,"117","4.9","19.1","53.8",,,,,,,,,,,,,,,,,,,"37.9"
"7","중구(서울)","어르신","일반","66","관리자","3등급","20250212","M","175.5","77.2","28.4","89.3","80","158","35.9","37",,,"14.7",,,,,,"25.1",,,,,"27",,"106","5.7","22.6","47.9",,,,,,,,,,,,,,,,,,,"37.0"
"1","KSPO광주","성인","일반","28","관리자","2등급","20250212","M","183.8","73","6.8","72","84","141","54.3","57.2",,,"32.2",,,,,,"21.6","54",,,,,,,,,"78.4",,,,,,,,"124","43.4",,,"0.301","0.62",,,,,,
"2","오산","성인","일반","21","관리자","참가","20250212","M","174.3","76.9","28.6","96.1","98","147","41.1","46.1",,,"11",,,,,,"25.3","49",,"11.07",,,,,,,"59.9",,,"123","141","160",,"40.0",,,,,,"0.527",,,,,,
"3","사천","성인","일반","20","관리자","3등급","20250212","M","181.8","77.5","14.3","80.6","63","123","39.8","40.3",,,"9.1",,,,,,"23.4","45","69",,"195",,,,,,"52.0",,"48.0",,,,,,,,,,"0.395",,,,,,,
"3","천안","성인","일반","25","관리자","2등급","20250212","M","173","66.8","17.7",,"97","157","46.9","52.2",,,"17.4",,,,,,"22.3","53",,"11.18",,,,,,,"78.1",,,"98","115","130","155","47.4",,,,,,"0.588",,,,,,
"1","부천","성인","일반","19","관리자","참가","20250212","M","178.5","69.9","16.0",,"73","143","36.9","37.6",,,"-11.8",,,,,,"21.9","38",,,"216",,,,,,"53.8",,,"78","121","127","163","50.5",,,,,"0.351",,,,,,,
"1","시흥","청소년","일반","18","관리자","3등급","20250212","F","165.7","61.2","28.5","70.3","71","132","26.9","27.9","22",,"12.3","20.28","0.545","45.549","20","46.469","22.3",,,,,,,,,,"45.6",,,,,,,,"122","40.7",,,,,,,,,,
"1","창원","성인","일반","41","관리자","1등급","20250212","F","164.5","60.1","20","67","75","118","29.7","33.9",,,"25.2",,,,,,"22.2","34",,,"193",,,,,,"56.4",,,,,,,,"99","35.8",,,"0.352",,,,,,,
"1","창원","성인","일반","39","관리자","참가","20250212","F","157","44.9","27.2","61","78","149","19.9","23",,,"0.6",,,,,,"18.2","22",,,"143",,,,,,"51.2",,,,,,,,"104","38.6",,,"0.592",,,,,,,
"1","창원마산회원","성인","일반","64","관리자","참가","20250212","M","173.8","75.3","24.7","99","91","133","42.5","52.8",,,"-1.8",,,,,,"24.9","18",,,,,,,,,"70.1",,,,,,,,"116","34.5",,,"0.348","0.444",,,,,,
"3","중구(서울)","성인","일반","23","관리자","참가","20250212","F","164.9","54.1","26.9","78.3","63","113","23.4","26.1",,,"8.2",,,,,,"19.9","28",,,"131",,,,,,"48.2",,,"118","144","157",,"38.3",,,,,"0.317",,,,,,,
"2","청주","성인","일반","63","관리자","참가","20250212","F","152","59.2","37.6","82.4","74","137","21.2","25",,,"14.2",,,,,,"25.6","6",,,"101",,,,,,"42.2",,,,,,,,,,,,"0.401",,,,,,,
"1","동작","성인","일반","25","관리자","2등급","20250212","F","168.1","54.9","28.5","66","75","120","28","28.9",,,"14.2",,,,,,"19.4","32",,,"156",,,,,,"52.6",,,"73","100","127",,"41.0",,,,,"0.372",,,,,,,
"4","청주","성인","일반","52","관리자","3등급","20250212","F","155.3","50.1","29.3","71","75","120","18.3","21.8",,,"11.8",,,,,,"20.8","16",,,"132",,,,,,"43.5",,,,,,,,"124","32.3",,,"0.326",,,,,,,
"26","청주","성인","일반","57","관리자","참가","20250212","F","158.3","70.4","43.5","93.7","79","142","30.2","31.1",,,"16.3",,,,,,"28.1","17",,,"123",,,,,,"44.2",,,,,,,,"100","29.6",,,"0.349",,,,,,,
"6","청주","성인","일반","63","관리자","참가","20250212","F","158","59.5","36.1","77","73","134","24.2","26.5",,,"4",,,,,,"23.8","30",,,"116",,,,,,"44.5",,,,,,,,"117","29.1",,,"0.357",,,,,,,
"4","청주","성인","일반","55","관리자","참가","20250212","F","158.6","52.5","37.9","78.5","80","140","22.5","25.1",,,"11.9",,,,,,"20.9","0",,,"130",,,,,,"47.8",,,,,,,,"76","37.4",,,"0.520",,,,,,,
"1","중구(서울)","성인","일반","24","관리자","2등급","20250212","F","164.4","51.4","21.5","70.5","71","122","23.7","26.6",,,"15.5",,,,,,"19.0","33",,,"170",,,,,,"51.8",,,,,,,,"106","40.3",,,"0.380",,,,,,,
"2","동작","성인","일반","24","관리자","3등급","20250212","M","177.6","83.1","18.5","80.3","79","135","51.0","61.7",,,"14.2",,,,,,"26.3","47",,,"255",,,,,,"74.2",,,"96","123","138",,"42.9",,,,,"0.265",,,,,,,
"6","중구(서울)","성인","일반","25","관리자","3등급","20250212","M","179.8","81","17.4","84.2","95","157","61.8","61",,,"24.4",,,,,,"25.1","50",,,"250",,,,,,"76.3",,,,,,,,"125","41.9",,,"0.331",,,,,,,
"2","동구(인천)","성인","일반","33","관리자","3등급","20250212","M","174.9","64.2","15.1",,"88","139","46.4","45.1",,,"8.9",,,,,,"21.0","64",,"10.65","200",,,,,,"72.3",,,,,,,,"137","41.6",,,,,,,,,,
"2","동구(인천)","성인","일반","20","관리자","3등급","20250212","M","171.4","69.9","13.4",,"53","127","50","49.7",,,"10.2",,,,,,"23.8","53",,"9.68","234",,,,,,"71.5",,,,,,,,"108","47.5",,,,,,,,,,
"1","중구(서울)","성인","일반","25","관리자","2등급","20250212","F","166.9","52.5","22.6","65.5","59","99","22.1","26",,,"15.3",,,,,,"18.8","34",,,"156",,,,,,"49.5",,,"86","112","126",,"42.4",,,,,"0.360",,,,,,,
"2","청주","성인","일반","53","관리자","참가","20250212","F","162.1","62.8","35.3","82.7","67","110","25.6","30.1",,,"0.4",,,,,,"23.9","11",,,"122",,,,,,"47.9",,,,,,,,"84","34.6",,,"0.403",,,,,,,
"7","청주","성인","일반","64","관리자","참가","20250212","F","166.2","54.4","32.2","73.9","61","129","28.3","30.4",,,"11.2",,,,,,"19.7","3",,,"119",,,,,,"55.9",,,,,,,,"74","36.2",,,"0.350",,,,,,,
"1","청주","어르신","일반","67","관리자","참가","20250212","F","154.3","62.5","40.6","84.3","78","148","22.1","24.3",,,"19.3",,,,,,"26.3",,,,,"22",,"89","5.78","23.25","38.9",,,,,,,,,,,,,,,,,,,"24.3"
"11","청주","성인","일반","63","관리자","참가","20250212","F","159.4","63.1","45.9","94.5","58","132","25.7","30",,,"3.7",,,,,,"24.8","14",,,"131",,,,,,"47.5",,,,,,,,"114","28.7",,,"0.329",,,,,,,
"2","동구(인천)","어르신","일반","70","관리자","2등급","20250212","F","161.4","66.5","36.7",,"92","156","24.7","26.6",,,"16.1",,,,,,"25.5",,,,,"23",,"117","5.84","24.31","40.0",,,,,,,,,,,,,,,,,,,"26.6"
"2","동작","성인","일반","24","관리자","2등급","20250212","F","164.9","56.9","30.7","68","77","123","29.7","29",,,"21.7",,,,,,"20.9","31",,,"165",,,,,,"52.2",,,"95","129","154",,"37.3",,,,,"0.364",,,,,,,
"1","동작","성인","일반","61","관리자","2등급","20250212","F","161.1","60.2","25.2","80.2","85","133","31.8","34.1",,,"18.4",,,,,,"23.2","31",,,"137",,,,,,"56.6",,,"95","124","147",,"30.4",,,,,"0.411",,,,,,,
"2","동구(인천)","성인","일반","23","관리자","3등급","20250212","M","174.7","73.9","16.6",,"56","125","52.1","46",,,"18.6",,,,,,"24.2","62","51",,"224",,,,,,"70.5",,"44.2",,,,,,,,,,"0.387",,,,,,,
"2","동구(인천)","성인","일반","61","관리자","참가","20250212","M","166.8","82.8","34",,"93","133","42.8","42.2",,,"7.1",,,,,,"29.8","23","21",,"137",,,,,,"51.7",,"33.0",,,,,,,,,,"0.404",,,,,,,
"6","청주","성인","일반","53","관리자","참가","20250212","M","171.2","72","24","86.9","67","129","44.3","45.1",,,"4.3",,,,,,"24.6","25",,,"180",,,,,,"62.6",,,,,,,,"83","42.6",,,"0.295",,,,,,,
"36","청주","어르신","일반","70","관리자","1등급","20250212","M","162.4","68.2","27.7","90.5","73","132","43.5","43.3",,,"20.2",,,,,,"25.9",,,,,"35",,"138","4.8","17.8","63.8",,,,,,,,,,,,,,,,,,,"43.5"
"3","청주","어르신","일반","67","관리자","2등급","20250212","F","159.8","53.2","34.6","41","92","158","26.2","25.6",,,"17.1",,,,,,"20.8",,,,,"27",,"124","4.8","18","49.2",,,,,,,,,,,,,,,,,,,"26.2"
"14","청주","어르신","일반","70","관리자","1등급","20250212","F","160.1","57.8","34.3","82","67","138","26.7","26.8",,,"18.7",,,,,,"22.5",,,,,"22",,"125","4.6","18.4","46.4",,,,,,,,,,,,,,,,,,,"26.8"
"1","정읍","청소년","출장","14","관리자","참가","20250212","M","161.9","49.8","24.1",,"79","111","21.3","23.4","18",,"22.1","27.98","0.318","63.602","11","64.108","19.0",,"10",,,,,,,,"47.0",,"38.3",,,,,,,,,,,,,,,,,
"1","정읍","청소년","출장","13","관리자","참가","20250212","F","154.7","36.8","24.2",,"76","124","21.6","22","1",,"-6.6","23.17","0.433","48.778","23","49.836","15.4",,"29",,,,,,,,"59.8",,"38.9",,,,,,,,,,,,,,,,,
"1","정읍","유소년","출장","12","관리자","참가","20250212","M","162.5","56.6",,"59",,,"28.5","28.2","31",,"11",,,,,,"21.4",,"21",,"155",,,,,,"50.4",,,,,,,,,,,,,,"0.36","31","8",,,
"1","정읍","청소년","출장","14","관리자","참가","20250212","F","157.6","54.6","36.3",,"68","109","26.2","30.3","30",,"21","21.56","0.433","53.028","11","53.534","22.0",,"3",,,,,,,,"55.5",,"30.4",,,,,,,,,,,,,,,,,
"1","정읍","청소년","출장","13","관리자","참가","20250212","F","166.1","80.9","44.8",,"76","129","22.3","25.8","1",,"12","35.4","0.352","54.127","9","54.541","29.3",,"9",,,,,,,,"31.9",,"27.6",,,,,,,,,,,,,,,,,
"1","정읍","청소년","출장","13","관리자","2등급","20250212","M","169.3","81.7","29.8",,"76","115","39","40.1","58",,"11.6","22.57","0.514","52.464","12","53.016","28.5",,"42",,,,,,,,"49.1",,"39.5",,,,,,,,,,,,,,,,,
"1","정읍","유소년","출장","12","관리자","참가","20250212","F","164.6","54.3",,"76",,,"21.4","24","31",,"31.2",,,,,,"20.0",,"26",,"147",,,,,,"44.2",,,,,,,,,,,,,,"0.46","36","8",,,
"1","정읍","유소년","출장","12","관리자","참가","20250212","F","167","68.7",,"87",,,"32.1","34.8","80",,"27.6",,,,,,"24.6",,"20",,"182",,,,,,"50.7",,,,,,,,,,,,,,"0.52","45","14",,,
"1","정읍","청소년","출장","13","관리자","참가","20250212","M","163.6","78.3","44",,"70","129","24.1","27.3","1",,"17.6","23.34","0.403","46.954","12","47.506","29.3",,"13",,,,,,,,"34.9",,"33.4",,,,,,,,,,,,,,,,,
"3","정읍","유소년","출장","12","관리자","참가","20250212","M","161.5","76.8",,"98",,,"33.6","42.5","28",,"15",,,,,,"29.4",,"32",,"167",,,,,,"55.3",,,,,,,,,,,,,,"0.61","42","8",,,
"1","정읍","유소년","출장","12","관리자","참가","20250212","M","162","85.4",,"97",,,"26.2","28.9","11",,"-7",,,,,,"32.5",,"12",,"143",,,,,,"33.8",,,,,,,,,,,,,,"0.60","37","9",,,
"2","정읍","청소년","출장","13","관리자","2등급","20250212","M","164.2","70.3","26.9",,"71","123","33.7","37","59",,"20.6","19.91","0.504","51.476","11","51.982","26.1",,"52",,,,,,,,"52.6",,"42.7",,,,,,,,,,,,,,,,,
"3","정읍","청소년","출장","14","관리자","참가","20250212","F","160.9","65.2","33.8",,"75","126","27.6","25.5","10",,"18.5","23.9","0.408","73.68","11","74.186","25.2",,"10",,,,,,,,"42.3",,"30.1",,,,,,,,,,,,,,,,,
"2","정읍","청소년","출장","13","관리자","2등급","20250212","M","157.8","55.4","21.5",,"62","128","27.5","32.3","80",,"11.4","20.88","0.511","52.472","6","52.748","22.2",,"41",,,,,,,,"58.3",,"42.6",,,,,,,,,,,,,,,,,
"3","정읍","청소년","출장","14","관리자","참가","20250212","F","158.2","42.4","20.3",,"69","110","22","22.5","36",,"-2","22.61","0.467","45.478","3","45.616","16.9",,"35",,,,,,,,"53.1",,"39.3",,,,,,,,,,,,,,,,,
"2","정읍","청소년","출장","14","관리자","참가","20250212","M","156.1","48.6","18.6",,"63","106","30","31.1","25",,"0","21.81","0.562","48.26","8","48.628","19.9",,"11",,,,,,,,"64.0",,"38.0",,,,,,,,,,,,,,,,,
"1","정읍","청소년","출장","13","관리자","참가","20250212","M","150.7","58.4","44.7",,"71","122","16.4","22.1","12",,"-7","20","0.436","54.731","14","55.375","25.7",,"11",,,,,,,,"37.8",,"34.9",,,,,,,,,,,,,,,,,
"1","정읍","청소년","출장","14","관리자","참가","20250212","F","156","42.2","25.9",,"67","110","20.6","26.9","6",,"11.4","23.2","0.405","56.56","11","57.066","17.3",,"28",,,,,,,,"63.7",,"37.7",,,,,,,,,,,,,,,,,
"1","정읍","유소년","출장","12","관리자","참가","20250212","F","148.4","63.6",,"88",,,"23.1","19.6","19",,"16.4",,,,,,"28.9",,"16",,"124",,,,,,"36.3",,,,,,,,,,,,,,"0.59","29","8",,,
"2","정읍","유소년","출장","12","관리자","참가","20250212","F","159.8","43.9",,"61",,,"19.7","20.6","25",,"8.2",,,,,,"17.2",,"20",,"158",,,,,,"46.9",,,,,,,,,,,,,,"0.38","34","5",,,
"1","정읍","유소년","출장","12","관리자","참가","20250212","F","151.7","61.7",,"79",,,"22.4","29.9","12",,"25.3",,,,,,"26.8",,"16",,"130",,,,,,"48.5",,,,,,,,,,,,,,"0.52","26","3",,,
"1","정읍","유소년","출장","12","관리자","참가","20250212","F","151.3","45.8",,"78",,,"19.1","20","35",,"6",,,,,,"20.0",,"18",,"123",,,,,,"43.7",,,,,,,,,,,,,,"0.52","35","10",,,
"1","정읍","청소년","출장","14","관리자","3등급","20250212","F","162","52.6","27.8",,"70","113","20.6","22.6","28",,"12","38.1","0.312","52.09","14","52.734","20.0",,"23",,,,,,,,"43.0",,"35.3",,,,,,,,,,,,,,,,,
"1","정읍","유소년","출장","12","관리자","참가","20250212","M","151.7","34",,"68",,,"19.4","18.7","56",,"11",,,,,,"14.8",,"42",,"170",,,,,,"57.1",,,,,,,,,,,,,,"0.45","38","13",,,
"3","충주","성인","일반","25","관리자","2등급","20250212","F","164.6","48.8","29.7","69","62","100","17.9","23.6",,,"21.9",,,,,,"18.0","33",,"13.23",,,,,,,"48.4",,,,,,,,"134","37.3",,,,"0.450",,,,,,
"6","포항","성인","일반","56","관리자","참가","20250212","F","155.5","54.8","38.1",,"97","153","21.6","23.6",,,"17",,,,,,"22.7","19","9","15.05","115",,,,,,"43.1",,"28.8",,,,,,,,,,,,,,,,,
"1","KSPO송파","성인","일반","20","관리자","참가","20250212","M","173.5","68.7","22.7","82.4","76","126","37.3","41.6",,,"18.8",,,,,,"22.8","40","31",,,,,,,,"60.6",,"40.5",,,,,,,,,,"0.370","0.550",,,,,,
"1","마포","어르신","일반","75","관리자","참가","20250212","M","163.2","55.5","27.7",,"66","129","31.8","28.4",,,"-1.7",,,,,,"20.8",,,,,"15",,"89","7.43","34.72","57.3",,,,,,,,,,,,,,,,,,,"31.8"
"4","청주","성인","일반","58","관리자","참가","20250212","F","151.8","57.2","41.8","83.6","66","131","20.7","22.8",,,"16.3",,,,,,"24.8","25",,,"110",,,,,,"39.9",,,,,,,,,,,,"0.466",,,,,,,
"1","마포","어르신","일반","66","관리자","1등급","20250212","M","166.5","66.4","23.3",,"76","133","43.4","44.7",,,"14.8",,,,,,"24.0",,,,,"27",,"130","4.18","16.69","67.3",,,,,,,,,,,,,,,,,,,"44.7"
"5","북구(광주)","성인","일반","63","관리자","3등급","20250212","M","163.1","61.1","28.6","84.1","82","137","35.9","33.7",,,"10.9",,,,,,"23.0","40",,,"158",,,,,,"58.8",,,,,,,,"136","34.1",,,"0.355",,,,,,,
"7","양평","어르신","일반","82","관리자","1등급","20250212","M","160.6","57.3","24.5",,"83","156","30.7","33.8",,,"6.9",,,,,,"22.2",,,,,"25",,"118","5.97","24.25","59.0",,,,,,,,,,,,,,,,,,,"33.8"
"2","순천","성인","일반","61","관리자","참가","20250212","M","166.5","69.6","27","87.2","94","146","39.7","41.9",,,"2.3",,,,,,"25.1","26",,,,,,,,,"60.2",,,,,,,,"114","36.2",,,"0.398","0.526",,,,,,
"8","천안","어르신","일반","77","관리자","참가","20250212","M","158","63.8","36.4",,"67","128","29.8","32.7",,,"2.5",,,,,,"25.6",,,,,"19",,"104","7.34","33","51.3",,,,,,,,,,,,,,,,,,,"32.7"
"1","서구(광주)","성인","일반","19","관리자","참가","20250212","M","175","57","13.4","67","85","129","20.7","35.1",,,"-6.4",,,,,,"18.6","50",,,,,,,,,"61.6",,,,,,,,"108","50.9",,,"0.330","0.596",,,,,,
"1","순천","성인","일반","60","관리자","참가","20250212","M","165.9","68.8","28.6","89","87","148","34.6","43.5",,,"-2.8",,,,,,"25.0","36",,,,,,,,,"63.2",,,,,,,,"102","38.3",,,"0.402","0.477",,,,,,
"7","안산","어르신","일반","78","관리자","1등급","20250212","M","158.3","65.7","22.6","84","99","156","37.9","36.1",,,"8.9",,,,,,"26.2",,,,,"39",,"124","5.03","17.27","57.7",,,,,,,,,,,,,,,,,,,"37.9"
"1","강릉","성인","일반","27","관리자","참가","20250212","M","176.0","81.0","34.2","101.2","90","133","45.4","41.9",,,"8.1",,,,,,"26.1","33","27",,"187",,,,,,"56.0",,"37.2",,,,,,,,,,"0.312",,,,,,,
"3","천안","청소년","일반","18","관리자","참가","20250212","M","172.5","75.9","26.6",,"86","131","37.5","41.4","14",,"18.3","20.53","0.639","43.548","7","43.870","25.5",,"38",,,,,,,,"54.5",,"40.6",,,,,,,,,,,,,,,,,
"1","세종","성인","일반","23","관리자","2등급","20250212","M","173","68.1","12.2","71.9","81","122","40.4","41.3",,,"17.3",,,,,,"22.8","51","64",,"204",,,,,,"60.6",,"48.1",,,,,,,,,,"0.312",,,,,,,
"5","청주","성인","일반","60","관리자","2등급","20250212","F","156.7","51.2","27","70.1","75","126","23.3","23.3",,,"19.5",,,,,,"20.9","22",,,"109",,,,,,"45.5",,,,,,,,"104","33.2",,,"0.339",,,,,,,
"6","광주","어르신","일반","65","관리자","3등급","20250212","F","145.4","52.4","41.2",,"69","138","24.4","22.5",,,"14.8",,,,,,"24.8",,,,,"19",,"112","5.99","23.51","46.6",,,,,,,,,,,,,,,,,,,"24.4"
"1","달서","성인","일반","19","관리자","참가","20250212","M","173.3","71.9","21","87.3","79","118","45.2","50.5",,,"-1.3",,,,,,"23.9","34",,,"197",,,,,,"70.2",,,,,,,,"125","44.9",,,"0.34",,,,,,,
"1","광주","어르신","일반","68","관리자","2등급","20250212","F","148.3","49.5","30",,"76","140","19.2","19.4",,,"21.2",,,,,,"22.5",,,,,"24",,"109","5.98","22.66","39.2",,,,,,,,,,,,,,,,,,,"19.4"
"3","순천","성인","일반","60","관리자","참가","20250212","M","172.1","79.3","33.6","100.8","81","136","40","39.9",,,"9.5",,,,,,"26.8","23",,,,,,,,,"50.4",,,,,,,,"76","40.3",,,"0.277","0.378",,,,,,
"2","익산","성인","출장","54","관리자","참가","20250212","M","169.6","72.6","25.1",,"80","127","34.1","36.7",,,"12",,,,,,"25.2","32","25",,"160",,,,,,"50.6",,"35.9",,,,,,,,,,"0.539",,,,,,,
"1","연제","어르신","일반","75","관리자","3등급","20250212","M","167.6","78.1","37.2",,"88","150","29.9","32.9",,,"2.4",,,,,,"27.8",,,,,"21",,"103","5.8","23.1","42.1",,,,,,,,,,,,,,,,,,,"32.9"
"2","달서","성인","일반","19","관리자","참가","20250212","M","173.3","67.9","18.2","79.8","77","119","37.9","42.7",,,"5.5",,,,,,"22.6","35",,,"197",,,,,,"62.9",,,,,,,,"86","51.6",,,"0.3",,,,,,,
"1","부천","성인","일반","24","관리자","참가","20250212","F","163.8","50.8","33.6",,"66","124","17.9","20.7",,,"17.8",,,,,,"18.9","0",,,"141",,,,,,"40.7",,,"76","125","155",,"38.9",,,,,"0.320",,,,,,,
"5","광주","어르신","일반","72","관리자","3등급","20250212","M","160.5","56.8","17.8",,"68","139","32.4","29.3",,,"15",,,,,,"22.0",,,,,"23",,"116","6.45","24.50","57.0",,,,,,,,,,,,,,,,,,,"32.4"
"2","화성","성인","일반","33","관리자","3등급","20250212","M","178.9","92.8","19.7",,"84","130","47.8","57.8",,,"9.4",,,,,,"29.0","48",,"9.7","230",,,,,,"62.3",,,,,,,,"106","40.1",,,,,,,,,,
"3","KSPO송파별관(어르신)","어르신","일반","66","관리자","2등급","20250213","M","160","62.1","30.4",,"98","150","32.8","32.1",,,"7.6",,,,,,"24.3",,,,,"27",,"118","5.21","19.74","52.8",,,,,,,,,,,,,,,,,,,"32.8"
"1","화성","성인","일반","61","관리자","참가","20250213","F","158.1","60.5","40.4",,"77","137","26.2","25.6",,,"20.8",,,,,,"24.2","4","8",,"115",,,,,,"43.3",,"27.5",,,,,,,,,,"0.427",,,,,,,
"2","화성","성인","일반","57","관리자","3등급","20250213","F","151.2","49.9","34.2",,"86","148","21.7","25.7",,,"20.7",,,,,,"21.8","10","11",,,,,,,,"51.5",,"30.1",,,,,,,,,,"0.368","0.415",,,,,,
"2","화성","성인","일반","58","관리자","참가","20250213","M","178.7","62.3","16.8",,"99","147","42.9","42.6",,,"7.1",,,,,,"19.5","5",,,"188",,,,,,"68.9",,,,,,,,"128","37.4",,,"0.406",,,,,,,
"1","강북","어르신","일반","67","관리자","참가","20250213","M","169.8","70.6","22.3","86.3","88","151","43.9","43.8",,,"-6",,,,,,"24.5",,,,,"17",,"94","5","22.6","62.2",,,,,,,,,,,,,,,,,,,"43.9"
"3","목포","성인","일반","57","관리자","3등급","20250213","M","175.9","63","15.9","80.8","86","132","34.6","38.9",,,"16",,,,,,"20.4","40","18",,"165",,,,,,"61.7",,"35.3",,,,,,,,,,"0.332",,,,,,,
"5","동구(광주)","어르신","일반","66","관리자","3등급","20250213","M","167.7","70.2","29.2","87.3","64","108","29.5","33.1",,,"14.5",,,,,,"25.0",,,,,"30",,"162","4.01","16.26","47.2",,,,,,,,,,,,,,,,,,,"33.1"
"6","원주","어르신","일반","82","관리자","2등급","20250213","M","167.7","69.8","32.3","92","62","149","26.2","32.2",,,"6.4",,,,,,"24.8",,,,,"18",,"95","5.56","26.06","46.1",,,,,,,,,,,,,,,,,,,"32.2"
"1","목포","성인","일반","59","관리자","3등급","20250213","M","178.1","57.4","14.4","75.4","92","148","33.9","33.8",,,"6.4",,,,,,"18.1","27","20","14.62","156",,,,,,"59.1",,"36.4",,,,,,,,,,,,,,,,,
"13","KSPO아산","어르신","일반","73","관리자","3등급","20250213","F","147.3","53.2","36.0","91.0","59","150","19.1","21.2",,,"10.1",,,,,,"24.5",,,,,"21",,"128","5.8","23.8","39.8",,,,,,,,,,,,,,,,,,,"21.2"
"13","세종","어르신","일반","81","관리자","2등급","20250213","M","158.7","63.7","32","85.5","87","142","26.9","30.7",,,"1.5",,,,,,"25.3",,,,,"33",,"137","5.15","23.03","48.2",,,,,,,,,,,,,,,,,,,"30.7"
"14","세종","어르신","일반","74","관리자","참가","20250213","F","149.1","53.2","36.5","76.7","85","139","20","19.6",,,"6.4",,,,,,"23.9",,,,,"34",,"139","4.96","19.26","37.6",,,,,,,,,,,,,,,,,,,"20.0"
"4","제주","성인","일반","44","관리자","1등급","20250213","F","160","45","10.8","61.8","76","130","24","21.1",,,"27.6",,,,,,"17.6","42","32","12.32","184",,,,,,"53.3",,"38.0",,,,,,,,,,,,,,,,,
"4","광주","어르신","일반","68","관리자","3등급","20250213","F","154.6","56.5","25.8",,"71","139","26.7","27.4",,,"13.5",,,,,,"23.6",,,,,"32",,"110","4.87","16.68","48.5",,,,,,,,,,,,,,,,,,,"27.4"
"2","연제","성인","일반","38","관리자","1등급","20250213","F","156.2","48.1","21.9",,"85","127","24.8","25.2",,,"19.8",,,,,,"19.7","41",,"11.3","167",,,,,,"52.4",,,,,,,,"98","38.7",,,,,,,,,,
"4","광주","어르신","일반","68","관리자","2등급","20250213","F","150.3","59.5","37.5",,"86","155","25.3","27.8",,,"17.6",,,,,,"26.3",,,,,"30",,"115","5.27","18.36","46.7",,,,,,,,,,,,,,,,,,,"27.8"
"1","고양","성인","일반","26","관리자","참가","20250213","M","174.2","65.6","16.9",,"80","125","37.4","42.4",,,"-0.2",,,,,,"21.6","41",,"12.02","202",,,,,,"64.6",,,,,,,,"137","42.9",,,,,,,,,,
"3","서대문","성인","일반","47","관리자","2등급","20250213","F","160.6","58.6","26.4",,"52","113","25","26.6",,,"25.8",,,,,,"22.7","37",,,,,,,,,"45.4",,,,,,,,"101","34.5",,,"0.414","0.446",,,,,,
"3","영암","성인","일반","50","관리자","참가","20250213","F","163.9","64.6","35.3",,"91","149","27.7","28.9",,,"15.9",,,,,,"24.0","7",,,"143",,,,,,"44.7",,,,,,,,"123","30.1",,,"0.483",,,,,,,
"1","서구(광주)","어르신","일반","65","관리자","참가","20250213","M","167.8","74","21.1","88","76","121","43.5","48",,,"-1.3",,,,,,"26.3",,,,,"19",,"111","5.28","22.79","64.9",,,,,,,,,,,,,,,,,,,"48.0"
"16","군산","성인","일반","52","관리자","2등급","20250213","F","165.9","60.3","33.1","69.5","81","126","22","25.5",,,"19.3",,,,,,"21.9","20",,,,,,,,,"42.3",,,"79","100","120",,"35.7",,,,,"0.407","0.408",,,,,,
"18","군산","성인","일반","57","관리자","참가","20250213","F","164","55.8","35.5","63","83","123","19.3","21.3",,,"24.7",,,,,,"20.7","6",,,,,,,,,"38.2",,,"83","111","128",,"35.2",,,,,"0.358","0.345",,,,,,
"1","양평","성인","일반","22","관리자","참가","20250213","F","165.8","51.6","21.6",,"60","102","24.2","23.3",,,"25.5",,,,,,"18.8","8",,,,,,,,,"46.9",,,,,,,,"100","41.5",,,"0.368","0.417",,,,,,
"3","부천","성인","일반","62","관리자","참가","20250213","M","166.8","71.2","24.6",,"94","150","37.4","40.4",,,"3.2",,,,,,"25.6","29",,,"154",,,,,,"56.7",,,,,,,,"134","32.7",,,"0.344",,,,,,,
"1","고양","청소년","일반","18","관리자","참가","20250213","M","176","61.6","13.3",,"68","112","43.3","51.3",,"38","7.2","18.9","0.801","64.026","8","64.394","19.9",,"20",,,,,,,,"83.3",,"40.0",,,,,,,,,,,,,,,,,
"5","KSPO송파별관(어르신)","어르신","일반","65","관리자","2등급","20250213","F","154.2","64.2","39.9",,"78","140","26.8","28.2",,,"17.5",,,,,,"27.0",,,,,"24",,"115","5.87","20.81","43.9",,,,,,,,,,,,,,,,,,,"28.2"
"2","KSPO대구","성인","일반","43","관리자","3등급","20250213","M","179.5","86.3","23.3","94","90","138","50.2","54.2",,,"8.6",,,,,,"26.8","47",,,"210",,,,,,"62.8",,,"66","106","125","163","38.5",,,,,"0.34",,,,,,,
"13","군산","성인","일반","59","관리자","참가","20250213","F","162.3","60.4","29.6","79","84","135","27.2","28.2",,,"17.9",,,,,,"22.9","23","9",,"158",,,,,,"46.7",,"27.9",,,,,,,,,,"0.405",,,,,,,
"1","KSPO송파","성인","일반","25","관리자","참가","20250213","M","173.2","83.1","25.7","93.4","95","145","36.9","43.6",,,"-3",,,,,,"27.7","39",,,"195",,,,,,"52.5",,,,,,,,"84","47.0",,,"0.373",,,,,,,
"1","사하","성인","일반","50","관리자","3등급","20250213","M","178.1","77.4","24.4","87.8","87","129","44.6","47.6",,,"12.3",,,,,,"24.4","29","31",,"195",,,,,,"61.5",,"36.8",,,,,,,,,,"0.320",,,,,,,
"1","서구(광주)","성인","일반","59","관리자","3등급","20250213","F","159","55.1","28.9","70","71","108","22.3","24.7",,,"24.3",,,,,,"21.8","12",,,,,,,,,"44.8",,,,,,,,"90","34.3",,,"0.423","0.391",,,,,,
"5","KSPO송파","성인","일반","28","관리자","참가","20250213","F","164.6","51.7","20.7","70.6","81","123","25.5","25.7",,,"23.9",,,,,,"19.1","18",,,,,,,,,"49.7",,,,,,,,"114","38.5",,,"0.336","0.451",,,,,,
"1","서구(대전)","성인","일반","28","관리자","1등급","20250213","M","167.1","69","8.3",,"73","126","58.5","65.4",,,"18.7",,,,,,"24.7","53","62",,"223",,,,,,"94.8",,"47.2",,,,,,,,,,"0.307",,,,,,,
"1","사천","성인","일반","39","관리자","참가","20250213","F","158.1","59.1","36.1","81.9","59","103","19.4","25.2",,,"7.5",,,,,,"23.6","21",,,"150",,,,,,"42.6",,,"57","124","148",,"35.5",,,,,"0.460",,,,,,,
"1","나주","어르신","출장","67","관리자","참가","20250213","F","149","58.4","44.8","87","82","126","20.7","20.1",,,"5.8",,,,,,"26.3",,,,,"18",,"108","7.18","21.77","35.4",,,,,,,,,,,,,,,,,,,"20.7"
"9","익산","성인","일반","32","관리자","3등급","20250213","M","183.5","86.9","20.2","86","98","142","42.9","45.6",,,"6.2",,,,,,"25.8","49",,"11.19",,,,,,,"52.5",,,,,,,,"86","44.9",,,,"0.531",,,,,,
"1","화성","성인","일반","60","관리자","1등급","20250213","F","162.9","67.1","33.9",,"94","157","33.4","31.2",,,"21.7",,,,,,"25.3","21",,,"120",,,,,,"49.8",,,"85","105","124",,"31.8",,,,,"0.437",,,,,,,
"1","화성","어르신","일반","66","관리자","2등급","20250213","F","155.4","56.6","33.9",,"69","132","25.2","26.4",,,"18",,,,,,"23.4",,,,,"30",,"124","4.28","17.72","46.6",,,,,,,,,,,,,,,,,,,"26.4"
"1","나주","어르신","출장","65","관리자","3등급","20250213","F","153.4","57.8","36.3","82","84","126","21.4","24.3",,,"22.5",,,,,,"24.6",,,,,"19",,"97","5.54","24.11","42.0",,,,,,,,,,,,,,,,,,,"24.3"
"7","광주","어르신","일반","74","관리자","참가","20250213","F","145.4","43.1","31.9",,"83","158","9.3","12.9",,,"12",,,,,,"20.4",,,,,"12",,"109","6.08","24.11","29.9",,,,,,,,,,,,,,,,,,,"12.9"
"2","나주","어르신","출장","73","관리자","1등급","20250213","F","149.3","48.6","39.9","74","61","127","24.6","25.7",,,"26",,,,,,"21.8",,,,,"25",,"115","4.62","19.41","52.9",,,,,,,,,,,,,,,,,,,"25.7"
"1","수원","성인","일반","33","관리자","3등급","20250213","M","179.8","78.8","22.1","87","79","123","45.5","50",,,"13.6",,,,,,"24.4","39",,,"193",,,,,,"63.5",,,,,,,,"122","40.9",,,"0.46",,,,,,,
"1","신안","성인","일반","60","관리자","참가","20250213","M","175","75","25.8","95","95","142","43.5","45.8",,,"4.1",,,,,,"24.5","17",,"14",,,,,,,"61.1",,,,,,,,"118","35.3",,,,"0.43",,,,,,
"5","나주","어르신","출장","73","관리자","3등급","20250213","F","155.2","67.1","43.7","91","89","128","23.4","24.8",,,"25.2",,,,,,"27.9",,,,,"22",,"82","5.7","26","37.0",,,,,,,,,,,,,,,,,,,"24.8"
"1","창원","성인","일반","54","관리자","참가","20250213","F","157.8","52.2","33.4","73","58","114","21.6","22.1",,,"15.4",,,,,,"21.0","0",,,,,,,,,"42.3",,,,,,,,"111","33.3",,,"0.520","0.340",,,,,,
"3","창원","성인","일반","53","관리자","1등급","20250213","F","157.5","60","33.7","75","85","144","23.9","27.4",,,"19.9",,,,,,"24.2","31",,,"158",,,,,,"45.7",,,,,,,,"102","32.6",,,"0.262",,,,,,,
"5","포천","어르신","일반","72","관리자","2등급","20250213","M","163.4","62.3","17.6","83","71","145","39.4","40.9",,,"5.7",,,,,,"23.3",,,,,"26",,"120","5.06","20.34","65.7",,,,,,,,,,,,,,,,,,,"40.9"
"6","나주","어르신","출장","75","관리자","2등급","20250213","F","153.9","46.1","23.8","80.5","73","127","21.3","24.3",,,"19",,,,,,"19.5",,,,,"15",,"116","7","26.28","52.7",,,,,,,,,,,,,,,,,,,"24.3"
"1","수원","성인","일반","44","관리자","참가","20250213","F","161","44.7","13.8","68","60","113","21.3","22.4",,,"16.8",,,,,,"17.2","16",,"14.8","128",,,,,,"50.1",,,"73","93","112",,"41.7",,,,,,,,,,,,
"1","수원","성인","일반","28","관리자","3등급","20250213","F","165.2","60.7","29.7","67","81","140","28.2","31.4",,,"16.9",,,,,,"22.2","34",,,"142",,,,,,"51.7",,,"65","101","122",,"40.0",,,,,"0.446",,,,,,,
"2","사천","성인","일반","64","관리자","3등급","20250213","F","160.7","62.7","35.2","88.2","86","116","22.8","27",,,"26.5",,,,,,"24.3","10",,,,,,,,,"43.1",,,,,,,,"105","29.9",,,"0.428","0.378",,,,,,
"1","수원","성인","일반","24","관리자","3등급","20250213","F","168.5","67","34.6","70","68","103","29.4","34.7",,,"12.7",,,,,,"23.6","33",,,"134",,,,,,"51.8",,,,,,,,"96","38.0",,,"0.398",,,,,,,
"3","구미","성인","일반","27","관리자","참가","20250213","M","174.9","94.9","25.4","100.5","76","137","45.3","50.6",,,"3.5",,,,,,"31.0","50","50",,"190",,,,,,"53.3",,"40.6",,,,,,,,,,"0.319",,,,,,,
"1","나주","어르신","출장","79","관리자","참가","20250213","F","148.1","70.1","46.3","95","62","127","20.4","22.9",,,"26.4",,,,,,"32.0",,,,,"10",,"108","8.12","25.18","32.7",,,,,,,,,,,,,,,,,,,"22.9"
"2","나주","어르신","출장","66","관리자","참가","20250213","F","150.2","57.5","41.6","84","79","117","14.8","23.9",,,"7.8",,,,,,"25.5",,,,,"18",,"118","5.73","27.1","41.6",,,,,,,,,,,,,,,,,,,"23.9"
"3","나주","어르신","출장","68","관리자","2등급","20250213","F","160.7","63.4","35.8","72","62","124","24.3","25.2",,,"18.8",,,,,,"24.6",,,,,"32",,"115","4.12","19.54","39.7",,,,,,,,,,,,,,,,,,,"25.2"
"3","원주","성인","일반","45","관리자","3등급","20250213","M","173.6","74.6","23.9","87","74","133","39.9","40.9",,,"5.9",,,,,,"24.8","46",,,"210",,,,,,"54.8",,,,,,,,"114","39.6",,,"0.298",,,,,,,
"1","나주","어르신","출장","74","관리자","2등급","20250213","F","157.4","65.1","39.4","86","80","129","24.8","27.3",,,"23",,,,,,"26.3",,,,,"21",,"102","5.24","20.74","41.9",,,,,,,,,,,,,,,,,,,"27.3"
"3","나주","어르신","출장","77","관리자","3등급","20250213","F","146.3","52.2","37.6","80","68","128","24.3","24.9",,,"10.5",,,,,,"24.4",,,,,"26",,"118","6.31","23.23","47.7",,,,,,,,,,,,,,,,,,,"24.9"
"1","나주","어르신","출장","79","관리자","3등급","20250213","F","153.2","75","49.1","99","78","123","26.1","23.6",,,"8",,,,,,"32.0",,,,,"17",,"76","6.56","23.33","34.8",,,,,,,,,,,,,,,,,,,"26.1"
"2","사천","성인","일반","27","관리자","2등급","20250213","M","169.9","60.8","10.8","72.4","76","124","36.7","40.4",,,"13.7",,,,,,"21.1","58","61",,"251",,,,,,"66.4",,"48.2",,,,,,,,,,"0.310",,,,,,,
"4","나주","어르신","출장","71","관리자","참가","20250213","F","155.2","53.3","32.7","74","67","128","10.9","15.7",,,"25.5",,,,,,"22.1",,,,,"22",,"128","7.11","29.73","29.5",,,,,,,,,,,,,,,,,,,"15.7"
"2","사하","성인","일반","23","관리자","1등급","20250213","F","159.6","48.4","25.8","70.9","77","114","27.1","28.1",,,"21.5",,,,,,"19.0","36",,"13.23","166",,,,,,"58.1",,,,,,,,"105","40.8",,,,,,,,,,
"1","나주","어르신","출장","65","관리자","3등급","20250213","F","153.4","78.1","44.9","93","80","118","25.5","26.4",,,"18",,,,,,"33.2",,,,,"21",,"105","5.81","23.95","33.8",,,,,,,,,,,,,,,,,,,"26.4"
"2","시흥","성인","일반","63","관리자","3등급","20250213","M","169.6","64.7","23.9","79","66","109","39.8","43.9",,,"3.5",,,,,,"22.5","19","16",,"174",,,,,,"67.9",,"34.2",,,,,,,,,,"0.378",,,,,,,
"1","구미","성인","일반","23","관리자","참가","20250213","M","174.2","59","19.1","79","63","139","44.2","48.6",,,"7.9",,,,,,"19.4","36",,,,,,,,,"82.4",,,"88","117","130","167","49.4",,,,,"0.328","0.63",,,,,,
"5","나주","어르신","출장","80","관리자","1등급","20250213","F","155.7","56.4","34.4","81","68","128","21.9","25.5",,,"19.6",,,,,,"23.3",,,,,"15",,"140","6.17","22.02","45.2",,,,,,,,,,,,,,,,,,,"25.5"
"4","나주","어르신","출장","66","관리자","2등급","20250213","F","153.5","51","31.1","75","79","117","23.9","22.5",,,"17",,,,,,"21.6",,,,,"23",,"116","5.83","22.26","46.9",,,,,,,,,,,,,,,,,,,"23.9"
"3","연제","성인","일반","46","관리자","2등급","20250213","F","156.9","55.3","24.6",,"65","117","23.4","24.9",,,"26.0",,,,,,"22.5","37",,"12.9","152",,,,,,"45.0",,,"65","78","99",,"39.6",,,,,,,,,,,,
"4","나주","어르신","출장","77","관리자","1등급","20250213","F","148.8","57.1","39.2","77","68","127","25.5","26.7",,,"23",,,,,,"25.8",,,,,"20",,"124","6.23","25.26","46.8",,,,,,,,,,,,,,,,,,,"26.7"
"3","KSPO송파별관(어르신)","어르신","일반","79","관리자","3등급","20250213","M","161.4","65.8","43.1",,"79","144","25","28.6",,,"-1",,,,,,"25.3",,,,,"21",,"103","6.11","26.4","43.5",,,,,,,,,,,,,,,,,,,"28.6"
"4","나주","어르신","출장","77","관리자","3등급","20250213","F","151.6","57.9","37.2","85","82","122","19.7","20.3",,,"15.6",,,,,,"25.2",,,,,"17",,"84","5.43","22.36","35.1",,,,,,,,,,,,,,,,,,,"20.3"
"6","KSPO송파별관(어르신)","어르신","일반","76","관리자","1등급","20250213","M","173.3","80.6","29.2",,"80","144","39.9","42.4",,,"10",,,,,,"26.8",,,,,"24",,"112","4.8","20.28","52.6",,,,,,,,,,,,,,,,,,,"42.4"
"2","나주","어르신","출장","68","관리자","참가","20250213","F","159.3","54.6","39.1","71","69","128","21.4","23.2",,,"1.2",,,,,,"21.5",,,,,"15",,"139","5.74","21.99","42.5",,,,,,,,,,,,,,,,,,,"23.2"
"1","KSPO광주","성인","일반","23","관리자","참가","20250213","F","160.6","53.2","33.9","71.2","71","115","16.2","17.2",,,"25.9",,,,,,"20.6","35",,,,,,,,,"32.3",,,,,,,,"120","37.9",,,"0.415","0.426",,,,,,
"4","나주","어르신","출장","72","관리자","참가","20250213","F","157.2","64","32.6","83","80","119","29","32.4",,,"25.1",,,,,,"25.9",,,,,"21",,"38","5.73","23.25","50.6",,,,,,,,,,,,,,,,,,,"32.4"
"5","서구(대전)","성인","일반","36","관리자","참가","20250213","M","177.6","93.5","29.8",,"88","139","46.8","49.5",,,"9.3",,,,,,"29.6","43",,,"200",,,,,,"52.9",,,,,,,,"120","37.0",,,"0.310",,,,,,,
"7","나주","어르신","출장","78","관리자","참가","20250213","F","159.5","51.8","26.8","74","82","122","23.3","23.5",,,"15.1",,,,,,"20.4",,,,,"15",,"62","7.55","29.27","45.4",,,,,,,,,,,,,,,,,,,"23.5"
"1","고양","성인","일반","50","관리자","3등급","20250213","F","162.6","65.6","35.6",,"93","140","25.4","29.3",,,"19.5",,,,,,"24.8","18","12","13.57","156",,,,,,"44.7",,"28.4",,,,,,,,,,,,,,,,,
"1","고양","성인","일반","52","관리자","3등급","20250213","F","159.1","56","21.1",,"85","147","25","23.9",,,"13.4",,,,,,"22.1","33","18","12.38","150",,,,,,"44.6",,"31.6",,,,,,,,,,,,,,,,,
"3","동작","성인","일반","52","관리자","참가","20250213","F","148.4","67.1","40.5","89.9","59","125","33.3","34.2",,,"13.8",,,,,,"30.5","19",,,"145",,,,,,"51.0",,,"99","119","142",,"29.3",,,,,"0.296",,,,,,,
"1","신안","성인","일반","63","관리자","1등급","20250213","F","153","62.5","37.2","92","74","150","29.6","29.7",,,"21.1",,,,,,"26.7","19",,,"125",,,,,,"47.5",,,,,,,,"98","30.2",,,"0.459",,,,,,,
"5","성동","성인","일반","63","관리자","3등급","20250213","M","161.9","58.8","25.2",,"84","152","41.9","37.1",,,"18.6",,,,,,"22.4","35","18",,,,,,,,"71.3",,"35.7",,,,,,,,,,"0.357","0.452",,,,,,
"2","남구(울산)","어르신","일반","67","관리자","참가","20250213","M","165.7","67.4","19","85","67","138","40.5","44.3",,,"-6.7",,,,,,"24.5",,,,,"21",,"106","5.06","20.12","65.7",,,,,,,,,,,,,,,,,,,"44.3"
"1","남구(울산)","어르신","일반","66","관리자","3등급","20250213","M","166.9","75.4","32.9","103","70","133","39.9","33.8",,,"8.4",,,,,,"27.1",,,,,"21",,"108","4.79","18.75","52.9",,,,,,,,,,,,,,,,,,,"39.9"
"5","나주","어르신","출장","76","관리자","2등급","20250213","F","153","57.9","35.8","82","79","126","21.2","17.9",,,"16.2",,,,,,"24.7",,,,,"24",,"126","6.3","27.25","36.6",,,,,,,,,,,,,,,,,,,"21.2"
"3","부천","어르신","일반","66","관리자","1등급","20250213","M","169.7","65.4","21.4",,"68","116","45.5","32.7",,,"13.1",,,,,,"22.7",,,,,"38",,"127","4.78","19","69.6",,,,,,,,,,,,,,,,,,,"45.5"
"3","마포","성인","일반","21","관리자","2등급","20250213","F","166","43.8","18","60","72","122","28.3","30.1",,,"21",,,,,,"15.9","31",,,"146",,,,,,"68.7",,,,,,,,"138","38.9",,,"0.345",,,,,,,
"4","마포","성인","일반","33","관리자","3등급","20250213","M","176","80.2","23.3","87","69","131","51.8","47.3",,,"6.1",,,,,,"25.9","52",,,"190",,,,,,"64.6",,,,,,,,"85","45.7",,,"0.299",,,,,,,
"1","증평","성인","일반","63","관리자","참가","20250213","M","163.4","74.1","34.8","96.5","85","143","34.2","29.6",,,"14.4",,,,,,"27.8","7",,"14.0","146",,,,,,"46.2",,,"62","104","121","146","37.5",,,,,,,,,,,,
"6","부천","어르신","일반","71","관리자","3등급","20250213","F","155.4","52.4","29.1",,"81","141","24","24",,,"9.3",,,,,,"21.7",,,,,"22",,"93","6.40","28.4","45.8",,,,,,,,,,,,,,,,,,,"24.0"
"1","나주","어르신","출장","74","관리자","3등급","20250213","F","153.1","54.3","31.6","77","80","125","24.8","27.5",,,"15.5",,,,,,"23.2",,,,,"16",,"131","7.12","23.03","50.6",,,,,,,,,,,,,,,,,,,"27.5"
"1","창원","성인","일반","41","관리자","참가","20250213","F","154.5","58.1","38.7","75","83","120","26.9","26.7",,,"2.2",,,,,,"24.3","18",,"14.85","106",,,,,,"46.3",,,,,,,,"136","30.9",,,,,,,,,,
"1","나주","어르신","출장","73","관리자","참가","20250213","F","145.7","50.9","31.9","76","79","119","21.4","21.9",,,"9.1",,,,,,"24.0",,,,,"14",,"84","8.71","27.76","43.0",,,,,,,,,,,,,,,,,,,"21.9"
"1","중구(서울)","성인","일반","23","관리자","참가","20250213","F","162.2","50","26.6","72.5","74","115","23.6","24.7",,,"26.5",,,,,,"19.0","18",,,,,,,,,"49.4",,,"102","126","148",,"39.6",,,,,"0.395","0.361",,,,,,
"6","계룡","청소년","일반","18","관리자","3등급","20250213","M","169","72.7","25.1",,"74","129","37.3","38.2",,"55","22.9","18.38","0.679","35.538","3","35.676","25.5",,"42",,,,,,,,"52.5",,"41.4",,,,,,,,,,,,,,,,,
"3","나주","어르신","출장","67","관리자","3등급","20250213","F","153.8","59.8","33.3","86","81","118","30.3","33.3",,,"12.5",,,,,,"25.3",,,,,"28",,"124","5.41","21.21","55.7",,,,,,,,,,,,,,,,,,,"33.3"
"2","나주","성인","일반","60","관리자","1등급","20250213","F","161.5","66.7","30.4","90.4","88","150","28.1","27.4",,,"20.5",,,,,,"25.6","19","20",,"168",,,,,,"42.1",,"30.2",,,,,,,,,,"0.340",,,,,,,
"1","KSPO송파","성인","일반","56","관리자","참가","20250213","F","164.1","48.2","24.9","63","51","94","14.4","16.2",,,"2.5",,,,,,"17.9","22",,,,,,,,,"33.6",,,"96","123","148",,"34.3",,,,,"0.417","0.359",,,,,,
"3","나주","어르신","출장","68","관리자","참가","20250213","F","157.1","60.2","38","85","78","121","19","20.9",,,"-3",,,,,,"24.4",,,,,"14",,"65","6.34","25.24","34.7",,,,,,,,,,,,,,,,,,,"20.9"
"4","서대문","어르신","일반","67","관리자","2등급","20250213","M","161.3","61.1","25.8",,"94","146","34.6","0",,,"8.0",,,,,,"23.5",,,,,"28",,"122","5.03","23.26","56.6",,,,,,,,,,,,,,,,,,,"34.6"
"1","의정부","성인","일반","59","관리자","2등급","20250213","M","171.8","72.9","25.5","93.7","94","146","36.7","40",,,"10.8",,,,,,"24.7","33",,,"187",,,,,,"54.9",,,"67","89","110",,"39.3",,,,,"0.341",,,,,,,
"1","KSPO송파","성인","일반","59","관리자","참가","20250213","M","163.1","65.3","27.2","89.3","65","114","33.8","30.4",,,"3.6",,,,,,"24.5","25",,,,,,,,,"51.8",,,,,,,,"97","39.9",,,"0.378","0.415",,,,,,
"5","의정부","어르신","일반","79","관리자","3등급","20250213","M","158.6","63","33.8","91.5","89","176","29.3","28.8",,,"5.1",,,,,,"25.0",,,,,"19",,"95","7.66","28.09","46.5",,,,,,,,,,,,,,,,,,,"29.3"
"6","나주","어르신","출장","70","관리자","참가","20250213","F","158.6","78.6","42.4","94","79","121","20.7","32.8",,,"7",,,,,,"31.2",,,,,"24",,"108","6.57","28.86","41.7",,,,,,,,,,,,,,,,,,,"32.8"
"5","동구(광주)","성인","일반","25","관리자","1등급","20250213","F","167.6","49.8","22.8","65","68","111","28.8","29.2",,,"20.4",,,,,,"17.7","50",,,"170",,,,,,"58.6",,,,,,,,"92","42.5",,,"0.277",,,,,,,
"3","나주","어르신","출장","71","관리자","참가","20250213","F","155.2","51","24.6","80","78","122","19.3","20.9",,,"20.2",,,,,,"21.2",,,,,"13",,"95","6.25","26.61","41.0",,,,,,,,,,,,,,,,,,,"20.9"
"1","서구(대전)","성인","일반","36","관리자","참가","20250213","F","171.3","65.4","35.3",,"73","111","25","28.7",,,"-2",,,,,,"22.3","22",,,,,,,,,"43.9",,,"90","133","165",,"32.1",,,,,"0.398","0.439",,,,,,
"1","사상","성인","일반","60","관리자","3등급","20250213","M","171.2","67.9","17.7","75","77","143","43.2","43.7",,,"4.1",,,,,,"23.2","37","28","11.3",,,,,,,"64.4",,"36.8",,,,,,,,,,,"0.498",,,,,,
"1","나주","어르신","출장","75","관리자","3등급","20250213","F","156.1","65.9","36.5","95","81","124","20.9","24.2",,,"14.5",,,,,,"27.0",,,,,"12",,"77","6.16","26.96","36.7",,,,,,,,,,,,,,,,,,,"24.2"
"1","KSPO광주","청소년","일반","18","관리자","참가","20250213","M","181.3","69","8.2","70.4","73","119","40.9","32.9","40",,"-2.6","18.1","0.638","46.847","14","47.491","21.0",,"20",,,,,,,,"59.3",,"39.4",,,,,,,,,,,,,,,,,
"5","세종","성인","일반","42","관리자","1등급","20250213","F","162.2","49.9","21.6","68.4","64","107","25.4","28.4",,,"19.7",,,,,,"19.0","42",,,"137",,,,,,"56.9",,,,,,,,"97","38.2",,,"0.329",,,,,,,
"1","나주","성인","일반","58","관리자","참가","20250213","M","165.9","66.1","35.1","83.6","97","155","34.2","36.3",,,"2.1",,,,,,"24.0","14","7",,"105",,,,,,"54.9",,"32.4",,,,,,,,,,"0.357",,,,,,,
"13","KSPO송파별관(어르신)","어르신","일반","77","관리자","3등급","20250213","M","165.4","78.2","30.7",,"84","143","30.4","34.4",,,"6.4",,,,,,"28.6",,,,,"24",,"128","4.57","18.15","44.0",,,,,,,,,,,,,,,,,,,"34.4"
"4","제주","어르신","일반","67","관리자","3등급","20250213","M","164.5","59.6","27.2","82.9","76","130","30.3","29.8",,,"2",,,,,,"22.0",,,,,"26",,"105","5.7","22.3","50.8",,,,,,,,,,,,,,,,,,,"30.3"
"4","KSPO송파별관(어르신)","어르신","일반","78","관리자","3등급","20250213","M","168.1","76.2","34.7",,"85","155","32.5","33.6",,,"2.3",,,,,,"27.0",,,,,"24",,"113","5.01","20.34","44.1",,,,,,,,,,,,,,,,,,,"33.6"
"2","서구(대전)","성인","일반","22","관리자","2등급","20250213","F","166","48.3","19.6",,"65","109","23.3","27.9",,,"15.2",,,,,,"17.5","32",,,"162",,,,,,"57.8",,,"97","134","137",,"43.6",,,,,"0.269",,,,,,,
"4","화성","어르신","일반","73","관리자","2등급","20250213","F","153.8","45.6","20.4",,"46","120","20.4","22",,,"21.1",,,,,,"19.3",,,,,"24",,"103","4.21","20.25","48.2",,,,,,,,,,,,,,,,,,,"22.0"
"5","나주","어르신","출장","70","관리자","2등급","20250213","F","157.6","55.7","28.6","78","78","118","25.2","29.9",,,"16.5",,,,,,"22.4",,,,,"19",,"110","6.15","23","53.7",,,,,,,,,,,,,,,,,,,"29.9"
"2","고양","성인","일반","35","관리자","참가","20250213","M","175.6","100.4","32.4",,"94","144","54.6","60.3",,,"8.8",,,,,,"32.6","48","28","10.42","195",,,,,,"60.1",,"34.0",,,,,,,,,,,,,,,,,
"3","고양","어르신","일반","75","관리자","2등급","20250213","M","167.6","67.6","15.2",,"71","135","35","37.4",,,"7.2",,,,,,"24.1",,,,,"26",,"100","5.65","26.07","55.3",,,,,,,,,,,,,,,,,,,"37.4"
"4","춘천","성인","일반","32","관리자","1등급","20250213","M","185.4","77.6","16.8","82.6","76","126","54.6","49.6",,,"23.6",,,,,,"22.6","62","61",,"215",,,,,,"70.4",,"45.0",,,,,,,,,,"0.297",,,,,,,
"4","나주","어르신","출장","67","관리자","3등급","20250213","F","169.4","66.1","28.2","83","77","117","26.1","24.2",,,"28.3",,,,,,"23.0",,,,,"16",,"117","4.89","20.53","39.5",,,,,,,,,,,,,,,,,,,"26.1"
"1","KSPO대구","성인","일반","58","관리자","참가","20250213","F","154.7","56.2","36.1","74.3","88","155","23.4","22.3",,,"14.6",,,,,,"23.5","0","9",,"124",,,,,,"41.6",,"28.5",,,,,,,,,,"0.401",,,,,,,
"2","북구(광주)","성인","일반","22","관리자","3등급","20250213","F","165.1","56.9","31.0","74.0","79","117","22.1","24.9",,,"18.6",,,,,,"20.9","26",,,,,,,,,"43.8",,,"95","123","152",,"37.5",,,,,"0.333","0.489",,,,,,
"1","연제","성인","일반","39","관리자","2등급","20250213","F","163.9","56.5","20.4",,"80","126","22.5","25.7",,,"19.6",,,,,,"21.0","36",,,"168",,,,,,"45.5",,,,,,,,"91","38.0",,,"0.372",,,,,,,
"1","사천","어르신","일반","66","관리자","3등급","20250213","M","170.3","76","22.4","90.2","80","120","42.1","42.8",,,"4.6",,,,,,"26.2",,,,,"21",,"120","4.41","18.38","56.3",,,,,,,,,,,,,,,,,,,"42.8"
"1","서대문","성인","일반","60","관리자","3등급","20250213","M","175.8","71.0","27.4",,"78","158","42.8","44.4",,,"9.1",,,,,,"23.0","29",,"11.19",,,,,,,"62.5",,,"104","134","152",,"34.2",,,,,,"0.517",,,,,,
"1","포천","어르신","일반","76","관리자","참가","20250213","M","173.9","98.6","39.4","109","92","154","38.3","38.1",,,"-4.3",,,,,,"32.6",,,,,"22",,"130","4.96","22.53","38.8",,,,,,,,,,,,,,,,,,,"38.3"
"1","익산","성인","일반","21","관리자","참가","20250213","M","166.3","75","28","87","78","130","36.7","35.5",,,"6",,,,,,"27.1","39","16",,,,,,,,"48.9",,"36.2",,,,,,,,,,"0.432","0.469",,,,,,
"5","KSPO송파","성인","일반","29","관리자","2등급","20250213","M","183.7","72.4","12.9","79","82","130","40.3","53.7",,,"13.4",,,,,,"21.5","57",,"10.08","219",,,,,,"74.2",,,"94","106","126","155","45.4",,,,,,,,,,,,
"2","충주","성인","일반","32","관리자","참가","20250213","M","176.5","83.7","30.4","88","82","132","47","49.4",,,"18.2",,,,,,"26.9","34","27",,,,,,,,"59.0",,"36.4",,,,,,,,,,"0.355","0.541",,,,,,
"17","군산","어르신","일반","72","관리자","참가","20250213","M","164.7","73.5","27.1","89","69","139","23.8","27.3",,,"18.2",,,,,,"27.1",,,,,"31",,"119","4.53","18.93","37.1",,,,,,,,,,,,,,,,,,,"27.3"
"3","군산","어르신","일반","66","관리자","참가","20250213","F","155.8","62.4","45.2","85","61","119","22.1","23.7",,,"5.5",,,,,,"25.7",,,,,"14",,"80","6.34","27.85","38.0",,,,,,,,,,,,,,,,,,,"23.7"
"1","영암","성인","일반","58","관리자","참가","20250213","M","164.1","56.1","17.6",,"80","140","35","36.6",,,"2.8",,,,,,"20.8","24",,"13.78","151",,,,,,"65.2",,,,,,,,"129","37.5",,,,,,,,,,
"1","남구(부산)","성인","일반","26","관리자","참가","20250213","F","161.1","55.1","24.1",,"64","103","25.6","27",,,"20",,,,,,"21.2","15",,,,,,,,,"49.0",,,,,,,,"96","39.9",,,"0.381","0.465",,,,,,
"1","남구(부산)","성인","일반","27","관리자","참가","20250213","M","181.9","80.1","11.4",,"76","122","46.1","51.9",,,"-7.5",,,,,,"24.2","46",,,,,,,,,"64.8",,,,,,,,"74","49.3",,,"0.307","0.675",,,,,,
"3","창원","성인","일반","59","관리자","3등급","20250213","F","158.3","60.1","36.3","76","61","130","21.9","19.7",,,"22.7",,,,,,"24.0","31",,,,,,,,,"36.4",,,,,,,,"98","32.0",,,"0.301","0.378",,,,,,
"1","수원","성인","일반","49","관리자","참가","20250213","F","162.3","83.9","37.1","90","72","123","30","35.6",,,"12.2",,,,,,"31.9","30",,,"151",,,,,,"42.4",,,"70","100","129",,"28.5",,,,,"0.403",,,,,,,
"1","목포","성인","일반","62","관리자","참가","20250213","F","161.9","63.5","27","81.7","87","151","23.7","27.4",,,"27.9",,,,,,"24.2","3","13",,"137",,,,,,"43.1",,"28.5",,,,,,,,,,"0.347",,,,,,,
"1","동작","성인","일반","63","관리자","2등급","20250213","M","178.9","69.2","16.9","80","72","125","38.6","38.8",,,"18.3",,,,,,"21.6","28",,,,,,,,,"56.1",,,"79","95","114","152","37.9",,,,,"0.346","0.452",,,,,,
"6","동작","성인","일반","21","관리자","3등급","20250213","F","175.3","55.5","19.8","66","53","104","25.1","30.7",,,"11.5",,,,,,"18.1","36",,,,,,,,,"55.3",,,"86","113","130",,"42.5",,,,,"0.348","0.502",,,,,,
"1","광주","성인","일반","64","관리자","2등급","20250213","M","168.8","63.8","18.6",,"91","147","36.6","41.9",,,"19.7",,,,,,"22.4","37",,,"156",,,,,,"65.7",,,"94","114","124",,"39.1",,,,,"0.410",,,,,,,
"6","강북","어르신","일반","87","관리자","3등급","20250213","M","158.7","59.80","23.5","88","76","158","35.9","34",,,"-1.7",,,,,,"23.7",,,,,"17",,"90","6.1","25.5","60.0",,,,,,,,,,,,,,,,,,,"35.9"
"3","서구(광주)","성인","일반","24","관리자","2등급","20250213","M","175.5","76.0","13.5","75","81","126","39.9","46.7",,,"15.4",,,,,,"24.7","52",,"9.91",,,,,,,"61.4",,,"86","100","116","133","49.2",,,,,,"0.721",,,,,,
"1","광주","성인","일반","24","관리자","참가","20250213","M","182","96.7","23",,"77","130","48.1","43.3",,,"3.4",,,,,,"29.2","50",,,"212",,,,,,"49.7",,,"73","114","124",,"44.2",,,,,"0.335",,,,,,,
"1","수원","어르신","일반","69","관리자","3등급","20250213","M","176.5","80.1","26.1","93","84","132","38.2","37",,,"15.4",,,,,,"25.7",,,,,"24",,"98","4.9","22","47.7",,,,,,,,,,,,,,,,,,,"38.2"
"1","양평","어르신","일반","68","관리자","2등급","20250213","M","170.6","80.70","27.8","96.4","67","156","40.9","41.7",,,"9.7",,,,,,"27.7",,,,,"28",,"128","5.25","19.82","51.7",,,,,,,,,,,,,,,,,,,"41.7"
"5","포천","어르신","일반","72","관리자","2등급","20250213","M","168.1","71.0","27","90","77","149","36.4","41.3",,,"4.9",,,,,,"25.1",,,,,"24",,"114","5.02","19.90","58.2",,,,,,,,,,,,,,,,,,,"41.3"
"7","서대문","어르신","일반","65","관리자","2등급","20250213","M","163.1","69.1","31.4",,"96","159","40.4","40",,,"8.2",,,,,,"26.0",,,,,"25",,"128","4.60","19.98","58.5",,,,,,,,,,,,,,,,,,,"40.4"
"1","강북","성인","일반","56","관리자","참가","20250213","M","168.6","86.4","33.9","100","96","143","42","41.2",,,"-1",,,,,,"30.4","19",,,"178",,,,,,"48.6",,,"73","102","122","155","34.1",,,,,"0.406",,,,,,,
"1","계룡","성인","일반","63","관리자","참가","20250213","M","166.2","66.6","23.5",,"64","154","43.5","41.2",,,"10.5",,,,,,"24.1","17",,,,,,,,,"65.3",,,,,,,,"112","36.6",,,"0.363","0.494",,,,,,
"6","시흥","어르신","일반","81","관리자","1등급","20250213","M","166.4","56.3","20.3","84","95","183","37.7","33.2",,,"13.8",,,,,,"20.3",,,,,"22","630",,"5.47","20.38","67.0",,,,,,,,,,,,,,,,,,,"37.7"
"1","삼척","성인","일반","35","관리자","3등급","20250213","M","178.7","70.7","15.6",,"85","135","37.2","39.5",,,"5.6",,,,,,"22.1","36",,,"212",,,,,,"55.9",,,,,,,,"128","41.2",,,"0.274",,,,,,,
"3","서구(대전)","성인","일반","23","관리자","2등급","20250213","F","162.5","45.8","17.5",,"62","102","24","26.2",,,"21.1",,,,,,"17.3","33",,,,,,,,,"57.2",,,"76","100","138",,"41.0",,,,,"0.275","0.489",,,,,,
"7","안산","어르신","일반","70","관리자","2등급","20250213","F","153","47.9","34.0","73.6","78","153","23","24.9",,,"13.3",,,,,,"20.5",,,,,"25",,"100","5.2","21.1","52.0",,,,,,,,,,,,,,,,,,,"24.9"
"1","익산","성인","일반","29","관리자","참가","20250213","M","178.9","110.4","37.2",,"85","143","36.5","41.3",,,"-10.8",,,,,,"34.5","29","16",,"198",,,,,,"37.4",,"30.1",,,,,,,,,,"0.458",,,,,,,
"1","의정부","청소년","일반","18","관리자","참가","20250213","M","180.2","92.6","26.7","98.2","71","129","52.6","47.1",,"37","8.1","19.19","0.586","46.307","11","46.813","28.5",,"36",,,,,,,,"56.8",,"38.6",,,,,,,,,,,,,,,,,
"2","경산","성인","일반","63","관리자","3등급","20250213","M","173.3","60.5","16.9","83","79","147","37.2","36.8",,,"17.4",,,,,,"20.1","19",,,"180",,,,,,"61.5",,,,,,,,"133","35.5",,,"0.322",,,,,,,
"11","중구(서울)","어르신","일반","73","관리자","3등급","20250213","F","160.8","62.6","34.5","82.8","64","121","23.2","25.6",,,"12.6",,,,,,"24.2",,,,,"28",,"108","5.6","23.9","40.9",,,,,,,,,,,,,,,,,,,"25.6"
"2","동작","성인","일반","28","관리자","3등급","20250213","M","180.8","77.8","19.7","78","99","139","50.7","51.7",,,"10",,,,,,"23.8","48",,,"245",,,,,,"66.5",,,"82","109","128",,"44.6",,,,,"0.295",,,,,,,
"7","고양","어르신","일반","83","관리자","3등급","20250213","M","155.2","52.3","19.3",,"63","144","17.1","25.4",,,"-0.6",,,,,,"21.7",,,,,"26",,"97","6.16","25.26","48.6",,,,,,,,,,,,,,,,,,,"25.4"
"3","고양","성인","일반","25","관리자","참가","20250213","M","184.9","93.7","30.7",,"53","111","39.7","46.9",,,"1",,,,,,"27.4","27",,"11.47","198",,,,,,"50.1",,,,,,,,"112","41.4",,,,,,,,,,
"2","창원마산회원","성인","일반","35","관리자","3등급","20250213","M","175.9","78.2","22.0","84","82","147","55.2","63",,,"16.4",,,,,,"25.3","48",,"10.09","234",,,,,,"80.6",,,,,,,,"137","38.0",,,,,,,,,,
"6","중구(서울)","어르신","일반","69","관리자","3등급","20250213","M","175","71.9","20.4","93.2","60","116","34.2","42.3",,,"6.2",,,,,,"23.5",,,,,"29",,"115","4.4","19","58.8",,,,,,,,,,,,,,,,,,,"42.3"
"2","진천","어르신","일반","84","관리자","참가","20250213","M","162.9","66.6","27.1","95.2","68","157","27.7","31.1",,,"0.6",,,,,,"25.1",,,,,"10",,"68","7.673","35.927","46.7",,,,,,,,,,,,,,,,,,,"31.1"
"1","사천","성인","일반","49","관리자","3등급","20250213","M","155.5","50.1","22.7","76.1","79","134","30.3","33.6",,,"16",,,,,,"20.7","35","26",,"164",,,,,,"67.1",,"40.1",,,,,,,,,,"0.369",,,,,,,
"1","오산","성인","일반","60","관리자","3등급","20250213","F","159.8","57.5","32.4","83.5","90","151","28.2","24.1",,,"14.1",,,,,,"22.5","10","10",,"125",,,,,,"49.0",,"28.6",,,,,,,,,,"0.350",,,,,,,
"2","목포","성인","일반","59","관리자","1등급","20250213","M","181","73","13.6","79.3","77","127","38.3","45.3",,,"13.6",,,,,,"22.3","35","32","12.78","189",,,,,,"62.1",,"36.9",,,,,,,,,,,,,,,,,
"4","오산","어르신","일반","66","관리자","1등급","20250213","M","171.6","73.1","21.6","87.4","92","144","43.7","49.5",,,"18.5",,,,,,"24.8",,,,,"31",,"139","4.53","18.50","67.7",,,,,,,,,,,,,,,,,,,"49.5"
"4","수원","성인","일반","31","관리자","3등급","20250213","M","170.7","80.2","24.9","89","93","136","45.8","48.8",,,"8.6",,,,,,"27.5","38","31",,"202",,,,,,"60.8",,"38.0",,,,,,,,,,"0.355",,,,,,,
"4","창원마산회원","성인","일반","59","관리자","참가","20250213","M","163.5","65.7","26.0","86","72","115","35.4","36.5",,,"7.5",,,,,,"24.6","16",,,"169",,,,,,"55.6",,,,,,,,"129","35.1",,,"0.367",,,,,,,
"4","동작","성인","일반","21","관리자","3등급","20250213","M","166.8","67.6","24.9","73","94","142","38","47.6",,,"12.3",,,,,,"24.3","42","43",,,,,,,,"70.4",,"43.6",,,,,,,,,,"0.254","0.564",,,,,,
"1","안산","성인","일반","46","관리자","참가","20250213","M","169.7","80.2","30.2","100","94","141","43.9","42.9",,,"18.2",,,,,,"27.8","47",,,,,,,,,"54.7",,,"85","101","130",,"35.7",,,,,"0.386","0.531",,,,,,
"1","동구(광주)","어르신","일반","65","관리자","참가","20250213","M","168.3","65","22.1","87","78","141","32.3","38.4",,,"-15.6",,,,,,"22.9",,,,,"16",,"110","5.98","25.83","59.1",,,,,,,,,,,,,,,,,,,"38.4"
"1","사하","성인","일반","62","관리자","1등급","20250213","M","167","65.4","24.4","85.6","83","155","38.3","41.7",,,"13.8",,,,,,"23.5","37",,,"179",,,,,,"63.8",,,"75","88","106","140","39.9",,,,,"0.324",,,,,,,
"5","오산","성인","일반","64","관리자","3등급","20250213","M","168.8","68.8","28.6","86.5","79","147","32.6","38.4",,,"9",,,,,,"24.1","19",,,"160",,,,,,"55.8",,,"99","118","130",,"36.5",,,,,"0.479",,,,,,,
"1","사하","성인","일반","60","관리자","2등급","20250213","F","156.5","51.0","32.2","81.7","79","143","26.9","28.2",,,"17.2",,,,,,"20.8","35",,,"137",,,,,,"55.3",,,"64","85","116",,"35.7",,,,,"0.344",,,,,,,
"2","안산","성인","일반","50","관리자","2등급","20250213","M","174.8","77.6","22.9","82","96","150","46.7","47.8",,,"11.6",,,,,,"25.4","37",,,"210",,,,,,"61.6",,,"85","97","111","147","39.9",,,,,"0.351",,,,,,,
"1","익산","성인","일반","20","관리자","참가","20250213","F","162.3","58.5","28.6",,"64","137","27.4","27.5",,,"10.6",,,,,,"22.2","31","15",,,,,,,,"47.0",,"31.6",,,,,,,,,,"0.489","0.301",,,,,,
"1","KSPO광주","성인","일반","19","관리자","3등급","20250213","M","176.1","75.9","16.6","86","69","133","40.6","48.4",,,"10.4",,,,,,"24.5","42","62",,"224",,,,,,"63.8",,"46.8",,,,,,,,,,"0.311",,,,,,,
"9","미추홀","성인","일반","29","관리자","1등급","20250213","F","170.3","68.9","25.9","82.5","80","120","26.8","38.2",,,"20",,,,,,"23.8","52","40","10.5","194",,,,,,"55.4",,"37.3",,,,,,,,,,,,,,,,,
"1","미추홀","성인","일반","26","관리자","참가","20250213","F","166.1","95.2","46.1","107","80","120","24.9","34.6",,,"18",,,,,,"34.4","33","45","11.6","160",,,,,,"36.3",,"34.7",,,,,,,,,,,,,,,,,
"2","마포","성인","일반","20","관리자","2등급","20250213","M","175.5","72.2","14.9","78","75","125","47.6","51",,,"13.8",,,,,,"23.4","48",,,,,,,,,"70.6",,,,,,,,"103","48.0",,,"0.337","0.642",,,,,,
"3","마포","성인","일반","26","관리자","1등급","20250213","M","179.2","73.8","16.9","81","62","112","50.1","46.3",,,"22.9",,,,,,"23.0","61",,,,,,,,,"67.9",,,,,,,,"108","45.7",,,"0.340","0.629",,,,,,
"8","미추홀","성인","일반","34","관리자","2등급","20250213","M","177.5","82.7","20.9","89.3","80","120","43.2","52.2",,,"9.5",,,,,,"26.2","57","50","9.5","264",,,,,,"63.1",,"41.7",,,,,,,,,,,,,,,,,
"15","미추홀","성인","일반","34","관리자","1등급","20250213","F","160.3","48","26","71","80","120","26.8","27.8",,,"25",,,,,,"18.7","45","50","11.4","188",,,,,,"57.9",,"43.4",,,,,,,,,,,,,,,,,
"6","광주","어르신","일반","70","관리자","1등급","20250213","M","160.1","56.9","22.6",,"65","144","36.6","36.2",,,"12",,,,,,"22.2",,,,,"33",,"140","5","17.6","64.3",,,,,,,,,,,,,,,,,,,"36.6"
"6","광주","어르신","일반","74","관리자","3등급","20250213","M","163.2","72","36.5",,"80","153","25.1","32.1",,,"5",,,,,,"27.0",,,,,"30",,"125","5.73","22.5","44.6",,,,,,,,,,,,,,,,,,,"32.1"
"4","광주","어르신","일반","66","관리자","3등급","20250213","F","153.8","58.1","33.2",,"96","149","26.2","26.3",,,"13.1",,,,,,"24.6",,,,,"27",,"105","5.94","21.16","45.3",,,,,,,,,,,,,,,,,,,"26.3"
"1","KSPO대구(출장A)","어르신","출장","80","관리자","참가","20250213","F","145.1","47.3","42.2",,"74","145","9.6","12.6",,,"-3",,,,,,"22.5",,,,,"11",,"43","9.7","40.5","26.6",,,,,,,,,,,,,,,,,,,"12.6"
"1","KSPO송파별관(어르신)","어르신","일반","67","관리자","2등급","20250213","M","163","69.3","31.2",,"89","156","35.1","33.7",,,"16",,,,,,"26.1",,,,,"25",,"143","4.68","18.54","50.6",,,,,,,,,,,,,,,,,,,"35.1"
"1","KSPO대구(출장A)","어르신","출장","79","관리자","참가","20250213","F","148.8","57.3","44.7",,"58","120","0","0",,,"-13",,,,,,"25.9",,,,,"3",,"3","18.26","86.26","0.0",,,,,,,,,,,,,,,,,,,"0.0"
"2","전주","어르신","일반","75","관리자","3등급","20250213","M","175.1","71.8","25.6","86.9","88","155","34.3","37.9",,,"8.3",,,,,,"23.4",,,,,"23",,"95","5.15","23.97","52.8",,,,,,,,,,,,,,,,,,,"37.9"
"5","영암","성인","일반","19","관리자","2등급","20250213","M","174","64.3","11.3",,"79","117","35.9","37.3",,,"12.4",,,,,,"21.2","54",,"9.80",,,,,,,"58.0",,,,,,,,"104","49.8",,,,"0.658",,,,,,
"1","KSPO송파","성인","일반","23","관리자","2등급","20250213","F","163.9","48.6","22.7","54.5","71","119","22.3","24.9",,,"29.9",,,,,,"18.1","41",,,"181",,,,,,"51.2",,,,,,,,"142","36.7",,,"0.333",,,,,,,
"6","영암","성인","일반","19","관리자","2등급","20250213","M","163.9","61.6","20.8",,"63","113","35.4","37.1",,,"12.3",,,,,,"22.9","50",,"10.16",,,,,,,"60.2",,,,,,,,"100","50.2",,,,"0.568",,,,,,
"1","창원","성인","일반","44","관리자","3등급","20250213","M","168.9","63.8","18.4","83","79","129","51.4","47.7",,,"8.4",,,,,,"22.4","32",,"11.59","200",,,,,,"80.6",,,,,,,,"102","43.6",,,,,,,,,,
"2","진천","어르신","일반","66","관리자","3등급","20250213","M","167.1","69","24.5","90.3","72","121","35.1","35.1",,,"9.7",,,,,,"24.7",,,,,"27",,"139","5.399","24.425","50.9",,,,,,,,,,,,,,,,,,,"35.1"
"2","달서","성인","일반","26","관리자","참가","20250213","M","176","94.5","27","99.6","62","131","42.3","47.2",,,"15.2",,,,,,"30.5","1",,,"181",,,,,,"49.9",,,,,,,,"110","40.6",,,"0.321",,,,,,,
"1","춘천","어르신","일반","66","관리자","2등급","20250213","M","176.5","69.6","21.9","90.9","82","152","44.1","44",,,"14.3",,,,,,"22.3",,,,,"23",,"118","5.59","21.21","63.4",,,,,,,,,,,,,,,,,,,"44.1"
"1","KSPO대구(출장A)","어르신","출장","67","관리자","참가","20250213","F","157","69.2","48.2",,"71","132","6.3","5.5",,,"6",,,,,,"28.1",,,,,"5",,"7","11.25","47.93","9.1",,,,,,,,,,,,,,,,,,,"6.3"
"3","오산","성인","일반","55","관리자","참가","20250213","F","157.9","53.8","34.2","80.5","66","115","25.1","26.5",,,"11.4",,,,,,"21.6","24",,"14.44","143",,,,,,"49.3",,,,,,,,"95","34.7",,,,,,,,,,
"1","오산","성인","일반","23","관리자","참가","20250213","F","163.8","51","29.4","76.8","76","120","23.9","26.1",,,"23.9",,,,,,"19.0","7",,,"140",,,,,,"51.2",,,,,,,,"158","34.1",,,"0.387",,,,,,,
"1","KSPO대구(출장A)","어르신","출장","71","관리자","참가","20250213","F","149.5","54.7","43.2",,"84","151","12.9","15.3",,,"8.4",,,,,,"24.5",,,,,"12",,"20","10.47","48.31","28.0",,,,,,,,,,,,,,,,,,,"15.3"
"1","강북","성인","일반","23","관리자","참가","20250213","F","161.1","51.90","32.2","64.8","64","103","22.2","20.3",,,"24.3",,,,,,"20.0","17",,,"159",,,,,,"42.8",,,"80","123","150",,"39.1",,,,,"0.392",,,,,,,
"4","포천","어르신","일반","67","관리자","2등급","20250213","M","161.6","71.9","25.5","87","81","123","33.7","39.5",,,"12.5",,,,,,"27.5",,,,,"29",,"119","4.22","19.53","54.9",,,,,,,,,,,,,,,,,,,"39.5"
"7","고양","어르신","일반","81","관리자","2등급","20250213","M","167.4","49.4","12.9",,"67","149","23.1","31.8",,,"1.7",,,,,,"17.6",,,,,"25",,"97","6.15","26.33","64.4",,,,,,,,,,,,,,,,,,,"31.8"
"1","KSPO대구(출장A)","어르신","출장","67","관리자","참가","20250213","F","163.6","67","36.6",,"65","118","7.8","7.1",,,"12",,,,,,"25.0",,,,,"3",,"44","14.8","62.99","11.6",,,,,,,,,,,,,,,,,,,"7.8"
"2","사천","성인","일반","57","관리자","2등급","20250213","F","152.6","67.9","40.8","94.1","88","142","28.6","33",,,"20",,,,,,"29.2","20","15",,,,,,,,"48.6",,"28.5",,,,,,,,,,"0.408","0.308",,,,,,
"1","KSPO대구(출장A)","어르신","출장","75","관리자","참가","20250213","F","151.5","65.4","42.6",,"56","107","11.1","8.8",,,"8",,,,,,"28.5",,,,,,,,,,"17.0",,,,,,,,,,,,,,,,,,,"11.1"
"7","제주","성인","일반","45","관리자","2등급","20250213","M","184.8","81.2","7.6","77.2","73","137","47.3","47.1",,,"26.2",,,,,,"23.8","39",,,"231",,,,,,"58.3",,,,,,,,"68","45.7",,,"0.272",,,,,,,
"4","성남","성인","일반","24","관리자","3등급","20250213","F","164.2","50.1","28.2",,"70","114","26.8","25.1",,,"21.4",,,,,,"18.6","43","24",,,,,,,,"53.5",,"35.6",,,,,,,,,,"0.372","0.499",,,,,,
"1","정읍","성인","일반","46","관리자","3등급","20250213","M","165.1","54.5","17.7",,"74","125","40.1","41.7",,,"15.4",,,,,,"20.0","30",,,"201",,,,,,"76.5",,,,,,,,"119","42.4",,,"0.254",,,,,,,
"3","전주","어르신","일반","69","관리자","3등급","20250213","M","174.1","71.8","23.3","90.6","80","158","36.3","37.1",,,"10.9",,,,,,"23.7",,,,,"28",,"104","4.53","19.19","51.7",,,,,,,,,,,,,,,,,,,"37.1"
"2","오산","성인","일반","61","관리자","참가","20250213","M","166.8","71","27.5","87.1","97","158","42.4","42.6",,,"5.7",,,,,,"25.5","25","26",,,,,,,,"60.0",,"35.9",,,,,,,,,,"0.389","0.440",,,,,,
"1","목포","성인","일반","42","관리자","참가","20250213","M","173.6","73.2","27.9","92","86","124","28.7","31.1",,,"6.6",,,,,,"24.3","27",,,,,,,,,"42.5",,,"78","125","145","171","39.7",,,,,"0.289","0.477",,,,,,
"2","성동","어르신","일반","77","관리자","1등급","20250213","M","170.1","73.7","27.1",,"82","155","37.7","39",,,"20.3",,,,,,"25.5",,,,,"34",,"136","4.4","17.45","52.9",,,,,,,,,,,,,,,,,,,"39.0"
"6","성남","어르신","일반","83","관리자","3등급","20250213","M","156.7","58.3","24.9",,"74","143","26.8","25",,,"-4.2",,,,,,"23.7",,,,,"18",,"102","6.25","29.21","46.0",,,,,,,,,,,,,,,,,,,"26.8"
"3","성동","성인","일반","61","관리자","3등급","20250213","M","174.1","69.9","18.2",,"82","155","40.1","37.5",,,"15.2",,,,,,"23.1","19",,,"187",,,,,,"57.4",,,"76","119","149","172","33.9",,,,,"0.312",,,,,,,
"1","전주","어르신","일반","67","관리자","2등급","20250213","M","170.7","75","24","86.4","87","158","39.3","40.6",,,"14.3",,,,,,"25.7",,,,,"26",,"114","4.75","22.53","54.1",,,,,,,,,,,,,,,,,,,"40.6"
"1","군산","어르신","일반","67","관리자","3등급","20250213","F","146.9","47.2","29.5","72","76","145","19.7","22.8",,,"11.7",,,,,,"21.9",,,,,"18",,"113","5.62","24.25","48.3",,,,,,,,,,,,,,,,,,,"22.8"
"4","서대문","성인","일반","32","관리자","참가","20250213","M","179.3","87.5","36.4",,"88","131","38.1","37.1",,,"-2.5",,,,,,"27.2","37",,,,,,,,,"43.5",,,,,,,,"151","34.9",,,"0.378","0.466",,,,,,
"5","서대문","성인","일반","37","관리자","1등급","20250213","F","158.3","47.5","27.2",,"83","124","29.3","32.7",,,"22.0",,,,,,"19.0","40","36","12.19",,,,,,,"68.8",,"39.0",,,,,,,,,,,"0.440",,,,,,
"1","양평","어르신","일반","66","관리자","1등급","20250213","F","158.1","49.1","24.3",,"52","102","26","27.3",,,"20.8",,,,,,"19.6",,,,,"25",,"133","3.72","17.53","55.6",,,,,,,,,,,,,,,,,,,"27.3"
"2","성남","어르신","일반","65","관리자","2등급","20250213","F","157.4","63.4","41.1",,"86","146","20.8","25.3",,,"19",,,,,,"25.6",,,,,"22",,"108","5.70","23.82","39.9",,,,,,,,,,,,,,,,,,,"25.3"
"2","KSPO송파별관(어르신)","어르신","일반","67","관리자","3등급","20250213","M","170.4","76.9","27.3",,"67","137","36.9","36.1",,,"8.2",,,,,,"26.5",,,,,"30",,"128","4.34","17.12","48.0",,,,,,,,,,,,,,,,,,,"36.9"
"1","KSPO송파","성인","일반","24","관리자","참가","20250213","F","163.7","52.1","22","71.9","61","114","22.4","30.5",,,"19.8",,,,,,"19.4","13",,,,,,,,,"58.5",,,,,,,,"117","38.7",,,"0.360","0.505",,,,,,
"3","성남","어르신","일반","76","관리자","3등급","20250213","M","151.6","47.9","26.6",,"93","149","26.9","25.9",,,"2.5",,,,,,"20.8",,,,,"29",,"111","5.38","22.01","56.2",,,,,,,,,,,,,,,,,,,"26.9"
"1","KSPO대구(출장A)","어르신","출장","79","관리자","참가","20250213","F","140.6","49.2","41",,"72","145","11.1","15.4",,,"14.3",,,,,,"24.9",,,,,"21",,"52","11.07","43.19","31.3",,,,,,,,,,,,,,,,,,,"15.4"
"2","포천","어르신","일반","67","관리자","1등급","20250213","M","165","66.6","21.1","85","81","127","34.9","39.3",,,"14.5",,,,,,"24.5",,,,,"33",,"154","4.16","16.16","59.0",,,,,,,,,,,,,,,,,,,"39.3"
"1","KSPO대구(출장A)","어르신","출장","93","관리자","참가","20250213","F","144.4","50.7","42.4",,"67","119","17.2","9.9",,,"4",,,,,,"24.3",,,,,"11",,"13","16.5","69","33.9",,,,,,,,,,,,,,,,,,,"17.2"
"1","KSPO대구(출장A)","어르신","출장","88","관리자","참가","20250213","F","144.4","49.2","29.3",,"80","159","8.2","8",,,"7.2",,,,,,"23.6",,,,,"1",,"2","15.6","57.96","16.7",,,,,,,,,,,,,,,,,,,"8.2"
"1","KSPO대구(출장A)","어르신","출장","86","관리자","참가","20250213","F","150.6","46","27.6",,"58","128","18.2","18.1",,,"5.5",,,,,,"20.3",,,,,"12",,"60","15.42","53.28","39.6",,,,,,,,,,,,,,,,,,,"18.2"
"1","서구(대전)","성인","일반","62","관리자","참가","20250213","M","174.5","71.6","25.9",,"90","146","35.2","35.7",,,"8.6",,,,,,"23.5","23",,,"154",,,,,,"49.9",,,"79","108","141","173","32.2",,,,,"0.361",,,,,,,
"1","KSPO대구(출장A)","어르신","출장","92","관리자","참가","20250213","F","153.3","51.6","33.6",,"68","111","15","14.2",,,"3.5",,,,,,"22.0",,,,,"10",,"55","11.35","50.57","29.1",,,,,,,,,,,,,,,,,,,"15.0"
"1","KSPO대구(출장A)","어르신","출장","91","관리자","참가","20250213","F","147.7","48.7","19",,"66","142","16.2","17.5",,,"-4.5",,,,,,"22.3",,,,,"5",,"46","13.4","55.62","35.9",,,,,,,,,,,,,,,,,,,"17.5"
"1","안산","성인","일반","61","관리자","참가","20250213","M","174.5","90.3","29.8","94","97","138","33.3","37.9",,,"-4.2",,,,,,"29.7","24",,,"159",,,,,,"42.0",,,,,,,,"122","31.0",,,"0.424",,,,,,,
"1","나주","성인","일반","64","관리자","참가","20250213","M","181","88.8","24.6","96.9","76","144","50","50.7",,,"13.4",,,,,,"27.1","30",,,"284",,,,,,"57.1",,,"87","100","132","165","28.5",,,,,"0.319",,,,,,,
"1","안산","성인","일반","64","관리자","참가","20250213","M","161.6","81.7","40.5","105","89","146","36.5","28.7",,,"7.0",,,,,,"31.3","9",,,"98",,,,,,"44.7",,,,,,,,"138","28.9",,,"0.528",,,,,,,
"1","KSPO아산(출장)","유아기","출장","62","관리자","참가","20250213","F","112.3","19.2",,,,,"6.5","7","4",,"10",,,,,,"15.2",,"42",,"90",,,,,,"36.5",,,,,,,,,,,,,,,,,"10.28","25.67",
"1","KSPO대구(출장A)","어르신","출장","87","관리자","참가","20250213","F","136.5","45","39.7",,"57","128","0","0",,,,,,,,,"24.2",,,,,"3",,"6","33.84","120","0.0",,,,,,,,,,,,,,,,,,,"0.0"
"1","KSPO아산(출장)","유아기","출장","65","관리자","참가","20250213","M","106.8","20.2",,,,,"6","6","1",,"12.5",,,,,,"17.7",,"36",,"94",,,,,,"29.7",,,,,,,,,,,,,,,,,"10.699","36.53",
"1","KSPO아산(출장)","유아기","출장","71","관리자","참가","20250213","F","115.1","21.4",,,,,"8","10","0",,"15.2",,,,,,"16.2",,"38",,"96",,,,,,"46.7",,,,,,,,,,,,,,,,,"8.80","22.04",
"1","KSPO아산(출장)","유아기","출장","72","관리자","3등급","20250213","M","117.5","21.3",,,,,"12","10","9",,"8.5",,,,,,"15.4",,"67",,"95",,,,,,"56.3",,,,,,,,,,,,,,,,,"9.552","25.20",
"1","KSPO대구(출장A)","어르신","출장","84","관리자","참가","20250213","F","141.1","58.1","48.9",,"75","150","14.8","15",,,"5.6",,,,,,"29.2",,,,,"5",,"8","15.37","64.57","25.8",,,,,,,,,,,,,,,,,,,"15.0"
"9","창원","성인","일반","48","관리자","1등급","20250213","M","174.4","67.6","15.3","70","81","156","55.6","50.6",,,"19.6",,,,,,"22.2","52",,"10.91","213",,,,,,"82.2",,,,,,,,"105","41.8",,,,,,,,,,
"1","강북","성인","일반","24","관리자","참가","20250213","F","169.7","53.7","25.3","74.6","98","137","26","26.5",,,"9.1",,,,,,"18.6","25",,,"154",,,,,,"49.3",,,,,,,,"169","32.5",,,"0.469",,,,,,,
"1","KSPO아산(출장)","유아기","출장","73","관리자","참가","20250213","F","116.8","20.8",,,,,"9.5","10","12",,"9",,,,,,"15.2",,"108",,"117",,,,,,"48.1",,,,,,,,,,,,,,,,,"8.52","20.58",
"1","KSPO아산(출장)","유아기","출장","68","관리자","참가","20250213","M","112.5","19.6",,,,,"6","6.5","3",,"9",,,,,,"15.5",,"72",,"93",,,,,,"33.2",,,,,,,,,,,,,,,,,"10.17","27.29",
"1","KSPO대구(출장A)","어르신","출장","74","관리자","참가","20250213","F","146.5","69.2","43.2",,"67","135","14.5","9.4",,,"6",,,,,,"32.2",,,,,"12",,"13","10.37","45.87","21.0",,,,,,,,,,,,,,,,,,,"14.5"
"1","KSPO아산(출장)","유아기","출장","64","관리자","3등급","20250213","M","112.4","18.4",,,,,"11","11.5","7",,"7",,,,,,"14.6",,"88",,"90",,,,,,"62.5",,,,,,,,,,,,,,,,,"8.28","24.73",
"1","강릉","어르신","일반","69","관리자","참가","20250213","F","153.2","51.2","32.7","73.9","90","128","22.4","18.1",,,"15.7",,,,,,"21.8",,,,,"17",,"102","6.1","28.6","43.7",,,,,,,,,,,,,,,,,,,"22.4"
"1","KSPO아산(출장)","유아기","출장","64","관리자","참가","20250213","F","107.7","16.4",,,,,"7","7","2",,"1.5",,,,,,"14.1",,"26",,"53",,,,,,"42.7",,,,,,,,,,,,,,,,,"9.57","25.68",
"1","KSPO아산(출장)","유아기","출장","64","관리자","참가","20250213","F","108.1","21.8",,,,,"9","11","4",,"11",,,,,,"18.7",,"50",,"85",,,,,,"50.5",,,,,,,,,,,,,,,,,"10.16","26.15",
"1","KSPO아산(출장)","유아기","출장","71","관리자","3등급","20250213","M","113.7","22.4",,,,,"11.5","13.5","13",,"7",,,,,,"17.3",,"46",,"117",,,,,,"60.3",,,,,,,,,,,,,,,,,"8.68","24.16",
"1","수원","성인","일반","64","관리자","참가","20250213","M","163.3","65.7","29.1","88","82","150","28.8","33.3",,,"11.3",,,,,,"24.6","18",,"14.1","139",,,,,,"50.7",,,,,,,,"100","38.1",,,,,,,,,,
"1","KSPO아산(출장)","유아기","출장","72","관리자","3등급","20250213","M","117.1","21.1",,,,,"8.5","11","4",,"9",,,,,,"15.4",,"57",,"125",,,,,,"52.1",,,,,,,,,,,,,,,,,"8.872","28.9",
"2","광주","성인","일반","55","관리자","참가","20250213","F","166.1","61.3","33.7",,"64","117","23.3","22.6",,,"18.5",,,,,,"22.2","0",,,"218",,,,,,"38.0",,,,,,,,"130","29.3",,,"0.444",,,,,,,
"6","고양","어르신","일반","69","관리자","2등급","20250213","M","166.9","73.9","30.2",,"86","150","42.3","41.8",,,"20.8",,,,,,"26.5",,,,,"26",,"121","5.07","20.55","57.2",,,,,,,,,,,,,,,,,,,"42.3"
"1","강릉","성인","일반","42","관리자","2등급","20250213","F","149","50.5","39.7","77.5","81","117","22.8","23.2",,,"19.2",,,,,,"22.7","29",,,"149",,,,,,"45.9",,,"88","111","138",,"35.8",,,,,"0.411",,,,,,,
"1","수원","성인","일반","24","관리자","3등급","20250213","M","180.1","74.7","13.6","80","72","121","45.4","51.4",,,"9.3",,,,,,"23.0","45",,"10.9",,,,,,,"68.8",,,,,,,,"85","49.5",,,,"0.514",,,,,,
"1","KSPO아산(출장)","유아기","출장","70","관리자","참가","20250213","F","106.5","18.8",,,,,"10","11","0",,"1.1",,,,,,"16.6",,"20",,"93",,,,,,"58.5",,,,,,,,,,,,,,,,,"9.68","24.24",
"1","KSPO아산(출장)","유아기","출장","62","관리자","2등급","20250213","M","110.6","20.7",,,,,"10.5","13","6",,"12.5",,,,,,"16.9",,"56",,"125",,,,,,"62.8",,,,,,,,,,,,,,,,,"8.28","21.01",
"1","동구(광주)","성인","일반","22","관리자","참가","20250213","M","176","62.9","7.9","69","54","97","38.3","40.3",,,"15.8",,,,,,"20.3","27","52","12.32","157",,,,,,"64.1",,"46.1",,,,,,,,,,,,,,,,,
"2","광주","성인","일반","63","관리자","참가","20250213","F","165.1","60.4","24.2",,"87","144","34.6","33.9",,,"19.3",,,,,,"22.2","0",,,"211",,,,,,"57.3",,,,,,,,"105","31.0",,,"0.400",,,,,,,
"1","KSPO아산(출장)","유아기","출장","62","관리자","참가","20250213","F","111","22",,,,,"5","6.5","4",,"10.5",,,,,,"17.9",,"24",,"93",,,,,,"29.5",,,,,,,,,,,,,,,,,"10.49","26.26",
"6","수원","어르신","일반","73","관리자","2등급","20250213","M","171.1","74.2","28.6","94","63","137","39.5","39.1",,,"10.4",,,,,,"25.3",,,,,"28",,"120","5.2","19.7","53.2",,,,,,,,,,,,,,,,,,,"39.5"
"5","시흥","어르신","일반","69","관리자","2등급","20250213","F","157.3","57.6","33","85.4","85","150","21","22.8",,,"19.6",,,,,,"23.3",,,,,"23","576",,"5.40","21.66","39.6",,,,,,,,,,,,,,,,,,,"22.8"
"1","KSPO아산(출장)","유아기","출장","64","관리자","3등급","20250213","F","108.2","16.7",,,,,"7","8.5","0",,"15",,,,,,"14.3",,"61",,"90",,,,,,"50.9",,,,,,,,,,,,,,,,,"9.64","27.74",
"3","수원","어르신","일반","69","관리자","2등급","20250213","F","148.2","50","31.8","69","74","134","22.8","23.9",,,"15.9",,,,,,"22.8",,,,,"29",,"113","5.2","21.9","47.8",,,,,,,,,,,,,,,,,,,"23.9"
"2","광주","성인","일반","59","관리자","3등급","20250213","F","155.3","56.4","33.7",,"85","130","27","27.8",,,"19.2",,,,,,"23.4","10",,,"214",,,,,,"49.3",,,"62","102","135",,"32.5",,,,,"0.321",,,,,,,
"7","KSPO송파별관(어르신)","어르신","일반","76","관리자","1등급","20250213","M","165.2","67.6","26.3",,"87","159","36.5","35",,,"15.3",,,,,,"24.8",,,,,"25",,"127","4.63","18.53","54.0",,,,,,,,,,,,,,,,,,,"36.5"
"4","남구(울산)","성인","일반","25","관리자","2등급","20250213","M","173.9","83.5","20.3","91.2","72","134","46.8","51.4",,,"16.8",,,,,,"27.6","56",,"11.01","239",,,,,,"61.6",,,,,,,,"99","44.7",,,,,,,,,,
"2","KSPO송파별관(어르신)","어르신","일반","70","관리자","2등급","20250213","M","177.7","85.8","33.4",,"96","154","40.4","43.5",,,"9.5",,,,,,"27.2",,,,,"31",,"123","4.53","20.16","50.7",,,,,,,,,,,,,,,,,,,"43.5"
"1","순천","어르신","일반","73","관리자","3등급","20250213","F","146.5","53.8","37.9","82.8","99","150","25.8","25.7",,,"22.9",,,,,,"25.1",,,,,"15",,"114","5.54","27.07","48.0",,,,,,,,,,,,,,,,,,,"25.8"
"1","KSPO아산(출장)","유아기","출장","71","관리자","참가","20250213","F","110.5","17.4",,,,,"7.8","9.5","3",,"13.1",,,,,,"14.3",,"34",,"87",,,,,,"54.6",,,,,,,,,,,,,,,,,"9.67","20.78",
"5","서구(광주)","성인","일반","21","관리자","2등급","20250213","F","174","58.5","19.7","68","59","106","34.4","32.9",,,"15.9",,,,,,"19.3","37",,,"186",,,,,,"58.8",,,,,,,,"130","37.1",,,"0.369",,,,,,,
"1","태백","성인","일반","28","관리자","3등급","20250213","M","169.6","64.0","18.4","70","91","125","36.9","40.7",,,"12.2",,,,,,"22.2","45","34","10.31","190",,,,,,"63.6",,"41.4",,,,,,,,,,,,,,,,,
"9","청주","성인","일반","22","관리자","참가","20250213","F","158","53","28.2","75.3","53","107","29.3","33.1",,,"15.1",,,,,,"21.2","41","17","13.3","171",,,,,,"62.5",,"32.9",,,,,,,,,,,,,,,,,
"1","동구(인천)","성인","일반","61","관리자","3등급","20250213","M","169.2","56.4","15.2",,"69","129","40.1","44.3",,,"16.1",,,,,,"19.7","24",,,"205",,,,,,"78.5",,,,,,,,"127","37.4",,,"0.332",,,,,,,
"1","KSPO아산(출장)","유아기","출장","68","관리자","참가","20250213","F","114.9","21.7",,,,,"8.5","10.2","3",,"7.5",,,,,,"16.4",,"88",,"100",,,,,,"47.0",,,,,,,,,,,,,,,,,"10.22","25.10",
"1","순천","성인","일반","60","관리자","참가","20250213","F","144.5","55.3","35.6","82.5","78","124","21.6","20.4",,,"9.8",,,,,,"26.5","11",,,,,,,,,"39.1",,,,,,,,"103","31.1",,,"0.438","0.403",,,,,,
"1","화성","성인","일반","26","관리자","1등급","20250213","F","171.8","62.3","27.1",,"53","122","31.2","32.2",,,"30.8",,,,,,"21.1","46","28","12.43",,,,,,,"51.7",,"34.9",,,,,,,,,,,"0.514",,,,,,
"1","창원","성인","일반","22","관리자","2등급","20250213","F","159.6","58.9","30.7","75","73","122","24.6","29.4",,,"17.3",,,,,,"23.1","36",,"12.35","156",,,,,,"49.9",,,,,,,,"121","36.5",,,,,,,,,,
"4","안산","성인","일반","27","관리자","2등급","20250213","F","165.5","52.3","29.9","58","95","132","24.4","23.6",,,"22",,,,,,"19.1","30",,"13.13","149",,,,,,"46.7",,,"93","132","157",,"37.8",,,,,,,,,,,,
"1","KSPO아산(출장)","유아기","출장","64","관리자","참가","20250213","F","102.9","17.1",,,,,"5.5","6.5","2",,"8.7",,,,,,"16.1",,"47",,"68",,,,,,"38.0",,,,,,,,,,,,,,,,,"11.05","26.65",
"1","화성","성인","일반","20","관리자","참가","20250213","M","173.6","83.7","24.6",,"92","146","51","56.8",,,"10.9",,,,,,"27.8","50","33",,"213",,,,,,"67.9",,"38.8",,,,,,,,,,"0.355",,,,,,,
"1","목포","성인","일반","50","관리자","참가","20250213","F","162.2","75.6","39.9","98.8","72","127","22.2","26.3",,,"18.9",,,,,,"28.7","24",,"16","126",,,,,,"34.8",,,"99","140","166",,"26.3",,,,,,,,,,,,
"4","강북","어르신","일반","65","관리자","1등급","20250213","F","154.3","51.7","29.9","70.5","81","144","24.6","26.9",,,"20.8",,,,,,"21.7",,,,,"29",,"129","4.5","19.6","52.0",,,,,,,,,,,,,,,,,,,"26.9"
"1","달서","성인","일반","19","관리자","참가","20250213","M","167.5","67.2","27.5","84.2","92","146","37.2","42.5",,,"-9.6",,,,,,"24.0","38",,,"196",,,,,,"63.2",,,,,,,,"115","47.0",,,"0.327",,,,,,,
"1","KSPO송파","성인","일반","26","관리자","참가","20250213","F","160.9","57.6","35.4","66","70","120","20.9","23.9",,,"0.9",,,,,,"22.2","10",,,,,,,,,"41.5",,,,,,,,"131","35.0",,,"0.455","0.459",,,,,,
"3","화성","어르신","일반","68","관리자","3등급","20250213","M","162.8","68","29.6",,"78","143","39.2","40",,,"5.1",,,,,,"25.7",,,,,"21",,"100","5.1","20.3","58.8",,,,,,,,,,,,,,,,,,,"40.0"
"4","동구(광주)","어르신","일반","67","관리자","3등급","20250213","F","153.1","52","24.3","78","57","118","17.1","18.9",,,"23.1",,,,,,"22.2",,,,,"24",,"135","6.38","25.81","36.3",,,,,,,,,,,,,,,,,,,"18.9"
"3","화성","성인","일반","24","관리자","2등급","20250213","F","163.5","44.3","17.2",,"72","122","23.5","26.8",,,"21.3",,,,,,"16.6","32",,,"182",,,,,,"60.5",,,"84","114","144",,"41.3",,,,,"0.372",,,,,,,
"1","달서","성인","일반","32","관리자","참가","20250213","M","185","115","33.3","124.6","99","142","41.9","49.7",,,"7.6",,,,,,"33.6","41",,,"190",,,,,,"43.2",,,,,,,,"155","28.7",,,"0.298",,,,,,,
"1","양평","어르신","일반","70","관리자","1등급","20250213","M","171.7","67.5","24.8",,"79","147","33.2","38.3",,,"14.6",,,,,,"22.9",,,,,"23",,"122","5.51","19.94","56.7",,,,,,,,,,,,,,,,,,,"38.3"
"6","남구(울산)","성인","일반","41","관리자","3등급","20250213","F","167.3","66.7","29.7","86.9","91","147","36","39.1",,,"14.7",,,,,,"23.8","37","17",,"150",,,,,,"58.6",,"30.2",,,,,,,,,,"0.360",,,,,,,
"2","KSPO대구","성인","일반","27","관리자","참가","20250213","M","171.2","79.6","30.3","83","96","138","36.7","41.1",,,"23.8",,,,,,"27.2","28","24",,"198",,,,,,"51.6",,"36.8",,,,,,,,,,"0.393",,,,,,,
"1","KSPO대구(출장A)","어르신","출장","72","관리자","참가","20250213","F","158.9","69.8","36.5",,"80","157","17.4","21.6",,,"16.3",,,,,,"27.6",,,,,"7",,"31","10.92","46.82","30.9",,,,,,,,,,,,,,,,,,,"21.6"
"1","KSPO대구","성인","일반","36","관리자","참가","20250213","M","169.9","76.3","20.3","94","65","103","47.4","48.5",,,"-5.9",,,,,,"26.4","44","24",,"214",,,,,,"63.6",,"36.6",,,,,,,,,,"0.319",,,,,,,
"2","동구(인천)","성인","일반","56","관리자","참가","20250213","F","164.7","70.2","31.4",,"72","143","27.1","26.8",,,"14.7",,,,,,"25.9","17",,,"139",,,,,,"38.6",,,"77","120","165",,"26.0",,,,,"0.363",,,,,,,
"9","구미","성인","일반","22","관리자","2등급","20250213","M","177","85.7","17.2","94.5","82","139","59","63.7",,,"20.1",,,,,,"27.4","61",,,,,,,,,"74.3",,,,,,,,"102","44.8",,,"0.312","0.663",,,,,,
"1","KSPO대구(출장A)","어르신","출장","75","관리자","참가","20250213","F","156.6","67.1","45.9",,"88","159","15.8","19.8",,,"10.6",,,,,,"27.4",,,,,"15",,"79","12.59","39.57","29.5",,,,,,,,,,,,,,,,,,,"19.8"
"1","스포원(금정)","성인","출장","64","관리자","2등급","20250213","M","172.5","70.1","25.3",,"98","149","41.7","39.4",,,"19.9",,,,,,"23.6","26","22",,,,,,,,"59.5",,"34.7",,,,,,,,,,"0.443","0.489",,,,,,
"5","구미","성인","일반","20","관리자","2등급","20250213","F","163.9","63.8","35.4","88","63","111","24","30.5",,,"15.5",,,,,,"23.7","56",,,,,,,,,"47.8",,,,,,,,"122","36.0",,,"0.344","0.512",,,,,,
"1","서구(대전)","청소년","일반","18","관리자","참가","20250213","M","176.4","73.5","24.2",,"65","124","32.9","42.7",,"42","11.5","21.05","0.539","51.151","7","51.473","23.6",,,,,,,,,,"58.1",,,"97","134","166",,"42.2",,,,,,,,,,,,
"1","순천","성인","일반","36","관리자","참가","20250213","F","165.5","55.7","26.9","74.7","81","124","27.1","25.7",,,"17",,,,,,"20.3","14",,,,,,,,,"48.7",,,,,,,,"109","36.7",,,"0.390","0.440",,,,,,
"1","KSPO대구(출장A)","어르신","출장","86","관리자","참가","20250213","F","121","31.9","34.2",,"60","139","6.8","6.6",,,"3",,,,,,"21.8",,,,,"5",,"7","19.52","86.79","21.3",,,,,,,,,,,,,,,,,,,"6.8"
"1","청주","청소년","일반","14","관리자","참가","20250213","F","157.4","51.4","29.9","75.5","74","132","28.1","29.3","7",,"13.3","22.44","0.390","55.886","10","56.346","20.7",,"11",,,,,,,,"57.0",,"32.6",,,,,,,,,,,,,,,,,
"23","남구(울산)","성인","일반","29","관리자","2등급","20250213","M","167.9","69.4","23.6","82.2","89","152","45.5","43.5",,,"14.7",,,,,,"24.6","56",,,,,,,,,"65.6",,,,,,,,"88","48.0",,,"0.292","0.485",,,,,,
"1","스포원(금정)","성인","출장","64","관리자","2등급","20250213","M","166.7","68.7","23.8",,"99","154","37.7","44.2",,,"17.1",,,,,,"24.7","37","21",,,,,,,,"64.3",,"34.8",,,,,,,,,,"0.445","0.479",,,,,,
"1","KSPO대구(출장A)","어르신","출장","73","관리자","참가","20250213","M","164.3","65.1","33.1",,"60","135","34","35.7",,,"10",,,,,,"24.1",,,,,"17",,"114","8.1","29.39","54.8",,,,,,,,,,,,,,,,,,,"35.7"
"4","스포원(금정)","어르신","출장","68","관리자","참가","20250213","M","176.6","93.6","33.4",,"70","170","45.9","49.6",,,"-0.1",,,,,,"30.0",,,,,"20",,"119","4.8","20.8","53.0",,,,,,,,,,,,,,,,,,,"49.6"
"1","원주","청소년","일반","18","관리자","2등급","20250213","M","182.2","87.5","18","85.4","60","127","47.6","51.6",,"48","15.2","20.03","0.539","45.951","11","46.457","26.4",,,,,,,,,,"59.0",,,"73","104","129",,"45.3",,,,,,,,,,,,
"1","KSPO대구(출장A)","어르신","출장","68","관리자","참가","20250213","F","149.9","49.7","31.5",,"61","114","14.8","19.3",,,"4",,,,,,"22.1",,,,,"11",,"87","9.9","34.44","38.8",,,,,,,,,,,,,,,,,,,"19.3"
"1","순천","성인","일반","60","관리자","2등급","20250213","M","165.3","62.3","24.7","82.8","83","130","38.6","40.5",,,"12.5",,,,,,"22.8","30",,,,,,,,,"65.0",,,,,,,,"100","40.0",,,"0.349","0.477",,,,,,
"1","스포원(금정)","어르신","출장","68","관리자","참가","20250213","M","169.6","79","27.4",,"67","157","42.1","41.8",,,"-5.9",,,,,,"27.5",,,,,"16",,"82","5.6","27.2","53.3",,,,,,,,,,,,,,,,,,,"42.1"
"6","청주","어르신","일반","70","관리자","3등급","20250213","F","154.8","50.1","30.6","74.5","88","148","24.9","23.7",,,"10.3",,,,,,"20.9",,,,,"19",,"99","5.03","19.91","49.7",,,,,,,,,,,,,,,,,,,"24.9"
"1","스포원(금정)","어르신","출장","67","관리자","참가","20250213","M","167","76.7","32.4",,"84","157","33.6","37.9",,,"-10.1",,,,,,"27.5",,,,,"14",,"103","5.2","26","49.4",,,,,,,,,,,,,,,,,,,"37.9"
"1","KSPO대구(출장A)","어르신","출장","77","관리자","참가","20250213","M","157.7","72.9","34.6",,"80","158","24.3","26.6",,,"-8",,,,,,"29.3",,,,,"12",,"33","18.7","58.2","36.5",,,,,,,,,,,,,,,,,,,"26.6"
"1","순천","성인","일반","19","관리자","참가","20250213","M","169.8","79.4","27.1","95","91","140","37.7","40.2",,,"-1",,,,,,"27.5","49",,,,,,,,,"50.6",,,,,,,,"140","40.8",,,"0.284","0.564",,,,,,
"6","동작","성인","일반","63","관리자","2등급","20250213","M","164.6","69.8","25.4","80.5","67","126","36.7","41.3",,,"17.4",,,,,,"25.8","25",,,,,,,,,"59.2",,,,,,,,"88","39.3",,,"0.396","0.440",,,,,,
"1","원주","성인","일반","31","관리자","2등급","20250213","M","180","86.4","26.8","92.3","81","145","44.3","50.7",,,"13",,,,,,"26.7","42","40","10.78","210",,,,,,"58.7",,"39.0",,,,,,,,,,,,,,,,,
"2","순천","성인","일반","48","관리자","3등급","20250213","M","175.3","76.4","26.6","90.1","83","128","47.3","45.7",,,"12.2",,,,,,"24.9","33",,,,,,,,,"61.9",,,,,,,,"121","37.5",,,"0.387","0.477",,,,,,
"3","포천","어르신","일반","65","관리자","3등급","20250213","M","163.6","63.3","29.2","82","77","148","32.6","34.8",,,"2.6",,,,,,"23.7",,,,,"26",,"125","4.62","19.00","55.0",,,,,,,,,,,,,,,,,,,"34.8"
"1","충주","성인","일반","38","관리자","참가","20250213","M","165.5","75.2","26.1","94","88","156","47.3","44.4",,,"10.5",,,,,,"27.5","37","25",,,,,,,,"62.9",,"36.9",,,,,,,,,,"0.322","0.554",,,,,,
"1","충주","성인","일반","36","관리자","참가","20250213","M","179.1","68.1","23.4","87","65","122","42.4","38.3",,,"-0.5",,,,,,"21.2","47","29",,,,,,,,"62.3",,"38.8",,,,,,,,,,"0.329","0.554",,,,,,
"1","무안","성인","출장","62","관리자","참가","20250213","F","157","48.1","11.3",,"41","99","26.2","27.1",,,"18.2",,,,,,"19.5","3",,,,,,,,,"56.3",,,,,,,,"104","33.6",,,"0.507","0.372",,,,,,
"1","무안","성인","출장","56","관리자","참가","20250213","F","160.4","67","33.5",,"66","120","25.9","28.1",,,"18.1",,,,,,"26.0","20",,,,,,,,,"41.9",,,,,,,,"115","29.0",,,"0.449","0.295",,,,,,
"1","순천","성인","일반","20","관리자","2등급","20250213","M","178.7","66.9","13.7","77.5","85","124","42.3","46.3",,,"16.6",,,,,,"20.9","53",,,,,,,,,"69.2",,,,,,,,"105","49.2",,,"0.307","0.701",,,,,,
"1","무안","성인","출장","61","관리자","2등급","20250213","F","158.1","56.8","29.9",,"86","136","22.8","22",,,"19",,,,,,"22.7","19",,,,,,,,,"40.1",,,,,,,,"85","34.0",,,"0.487","0.385",,,,,,
"7","마포","어르신","일반","65","관리자","2등급","20250213","M","172.5","79.2","24.3","84","92","137","43.2","46",,,"8",,,,,,"26.6",,,,,"28",,"123","4.24","18.46","58.1",,,,,,,,,,,,,,,,,,,"46.0"
"5","마포","어르신","일반","66","관리자","참가","20250213","M","168.2","69.4","26.9",,"81","121","39.4","41.9",,,"-3.5",,,,,,"24.5",,,,,"27",,"113","3.57","18.90","60.4",,,,,,,,,,,,,,,,,,,"41.9"
"1","무안","성인","출장","63","관리자","참가","20250213","F","162.8","49.7","22.9",,"76","128","22","22.2",,,"21.8",,,,,,"18.8","2",,,,,,,,,"44.7",,,,,,,,"107","33.2",,,"0.532","0.456",,,,,,
"1","서초","성인","일반","28","관리자","참가","20250213","F","153.1","47.7","32.3","70.1","89","134","32","31.4",,,"4.3",,,,,,"20.4","27",,,,,,,,,"67.1",,,,,,,,"130","36.4",,,"0.332","0.489",,,,,,
"1","무안","성인","출장","30","관리자","3등급","20250213","F","155.9","58.2","30.6",,"78","122","20.7","26.2",,,"17.5",,,,,,"23.9","27",,,,,,,,,"45.0",,,,,,,,"132","33.5",,,"0.438","0.430",,,,,,
"1","KSPO대구(출장A)","어르신","출장","79","관리자","참가","20250213","M","166.7","42.7","23",,"60","131","19.2","17.4",,,"-8",,,,,,"15.4",,,,,"9",,"29","20.3","64.62","45.0",,,,,,,,,,,,,,,,,,,"19.2"
"1","서구(대전)","성인","일반","27","관리자","참가","20250213","M","171.3","63.3","14.4",,"83","145","38.8","47.1",,,"19.2",,,,,,"21.6","7","51",,,,,,,,"74.4",,"45.5",,,,,,,,,,"0.266","0.589",,,,,,
"1","무안","성인","출장","43","관리자","참가","20250213","F","166.4","82.5","43",,"85","136","28.6","28.3",,,"5.7",,,,,,"29.8","8",,,,,,,,,"34.7",,,,,,,,"141","25.0",,,"0.721","0.353",,,,,,
"1","무안","성인","출장","47","관리자","참가","20250213","F","160.5","77.6","45.2",,"72","125","24.3","24.3",,,"12.3",,,,,,"30.1","0",,,,,,,,,"31.3",,,,,,,,"93","30.8",,,"0.553","0.300",,,,,,
"3","안산","어르신","일반","66","관리자","1등급","20250213","F","158.5","61.6","27","77.7","83","141","30.9","28.9",,,"21.9",,,,,,"24.5",,,,,"27",,"132","4","18.1","50.2",,,,,,,,,,,,,,,,,,,"30.9"
"1","무안","성인","출장","57","관리자","참가","20250213","F","157.1","58.9","29.6",,"73","135","25.9","26.2",,,,,,,,,"23.9","27",,,,,,,,,"44.5",,,,,,,,"99","32.5",,,"0.387","0.409",,,,,,
"1","무안","성인","출장","63","관리자","2등급","20250213","F","158.2","47.6","23.3",,"71","117","19.7","25.2",,,"25",,,,,,"19.0","20",,,,,,,,,"52.9",,,,,,,,"99","34.2",,,"0.499","0.366",,,,,,
"1","무안","성인","출장","57","관리자","참가","20250213","F","170.2","52.7","17.4",,"68","112","25.5","29.1",,,"4",,,,,,"18.2","10",,,,,,,,,"55.2",,,,,,,,"86","36.8",,,"0.453","0.356",,,,,,
"1","KSPO대구(출장A)","어르신","출장","89","관리자","참가","20250213","M","153.2","42.2","20.9",,"68","113","9","5.6",,,"-4",,,,,,"18.0",,,,,"9",,"20","24","82.9","21.3",,,,,,,,,,,,,,,,,,,"9.0"
"1","무안","성인","출장","56","관리자","참가","20250213","F","163.8","63.5","26.4",,"90","121","9.2","21",,,"16",,,,,,"23.7","22",,,,,,,,,"33.1",,,,,,,,"92","33.0",,,"0.473","0.341",,,,,,
"1","무안","성인","출장","62","관리자","3등급","20250213","F","160.5","63.1","31.2",,"86","157","24.9","26.2",,,"28.5",,,,,,"24.5","31",,,,,,,,,"41.5",,,,,,,,"96","31.2",,,"0.545","0.354",,,,,,
"1","KSPO대구(출장A)","어르신","출장","82","관리자","참가","20250213","M","155","56.1","31.6",,"77","126","17.6","22.7",,,"-5.5",,,,,,"23.4",,,,,"10",,"8","27.5","98.37","40.5",,,,,,,,,,,,,,,,,,,"22.7"
"1","무안","성인","출장","63","관리자","참가","20250213","F","154.6","59.3","35.8",,"89","150","21.2","26.1",,,"20.1",,,,,,"24.8","3",,,,,,,,,"44.0",,,,,,,,"99","31.0",,,"0.497","0.335",,,,,,
"6","서대문","성인","일반","23","관리자","3등급","20250213","F","165.1","48.8","24.2",,"53","96","23.4","24.2",,,"17.9",,,,,,"17.9","28",,,,,,,,,"49.6",,,,,,,,"120","39.5",,,"0.385","0.424",,,,,,
"1","무안","성인","출장","62","관리자","참가","20250213","F","159.3","52.2","25.5",,"68","148","22.6","22.9",,,"9.5",,,,,,"20.6","20",,,,,,,,,"43.9",,,,,,,,"116","31.3",,,"0.427","0.364",,,,,,
"3","서대문","성인","일반","20","관리자","3등급","20250213","F","173.4","50.1","19.5",,"77","121","21.5","26.8",,,"10.2",,,,,,"16.7","23",,,,,,,,,"53.5",,,,,,,,"118","40.7",,,"0.326","0.467",,,,,,
"1","창원","청소년","일반","18","관리자","3등급","20250213","M","177.3","71.2","14.8","75","46","151","36.8","42.2","54",,"20.3","19.53","0.589","50.329","10","50.789","22.6",,"45",,,,,,,,"59.3",,"43.5",,,,,,,,,,,,,,,,,
"1","KSPO대구(출장A)","어르신","출장","82","관리자","참가","20250213","F","148.8","49.5","33.4",,"77","146","13.2","9",,,"-9.9",,,,,,"22.4",,,,,"6",,"36","15.5","75.76","26.7",,,,,,,,,,,,,,,,,,,"13.2"
"1","무안","성인","출장","56","관리자","2등급","20250213","F","152.4","56.2","34.6",,"79","158","22.5","26.8",,,"25.5",,,,,,"24.2","27",,,,,,,,,"47.7",,,,,,,,"99","32.9",,,"0.452","0.379",,,,,,
"1","무안","성인","출장","56","관리자","3등급","20250213","F","157.7","54.5","30.2",,"81","140","23","23",,,"18.5",,,,,,"21.9","17",,,,,,,,,"42.2",,,,,,,,"108","32.7",,,"0.541","0.373",,,,,,
"1","무안","성인","출장","62","관리자","2등급","20250213","F","152.7","59.5","34.1",,"73","137","22.8","23.9",,,"23.8",,,,,,"25.5","12",,,,,,,,,"40.2",,,,,,,,"108","29.9",,,"0.349","0.353",,,,,,
"6","KSPO송파별관(어르신)","어르신","일반","67","관리자","2등급","20250213","M","166.6","68","29.6",,"83","155","35.6","35.2",,,"10.7",,,,,,"24.5",,,,,"33",,"130","4.87","18.23","52.4",,,,,,,,,,,,,,,,,,,"35.6"
"6","양평","어르신","일반","74","관리자","1등급","20250213","F","153.6","54.5","31.7",,"67","146","27.8","28.5",,,"23",,,,,,"23.1",,,,,"28",,"117","5.5","20.06","52.3",,,,,,,,,,,,,,,,,,,"28.5"
"1","무안","성인","출장","55","관리자","2등급","20250213","F","157.9","52.9","27.1",,"74","140","26.1","24.2",,,"17",,,,,,"21.2","24",,,,,,,,,"49.3",,,,,,,,"91","35.4",,,"0.384","0.352",,,,,,
"4","안산","성인","일반","63","관리자","참가","20250213","M","167.3","80.8","28.7","88","99","153","43.2","41.6",,,"22.3",,,,,,"28.9","40",,,"169",,,,,,"53.5",,,,,,,,"120","32.4",,,"0.377",,,,,,,
"1","무안","성인","출장","53","관리자","참가","20250213","F","160.1","53.7","29.2",,"76","120","28.3","28.3",,,"11",,,,,,"21.0","19",,,,,,,,,"52.7",,,,,,,,"110","33.4",,,"0.399","0.353",,,,,,
"1","KSPO대구","성인","일반","23","관리자","2등급","20250213","F","168.2","53.7","25.8","65","64","99","22.8","26.7",,,"19.6",,,,,,"19.0","36",,,"159",,,,,,"49.7",,,"86","123","162",,"36.9",,,,,"0.27",,,,,,,
"1","KSPO대구(출장A)","어르신","출장","81","관리자","참가","20250213","M","163.5","59.4","28.6",,"79","141","15.3","22.2",,,"-19.9",,,,,,"22.2",,,,,"5",,"13","21.3","101.27","37.4",,,,,,,,,,,,,,,,,,,"22.2"
"1","무안","성인","출장","38","관리자","참가","20250213","F","170.1","100.7","45.5",,"83","133","30.9","24.9",,,"-11",,,,,,"34.8","17",,,,,,,,,"30.7",,,,,,,,"146","21.2",,,"0.513","0.305",,,,,,
"1","군산","성인","일반","39","관리자","참가","20250213","F","161","66","37.9","78","88","137","25.6","25.5",,,"-1.6",,,,,,"25.5","5",,,,,,,,,"38.8",,,"87","115","140",,"33.5",,,,,"0.489","0.413",,,,,,
"2","무안","성인","출장","52","관리자","2등급","20250213","F","156.2","56.4","24.3",,"72","136","25.7","22.3",,,"27",,,,,,"23.1","29",,,,,,,,,"45.6",,,,,,,,"111","32.5",,,"0.463","0.398",,,,,,
"1","무안","성인","출장","47","관리자","참가","20250213","F","158","45.8","24.4",,"71","133","18","16.7",,,"6.2",,,,,,"18.3","27",,,,,,,,,"39.3",,,,,,,,"74","40.7",,,"0.406","0.343",,,,,,
"7","고양","어르신","일반","76","관리자","2등급","20250213","F","144.4","64.2","40.5",,"73","142","22.9","20.4",,,"19.9",,,,,,"30.8",,,,,"29",,"100","6.59","26.90","35.7",,,,,,,,,,,,,,,,,,,"22.9"
"2","고양","어르신","일반","65","관리자","1등급","20250213","M","167.6","73.5","19.4",,"99","159","47.4","47.1",,,"15.5",,,,,,"26.2",,,,,"30",,"135","4.29","18.11","64.5",,,,,,,,,,,,,,,,,,,"47.4"
"1","순천","성인","일반","58","관리자","참가","20250213","M","162","70.1","35.6","98.6","76","113","34.4","31.4",,,"-3",,,,,,"26.7","21",,,,,,,,,"49.1",,,,,,,,"86","40.6",,,"0.438","0.427",,,,,,
"3","성동","성인","일반","24","관리자","3등급","20250213","F","160.3","49.5","19.8",,"71","119","22.6","24.7",,,"17.4",,,,,,"19.3","26",,,,,,,,,"49.9",,,,,,,,"85","42.9",,,"0.366","0.465",,,,,,
"1","성동","성인","일반","29","관리자","3등급","20250213","F","168.6","66.3","34.4",,"94","136","31.2","33",,,"13.5",,,,,,"23.3","40",,,,,,,,,"49.8",,,,,,,,"133","32.8",,,"0.359","0.428",,,,,,
"1","무안","성인","출장","59","관리자","참가","20250213","F","159.5","63.6","32.2",,"75","126","20.7","21.3",,,"17",,,,,,"25.0","25",,,,,,,,,"33.5",,,,,,,,"115","29.2",,,"0.483","0.405",,,,,,
"1","춘천","성인","일반","36","관리자","3등급","20250213","M","167.7","77.2","22.8","93.7","81","141","50.2","49.8",,,"16.7",,,,,,"27.5","47","34",,"215",,,,,,"65.0",,"38.8",,,,,,,,,,"0.323",,,,,,,
"1","무안","성인","출장","50","관리자","참가","20250213","F","155.1","76.8","43.3",,"81","145","22.6","26.5",,,"2",,,,,,"31.9","6",,,,,,,,,"34.5",,,,,,,,"120","26.6",,,"0.489","0.326",,,,,,
"2","성동","성인","일반","62","관리자","참가","20250213","M","170.7","66.2","30.0",,"73","120","33.5","37.6",,,"2.4",,,,,,"22.7","1",,,"158",,,,,,"56.8",,,,,,,,"146","32.3",,,"0.277",,,,,,,
"5","제주","성인","일반","23","관리자","1등급","20250213","M","174.9","77.2","14.9","81.9","70","135","44.7","53.3",,,"22.4",,,,,,"25.2","57","70","10.2","234",,,,,,"69.0",,"48.1",,,,,,,,,,,,,,,,,
"1","무안","성인","출장","40","관리자","참가","20250213","F","156.6","63.4","42.2",,"66","117","27.2","27.5",,,"-11",,,,,,"25.9","3",,,,,,,,,"43.4",,,,,,,,"102","34.1",,,"0.472","0.365",,,,,,
"1","무안","성인","출장","41","관리자","3등급","20250213","F","160.9","61.5","28.2",,"52","96","29.4","27.2",,,"19.7",,,,,,"23.8","25",,,,,,,,,"47.8",,,,,,,,"131","31.2",,,"0.394","0.449",,,,,,
"1","전주","성인","일반","25","관리자","참가","20250213","M","166.3","72.9","29.5","90.3","96","149","32.8","30.1",,,"15",,,,,,"26.4","42",,,,,,,,,"45.0",,,"119","139","159","180","39.7",,,,,"0.339","0.516",,,,,,
"3","태백","성인","일반","62","관리자","2등급","20250213","M","170.7","77.4","27.5","92","75","125","44.6","42.4",,,"9.4",,,,,,"26.6","32","22","12.22","178",,,,,,"57.6",,"33.9",,,,,,,,,,,,,,,,,
"1","순천","성인","일반","64","관리자","3등급","20250213","F","156.7","58.2","33.3","79.9","73","110","28.3","27.7",,,"21",,,,,,"23.7","16",,,,,,,,,"48.6",,,,,,,,"95","31.8",,,"0.482","0.353",,,,,,
"1","춘천","성인","일반","28","관리자","참가","20250213","M","173.4","89.3","32.6","101.5","82","143","46.4","50.7",,,"-8.5",,,,,,"29.7","25",,,,,,,,,"56.8",,,"94","115","138","174","37.1",,,,,"0.345","0.537",,,,,,
"3","태백","성인","일반","64","관리자","3등급","20250213","M","171.5","68.2","24.9","82","90","140","39.6","45.1",,,"23.9",,,,,,"23.2","21","22","12.34","178",,,,,,"66.1",,"35.0",,,,,,,,,,,,,,,,,
"3","KSPO송파","성인","일반","25","관리자","2등급","20250213","F","164.2","55.1","26.8","73.8","58","112","19.1","25.5",,,"15.3",,,,,,"20.4","29",,,"152",,,,,,"46.3",,,,,,,,"134","35.7",,,"0.341",,,,,,,
"1","목포","성인","일반","54","관리자","참가","20250213","F","170.1","83.9","40.5","109.3","80","140","29.2","31.5",,,"13.1",,,,,,"29.0","0",,,,,,,,,"37.5",,,"117","142","159",,"25.1",,,,,"0.469","0.353",,,,,,
"1","청주","청소년","일반","17","관리자","참가","20250213","F","165.5","57.3","29.8","74","69","112","21.3","26.5","12",,"2.8","21.31","0.427","63.004","7","63.326","20.9",,"21",,,,,,,,"46.2",,"34.7",,,,,,,,,,,,,,,,,
"1","KSPO송파","성인","일반","22","관리자","참가","20250213","F","164.3","52.4","27.7","73.8","61","115","23.4","25.6",,,"5.7",,,,,,"19.4","30",,,"135",,,,,,"48.9",,,,,,,,"124","38.2",,,"0.289",,,,,,,
"1","강북","성인","일반","25","관리자","참가","20250213","F","161","47.5","28.8","65.9","69","117","16.7","17.7",,,"-18",,,,,,"18.3","29",,,"130",,,,,,"37.3",,,"85","117","140",,"41.0",,,,,"0.364",,,,,,,
"1","세종","성인","일반","56","관리자","2등급","20250213","M","171.8","70.8","18.4","79.3","76","127","34.7","44.3",,,"8.7",,,,,,"24.0","30",,,"168",,,,,,"62.6",,,,,,,,"119","36.8",,,"0.250",,,,,,,
"2","화성","성인","일반","19","관리자","3등급","20250213","F","168.2","61.2","28.8",,"76","121","29.4","29.7",,,"21.8",,,,,,"21.6","28",,"12.38",,,,,,,"48.5",,,"84","124","156",,"37.0",,,,,,"0.477",,,,,,
"3","서구(대전)","성인","일반","29","관리자","3등급","20250213","F","161.4","55.2","30.5",,"80","126","27.5","29.7",,,"22.2",,,,,,"21.2","21",,,,,,,,,"53.8",,,,,,,,"143","33.6",,,"0.358","0.440",,,,,,
"8","마포","어르신","일반","85","관리자","1등급","20250213","M","161.5","66.8","37.5","86","74","156","38.5","34.5",,,"3.7",,,,,,"25.6",,,,,"18",,"103","4.93","23.46","57.6",,,,,,,,,,,,,,,,,,,"38.5"
"2","증평","청소년","일반","17","관리자","참가","20250213","M","168.7","62.3","26.4","82.1","80","138","38.8","36.7",,"41","8.5","19.2","0.497","41.248","12","41.800","21.9",,"27",,,,,,,,"62.3",,"40.3",,,,,,,,,,,,,,,,,
"1","증평","청소년","일반","17","관리자","참가","20250213","M","170.6","78.8","24.7","89.2","68","122","39.3","46.3",,"35","-11.7","20.6","0.606","46.882","8","47.250","27.1",,"31",,,,,,,,"58.8",,"38.3",,,,,,,,,,,,,,,,,
"1","창원마산회원","성인","일반","39","관리자","2등급","20250213","F","158","58.8","26.1","78","70","122","30.4","35.7",,,"18.8",,,,,,"23.6","35",,,"152",,,,,,"60.7",,,"59","102","121",,"38.4",,,,,"0.328",,,,,,,
"1","사천","성인","일반","47","관리자","3등급","20250213","M","164.5","65.7","23.6","86.3","92","155","41.8","47.3",,,"22.5",,,,,,"24.3","33",,,"204",,,,,,"72.0",,,,,,,,"95","43.2",,,"0.324",,,,,,,
"1","수원","성인","일반","21","관리자","3등급","20250213","M","170.9","71.7","21","78","54","118","41.1","51.1",,,"8.3",,,,,,"24.5","42",,,"218",,,,,,"71.3",,,,,,,,"103","47.5",,,"0.292",,,,,,,
"1","서구(광주)","성인","일반","27","관리자","참가","20250213","M","172.4","72.5","22.1","86","86","140","36.1","42.6",,,"12.3",,,,,,"24.4","34",,"10.8",,,,,,,"58.8",,,"71","119","133","169","45.4",,,,,,"0.575",,,,,,
"1","수원","성인","일반","20","관리자","3등급","20250213","M","170.6","64.9","17.7","73","90","140","48.9","51.6",,,"21",,,,,,"22.3","44",,,,,,,,,"79.5",,,,,,,,"138","44.1",,,"0.335","0.602",,,,,,
"1","화성","어르신","일반","67","관리자","1등급","20250213","F","154.6","47.7","25.3",,"75","144","23.1","25.4",,,"24.8",,,,,,"20.0",,,,,"30",,"119","4.32","16.78","53.2",,,,,,,,,,,,,,,,,,,"25.4"
"1","서구(광주)","성인","일반","27","관리자","3등급","20250213","F","156.2","51.2","33.2","64","79","117","21.1","20.9",,,"11.6",,,,,,"21.0","23",,"14.16",,,,,,,"41.2",,,"97","127","154",,"37.2",,,,,,"0.404",,,,,,
"1","서구(대전)","성인","일반","29","관리자","3등급","20250213","M","169.1","69.3","16.5",,"66","116","49.4","42.3",,,"16.5",,,,,,"24.2","44",,"10.62","251",,,,,,"71.3",,,"84","125","150","183","40.8",,,,,,,,,,,,
"7","화성","어르신","일반","74","관리자","2등급","20250213","F","155.4","66.5","40.8",,"74","147","24.6","25.5",,,"14.6",,,,,,"27.5",,,,,"24",,"115","4.9","19.8","38.3",,,,,,,,,,,,,,,,,,,"25.5"
"1","수원","성인","일반","21","관리자","3등급","20250213","M","180.5","73.1","6.9","70","83","134","54.2","63.3",,,"14",,,,,,"22.4","62",,,,,,,,,"86.6",,,,,,,,"132","43.7",,,"0.341","0.688",,,,,,
"1","사하","성인","일반","24","관리자","3등급","20250213","F","166.9","50.5","24.7","71.6","77","127","25.1","25.9",,,"12.9",,,,,,"18.1","23",,,,,,,,,"51.3",,,,,,,,"139","36.7",,,"0.405","0.402",,,,,,
"2","고양","어르신","일반","78","관리자","2등급","20250213","M","159.3","65.2","27.2",,"78","137","30.3","34.6",,,"8.4",,,,,,"25.7",,,,,"30",,"101","5.65","24.18","53.1",,,,,,,,,,,,,,,,,,,"34.6"
"5","안산","어르신","일반","71","관리자","2등급","20250213","F","143.5","51.5","38.8","85","91","151","24.3","23.6",,,"17.1",,,,,,"25.0",,,,,"28",,"128","5","18.6","47.2",,,,,,,,,,,,,,,,,,,"24.3"
"1","강북","성인","일반","60","관리자","2등급","20250213","M","174.7","70.3","21.2","92.5","82","134","40.6","39.7",,,"18",,,,,,"23.0","37","22",,"179",,,,,,"57.8",,"35.0",,,,,,,,,,"0.338",,,,,,,
"2","포항","어르신","일반","67","관리자","2등급","20250213","M","164.9","65.8","12",,"95","155","30.3","33.7",,,"9.7",,,,,,"24.2",,,,,"25",,"130","5.07","22.37","51.2",,,,,,,,,,,,,,,,,,,"33.7"
"1","사천","성인","일반","40","관리자","2등급","20250213","F","157.1","57","25.5","76.8","83","133","23.1","30",,,"24",,,,,,"23.1","29",,,"148",,,,,,"52.6",,,"78","109","142",,"34.7",,,,,"0.406",,,,,,,
"3","사상","성인","일반","50","관리자","참가","20250213","F","166.5","69","42.6","90.3","92","121","27.2","27.5",,,"15.2",,,,,,"24.9","8",,,,,,,,,"39.9",,,,,,,,"137","27.5",,,"0.317","0.413",,,,,,
"6","포천","어르신","일반","68","관리자","1등급","20250213","F","148.7","47.8","33","72","85","154","22.6","24.9",,,"23",,,,,,"21.6",,,,,"30",,"142","4.5","18.5","52.1",,,,,,,,,,,,,,,,,,,"24.9"
"3","중구(서울)","어르신","일반","75","관리자","2등급","20250213","M","172.9","71.1","17.5","90","97","155","33.3","34.7",,,"8.4",,,,,,"23.8",,,,,"27",,"126","5.6","22.6","48.8",,,,,,,,,,,,,,,,,,,"34.7"
"6","오산","어르신","일반","68","관리자","참가","20250213","F","159.6","76.3","42.3","100.2","81","122","29.7","31.3",,,"3.8",,,,,,"30.0",,,,,"24",,"98","5.47","20.53","41.0",,,,,,,,,,,,,,,,,,,"31.3"
"2","오산","어르신","일반","68","관리자","2등급","20250213","M","166.8","60.9","10","71.8","75","126","41","41.9",,,"7.8",,,,,,"21.9",,,,,"29",,"130","4.19","17.75","68.8",,,,,,,,,,,,,,,,,,,"41.9"
"1","스포원(금정)","어르신","출장","74","관리자","참가","20250213","F","149.9","58.3","40.2",,"90","157","26.6","26",,,"3.5",,,,,,"25.9",,,,,"15",,"84","5.6","26.5","45.6",,,,,,,,,,,,,,,,,,,"26.6"
"3","계룡","어르신","일반","72","관리자","1등급","20250213","M","166.1","69.5","26.8",,"90","145","40.7","43.6",,,"12.5",,,,,,"25.2",,,,,"36",,"130","4.22","17.35","62.7",,,,,,,,,,,,,,,,,,,"43.6"
"2","목포","성인","일반","54","관리자","2등급","20250213","F","153.4","59.3","38.3","86.7","78","143","23.3","26",,,"23.1",,,,,,"25.2","23",,,,,,,,,"43.8",,,"72","142","159",,"31.4",,,,,"0.316","0.390",,,,,,
"1","구미","청소년","일반","18","관리자","참가","20250213","M","175","95.9","34.4","109.1","83","123","28.5","25.9",,"27","14.8","21.3","0.459","54.664","7","54.986","31.3",,,,,,,,,,"29.7",,,"85","122","149",,"39.2",,,,,,,,,,,,
"1","서구(대전)","어르신","일반","80","관리자","참가","20250213","M","165.9","59.2","21.8",,"62","128","29.5","30.6",,,"-3.3",,,,,,"21.5",,,,,"13",,"60","8.43","40.54","51.7",,,,,,,,,,,,,,,,,,,"30.6"
"1","동작","어르신","일반","65","관리자","2등급","20250213","M","162","64.7","32.1","85","81","145","36","44",,,"7.2",,,,,,"24.7",,,,,"38",,"126","4.24","17.21","68.0",,,,,,,,,,,,,,,,,,,"44.0"
"1","남구(부산)","어르신","일반","77","관리자","3등급","20250213","M","168.1","72.8","27.8",,"102","193","36.1","39.1",,,"2.8",,,,,,"25.8",,,,,"14",,"119","5.24","21.11","53.7",,,,,,,,,,,,,,,,,,,"39.1"
"2","계룡","어르신","일반","68","관리자","2등급","20250213","M","169.3","55.9","13.9",,"71","126","40.8","45.4",,,"7.1",,,,,,"19.5",,,,,"34",,"139","4.34","17.37","81.2",,,,,,,,,,,,,,,,,,,"45.4"
"7","남구(부산)","성인","일반","23","관리자","2등급","20250213","M","183.4","80.4","14.4",,"81","140","51.7","55.2",,,"20.2",,,,,,"23.9","62",,,,,,,,,"68.7",,,"84","116","131","165","45.1",,,,,"0.281","0.613",,,,,,
"1","남구(부산)","성인","일반","57","관리자","2등급","20250213","M","164.6","69.8","25.2",,"93","149","37.8","42.7",,,"11.3",,,,,,"25.8","35",,,"195",,,,,,"61.2",,,"70","99","124","160","36.4",,,,,"0.365",,,,,,,
"1","익산","청소년","일반","16","관리자","참가","20250213","F","161.9","48.1","27.8","74","73","122","17","22.6",,"29","6.1","24.1","0.482","49.530","29","50.864","18.4",,,,,,,,,,"47.0",,,"86","122","160",,"37.4",,,,,,,,,,,,
"2","원주","성인","일반","32","관리자","3등급","20250213","M","173.5","69.4","24.3","77.8","84","114","37.4","40.3",,,"16.6",,,,,,"23.1","35","37","11.41","193",,,,,,"58.1",,"40.9",,,,,,,,,,,,,,,,,
"4","사천","성인","일반","43","관리자","3등급","20250213","M","181.5","81.7","20.2","90.8","84","147","51.9","53.4",,,"23.5",,,,,,"24.8","32","46",,"225",,,,,,"65.4",,"40.1",,,,,,,,,,"0.285",,,,,,,
"4","KSPO송파","성인","일반","64","관리자","참가","20250213","F","160.9","70.9","35.6","95.5","66","124","27.9","26.7",,,"19.8",,,,,,"27.4","14",,,,,,,,,"39.4",,,"105","123","141",,"27.8",,,,,"0.419","0.403",,,,,,
"2","남원","성인","일반","53","관리자","3등급","20250213","M","169.5","77.2","19.8","81.9","76","130","45","40",,,"10.5",,,,,,"26.9","47",,"17.5",,,,,,,"58.3",,,"75","88","105","130","41.2",,,,,,"0.452",,,,,,
"4","서구(광주)","어르신","일반","78","관리자","3등급","20250213","M","173.7","64.2","25.9","88","82","164","32.1","30.8",,,"-1.9",,,,,,"21.3",,,,,"16",,"100","5.38","23.96","50.0",,,,,,,,,,,,,,,,,,,"32.1"
"1","남구(부산)","어르신","일반","65","관리자","1등급","20250213","M","170.8","69.2","19.9",,"84","169","43.6","43.7",,,"16.6",,,,,,"23.7",,,,,"30",,"133","4.24","17.18","63.2",,,,,,,,,,,,,,,,,,,"43.7"
"1","구미","청소년","일반","13","관리자","3등급","20250213","M","157.2","49.7","17.7","69.2","54","110","22.2","23.5",,"49","4.6",,"0.530","55.027","6","55.303","20.1",,,,,,,,,,"47.3",,,"87","118","132",,"48.8",,,,,,,,,,,,
"8","수원","어르신","일반","73","관리자","참가","20250213","M","171.3","96.2","37.6","109","87","158","39","40",,,"2.3",,,,,,"32.8",,,,,"23",,"110","4.5","19.7","41.6",,,,,,,,,,,,,,,,,,,"40.0"
"1","오산","성인","일반","57","관리자","3등급","20250213","F","151.8","56.7","37.3","80.3","79","156","23.8","25.8",,,"11.9",,,,,,"24.6","21",,,"113",,,,,,"45.5",,,,,,,,"116","30.4",,,"0.414",,,,,,,
"1","창원","성인","일반","27","관리자","3등급","20250213","M","182.2","76.3","10.6","80","86","141","37.6","41.7",,,"5.9",,,,,,"23.0","41","55","10.75",,,,,,,"54.7",,"44.3",,,,,,,,,,,"0.576",,,,,,
"4","수원","어르신","일반","69","관리자","참가","20250213","F","145","54","36.7","92","79","129",,"24.2",,,"3.2",,,,,,"25.7",,,,,"25",,"89","4.9","27.6","44.8",,,,,,,,,,,,,,,,,,,
"5","수원","어르신","일반","81","관리자","2등급","20250213","F","145.6","56.7","35.2","87","72","155","24.2","27.3",,,"12",,,,,,"26.7",,,,,"27",,"102","5.1","22.6","48.1",,,,,,,,,,,,,,,,,,,"27.3"
"2","KSPO송파별관(어르신)","어르신","일반","66","관리자","3등급","20250213","F","160.8","61","28.5",,"89","154","30.3","30.1",,,"13",,,,,,"23.6",,,,,"28",,"117","5.08","21","49.7",,,,,,,,,,,,,,,,,,,"30.3"
"4","서초","성인","일반","63","관리자","참가","20250213","M","160.5","58.4","30.8","93.8","81","129","35.8","38.8",,,"-3.2",,,,,,"22.7","27",,,,,,,,,"66.4",,,,,,,,"134","34.8",,,"0.476","0.464",,,,,,
"3","KSPO송파별관(어르신)","어르신","일반","71","관리자","3등급","20250213","M","164.2","62","26.1",,"88","155","39","39.6",,,"4.3",,,,,,"23.0",,,,,"25",,"132","4.5","18.21","63.9",,,,,,,,,,,,,,,,,,,"39.6"
"3","KSPO아산","어르신","일반","67","관리자","2등급","20250213","M","160.4","59.1","21.9","81.0","75","147","33.9","30.8",,,"8.9",,,,,,"23.0",,,,,"30",,"122","4.7","18.50","57.4",,,,,,,,,,,,,,,,,,,"33.9"
"1","의정부","성인","일반","51","관리자","참가","20250213","F","156.4","76.9","45.1","102.8","81","172","27.6","29.8",,,"12.4",,,,,,"31.4","6","7","16.25","118",,,,,,"38.8",,"24.9",,,,,,,,,,,,,,,,,
"1","시흥","성인","일반","20","관리자","참가","20250213","M","169.4","61.2","14.2","73","95","145","41.2","46.4",,,"13.3",,,,,,"21.3","35","41","11.6","230",,,,,,"75.8",,"44.1",,,,,,,,,,,,,,,,,
"1","의정부","성인","일반","48","관리자","참가","20250213","F","159.2","77.5","42.1","99.2","92","145","32.5","32.6",,,"2.9",,,,,,"30.6","13","7","13.37","136",,,,,,"42.1",,"25.0",,,,,,,,,,,,,,,,,
"3","안산","성인","일반","44","관리자","2등급","20250213","M","167.2","82.6","29.3","91","98","145","44.2","48.3",,,"9.8",,,,,,"29.5","49","36","10.34","218",,,,,,"58.5",,"37.9",,,,,,,,,,,,,,,,,
"2","포천","어르신","일반","67","관리자","3등급","20250213","F","156.6","58","20.2","77","83","136","21.4","25",,,"16.9",,,,,,"23.7",,,,,"22",,"102","5.53","22.22","43.1",,,,,,,,,,,,,,,,,,,"25.0"
"1","의정부","성인","일반","60","관리자","참가","20250213","M","169.9","58.9","20.8","80.4","87","150","35.1","41.4",,,"-3.2",,,,,,"20.4","23","15","18.23","130",,,,,,"70.3",,"35.1",,,,,,,,,,,,,,,,,
"10","천안","성인","일반","43","관리자","2등급","20250213","M","169","64.1","16.8",,"81","134","41.9","43.5",,,"16.8",,,,,,"22.4","43",,"10.89",,,,,,,"67.9",,,,,,,,"98","44.4",,,,"0.552",,,,,,
"2","의정부","성인","일반","60","관리자","2등급","20250213","M","170.8","54.6","22.9","75.4","73","136","34.8","39.1",,,"17.6",,,,,,"18.7","31","20","11.76","191",,,,,,"71.6",,"36.9",,,,,,,,,,,,,,,,,
"1","의정부","성인","일반","54","관리자","참가","20250213","F","152","65.9","40.4","92","78","142","27.5","31.3",,,"20.8",,,,,,"28.5","17","9","16.30","145",,,,,,"47.5",,"27.1",,,,,,,,,,,,,,,,,
"1","천안","성인","일반","39","관리자","2등급","20250213","F","161.4","50.9","27.1",,"73","106","27.5","30.8",,,"16.1",,,,,,"19.5","40",,"12.53","188",,,,,,"60.5",,,,,,,,"125","35.0",,,,,,,,,,
"1","청주","성인","일반","58","관리자","참가","20250213","F","155.2","64.1","43.5","94.5","72","131","21.9","23.3",,,"5.7",,,,,,"26.6","8",,,"119",,,,,,"36.3",,,,,,,,"109","29.6",,,"0.404",,,,,,,
"1","청주","성인","일반","57","관리자","참가","20250213","F","147.6","53.3","44.9","78.4","67","130","21.1","20.3",,,"3.6",,,,,,"24.5","0",,,"108",,,,,,"39.6",,,,,,,,"152","26.5",,,"0.478",,,,,,,
"5","고양","어르신","일반","79","관리자","2등급","20250213","M","156","60.4","28.4",,"90","148","30.4","33.7",,,"7.9",,,,,,"24.8",,,,,"32",,"106","5.78","24.04","55.8",,,,,,,,,,,,,,,,,,,"33.7"
"1","전주","성인","일반","28","관리자","참가","20250213","F","160.1","53.9","26.3","77.1","69","108","23.1","25.8",,,"21.2",,,,,,"21.0","20","15",,,,,,,,"47.9",,"32.0",,,,,,,,,,"0.378","0.380",,,,,,
"1","서구(광주)","성인","일반","59","관리자","참가","20250213","F","151","57.6","41.5","83","99","153","21","20.4",,,"24.2",,,,,,"25.3","2",,,"110",,,,,,"36.5",,,"99","158","180",,"27.4",,,,,"0.396",,,,,,,
"3","남구(부산)","성인","일반","51","관리자","2등급","20250213","F","161.6","73.8","36.1",,"73","135","35.4","37.8",,,"22.1",,,,,,"28.3","21",,"13.96",,,,,,,"51.2",,,"79","101","125",,"31.2",,,,,,"0.427",,,,,,
"1","전주","성인","일반","21","관리자","3등급","20250213","F","162.9","64","32.9","84.3","88","138","29","26.4",,,"16.7",,,,,,"24.1","26","24",,,,,,,,"45.3",,"33.4",,,,,,,,,,"0.395","0.440",,,,,,
"1","남구(울산)","어르신","일반","70","관리자","3등급","20250213","M","168","70.6","25.2","84.6","84","146","34.4","36.2",,,"1.3",,,,,,"25.0",,,,,"33",,"112","5.66","18.88","51.3",,,,,,,,,,,,,,,,,,,"36.2"
"2","남구(울산)","어르신","일반","65","관리자","3등급","20250213","M","159.7","60.7","31","85.4","96","133","34.1","32.9",,,"3.5",,,,,,"23.8",,,,,"28",,"109","5.9","21.47","56.2",,,,,,,,,,,,,,,,,,,"34.1"
"1","남구(울산)","어르신","일반","65","관리자","참가","20250213","M","173","76.4","29.8","99.5","89","143","45.6","43",,,"-2.1",,,,,,"25.5",,,,,"29",,"89","5.56","21.68","59.7",,,,,,,,,,,,,,,,,,,"45.6"
"4","남구(부산)","성인","일반","27","관리자","1등급","20250213","F","170","60.6","25.3",,"47","127","35.1","37.7",,,"25.3",,,,,,"21.0","39",,,"184",,,,,,"62.2",,,,,,,,"117","36.7",,,"0.322",,,,,,,
"1","목포","성인","일반","58","관리자","참가","20250213","F","147.2","57.1","42.2","83.5","92","137","17.6","24.8",,,"-20",,,,,,"26.4","0",,,,,,,,,"43.4",,,"100","150","163",,"29.7",,,,,"0.535","0.328",,,,,,
"2","창원","성인","일반","22","관리자","참가","20250213","F","165.2","53.1","28.6","61","70","125","23.1","27.4",,,"12.6",,,,,,"19.5","15","24","13.59","164",,,,,,"51.6",,"35.2",,,,,,,,,,,,,,,,,
"4","성동","어르신","일반","66","관리자","3등급","20250213","M","184.4","86.9","25.1",,"57","132","40.4","43",,,"14.1",,,,,,"25.6",,,,,"27",,"127","3.97","15.36","49.5",,,,,,,,,,,,,,,,,,,"43.0"
"1","연제","성인","일반","29","관리자","2등급","20250213","M","179.5","71.5","14.4",,"82","131","46.1","51",,,"16.8",,,,,,"22.2","52","52",,"250",,,,,,"71.3",,"44.2",,,,,,,,,,"0.388",,,,,,,
"2","성동","어르신","일반","70","관리자","2등급","20250213","M","168.6","73.9","27.7",,"93","152","37.7","38.4",,,"21.3",,,,,,"26.0",,,,,"29",,"129","5.85","21.54","52.0",,,,,,,,,,,,,,,,,,,"38.4"
"1","달서","어르신","일반","66","관리자","참가","20250213","F","155.1","64.3","40.5","90.1","70","109","19.6","17",,,"18.7",,,,,,"26.7",,,,,"25",,"122","5.57","21.13","30.5",,,,,,,,,,,,,,,,,,,"19.6"
"2","KSPO송파별관(어르신)","어르신","일반","71","관리자","3등급","20250213","M","163.5","64.5","24.8",,"85","140","35.1","35",,,"3",,,,,,"24.1",,,,,"33",,"130","4.8","19.06","54.4",,,,,,,,,,,,,,,,,,,"35.1"
"2","성동","성인","일반","27","관리자","3등급","20250213","F","162.9","52.1","24.4",,"84","136","26.2","26.4",,,"28.4",,,,,,"19.6","25",,"15.16","142",,,,,,"50.7",,,,,,,,"117","38.1",,,,,,,,,,
"1","KSPO송파별관(어르신)","어르신","일반","80","관리자","1등급","20250213","M","164","66.4","28.8",,"80","140","31.6","34.1",,,"8.5",,,,,,"24.7",,,,,"30",,"130","5.10","21.29","51.4",,,,,,,,,,,,,,,,,,,"34.1"
"1","동해","성인","일반","32","관리자","2등급","20250213","M","169.3","68.2","13",,"68","119","43.4","46.9",,,"9.4",,,,,,"23.8","43",,,"238",,,,,,"68.8",,,,,,,,"71","50.2",,,"0.328",,,,,,,
"2","화성","성인","일반","27","관리자","3등급","20250213","M","176.6","82","23.1",,"82","137","47.9","50.3",,,"17.1",,,,,,"26.3","45","36",,,,,,,,"61.3",,"39.1",,,,,,,,,,"0.324","0.477",,,,,,
"1","전주","성인","일반","21","관리자","2등급","20250213","F","162.2","59.9","36.6","84.3","77","127","28.3","26.4",,,"18.4",,,,,,"22.8","37",,,"171",,,,,,"47.2",,,,,,,,"130","35.6",,,"0.383",,,,,,,
"1","수원","성인","일반","24","관리자","참가","20250213","F","167.5","55.6","31","67","71","122","23.7","24.3",,,"8",,,,,,"19.8","32",,,"145",,,,,,"43.7",,,,,,,,"132","36.4",,,"0.511",,,,,,,
"1","동해","성인","일반","35","관리자","2등급","20250213","M","175.1","75.3","14",,"73","126","41.5","46.1",,,"22.5",,,,,,"24.6","49",,,"225",,,,,,"61.2",,,,,,,,"79","47.1",,,"0.324",,,,,,,
"3","동구(인천)","어르신","일반","67","관리자","3등급","20250213","M","169.9","56.4","23",,"75","146","32.1","34.4",,,"2.7",,,,,,"19.5",,,,,"24",,"112","5.06","20.31","61.0",,,,,,,,,,,,,,,,,,,"34.4"
"1","익산","성인","일반","63","관리자","3등급","20250213","M","178.5","80.6","19.7","86","97","149","41.3","38.6",,,"15.7",,,,,,"25.3","34",,,,,,,,,"51.2",,,,,,,,"99","36.4",,,"0.387","0.4",,,,,,
"1","연제","성인","일반","60","관리자","2등급","20250213","F","159.0","46.1","24.0",,"53","97","21","20.1",,,"17.2",,,,,,"18.2","24",,,"108",,,,,,"45.6",,,"93","110","133",,"35.3",,,,,"0.466",,,,,,,
"5","나주","어르신","출장","85","관리자","참가","20250213","M","166.1","67.3","28.3","89","68","127","26.8","31.5",,,"-7",,,,,,"24.4",,,,,"15",,"89","8.37","36.84","46.8",,,,,,,,,,,,,,,,,,,"31.5"
"1","동해","성인","일반","29","관리자","3등급","20250213","M","173.9","71.4","15.3",,"72","128","44.6","41.9",,,"5.7",,,,,,"23.6","51",,,,,,,,,"62.5",,,,,,,,"70","50.7",,,"0.291","0.555",,,,,,
"1","동구(인천)","어르신","일반","70","관리자","1등급","20250213","M","163.3","72.1","26.3",,"72","117","35.1","43.3",,,"19.5",,,,,,"27.0",,,,,"30",,"131","4.88","21.34","60.1",,,,,,,,,,,,,,,,,,,"43.3"
"7","수원","어르신","일반","77","관리자","2등급","20250213","M","164.5","65.6","27.9","83","87","156","34.5","39.1",,,"3.8",,,,,,"24.2",,,,,"23",,"106","5.2","23.3","59.6",,,,,,,,,,,,,,,,,,,"39.1"
"2","전주","성인","일반","35","관리자","참가","20250213","M","177.9","69.1","21.6","82.2","69","111","24.1","29.6",,,"5.4",,,,,,"21.8","47",,,,,,,,,"42.8",,,,,,,,"92","46.8",,,"0.389","0.517",,,,,,
"1","동해","성인","일반","47","관리자","1등급","20250213","M","169.3","75.4","19.2",,"82","122","46.7","50.1",,,"19.3",,,,,,"26.3","54",,,,,,,,,"66.4",,,,,,,,"83","43.1",,,"0.388","0.592",,,,,,
"2","동해","성인","일반","28","관리자","3등급","20250213","M","172.5","89.4","12.6",,"70","129","47.5","53.2",,,"21.8",,,,,,"30.0","42",,,"211",,,,,,"59.5",,,,,,,,"79","45.5",,,"0.312",,,,,,,
"6","나주","어르신","출장","79","관리자","참가","20250213","F","158","59.5","38.8","84","68","128","17.3","17.4",,,"19.7",,,,,,"23.8",,,,,"12",,"89","9.84","40.55","29.2",,,,,,,,,,,,,,,,,,,"17.4"
"1","청주","성인","일반","20","관리자","참가","20250213","M","176.3","58.2","16.2","74.1","58","111","37.7","42.5",,,"8.2",,,,,,"18.7","32","35","10.6","224",,,,,,"73.0",,"42.9",,,,,,,,,,,,,,,,,
"2","동해","성인","일반","24","관리자","3등급","20250213","M","171.4","88","23.6",,"71","117","51","59.1",,,"13.2",,,,,,"30.0","58",,,,,,,,,"67.2",,,,,,,,"104","43.1",,,"0.366","0.629",,,,,,
"3","안산","성인","일반","23","관리자","3등급","20250213","F","166.5","53.6","28.7","63","63","119","21.4","24.9",,,"14.5",,,,,,"19.3","30",,,"132",,,,,,"46.5",,,"96","120","142",,"39.8",,,,,"0.390",,,,,,,
"1","동해","성인","일반","20","관리자","2등급","20250213","M","181.3","88.8","15.0",,"58","120","52.8","59.4",,,"22.6",,,,,,"27.0","53",,,,,,,,,"66.9",,,,,,,,"74","49.0",,,"0.350","0.648",,,,,,
"1","동해","성인","일반","19","관리자","참가","20250213","M","178.0","72.7","11.9",,"64","117","34.9","37.5",,,"4.8",,,,,,"22.9","58",,,"201",,,,,,"51.6",,,,,,,,"74","52.6",,,"0.387",,,,,,,
"1","춘천","성인","일반","21","관리자","3등급","20250213","M","180.7","72.8","20.0","86.4","56","127","40.3","43.2",,,"13.5",,,,,,"22.3","55",,"11.63","203",,,,,,"59.3",,,,,,,,"135","43.3",,,,,,,,,,
"1","동해","성인","일반","24","관리자","2등급","20250213","M","172.9","77.5","16.3",,"82","130","44.1","54.4",,,"15.4",,,,,,"25.9","60",,,,,,,,,"70.2",,,,,,,,"78","49.3",,,"0.306","0.684",,,,,,
"1","동작","성인","일반","61","관리자","참가","20250213","M","168.4","64.8","25","80.3","66","109","38","39",,,"-9",,,,,,"22.9","23",,,,,,,,,"60.2",,,"82","115","132","177","35.2",,,,,"0.403","0.440",,,,,,
"1","나주","어르신","출장","84","관리자","참가","20250213","F","150.3","58.8","37.1","89","67","126","15.2","18.4",,,"16.8",,,,,,"26.0",,,,,"12",,"25","10.42","44.57","31.3",,,,,,,,,,,,,,,,,,,"18.4"
"3","동작","성인","일반","61","관리자","2등급","20250213","F","157.9","59.6","34.7","77","72","103","26.4","27.3",,,"30",,,,,,"23.9","14",,,,,,,,,"45.8",,,"86","113","133",,"32.1",,,,,"0.399","0.403",,,,,,
"1","서구(대전)","성인","일반","24","관리자","참가","20250213","M","166.8","71.7","22",,"64","113","42.5","46.3",,,"15.5",,,,,,"25.8","45","34","10.03","210",,,,,,"64.6",,"40.6",,,,,,,,,,,,,,,,,
"2","나주","어르신","출장","74","관리자","참가","20250213","F","153.2","52.5","32","83","68","128","23","21.9",,,"10.2",,,,,,"22.4",,,,,"9",,"87","8.35","33.79","43.8",,,,,,,,,,,,,,,,,,,"23.0"
"1","서구(대전)","성인","일반","24","관리자","참가","20250213","M","171.6","77.1","19.4",,"78","139","44.7","42.7",,,"16.5",,,,,,"26.2","44","33","10.00","246",,,,,,"58.0",,"39.5",,,,,,,,,,,,,,,,,
"1","사천","어르신","일반","65","관리자","참가","20250213","M","161.3","79.7","34.4","95.5","78","158","34.8","30.3",,,"-7",,,,,,"30.6",,,,,"15",,"106","5.29","22.28","43.7",,,,,,,,,,,,,,,,,,,"34.8"
"2","오산","어르신","일반","76","관리자","3등급","20250213","M","170","67","30.6","88.7","80","143","29.2","34",,,"1.7",,,,,,"23.2",,,,,"22",,"99","6.41","26","50.7",,,,,,,,,,,,,,,,,,,"34.0"
"1","동해","성인","일반","25","관리자","3등급","20250213","M","174.4","76.8","10.9",,"74","123","49.3","42.8",,,"8.6",,,,,,"25.3","38",,,"247",,,,,,"64.2",,,,,,,,"73","50.1",,,"0.379",,,,,,,
"1","동해","성인","일반","56","관리자","2등급","20250213","M","170","64.8","15.6",,"58","125","37.8","36.5",,,"11.4",,,,,,"22.4","31",,"11.25","206",,,,,,"58.3",,,,,,,,"87","42.7",,,,,,,,,,
"20","군산","성인","일반","41","관리자","참가","20250213","F","157.7","47.7","21.8","78","56","102","24.2","23.3",,,"8",,,,,,"19.2","38",,"12.6","146",,,,,,"50.7",,,,,,,,"117","36.0",,,,,,,,,,
"3","오산","어르신","일반","66","관리자","참가","20250213","F","154.9","60.2","37.1","83.3","86","146","20.9","24.6",,,"7.1",,,,,,"25.1",,,,,"18",,"104","6.72","25.25","40.9",,,,,,,,,,,,,,,,,,,"24.6"
"2","양평","성인","일반","26","관리자","참가","20250213","M","174.7","88.3","24.4",,"80","120","50","54.1",,,"10.4",,,,,,"28.9","56",,,"201",,,,,,"61.3",,,,,,,,"149","36.1",,,"0.326",,,,,,,
"2","양평","성인","일반","60","관리자","참가","20250213","M","174.1","80.6","36.6",,"86","159","32.8","30.7",,,"4.6",,,,,,"26.6","15","10","13.5","132",,,,,,"40.7",,"30.7",,,,,,,,,,,,,,,,,
"5","나주","어르신","출장","79","관리자","3등급","20250213","F","151.1","43.0","31.1","77","68","129","20.4","21.9",,,"8.4",,,,,,"18.8",,,,,"15",,"95","6.94","29.24","50.9",,,,,,,,,,,,,,,,,,,"21.9"
"1","사천","성인","일반","54","관리자","3등급","20250213","F","161.3","57.9","29.5","79.4","80","144","23.8","26.4",,,"22.5",,,,,,"22.3","16",,,,,,,,,"45.6",,,,,,,,"89","34.9",,,"0.444","0.328",,,,,,
"1","서구(광주)","성인","일반","56","관리자","참가","20250213","F","168.8","67.8","34.6","80","77","132","26","26.4",,,"10.1",,,,,,"23.8","11",,,"132",,,,,,"38.9",,,"82","102","133",,"31.0",,,,,"0.333",,,,,,,
"2","사천","성인","일반","19","관리자","1등급","20250213","M","171","68.4","16.3","77.4","75","123","38.6","45.7",,,"17.7",,,,,,"23.4","55",,,"266",,,,,,"66.8",,,,,,,,"92","50.4",,,"0.267",,,,,,,
"6","KSPO송파","성인","일반","24","관리자","3등급","20250213","F","164.9","52.4","25.8","56.5","71","133","23.8","28.2",,,"20.6",,,,,,"19.3","37",,"13.79",,,,,,,"53.8",,,"95","125","155",,"37.9",,,,,,"0.409",,,,,,
"1","제주","성인","일반","25","관리자","참가","20250213","M","169.2","88.1","20.9","94.5","87","156","49.8","56",,,"23.7",,,,,,"30.8","29","49",,"189",,,,,,"63.6",,"41.6",,,,,,,,,,"0.351",,,,,,,
"5","나주","어르신","출장","78","관리자","3등급","20250213","F","151.6","54.2","36.4","85","68","128","21.3","23.8",,,"22.4",,,,,,"23.6",,,,,"16",,"91","7.64","33.84","43.9",,,,,,,,,,,,,,,,,,,"23.8"
"2","제주","성인","일반","25","관리자","참가","20250213","M","181.2","83.4","16.8","88","82","142","45.7","42.7",,,"21.1",,,,,,"25.4","34","50",,"212",,,,,,"54.8",,"42.3",,,,,,,,,,"0.434",,,,,,,
"4","나주","어르신","출장","74","관리자","참가","20250213","F","161.2","60.5","24.1","81.5","66","127","21.6","22.5",,,"17.9",,,,,,"23.3",,,,,"15",,"71","6.48","26.96","37.2",,,,,,,,,,,,,,,,,,,"22.5"
"2","화성","어르신","일반","71","관리자","3등급","20250213","M","161.7","69.8","29.4",,"87","157","40.4","42",,,"14.4",,,,,,"26.7",,,,,"23",,"116","4.53","27.07","60.2",,,,,,,,,,,,,,,,,,,"42.0"
"1","사천","성인","일반","46","관리자","2등급","20250213","F","150.5","59.9","34.8",,"77","146","29.4","28.6",,,"15.5",,,,,,"26.4","22",,,,,,,,,"49.1",,,"75","99","122",,"35.1",,,,,"0.331","0.464",,,,,,
"1","나주","어르신","출장","89","관리자","참가","20250213","F","158.7","71.7","42","98","68","129","19.3","17.8",,,"14.2",,,,,,"28.5",,,,,"8",,"21","11.91","46.66","26.9",,,,,,,,,,,,,,,,,,,"19.3"
"1","사천","성인","일반","52","관리자","2등급","20250213","F","154.7","68.6","35.6",,"83","131","29","22.7",,,"15.7",,,,,,"28.7","20",,,,,,,,,"42.3",,,"85","100","114",,"33.4",,,,,"0.390","0.365",,,,,,
"1","나주","어르신","출장","69","관리자","참가","20250213","F","151.2","65.8","40.9","98","68","127","17","12.4",,,"10.2",,,,,,"28.8",,,,,"16",,"53","7.91","36.33","25.8",,,,,,,,,,,,,,,,,,,"17.0"
"4","나주","어르신","출장","82","관리자","참가","20250213","F","148.9","52.9","37.1","82","68","128","13.4","16.9",,,"3.6",,,,,,"23.9",,,,,"7",,"14","10.41","45.82","31.9",,,,,,,,,,,,,,,,,,,"16.9"
"3","나주","어르신","출장","86","관리자","참가","20250213","F","146","56.8","37","90","69","128","10.1","10",,,"7.3",,,,,,"26.6",,,,,"12",,"51","13.71","59.43","17.8",,,,,,,,,,,,,,,,,,,"10.1"
"5","나주","어르신","출장","69","관리자","2등급","20250213","F","142.4","55.8","39.7","86","68","128","22","22.8",,,"15.7",,,,,,"27.5",,,,,"23",,"121","5.36","22.21","40.9",,,,,,,,,,,,,,,,,,,"22.8"
"2","청주","성인","일반","50","관리자","3등급","20250213","F","154.2","49.2","28.6","74.1","67","123","27.3","30",,,"14.4",,,,,,"20.7","31",,,"132",,,,,,"61.0",,,,,,,,"104","35.3",,,"0.408",,,,,,,
"5","나주","어르신","출장","77","관리자","참가","20250213","F","161.5","75.9","38.9","98","69","129","19","23.6",,,"19",,,,,,"29.1",,,,,"12",,"23","9.74","42.58","31.1",,,,,,,,,,,,,,,,,,,"23.6"
"1","서대문","청소년","일반","17","관리자","2등급","20250213","M","168.9","69.5","22.0",,"72","121","40","39.2",,"56","17.2","19.18","0.547","40.928","17","41.710","24.4",,"60",,,,,,,,"57.6",,"45.4",,,,,,,,,,,,,,,,,
"5","청주","성인","일반","57","관리자","참가","20250213","F","163.9","62.7","32.7","84.8","68","123","32","32.5",,,"17.7",,,,,,"23.3","0",,,"136",,,,,,"51.8",,,,,,,,"112","30.6",,,"0.483",,,,,,,
"3","남구(부산)","성인","일반","62","관리자","2등급","20250213","F","155.7","46.6",,,"88","101","20.3","29.7",,,"15.8",,,,,,"19.2","22",,,,,,,,,"63.7",,,"76","94","116",,"36.8",,,,,"0.378","0.452",,,,,,
"4","나주","어르신","출장","86","관리자","참가","20250213","F","145.8","62.7","50.3","109","68","128","14.9","17.4",,,"12.1",,,,,,"29.5",,,,,"15",,"13","10.24","34.14","27.8",,,,,,,,,,,,,,,,,,,"17.4"
"1","남구(부산)","어르신","일반","68","관리자","참가","20250213","M","160","54.8","21.4",,"60","115","28.6","31.4",,,"-11.1",,,,,,"21.4",,,,,"31",,"149","4.82","18.32","57.3",,,,,,,,,,,,,,,,,,,"31.4"
"1","화성","성인","일반","64","관리자","참가","20250213","M","171.2","68.6","23.1",,"94","133","33","33.3",,,"-1.7",,,,,,"23.4","18","10",,"113",,,,,,"48.5",,"32.2",,,,,,,,,,"0.716",,,,,,,
"1","남구(부산)","어르신","일반","68","관리자","2등급","20250213","M","167.1","69.4","27.9",,"73","142","37","38.8",,,"6.9",,,,,,"24.9",,,,,"28",,"129","5.15","20.76","55.9",,,,,,,,,,,,,,,,,,,"38.8"
"6","나주","어르신","출장","77","관리자","2등급","20250213","F","154.6","66.2","36","89","68","129","26.2","25.5",,,"11.3",,,,,,"27.7",,,,,"19",,"101","6.72","29.16","39.6",,,,,,,,,,,,,,,,,,,"26.2"
"1","나주","어르신","출장","80","관리자","참가","20250213","F","162.1","79.6","44.8","93","89","129","15.1","18.1",,,"14.7",,,,,,"30.3",,,,,"8",,"12","9.58","37.30","22.7",,,,,,,,,,,,,,,,,,,"18.1"
"6","나주","어르신","출장","80","관리자","참가","20250213","F","155","59.6","36.7","93","68","128","17.2","17.9",,,"14.2",,,,,,"24.8",,,,,"13",,"39","8.74","35.95","30.0",,,,,,,,,,,,,,,,,,,"17.9"
"6","나주","어르신","출장","70","관리자","2등급","20250213","F","157.3","72.5","38.9","92","89","131","23.3","26.6",,,"14.6",,,,,,"29.3",,,,,"19",,"127","5.43","24.50","36.7",,,,,,,,,,,,,,,,,,,"26.6"
"1","남구(부산)","어르신","일반","68","관리자","2등급","20250213","M","161.5","61.7","21.6",,"73","142","39","41.6",,,"15.6",,,,,,"23.7",,,,,"29",,"126","5.37","20.77","67.4",,,,,,,,,,,,,,,,,,,"41.6"
"2","나주","어르신","출장","85","관리자","참가","20250213","F","154.9","67.1","40.6","97","84","125","16.7","13.1",,,"12.7",,,,,,"28.0",,,,,"10",,"12","13.91","58.60","24.9",,,,,,,,,,,,,,,,,,,"16.7"
"2","화성","어르신","일반","71","관리자","1등급","20250213","M","165.5","62","24.4",,"87","157","35.1","38.2",,,"9.7",,,,,,"22.6",,,,,"24",,"136","3.6","17.9","61.6",,,,,,,,,,,,,,,,,,,"38.2"
"3","나주","어르신","출장","81","관리자","참가","20250213","F","152.9","60.1","33.5","88","89","131","15.8","17.2",,,"3.2",,,,,,"25.7",,,,,"11",,"45","9.13","44.53","28.6",,,,,,,,,,,,,,,,,,,"17.2"
"3","군산","성인","일반","40","관리자","참가","20250213","M","169","98.8","31.8","110","99","152","49","58",,,"10.2",,,,,,"34.6","42","22","11.21","209",,,,,,"58.7",,"32.5",,,,,,,,,,,,,,,,,
"4","나주","어르신","출장","79","관리자","2등급","20250213","F","145.8","47.9","32.7","78","89","131","20","20.6",,,"23",,,,,,"22.5",,,,,"21",,"94","6.56","26.96","43.0",,,,,,,,,,,,,,,,,,,"20.6"
"1","목포","성인","일반","50","관리자","참가","20250213","F","163.7","57.7","27","75.5","81","130","20.3","10.8",,,"-10",,,,,,"21.5","11",,"14.84",,,,,,,"35.2",,,"73","105","129",,"35.6",,,,,,"0.341",,,,,,
"6","나주","어르신","출장","78","관리자","참가","20250213","F","159.2","79.3","38.3","98","79","125","27.6","27.9",,,"10.1",,,,,,"31.3",,,,,"11",,"15","10.29","45.79","35.2",,,,,,,,,,,,,,,,,,,"27.9"
"1","중구(서울)","어르신","일반","65","관리자","3등급","20250213","M","178.2","63.1","10.2","78.8","69","109","41.4","39.7",,,"10.3",,,,,,"19.9",,,,,"24",,"108","4.9","21.1","65.6",,,,,,,,,,,,,,,,,,,"41.4"
"3","시흥","성인","일반","60","관리자","2등급","20250213","F","151","46.8","22.8","64","88","154","28.5","27.1",,,"16.8",,,,,,"20.5","28",,,"168",,,,,,"60.9",,,,,,,,"131","30.4",,,"0.423",,,,,,,
"1","사천","어르신","일반","70","관리자","1등급","20250213","M","163","55.9","21.2","76.7","87","126","26.8","30",,,"14.8",,,,,,"21.0",,,,,"28",,"145","4.59","19.63","53.7",,,,,,,,,,,,,,,,,,,"30.0"
"1","천안","성인","일반","63","관리자","2등급","20250213","F","160.4","56.9","30.8",,"71","140","28.1","28",,,"26.6",,,,,,"22.1","12",,,"109",,,,,,"49.4",,,"90","151","169",,"29.5",,,,,"0.349",,,,,,,
"3","중구(서울)","어르신","일반","66","관리자","참가","20250213","M","161.6","61.1","24.5","90.5","83","142","33.4","36",,,"0",,,,,,"23.4",,,,,"26",,"107","5.1","22.2","58.9",,,,,,,,,,,,,,,,,,,"36.0"
"2","광주","성인","일반","46","관리자","3등급","20250213","F","153.6","54.5","36.9",,"84","123","22.2","28.4",,,"15.9",,,,,,"23.1","28",,,"124",,,,,,"52.1",,,"94","119","141",,"34.5",,,,,"0.538",,,,,,,
"3","마포","어르신","일반","75","관리자","2등급","20250213","M","164.8","70.4","29.5",,"92","155","42.1","45.8",,,"6.1",,,,,,"25.9",,,,,"24",,"124","4.76","20.662","65.1",,,,,,,,,,,,,,,,,,,"45.8"
"2","마포","어르신","일반","72","관리자","1등급","20250213","M","165.6","59","17.7",,"68","132","40","43.1",,,"10.3",,,,,,"21.5",,,,,"34",,"127","3.85","19.93","73.1",,,,,,,,,,,,,,,,,,,"43.1"
"2","광주","성인","일반","41","관리자","2등급","20250213","M","176.5","90.6","29",,"81","129","56.5","58.1",,,"16.6",,,,,,"29.1","48","36","10.21","225",,,,,,"64.1",,"36.8",,,,,,,,,,,,,,,,,
"1","스포원(금정)","성인","출장","63","관리자","3등급","20250213","M","165.2","54.7","19.9",,"85","196","40.2","43",,,"6.3",,,,,,"20.0","31","16",,,,,,,,"78.6",,"35.8",,,,,,,,,,"0.370","0.464",,,,,,
"1","청주","성인","일반","45","관리자","3등급","20250213","F","161.3","57","25.7","73.4","75","138","23.7","29.2",,,"13.8",,,,,,"21.9","16",,,"132",,,,,,"51.2",,,,,,,,"126","32.3",,,"0.400",,,,,,,
"1","목포","성인","일반","62","관리자","참가","20250213","F","156.5","61","37.1","89.8","94","150","23.9","25.3",,,"21.5",,,,,,"24.9","0",,,"87",,,,,,"41.5",,,"86","120","150",,"29.0",,,,,"0.352",,,,,,,
"1","스포원(금정)","어르신","출장","66","관리자","참가","20250213","M","170","74.4","31.3",,"100","183","48.1","48.1",,,"-5.5",,,,,,"25.7",,,,,"23",,"120","5.3","23.2","64.7",,,,,,,,,,,,,,,,,,,"48.1"
"3","사하","성인","일반","26","관리자","3등급","20250213","F","167.4","53.7","22.9","74.5","72","122","21.6","23",,,"11.5",,,,,,"19.2","29",,,"154",,,,,,"42.8",,,,,,,,"109","39.3",,,"0.369",,,,,,,
"1","사상","청소년","일반","17","관리자","참가","20250213","M","178","88.6","26.8","85","58","103","46.1","53.1","33",,"8.2","23.78","0.546","41.574","16","42.310","28.0",,"40",,,,,,,,"59.9",,"39.6",,,,,,,,,,,,,,,,,
"8","오산","어르신","일반","78","관리자","2등급","20250213","M","163.4","66.8","32.4","90.5","88","154","33.8","33.9",,,"3.3",,,,,,"25.0",,,,,"26",,"118","4.94","21.53","50.7",,,,,,,,,,,,,,,,,,,"33.9"
"1","KSPO송파","성인","일반","21","관리자","참가","20250213","M","171.3","66","17","79.5","68","124","37.1","44.8",,,"13.7",,,,,,"22.5","41","56",,,,,,,,"67.9",,"46.7",,,,,,,,,,"0.323","0.548",,,,,,
"1","북구(광주)","성인","일반","52","관리자","참가","20250213","F","157.9","67.5","42.9","87.8","71","123","21.6","25.1",,,"17.3",,,,,,"27.1","7",,,,,,,,,"37.2",,,,,,,,"128","27.8",,,"0.371","0.387",,,,,,
"1","스포원(금정)","어르신","출장","67","관리자","3등급","20250213","F","151.1","56.5","33.8",,"90","161","24.4","35.5",,,"13.3",,,,,,"24.7",,,,,"19",,"96","5.8","24.8","62.8",,,,,,,,,,,,,,,,,,,"35.5"
"1","안산","성인","일반","21","관리자","참가","20250213","F","154.2","62","41.4","81","99","134","25.1","28.7",,,"18.1",,,,,,"26.1","21",,,"131",,,,,,"46.3",,,,,,,,"162","30.4",,,"0.348",,,,,,,
"5","영주","성인","일반","54","관리자","2등급","20250213","F","154.8","44.30","24.1","69.6","68","117","25.5","25.7",,,"24.6",,,,,,"18.5","19",,,"151",,,,,,"58.0",,,,,,,,"103","35.9",,,"0.419",,,,,,,
"3","오산","어르신","일반","69","관리자","3등급","20250213","F","144.6","49.8","32.3","79.1","80","152","20.9","24.9",,,"12.7",,,,,,"23.8",,,,,"20",,"117","5.19","26.38","50.0",,,,,,,,,,,,,,,,,,,"24.9"
"1","동작","어르신","일반","65","관리자","1등급","20250213","M","167.3","61.5","19.5","88","81","151","42.3","39.9",,,"13.3",,,,,,"22.0",,,,,"36",,"123","4.25","16.93","68.8",,,,,,,,,,,,,,,,,,,"42.3"
"1","전주","유소년","일반","11","관리자","참가","20250213","M","133.2","29",,"60",,,"10.1","11.4","18",,"-7",,,,,,"16.3",,"17",,"117",,,,,,"39.3",,,,,,,,,,,,,,"0.45","28","0",,,
"2","무안","성인","출장","57","관리자","1등급","20250213","F","162.6","52","19",,"94","147","33","30.4",,,"25.2",,,,,,"19.7","27",,,,,,,,,"63.5",,,,,,,,"122","31.9",,,"0.405","0.478",,,,,,
"6","동작","어르신","일반","88","관리자","3등급","20250213","M","158","70.2","37.6","99","71","154","25.3","25.3",,,"3.6",,,,,,"28.1",,,,,"23",,"90","8.26","34.61","36.0",,,,,,,,,,,,,,,,,,,"25.3"
"1","서구(대전)","성인","일반","27","관리자","참가","20250213","M","167.5","53.2","17.4",,"81","126","26.8","35.7",,,"-7.7",,,,,,"19.0","34","36","10.53",,,,,,,"67.1",,"43.5",,,,,,,,,,,,,,,,,
"1","안산","성인","일반","51","관리자","3등급","20250213","F","155.7","58.4","32.2","76","80","127","32.5","34.9",,,"17.9",,,,,,"24.1","17",,,"112",,,,,,"59.8",,,"75","115","153",,"30.9",,,,,"0.390",,,,,,,
"6","서구(대전)","성인","일반","34","관리자","3등급","20250213","M","174.7","83","21.9",,"88","129","46.8","50.8",,,"6.3",,,,,,"27.2","40","38","11.15","201",,,,,,"61.2",,"38.9",,,,,,,,,,,,,,,,,
"1","전주","성인","일반","41","관리자","참가","20250213","M","184.1","81.3","21.5","96","96","144","53.9","54.9",,,"3.5",,,,,,"24.0","45","16",,"218",,,,,,"67.5",,"33.3",,,,,,,,,,"0.387",,,,,,,
"1","전주","성인","일반","37","관리자","참가","20250213","F","165","79.7","37.3","97.5","91","134","27.8","34.4",,,"12.9",,,,,,"29.3","31","8",,"153",,,,,,"43.2",,"25.4",,,,,,,,,,"0.377",,,,,,,
"1","북구(광주)","성인","일반","27","관리자","참가","20250213","M","179.2","92.4","23.8","98.9","78","133","40.9","46.5",,,"12.5",,,,,,"28.8","31","32","11.97",,,,,,,"50.3",,"36.6",,,,,,,,,,,"0.573",,,,,,
"4","익산","성인","일반","33","관리자","2등급","20250213","M","175.9","73.6","20.8","85","77","120","47.4","48.1",,,"10.5",,,,,,"23.8","57","43","10.63","225",,,,,,"65.4",,"41.5",,,,,,,,,,,,,,,,,
"2","강북","성인","일반","25","관리자","2등급","20250213","F","173.0","55.40","25.3","69.9","68","104","23.7","27.4",,,"13.9",,,,,,"18.5","32",,,"169",,,,,,"49.5",,,,,,,,"115","38.8",,,"0.362",,,,,,,
"1","영동","성인","일반","45","관리자","참가","20250213","M","171.8","84.4","28.3",,"101","162","49","53.9",,,"12.4",,,,,,"28.6","45",,,"234",,,,,,"63.9",,,"99","124","146","157","36.1",,,,,"0.284",,,,,,,
"1","춘천","성인","일반","37","관리자","3등급","20250213","M","174.1","61.9","15.2","75.9","78","120","45.9","45.8",,,"7.1",,,,,,"20.4","47","50",,"228",,,,,,"74.2",,"44.6",,,,,,,,,,"0.338",,,,,,,
"3","KSPO송파별관(어르신)","어르신","일반","74","관리자","3등급","20250213","M","170.6","67.3","22.5",,"81","153","37.8","36.3",,,"1.3",,,,,,"23.1",,,,,"25",,"140","4.62","20.84","56.2",,,,,,,,,,,,,,,,,,,"37.8"
"5","KSPO송파별관(어르신)","어르신","일반","66","관리자","3등급","20250213","M","170.1","64.3","18.6",,"78","147","29.8","28.8",,,"6.3",,,,,,"22.2",,,,,"27",,"140","4.12","17.07","46.3",,,,,,,,,,,,,,,,,,,"29.8"
"7","서대문","성인","일반","24","관리자","3등급","20250213","F","161.9","49.5","25.5",,"73","116","25.3","24.9",,,"24.2",,,,,,"18.9","29",,,,,,,,,"51.1",,,,,,,,"111","39.9",,,"0.400","0.443",,,,,,
"1","사천","성인","일반","56","관리자","참가","20250213","M","174.2","76.3","25.8","93","94","148","39.1","44.9",,,"-5",,,,,,"25.1","32",,,"169",,,,,,"58.8",,,,,,,,"124","35.1",,,"0.378",,,,,,,
"1","동작","성인","일반","64","관리자","2등급","20250213","M","178.8","75.6","19.5","82.3","82","144","53.6","47.4",,,"12",,,,,,"23.6","34",,,,,,,,,"70.9",,,,,,,,"111","35.5",,,"0.265","0.502",,,,,,
"5","강북","성인","일반","20","관리자","참가","20250213","M","164.8","64.8","24.5","82","82","121","30","37.4",,,"4.4",,,,,,"23.9","44",,,"198",,,,,,"57.7",,,"83","115","142","174","44.8",,,,,"0.361",,,,,,,
"2","사천","성인","일반","57","관리자","2등급","20250213","M","181.3","82.8","23.3","100.2","89","149","50","51.5",,,"12",,,,,,"25.2","29",,,"186",,,,,,"62.2",,,,,,,,"105","36.7",,,"0.398",,,,,,,
"2","남구(부산)","성인","일반","37","관리자","참가","20250213","M","178.5","87.2","26",,"79","122","41.2","46.1",,,"14.1",,,,,,"27.4","54",,"11.36",,,,,,,"52.9",,,"88","118","134","171","37.7",,,,,,"0.577",,,,,,
"3","전주","성인","일반","19","관리자","3등급","20250213","M","168.9","69.1","17.5","79.8","69","114","51","49",,,"8.1",,,,,,"24.2","52",,,"224",,,,,,"73.8",,,"98","104","119","135","50.7",,,,,"0.311",,,,,,,
"3","포천","성인","일반","20","관리자","참가","20250213","M","172.5","83.5","24.2","78","93","148","40","39",,,"18.6",,,,,,"28.1","56","41","10.69",,,,,,,"47.9",,"40.7",,,,,,,,,,,"0.607",,,,,,
"1","제주","성인","일반","49","관리자","3등급","20250213","M","180.2","73.6","14.6","78.8","80","133","39.1","40.4",,,"13.6",,,,,,"22.7","38",,,"206",,,,,,"54.9",,,"88","108","114","133","45.1",,,,,"0.362",,,,,,,
"1","성동","성인","일반","64","관리자","3등급","20250213","M","176.6","72.2","25.9",,"75","171","34.9","39.7",,,"9.3",,,,,,"23.2","22",,,"176",,,,,,"55.0",,,,,,,,"104","37.1",,,"0.356",,,,,,,
"4","남구(부산)","성인","일반","25","관리자","2등급","20250213","F","161.9","53","22.9",,"74","112","24.7","24.6",,,"17.6",,,,,,"20.2","39",,,"155",,,,,,"46.6",,,,,,,,"110","39.0",,,"0.288",,,,,,,
"7","화성","성인","일반","48","관리자","3등급","20250213","F","162.1","60.8","26.3",,"60","110","28.2","31.1",,,"25.4",,,,,,"23.1","20",,,"175",,,,,,"51.2",,,,,,,,"97","34.4",,,"0.331",,,,,,,
"8","화성","어르신","일반","80","관리자","2등급","20250213","M","154.8","63.5","22.7",,"67","120","31.2","30.9",,,"0.6",,,,,,"26.5",,,,,"20",,"99","5.37","24.03","49.1",,,,,,,,,,,,,,,,,,,"31.2"
"1","서구(대전)","성인","일반","43","관리자","3등급","20250213","M","168.7","76.7","24.2",,"76","130","40.1","45.2",,,"18.9",,,,,,"27.0","51",,,"189",,,,,,"58.9",,,,,,,,"131","36.7",,,"0.347",,,,,,,
"1","KSPO아산","성인","일반","27","관리자","참가","20250213","M","179.7","69.6","18.9","80","94","148","45.6","46.3",,,"12.8",,,,,,"21.6","49","33","10.6",,,,,,,"66.5",,"40.2",,,,,,,,,,,"0.575",,,,,,
"4","포항","성인","일반","51","관리자","참가","20250213","F","159.8","73","39.4",,"66","122","28.1","27.8",,,"13.3",,,,,,"28.6","23",,,"158",,,,,,"38.5",,,,,,,,"136","25.9",,,"0.308",,,,,,,
"1","스포원(금정)","성인","출장","61","관리자","참가","20250213","M","171.3","66.2","26.3",,"90","161","19","23.9",,,"7.3",,,,,,"22.6","23","10",,,,,,,,"36.1",,"32.7",,,,,,,,,,"0.371","0.429",,,,,,
"2","성동","성인","일반","52","관리자","2등급","20250213","F","161.6","54.7","29.3",,"83","143","21.7","27.9",,,"18.1",,,,,,"20.9","19",,,"133",,,,,,"51.0",,,"89","134","145",,"35.0",,,,,"0.308",,,,,,,
"1","KSPO송파","성인","일반","24","관리자","3등급","20250213","M","182.9","84","18.2","92.1","71","123","40.5","44.9",,,"11.2",,,,,,"25.1","56",,,"223",,,,,,"53.5",,,,,,,,"108","44.3",,,"0.345",,,,,,,
"1","서구(대전)","성인","일반","29","관리자","3등급","20250213","F","161.8","51.5","27.8",,"65","116","22.5","28.6",,,"9.2",,,,,,"19.7","33",,,,,,,,,"55.5",,,"65","106","145",,"38.1",,,,,"0.490","0.402",,,,,,
"6","창원마산회원","성인","일반","27","관리자","3등급","20250213","F","164.1","49.3","25.6","74","78","118","21.8","23.1",,,"26.8",,,,,,"18.3","21",,,"147",,,,,,"46.9",,,,,,,,"106","40.2",,,"0.347",,,,,,,
"1","KSPO송파","성인","일반","28","관리자","3등급","20250213","M","176.9","66.3","18.9","83.3","61","119","34.9","37.6",,,"15.7",,,,,,"21.2","59",,,"212",,,,,,"56.7",,,,,,,,"113","46.0",,,"0.317",,,,,,,
"1","중구(서울)","성인","일반","64","관리자","참가","20250213","F","149.9","66.6","38.7","95.8","90","138","27.5","27.1",,,"10.2",,,,,,"29.6","10",,,"137",,,,,,"41.3",,,"84","103","120",,"30.6",,,,,"0.486",,,,,,,
"8","계룡","성인","일반","39","관리자","참가","20250213","M","169.1","75.7","37.4",,"82","144","33.4","37.4",,,"14.1",,,,,,"26.5","39",,,,,,,,,"49.4",,,,,,,,"135","37.4",,,"0.344","0.425",,,,,,
"1","사상","청소년","일반","17","관리자","3등급","20250213","M","179.3","61","11.1","67.3","90","141","31.5","33.8",,"49","21.1","18.96","0.570","43.848","11","44.354","19.0",,"44",,,,,,,,"55.4",,"45.1",,,,,,,,,,,,,,,,,
"2","KSPO송파별관(어르신)","어르신","일반","68","관리자","2등급","20250213","M","169","70","26.8",,"89","154","37.6","38.4",,,"6.6",,,,,,"24.5",,,,,"23",,"114","5.89","20.91","54.9",,,,,,,,,,,,,,,,,,,"38.4"
"3","수원","성인","일반","58","관리자","1등급","20250213","F","153","48.1","20.9","67","69","138","18.5","21.2",,,"23",,,,,,"20.5","30",,,"130",,,,,,"44.1",,,,,,,,"87","36.0",,,"0.392",,,,,,,
"7","양평","성인","일반","24","관리자","2등급","20250213","F","172.4","61.8","25.9",,"57","96","33.5","31.5",,,"16.2",,,,,,"20.8","39",,,"201",,,,,,"54.2",,,,,,,,"124","36.3",,,"0.365",,,,,,,
"1","수원","성인","일반","20","관리자","참가","20250213","M","171.8","84.7","26.1","94","80","141","43.4","48.5",,,"-10",,,,,,"28.7","25",,,"182",,,,,,"57.3",,,,,,,,"124","41.9",,,"0.456",,,,,,,
"1","제주","성인","일반","27","관리자","참가","20250213","F","160.6","72.9","42.7","96.5","84","136","18.2","23",,,"3",,,,,,"28.3","9",,,,,,,,,"31.6",,,"97","143","175",,"29.6",,,,,"0.721","0.328",,,,,,
"1","북구(광주)","성인","일반","60","관리자","참가","20250213","M","171.1","75.1","30.9","93.2","78","140","40.1","40.7",,,"1.1",,,,,,"25.7","30",,,"177",,,,,,"54.2",,,"95","101","122","164","33.2",,,,,"0.416",,,,,,,
"3","양평","성인","일반","24","관리자","2등급","20250213","F","164.6","57.6","27.1",,"56","112","25.5","24.4",,,"18",,,,,,"21.3","30",,,,,,,,,"44.3",,,,,,,,"125","36.4",,,"0.374","0.461",,,,,,
"6","강북","성인","일반","57","관리자","3등급","20250213","F","150.5","48.4","31.6","76","67","132","25.7","23.5",,,"21.2",,,,,,"21.4","26",,,,,,,,,"53.1",,,,,,,,"135","30.0",,,"0.422","0.316",,,,,,
"1","사천","성인","일반","24","관리자","참가","20250213","M","175.9","71.2","21.8","89.2","85","152","33.8","37.2",,,"5.1",,,,,,"23.0","31",,,"188",,,,,,"52.2",,,"96","124","146","186","41.6",,,,,"0.300",,,,,,,
"2","성남","성인","일반","28","관리자","3등급","20250213","M","182","67.9","16.6",,"87","139","38.5","39.6",,,"22.5",,,,,,"20.5","42",,,,,,,,,"58.3",,,,,,,,"106","47.1",,,"0.367","0.583",,,,,,
"7","시흥","어르신","일반","65","관리자","2등급","20250213","M","175.4","82.7","26.7","96.4","84","159","44","43.5",,,"23.3",,,,,,"26.9",,,,,"27",,"119","4.50","16.94","53.2",,,,,,,,,,,,,,,,,,,"44.0"
"1","천안","성인","일반","25","관리자","2등급","20250213","F","162.4","56","33.5",,"79","117","29.5","28.2",,,"16.8",,,,,,"21.2","40",,,"168",,,,,,"52.7",,,,,,,,"86","41.2",,,"0.325",,,,,,,
"1","서구(대전)","성인","일반","43","관리자","참가","20250213","F","163.3","65.3","35.2",,"64","116","22.8","26.1",,,"10.5",,,,,,"24.5","11",,,,,,,,,"40.0",,,,,,,,"113","32.4",,,"0.349","0.439",,,,,,
"1","천안","성인","일반","19","관리자","참가","20250213","M","174.5","69.8","14.3",,"81","148","40.9","36.3",,,"20.1",,,,,,"22.9","47","34","9.16","249",,,,,,"58.6",,"41.1",,,,,,,,,,,,,,,,,
"1","오산","성인","일반","60","관리자","3등급","20250213","M","169","63.6","27.1","84.6","94","159","41.6","46.2",,,"6.2",,,,,,"22.3","26","15",,"174",,,,,,"72.6",,"34.4",,,,,,,,,,"0.303",,,,,,,
"4","김천","성인","일반","25","관리자","참가","20250213","M","170.5","77.1","25.2","92.8","80","138","42.4","47",,,"14.9",,,,,,"26.5","43","43",,"223",,,,,,"61.0",,"41.8",,,,,,,,,,"0.319",,,,,,,
"1","화성","성인","일반","19","관리자","참가","20250213","M","173.7","83.8","27.3",,"55","124","41.9","41.6",,,"6.8",,,,,,"27.8","29",,"12.7","191",,,,,,"50.0",,,"94","125","143",,"42.7",,,,,,,,,,,,
"2","중구(서울)","성인","일반","37","관리자","3등급","20250213","M","170.1","74.4","21.4","90","98","142","32.1","40.3",,,"14",,,,,,"25.7","34",,,,,,,,,"54.2",,,,,,,,"94","44.3",,,"0.441","0.546",,,,,,
"2","KSPO송파","성인","일반","25","관리자","1등급","20250213","F","164.1","55.7","26.6","69","48","106","26.5","29.1",,,"25.8",,,,,,"20.7","53",,,"183",,,,,,"52.2",,,,,,,,"84","41.7",,,"0.359",,,,,,,
"1","KSPO송파","성인","일반","59","관리자","참가","20250213","F","147","49.4","31","80","77","144","23.6","20.8",,,"16.7",,,,,,"22.9","0",,"17.83",,,,,,,"47.8",,,"97","131","153",,"31.7",,,,,,"0.36",,,,,,
"2","의정부","성인","일반","60","관리자","참가","20250213","M","166.6","64.4","26.2","84.8","105","176","37.5","42.3",,,"13.1",,,,,,"23.2","22","10","13.60","167",,,,,,"65.7",,"33.2",,,,,,,,,,,,,,,,,
"1","의정부","성인","일반","59","관리자","참가","20250213","F","155.1","54.2","34.1","79.9","64","155","17","19.4",,,"4.5",,,,,,"22.5","10","7","16.3","106",,,,,,"35.8",,"28.2",,,,,,,,,,,,,,,,,
"1","의정부","성인","일반","57","관리자","참가","20250213","F","154","48.4","27","69.3","67","123","22.3","25.2",,,"16.2",,,,,,"20.4","8","14","14.07","137",,,,,,"52.1",,"31.3",,,,,,,,,,,,,,,,,
"2","성남","성인","일반","63","관리자","참가","20250213","M","158.0","53.7","17.1",,"75","142","32.1","31.6",,,"14.0",,,,,,"21.5","13",,,"115",,,,,,"59.8",,,"92","129","132","166","39.6",,,,,"0.323",,,,,,,
"2","연제","성인","일반","41","관리자","참가","20250213","F","154.1","59.9","37.7",,"70","100","16.2","20",,,"0.8",,,,,,"25.2","17",,,,,,,,,"33.4",,,,,,,,"120","32.3",,,"0.365","0.376",,,,,,
"6","성남","청소년","일반","17","관리자","3등급","20250213","F","157","71.1","35.9",,"79","135","33.1","36.3",,"57","16.2","19.31","0.515","37.133","8","37.501","28.8",,"23",,,,,,,,"51.1",,"30.9",,,,,,,,,,,,,,,,,
"1","시흥","성인","일반","57","관리자","참가","20250213","F","164","55.1","24.9","68","70","122","26.2","26.5",,,"18.6",,,,,,"20.5","0",,"15.07","119",,,,,,"48.1",,,"88","111","127",,"35.4",,,,,,,,,,,,
"5","동작","성인","일반","64","관리자","참가","20250213","M","163.4","64.4","27.9","88","86","126","33.9","34.2",,,"18.3",,,,,,"24.1","25",,,,,,,,,"53.1",,,,,,,,"148","31.4",,,"0.299","0.39",,,,,,
"1","성남","성인","일반","25","관리자","참가","20250213","M","179.0","61.3","12.9",,"70","111","38.8","40.6",,,"13.0",,,,,,"19.1","50","30","10.31","241",,,,,,"66.2",,"40.9",,,,,,,,,,,,,,,,,
"1","성남","성인","일반","55","관리자","참가","20250213","M","168.5","68.2","27.1",,"87","147","35.3","37.1",,,"-5.9",,,,,,"24.0","23","18",,"169",,,,,,"54.4",,"34.9",,,,,,,,,,"0.385",,,,,,,
"3","동작","성인","일반","59","관리자","참가","20250213","F","154.1","51","30.1","71","88","150","21.3","23.3",,,"21.2",,,,,,"21.5","4",,,,,,,,,"45.7",,,"91","140","161",,"31.5",,,,,"0.438","0.39",,,,,,
"1","시흥","성인","일반","21","관리자","참가","20250213","F","169.1","53.5","26.9","63.4","83","121","23.4","25.3",,,"9.2",,,,,,"18.7","33",,,"177",,,,,,"47.3",,,"84","116","140",,"40.9",,,,,"0.316",,,,,,,
"1","연제","성인","일반","32","관리자","참가","20250213","F","159.6","54.9","36.1",,"92","137","23.1","18.1",,,"6.9",,,,,,"21.6","16",,,"112",,,,,,"42.1",,,"96","147","184",,"32.0",,,,,"0.393",,,,,,,
"1","고양","어르신","일반","65","관리자","2등급","20250213","F","154.6","54.1","41.2",,"93","158","31","28.1",,,"16.3",,,,,,"22.6",,,,,"27",,"117","4.83","20.46","57.3",,,,,,,,,,,,,,,,,,,"31.0"
"1","고양","성인","일반","38","관리자","참가","20250213","M","158.7","53.4","18.2",,"75","110","39.2","40.5",,,"22.2",,,,,,"21.2","49","27","10.30","216",,,,,,"75.8",,"40.7",,,,,,,,,,,,,,,,,
"6","화성","어르신","일반","76","관리자","3등급","20250214","M","168.4","78.4","29.7",,"83","157","45.4","51.7",,,"0.5",,,,,,"27.6",,,,,"25",,"108","6.37","26.81","65.9",,,,,,,,,,,,,,,,,,,"51.7"
"1","천안","성인","일반","25","관리자","3등급","20250214","M","181.3","79.2","23.1",,"76","138","40.7","44",,,"8",,,,,,"24.1","41","40",,"215",,,,,,"55.6",,"40.5",,,,,,,,,,"0.385",,,,,,,
"1","중구(서울)","청소년","일반","17","관리자","1등급","20250214","F","166.4","72.9","32.3","89.8","63","108","28.1","33.3",,"48","19.5","18.7","0.506","46.386","16","47.122","26.3",,"37",,,,,,,,"45.7",,"35.0",,,,,,,,,,,,,,,,,
"1","안동","성인","일반","20","관리자","참가","20250214","M","167.4","69.3","15.2","79","73","129","48.2","50.4",,,"1.5",,,,,,"24.7","63",,,"230",,,,,,"72.7",,,,,,,,"103","48.0",,,"0.385",,,,,,,
"2","부천","성인","일반","24","관리자","2등급","20250214","F","166.8","55.8","28.7",,"71","122","23.3","28.2",,,"19.1",,,,,,"20.1","35",,,"151",,,,,,"50.5",,,"70","123","147",,"39.4",,,,,"0.374",,,,,,,
"1","북구(광주)","성인","일반","20","관리자","참가","20250214","M","171.7","69.0","19.1","76.0","70","128","32.5","37.4",,,"6.5",,,,,,"23.4","34",,,"230",,,,,,"54.2",,,"86","120","136","179","45.3",,,,,"0.371",,,,,,,
"1","북구(광주)","어르신","일반","68","관리자","참가","20250214","M","172.4","73.8","23.2","95.1","86","144","37.6","40.7",,,"-3.6",,,,,,"24.8",,,,,"16",,"96","6.25","27.53","55.1",,,,,,,,,,,,,,,,,,,"40.7"
"4","서대문","성인","일반","23","관리자","3등급","20250214","F","168.2","52.0","22.9",,"86","143","32.5","35.1",,,"13.1",,,,,,"18.4","35","30","12.62",,,,,,,"67.5",,"37.2",,,,,,,,,,,"0.614",,,,,,
"2","사상","성인","일반","24","관리자","참가","20250214","F","160.3","57","31","70.9","79","120","21.6","21.9",,,"4.7",,,,,,"22.2","23",,,,,,,,,"38.4",,,"79","99","139",,"37.4",,,,,"0.394","0.423",,,,,,
"2","화성","성인","일반","30","관리자","2등급","20250214","F","164.5","57","22.5",,"57","114","28.7","32.1",,,"17",,,,,,"21.1","36",,,,,,,,,"56.3",,,"79","94","120",,"39.8",,,,,"0.337","0.465",,,,,,
"1","경산","성인","일반","22","관리자","참가","20250214","M","171.1","74.6","16.7","85","65","129","44.8","39.6",,,,,,,,,"25.5","41",,,,,,,,,"60.1",,,,,,,,"96","47.7",,,"0.317","0.646",,,,,,
"1","서대문","성인","일반","26","관리자","참가","20250214","F","171.7","60.1","29.0",,"82","118","32.1","31.8",,,"19.1",,,,,,"20.4","8","21","13.80",,,,,,,"53.4",,"33.1",,,,,,,,,,,"0.448",,,,,,
"1","강북","성인","일반","24","관리자","3등급","20250214","F","166.6","56.80","32.2","69.8","70","123","23.1","24.3",,,"21.9",,,,,,"20.5","39",,,,,,,,,"42.8",,,,,,,,"118","37.7",,,"0.469","0.419",,,,,,
"1","강북","성인","일반","56","관리자","참가","20250214","M","169.2","80.80","29.3","92.5","85","127","32.4","34.8",,,"3.6",,,,,,"28.2","17",,,,,,,,,"43.1",,,,,,,,"116","34.9",,,"0.398","0.453",,,,,,
"1","청주","성인","일반","63","관리자","참가","20250214","F","157.8","53.4","34.2","75.5","64","131","20","22.3",,,"6",,,,,,"21.4","2",,,"103",,,,,,"41.8",,,,,,,,"129","29.1",,,"0.309",,,,,,,
"7","청주","어르신","일반","68","관리자","1등급","20250214","F","160.9","61.4","37","83.8","80","132","22.4","25.4",,,"22",,,,,,"23.7",,,,,"28",,"117","5.3","21","41.4",,,,,,,,,,,,,,,,,,,"25.4"
"2","북구(광주)","성인","일반","60","관리자","3등급","20250214","M","171.1","71.4","30.6","87.9","81","121","40.6","44",,,"2.8",,,,,,"24.4","20",,,"164",,,,,,"61.6",,,,,,,,"123","35.1",,,"0.383",,,,,,,
"3","고양","성인","일반","25","관리자","1등급","20250214","F","161","48.4","21.4",,"77","112","23.4","22.4",,,"22.7",,,,,,"18.7","45",,"11.26","189",,,,,,"48.3",,,,,,,,"142","36.1",,,,,,,,,,
"2","양평","성인","일반","53","관리자","참가","20250214","M","167.9","69","24.9",,"74","130","37.3","40.3",,,"5.5",,,,,,"24.5","22",,,,,,,,,"58.4",,,,,,,,"104","39.9",,,"0.349","0.460",,,,,,
"9","KSPO송파별관(어르신)","어르신","일반","68","관리자","2등급","20250214","M","167.1","72.8","29.5",,"70","143","34.3","38",,,"8.5",,,,,,"26.1",,,,,"34",,"140","4.06","16.75","52.2",,,,,,,,,,,,,,,,,,,"38.0"
"6","KSPO송파별관(어르신)","어르신","일반","75","관리자","3등급","20250214","M","171.4","64.6","24.3",,"60","135","31.1","33.5",,,"-1",,,,,,"22.0",,,,,"30",,"125","4.36","18.57","51.9",,,,,,,,,,,,,,,,,,,"33.5"
"5","화성","성인","일반","45","관리자","참가","20250214","M","177.6","92.5","29.3",,"94","147","46","51.9",,,"15.6",,,,,,"29.3","45","40",,"204",,,,,,"56.1",,"37.1",,,,,,,,,,"0.317",,,,,,,
"2","성동","성인","일반","28","관리자","1등급","20250214","M","174.7","74","12.3",,"65","118","53.2","56.4",,,"18.7",,,,,,"24.2","68",,"9.59",,,,,,,"76.2",,,,,,,,"99","46.2",,,,"0.676",,,,,,
"1","서구(대전)","성인","일반","29","관리자","2등급","20250214","M","173.7","71.3","10.3",,"82","121","42","49.7",,,"11.1",,,,,,"23.6","55",,,,,,,,,"69.7",,,,,,,,"98","46.6",,,"0.306","0.651",,,,,,
"5","동구(광주)","어르신","일반","69","관리자","3등급","20250214","F","159.3","54.6","28.5","77.8","55","107","18.4","27.1",,,"17.4",,,,,,"21.5",,,,,"19",,"100","5.27","23.36","49.6",,,,,,,,,,,,,,,,,,,"27.1"
"1","동구(광주)","성인","일반","59","관리자","3등급","20250214","F","161.3","48.8","28.1","75","73","124","20.3","21.7",,,"20.8",,,,,,"18.8","9",,,,,,,,,"44.5",,,,,,,,"111","33.5",,,"0.389","0.315",,,,,,
"2","원주","성인","일반","48","관리자","참가","20250214","F","163.1","69.2","36.3","82","74","114","33.5","30.5",,,"9",,,,,,"26.0","21",,,"149",,,,,,"48.4",,,,,,,,"88","33.5",,,"0.325",,,,,,,
"1","화성","어르신","일반","71","관리자","참가","20250214","M","161.7","58.9","23.7",,"75","152","20.1","25.8",,,"-4.3",,,,,,"22.5",,,,,"22",,"108","5.7","25.6","43.8",,,,,,,,,,,,,,,,,,,"25.8"
"3","화성","어르신","일반","67","관리자","3등급","20250214","F","154.6","42.2","20.2",,"80","147","23.5","27.7",,,"14.4",,,,,,"17.7",,,,,"29",,"101","5.9","25.9","65.6",,,,,,,,,,,,,,,,,,,"27.7"
"10","청주","어르신","일반","65","관리자","3등급","20250214","F","162.3","71","34.1","87.7","64","116","28.9","27.8",,,"20",,,,,,"27.0",,,,,"16",,"103","6","24.4","40.7",,,,,,,,,,,,,,,,,,,"28.9"
"2","안산","성인","일반","64","관리자","참가","20250214","M","155.2","61.5","29.5","78","75","132","33.1","37.8",,,"3.8",,,,,,"25.5","28",,"12.25","170",,,,,,"61.5",,,,,,,,"107","37.4",,,,,,,,,,
"5","청주","성인","일반","60","관리자","참가","20250214","F","154.8","58.5","41.7","90.7","61","141","20.2","21.9",,,"9.5",,,,,,"24.4",,,,"110",,,,,,"37.4",,,,,,,,"106","30.9",,,"0.486",,,,,,,
"3","제주","성인","일반","24","관리자","3등급","20250214","F","172.7","59.8","24.7","76.6","72","116","25.2","27.9",,,"21.6",,,,,,"20.1","28",,,,,,,,,"46.7",,,"95","111","143",,"37.6",,,,,"0.275","0.415",,,,,,
"8","강북","어르신","일반","68","관리자","1등급","20250214","M","163.8","61.40","26.2","83.5","72","145","38.3","37.6",,,"12.8",,,,,,"22.9",,,,,"31",,"130","5.1","18.6","62.4",,,,,,,,,,,,,,,,,,,"38.3"
"4","부천","성인","일반","27","관리자","참가","20250214","F","165.1","51.5","34.1",,"81","131","22.2","24.4",,,"18.6",,,,,,"18.9","20",,,,,,,,,"47.4",,,,,,,,"84","42.4",,,"0.318","0.390",,,,,,
"1","춘천","성인","일반","49","관리자","2등급","20250214","M","174.2","84","27.1","105.1","94","147","49","45.7",,,"11.6",,,,,,"27.7","41","32",,"194",,,,,,"58.3",,"36.2",,,,,,,,,,"0.363",,,,,,,
"2","부천","성인","일반","63","관리자","2등급","20250214","M","161.8","59.7","18.8",,"80","120","34.1","39.5",,,"16.9",,,,,,"22.8","25",,,,,,,,,"66.2",,,"95","121","137","171","35.5",,,,,"0.342","0.477",,,,,,
"5","사하","성인","일반","30","관리자","2등급","20250214","M","176.8","74.4","22.2","90.4","73","127","39.7","47.8",,,"15.5",,,,,,"23.8","56","51","11.28","196",,,,,,"64.2",,"43.5",,,,,,,,,,,,,,,,,
"6","경산","성인","일반","38","관리자","참가","20250214","M","178.1","89.3","23.2","93","87","134","45.4","48.5",,,"2.9",,,,,,"28.2","51",,"10.7","206",,,,,,"54.3",,,"50","91","108",,"43.6",,,,,,,,,,,,
"2","KSPO송파","성인","일반","26","관리자","참가","20250214","M","178.2","73.6","17.9",,"65","109","31.4","29",,,"-15.7",,,,,,"23.2","31",,,"191",,,,,,"42.7",,,,,,,,"85","49.1",,,"0.426",,,,,,,
"3","창원마산회원","성인","일반","44","관리자","1등급","20250214","M","179.5","73.4","12.1","81","91","149","55.2","56.9",,,"20.6",,,,,,"22.8","55",,"10.12","240",,,,,,"77.5",,,,,,,,"106","41.7",,,,,,,,,,
"7","KSPO송파","성인","일반","35","관리자","2등급","20250214","F","162.3","66.6","34.3",,"55","116","35.9","32",,,"18.5",,,,,,"25.3","34",,,"172",,,,,,"53.9",,,,,,,,"108","34.0",,,"0.379",,,,,,,
"1","서구(대전)","성인","일반","54","관리자","참가","20250214","M","181.7","84.6","14.1",,"85","155","49.3","48.9",,,"1.8",,,,,,"25.6","48","41",,"210",,,,,,"58.3",,"37.7",,,,,,,,,,"0.344",,,,,,,
"7","시흥","어르신","일반","78","관리자","3등급","20250214","M","167.6","68.6","29.5","85","81","159","38.9","41.9",,,"1.4",,,,,,"24.4",,,,,"28",,"117","6.07","24.07","61.1",,,,,,,,,,,,,,,,,,,"41.9"
"2","KSPO송파","성인","일반","28","관리자","참가","20250214","M","168.4","86.2","32",,"84","120","39.2","37.8",,,"0",,,,,,"30.4","32",,,"189",,,,,,"45.5",,,,,,,,"126","39.0",,,"0.326",,,,,,,
"3","성남","어르신","일반","77","관리자","2등급","20250214","M","167","64.7","17.4",,"60","114","31.9","33.7",,,"5.4",,,,,,"23.2",,,,,"23",,"105","5.66","24.34","52.1",,,,,,,,,,,,,,,,,,,"33.7"
"5","청주","어르신","일반","70","관리자","2등급","20250214","F","162.2","71.5","38.4","93.8","76","136","31.7","27.6",,,"24.1",,,,,,"27.2",,,,,"17",,"116","5.3","19.1","44.3",,,,,,,,,,,,,,,,,,,"31.7"
"2","KSPO송파","성인","일반","32","관리자","참가","20250214","F","165.8","47.7","18.3",,"87","112","30","25.6",,,"19.9",,,,,,"17.4","17",,,"165",,,,,,"62.9",,,,,,,,"128","37.1",,,"0.375",,,,,,,
"3","미추홀","성인","일반","56","관리자","참가","20250214","M","181.5","84.7","23.6","94","94","138","39.3","42.8",,,"-1.7",,,,,,"25.7","28",,,"203",,,,,,"50.5",,,,,,,,"84","39.6",,,"0.299",,,,,,,
"8","성남","어르신","일반","78","관리자","참가","20250214","M","153.2","49.9","30.5",,"69","144","25.4","34.4",,,"-4.7",,,,,,"21.3",,,,,"20",,"101","5.46","24.98","68.9",,,,,,,,,,,,,,,,,,,"34.4"
"2","KSPO송파","성인","일반","27","관리자","3등급","20250214","F","159.3","60.4","29.8",,"83","123","31.3","28.4",,,"30.2",,,,,,"23.8","33",,,"172",,,,,,"51.8",,,,,,,,"134","33.6",,,"0.348",,,,,,,
"1","군산","성인","일반","37","관리자","참가","20250214","M","175.6","83","32.6","93","93","148","32.8","34.4",,,"6.8",,,,,,"26.9","19","10","15.97","150",,,,,,"41.4",,"32.1",,,,,,,,,,,,,,,,,
"11","동구(광주)","성인","일반","31","관리자","참가","20250214","F","169","116.2","49.5","111","99","141","20","28.3",,,"12.5",,,,,,"40.7","18",,,,,,,,,"24.4",,,,,,,,,,,,"0.609","0.278",,,,,,
"2","KSPO송파","성인","일반","26","관리자","참가","20250214","M","172.5","74.9","29.8",,"65","111","33.9","34.2",,,"13.7",,,,,,"25.2","30",,,"162",,,,,,"45.7",,,,,,,,"128","42.0",,,"0.361",,,,,,,
"1","군산","성인","일반","53","관리자","3등급","20250214","F","160.8","51.9","23.1","70","60","118","22.4","24.2",,,"24.8",,,,,,"20.1","22","12",,,,,,,,"46.6",,"30.4",,,,,,,,,,"0.418","0.404",,,,,,
"2","KSPO송파","성인","일반","26","관리자","2등급","20250214","F","158.6","46.8","18.5",,"70","128","23.6","22.9",,,"14.6",,,,,,"18.6","34",,,"147",,,,,,"50.4",,,,,,,,"118","39.0",,,"0.355",,,,,,,
"1","사상","성인","일반","27","관리자","참가","20250214","M","167.3","82.5","34.4","90","69","113","34.7","35.7",,,"-5.7",,,,,,"29.5","39","18","13.5","165",,,,,,"43.3",,"35.0",,,,,,,,,,,,,,,,,
"3","정읍","성인","일반","40","관리자","참가","20250214","M","179.3","104.1","21.4",,"81","150","56.6","56.2",,,"12.7",,,,,,"32.4","34","25",,"241",,,,,,"54.4",,"32.2",,,,,,,,,,"0.340",,,,,,,
"1","포항","성인","일반","45","관리자","참가","20250214","M","164.9","70.7","24.7",,"89","158","46","45.3",,,"18.8",,,,,,"26.0","44",,,"205",,,,,,"65.1",,,,,,,,"146","35.1",,,"0.285",,,,,,,
"18","청주","성인","일반","63","관리자","3등급","20250214","F","154.7","51.6","32.5","74.1","73","134","20.3","25.7",,,"27.9",,,,,,"21.6","11",,,"135",,,,,,"49.8",,,,,,,,"124","29.9",,,"0.378",,,,,,,
"4","청주","성인","일반","55","관리자","2등급","20250214","F","158.8","54.5","28.6","77.4","67","134","23.2","27.2",,,"16.9",,,,,,"21.6","41",,,"166",,,,,,"49.9",,,,,,,,"108","33.0",,,"0.369",,,,,,,
"4","달서","성인","일반","39","관리자","3등급","20250214","F","163.1","59.04","26.6","81.3","68","104","27.3","29",,,"16.4",,,,,,"22.2","21",,,"131",,,,,,"49.1",,,,,,,,"84","38.2",,,"0.372",,,,,,,
"1","나주","성인","일반","22","관리자","참가","20250214","F","157.5","67.2","39.3","85.9","67","105","26.8","29.2",,,"6.7",,,,,,"27.1","16","16",,"146",,,,,,"43.5",,"30.3",,,,,,,,,,"0.290",,,,,,,
"2","청주","성인","일반","52","관리자","참가","20250214","F","166.4","62.9","34.6","83.9","44","113","28.8","31.3",,,"14.4",,,,,,"22.7","4",,,"149",,,,,,"49.8",,,,,,,,"119","30.9",,,"0.396",,,,,,,
"3","광주","성인","일반","27","관리자","3등급","20250214","M","167.6","71.2","24.2",,"91","142","39.8","39.7",,,"10.9",,,,,,"25.3","54","48","10.85","209",,,,,,"55.9",,"43.7",,,,,,,,,,,,,,,,,
"1","KSPO광주","청소년","일반","18","관리자","2등급","20250214","M","180.5","68.6","13.3","71.4","71","120","33.1","39.3",,"49","17","19.4","0.582","39.108","10","39.568","21.1",,"75",,,,,,,,"57.3",,"50.2",,,,,,,,,,,,,,,,,
"1","KSPO광주","성인","일반","54","관리자","참가","20250214","M","172.7","76.1","25.7","87.8","81","122","26.4","34.6",,,"2.9",,,,,,"25.5","24","20",,,,,,,,"45.5",,"34.2",,,,,,,,,,"0.393","0.483",,,,,,
"1","마포","성인","일반","38","관리자","3등급","20250214","F","150.6","49.7","29.7","70","74","140","25.9","25.6",,,"13.9",,,,,,"21.9","36",,,,,,,,,"52.1",,,,,,,,"102","37.2",,,"0.348","0.408",,,,,,
"3","부천","어르신","일반","65","관리자","1등급","20250214","F","165.1","54.5","28.4",,"79","133","28.4","30.1",,,"27.8",,,,,,"20.0",,,,,"29",,"127","4.05","19.22","55.2",,,,,,,,,,,,,,,,,,,"30.0"
"4","KSPO송파별관(어르신)","어르신","일반","65","관리자","3등급","20250214","F","156.4","55.7","25.9",,"58","118","30.8","29.1",,,"14.3",,,,,,"22.8",,,,,"37",,"143","4.24","16.94","55.3",,,,,,,,,,,,,,,,,,,"30.8"
"1","KSPO송파별관(어르신)","어르신","일반","65","관리자","3등급","20250214","M","170.5","60.6","22.9",,"88","154","28.9","29.3",,,"8.1",,,,,,"20.8",,,,,"30",,"138","4.88","19.92","48.3",,,,,,,,,,,,,,,,,,,"29.3"
"1","원주","성인","일반","22","관리자","1등급","20250214","F","165.5","49.2","24.7","62","74","115","29.8","28.7",,,"22.3",,,,,,"18.0","36",,,"170",,,,,,"60.6",,,"99","136","158",,"39.5",,,,,"0.331",,,,,,,
"1","안동","성인","일반","29","관리자","참가","20250214","F","164.4","61.1","32.3","74","81","135","30.4","33.2",,,"24.1",,,,,,"22.6","38","15",,"158",,,,,,"54.3",,"30.9",,,,,,,,,,"0.363",,,,,,,
"7","고양","어르신","일반","78","관리자","3등급","20250214","F","157.9","50.9","22.2",,"62","129","17.1","16.1",,,"14.9",,,,,,"20.4",,,,,"15",,"77","7.89","28.32","33.6",,,,,,,,,,,,,,,,,,,"17.1"
"3","고양","성인","일반","26","관리자","3등급","20250214","F","165.7","55.6","25.3",,"84","129","25.6","24.4",,,"11.9",,,,,,"20.3","26",,"12.07","148",,,,,,"46.0",,,,,,,,"151","33.5",,,,,,,,,,
"1","서대문","성인","일반","23","관리자","2등급","20250214","F","160.3","51.1","24.0",,"76","117","25.2","29.8",,,"16.0",,,,,,"19.9","30","26","11.66",,,,,,,"58.3",,"36.0",,,,,,,,,,,"0.456",,,,,,
"1","서대문","성인","일반","24","관리자","참가","20250214","F","168.9","53.9","31.4",,"59","111","27.8","29.7",,,"16.6",,,,,,"18.9","18","21","12.16",,,,,,,"55.1",,"34.1",,,,,,,,,,,"0.484",,,,,,
"1","서대문","성인","일반","64","관리자","3등급","20250214","F","159.1","54.1","31.0",,"92","149","24.2","22",,,"21.0",,,,,,"21.4","8","13","14.16",,,,,,,"44.7",,"29.9",,,,,,,,,,,"0.393",,,,,,
"1","KSPO광주","성인","일반","53","관리자","참가","20250214","F","162.4","63","30.2","81","89","151","26.7","34.4",,,"12",,,,,,"23.9","3",,,"143",,,,,,"54.6",,,,,,,,"105","32.0",,,"0.36",,,,,,,
"1","사천","성인","일반","55","관리자","1등급","20250214","F","156.6","56.6","27","80.5","63","130","27.3","27.7",,,"21.5",,,,,,"23.1","22",,,"119",,,,,,"48.9",,,,,,,,"111","31.9",,,"0.344",,,,,,,
"4","안산","어르신","일반","65","관리자","3등급","20250214","M","160.3","58.2","25.7","81.4","81","157","31.8","35.2",,,"9.1",,,,,,"22.6",,,,,"24",,"108","4.6","20.5","60.5",,,,,,,,,,,,,,,,,,,"35.2"
"5","고양","성인","일반","43","관리자","3등급","20250214","M","175.7","74.8","26.3",,"87","145","51.4","50.4",,,"10.4",,,,,,"24.2","40",,"12.89","161",,,,,,"68.7",,,,,,,,"125","38.6",,,,,,,,,,
"3","서대문","성인","일반","60","관리자","2등급","20250214","M","163.1","69.4","23.9",,"92","152","44.1","41.3",,,"10.9",,,,,,"26.1","37","31","12.32",,,,,,,"63.5",,"37.4",,,,,,,,,,,"0.574",,,,,,
"4","안산","성인","일반","31","관리자","참가","20250214","M","168.9","76.5","29.8","83","81","136","43.3","44.6",,,"6.3",,,,,,"26.8","53",,,"204",,,,,,"58.3",,,,,,,,"160","35.5",,,"0.376",,,,,,,
"1","서대문","성인","일반","64","관리자","참가","20250214","M","158.8","66.4","33.6",,"87","153","44.3","40.8",,,"11.1",,,,,,"26.3","26","16","12.99",,,,,,,"66.7",,"34.1",,,,,,,,,,,"0.433",,,,,,
"1","광주","어르신","일반","78","관리자","3등급","20250214","M","159.5","60.7","29.7",,"65","126","24.9","21.5",,,"9",,,,,,"23.9",,,,,"18",,"92","7.11","29.46","41.0",,,,,,,,,,,,,,,,,,,"24.9"
"1","김천","성인","일반","62","관리자","참가","20250214","M","170.2","65.0","21.4","83.9","90","155","40.2","35",,,"1.3",,,,,,"22.4","27",,,"166",,,,,,"61.8",,,,,,,,"73","43.3",,,"0.408",,,,,,,
"2","서대문","성인","일반","58","관리자","참가","20250214","F","167.2","73.1","40.8",,"80","120","33.1","32.6",,,"19.9",,,,,,"26.1","8","8","14.76",,,,,,,"45.3",,"25.7",,,,,,,,,,,"0.357",,,,,,
"4","KSPO송파별관(어르신)","어르신","일반","66","관리자","3등급","20250214","F","158.5","49.8","32.7",,"70","139","26.5","25.8",,,"15",,,,,,"19.8",,,,,"32",,"126","4.40","17.57","53.2",,,,,,,,,,,,,,,,,,,"26.5"
"2","서대문","성인","일반","23","관리자","2등급","20250214","F","151.4","58.1","31.7",,"80","120","30.3","28.7",,,"27",,,,,,"25.3","34","31","12.32",,,,,,,"52.2",,"36.2",,,,,,,,,,,"0.489",,,,,,
"4","서대문","성인","일반","32","관리자","참가","20250214","M","178.1","76.5","26.9",,"80","120","50.8","52.6",,,"3.4",,,,,,"24.1","50","36","11.28",,,,,,,"68.8",,"39.5",,,,,,,,,,,"0.556",,,,,,
"5","KSPO송파별관(어르신)","어르신","일반","69","관리자","3등급","20250214","M","162.6","66","33.7",,"79","138","32.6","33.9",,,"5.5",,,,,,"25.0",,,,,"33",,"118","5.38","19.90","51.4",,,,,,,,,,,,,,,,,,,"33.9"
"3","화성","어르신","일반","79","관리자","3등급","20250214","M","157.7","66.2","32.1",,"62","144","28.2","27.2",,,"5.8",,,,,,"26.6",,,,,"18",,"98","4.97","23.56","42.6",,,,,,,,,,,,,,,,,,,"28.2"
"1","성남","어르신","일반","69","관리자","참가","20250214","F","150.2","65.6","41.1",,"77","125","15.9","18.9",,,"19.7",,,,,,"29.1",,,,,"18",,"116","5.61","24.23","28.8",,,,,,,,,,,,,,,,,,,"18.9"
"1","북구(광주)","성인","일반","62","관리자","참가","20250214","M","173.2","67.2","24.6","79.6","92","148","36","36.1",,,"-4.7",,,,,,"22.4","18","15",,"137",,,,,,"53.7",,"33.7",,,,,,,,,,"0.368",,,,,,,
"4","화성","성인","일반","21","관리자","1등급","20250214","F","171","53.4","24.5",,"71","113","22.4","26.3",,,"25.4",,,,,,"18.3","39",,,"181",,,,,,"49.3",,,,,,,,"98","41.9",,,"0.388",,,,,,,
"7","성남","어르신","일반","75","관리자","2등급","20250214","M","162.9","51.8","23.2",,"77","136","25","25.7",,,"15.4",,,,,,"19.5",,,,,"22",,"126","5.10","21.46","49.6",,,,,,,,,,,,,,,,,,,"25.7"
"3","마포","어르신","일반","68","관리자","2등급","20250214","M","161.8","74.3","27.8","90","86","157","43.4","40",,,"16.3",,,,,,"28.4",,,,,"28",,"125","4.78","22.05","58.4",,,,,,,,,,,,,,,,,,,"43.4"
"5","마포","어르신","일반","67","관리자","3등급","20250214","M","174.1","66","14.5","82","71","123","42.7","45.2",,,"4.8",,,,,,"21.8",,,,,"27",,"110","4.10","19.94","68.5",,,,,,,,,,,,,,,,,,,"45.2"
"6","성동","성인","일반","24","관리자","2등급","20250214","F","166.7","55.7","25.6",,"78","122","31.5","34.3",,,"25.6",,,,,,"20.0","34",,,"165",,,,,,"61.6",,,"94","134","160",,"37.2",,,,,"0.283",,,,,,,
"1","영암","성인","일반","61","관리자","2등급","20250214","F","160.5","55.5","28.1",,"85","151","23.6","27.3",,,"22",,,,,,"21.5","13","16",,"135",,,,,,"49.2",,"30.8",,,,,,,,,,"0.396",,,,,,,
"1","사상","성인","일반","58","관리자","3등급","20250214","M","175.5","71.5","23.5","82.6","81","150","39.9","35.4",,,"6.5",,,,,,"23.2","30",,"11.9",,,,,,,"55.8",,,"73","101","119","151","39.1",,,,,,"0.509",,,,,,
"1","서구(광주)","성인","일반","60","관리자","참가","20250214","M","165","71","31.8","87","97","152","37.9","42.6",,,"15.5",,,,,,"26.1","25",,,,,,,,,"60.0",,,,,,,,"129","33.8",,,"0.367","0.497",,,,,,
"1","서대문","성인","일반","29","관리자","3등급","20250214","M","175.5","79.4","22.1",,"77","132","44.8","50.1",,,"12.2",,,,,,"25.8","39","35","10.79",,,,,,,"63.1",,"39.1",,,,,,,,,,,"0.591",,,,,,
"1","서대문","성인","일반","60","관리자","참가","20250214","M","163.3","65.8","16.8",,"93","158","52.3","45.9",,,"-0.8",,,,,,"24.7","23","30","11.56",,,,,,,"79.5",,"37.7",,,,,,,,,,,"0.558",,,,,,
"1","부천","어르신","일반","66","관리자","참가","20250214","F","148.5","59.9","45.3",,"79","121","21.7","24.9",,,"25.0",,,,,,"27.2",,,,,"21",,"118","5.07","28.47","41.6",,,,,,,,,,,,,,,,,,,"24.9"
"1","부천","어르신","일반","85","관리자","참가","20250214","M","154.4","52.3","19.1",,"56","155","25.6","25.7",,,"-6.4",,,,,,"21.9",,,,,"21",,"114","5.60","25.10","49.1",,,,,,,,,,,,,,,,,,,"25.7"
"1","동구(광주)","성인","일반","26","관리자","참가","20250214","F","165","54.6","24.1","60","69","114","24","28",,,"8.9",,,,,,"20.1","23",,,"141",,,,,,"51.3",,,,,,,,"130","36.2",,,"0.415",,,,,,,
"3","창원마산회원","성인","일반","48","관리자","3등급","20250214","M","177.2","78.6","20.5","86","87","134","49","52.4",,,"14.8",,,,,,"25.0","44",,"11.16","185",,,,,,"66.7",,,,,,,,"123","36.9",,,,,,,,,,
"1","연제","성인","일반","29","관리자","참가","20250214","F","158","52.5","25.9",,"61","105","21.9","22.5",,,"15.9",,,,,,"21.0","11",,"15.2",,,,,,,"42.9",,,"80","95","108",,"42.8",,,,,,"0.437",,,,,,
"1","강북","성인","일반","61","관리자","참가","20250214","F","148.9","53.10","33.2","77.6","93","153","24.9","21.5",,,"16.6",,,,,,"23.9","2","7",,"106",,,,,,"46.9",,"28.2",,,,,,,,,,"0.471",,,,,,,
"2","달서","성인","일반","26","관리자","1등급","20250214","F","169.8","56.74","20.1","75.8","74","113","25.9","30.9",,,"19.2",,,,,,"19.7","37",,,"188",,,,,,"54.5",,,,,,,,"118","37.6",,,"0.352",,,,,,,
"1","남구(부산)","성인","일반","31","관리자","2등급","20250214","M","173.3","74.4","20.5",,"79","121","36.7","42.8",,,"13",,,,,,"24.8","51",,"11.15","213",,,,,,"57.5",,,,,,,,"109","43.8",,,,,,,,,,
"1","스포원(금정)","성인","일반","59","관리자","2등급","20250214","M","175.5","80.7","24.1",,"78","137","36","44.7",,,"15.5",,,,,,"26.2","34",,"13.1","185",,,,,,"55.4",,,,,,,,"105","36.2",,,,,,,,,,
"1","서구(광주)","성인","일반","46","관리자","참가","20250214","M","178.6","106.5","37.8","114","98","148","43","48.8",,,"3.2",,,,,,"33.4","13","15","12.44","193",,,,,,"45.8",,"29.1",,,,,,,,,,,,,,,,,
"1","안동","성인","일반","60","관리자","2등급","20250214","M","168.3","79.3","24.6","91","82","144","54.3","55.8",,,"13.6",,,,,,"28.0","35","20",,"192",,,,,,"70.4",,"33.3",,,,,,,,,,"0.374",,,,,,,
"4","시흥","어르신","일반","69","관리자","2등급","20250214","F","149.4","55.9","35.4","81","73","137","22.7","19.9",,,"18.3",,,,,,"25.0",,,,,"30","630",,"5","18.87","40.6",,,,,,,,,,,,,,,,,,,"22.7"
"1","동구(광주)","성인","일반","35","관리자","참가","20250214","M","170.5","86.6","29.9","87","99","154","47.7","50.2",,,"-7",,,,,,"29.8","29","27",,"186",,,,,,"58.0",,"35.8",,,,,,,,,,"0.353",,,,,,,
"3","남구(부산)","어르신","일반","71","관리자","1등급","20250214","M","167.4","68.7","23",,"87","158","35.9","43.9",,,"12.6",,,,,,"24.5",,,,,"34",,"149","4.33","19.19","63.9",,,,,,,,,,,,,,,,,,,"43.9"
"1","남구(부산)","어르신","일반","70","관리자","1등급","20250214","M","162.8","60.6","21.7",,"76","144","41.8","44",,,"10.8",,,,,,"22.9",,,,,"29",,"156","5.41","21.20","72.6",,,,,,,,,,,,,,,,,,,"44.0"
"1","군산","어르신","일반","65","관리자","참가","20250214","F","156.8","59.7","40.9","85","77","131","17.9","15.9",,,"8.3",,,,,,"24.3",,,,,"20",,"103","5.25","24.47","30.0",,,,,,,,,,,,,,,,,,,"17.9"
"5","군산","어르신","일반","70","관리자","2등급","20250214","F","157.5","58.6","39.7","84","76","130","20.4","19.4",,,"20.8",,,,,,"23.6",,,,,"27",,"121","5.38","23.34","34.8",,,,,,,,,,,,,,,,,,,"20.4"
"3","화성","성인","일반","53","관리자","참가","20250214","M","168.6","90","30",,"86","132","43.2","48.5",,,"11.8",,,,,,"31.7","56","32",,"183",,,,,,"53.9",,"35.1",,,,,,,,,,"0.293",,,,,,,
"8","군산","어르신","일반","70","관리자","3등급","20250214","F","158.2","63.7","43.1","88","81","143","26.2","27.5",,,"10.7",,,,,,"25.5",,,,,"25",,"118","5.75","27.47","43.2",,,,,,,,,,,,,,,,,,,"27.5"
"2","KSPO송파","성인","일반","29","관리자","3등급","20250214","F","165.6","56.3","24.8",,"76","115","25.8","30",,,"9.4",,,,,,"20.5","29",,,"159",,,,,,"53.3",,,,,,,,"126","35.8",,,"0.303",,,,,,,
"1","수원","성인","일반","46","관리자","참가","20250214","M","171.9","76.4","27.8","88","68","103","39.1","39.1",,,"-11",,,,,,"25.9","33",,,"178",,,,,,"51.2",,,,,,,,"100","40.9",,,"0.449",,,,,,,
"3","수원","어르신","일반","75","관리자","참가","20250214","M","183.3","91.7","29.1","103","80","156","46.3","48.2",,,"-4.3",,,,,,"27.3",,,,,"16",,"110","5.5","26.5","52.6",,,,,,,,,,,,,,,,,,,"48.2"
"2","KSPO송파","성인","일반","22","관리자","참가","20250214","F","154.1","53.7","30.1",,"57","107","20.9","24.8",,,"1.8",,,,,,"22.6","31",,,"143",,,,,,"46.2",,,,,,,,"112","38.3",,,"0.390",,,,,,,
"3","고양","성인","일반","23","관리자","3등급","20250214","F","166.1","55.6","19.2",,"67","117","34.9","30.6",,,"12.8",,,,,,"20.2","34",,"12.58","142",,,,,,"62.8",,,,,,,,"150","34.2",,,,,,,,,,
"1","수원","성인","일반","24","관리자","3등급","20250214","F","169.3","62.2","32.6","67","59","99","29","27.6",,,"27",,,,,,"21.7","36",,,,,,,,,"46.6",,,,,,,,"127","35.5",,,"0.446","0.401",,,,,,
"1","KSPO송파","성인","일반","33","관리자","참가","20250214","F","158.7","43.4","22.9",,"65","108","23.6","23.5",,,"17.7",,,,,,"17.2","17",,,"165",,,,,,"54.4",,,,,,,,"97","41.1",,,"0.342",,,,,,,
"2","수원","성인","일반","25","관리자","2등급","20250214","F","162.9","51.6","23.6","63","74","118","31","33",,,"25",,,,,,"19.4","27",,"12",,,,,,,"64.0",,,,,,,,"143","35.4",,,,"0.46",,,,,,
"2","청주","성인","일반","22","관리자","참가","20250214","F","167.8","52.3","29","72.4","93","128","22.7","22.4",,,"14.9",,,,,,"18.6","0",,,,,,,,,"43.4",,,,,,,,"144","36.1",,,"0.376","0.440",,,,,,
"1","KSPO송파","성인","일반","32","관리자","2등급","20250214","F","165","70.9","26",,"68","120","28.3","33.1",,,"15.4",,,,,,"26.0","39",,,"159",,,,,,"46.7",,,,,,,,"86","36.5",,,"0.384",,,,,,,
"6","안산","어르신","일반","68","관리자","참가","20250214","M","170.6","58.7","14.5","70","70","138","34.5","32.2",,,"1.1",,,,,,"20.2",,,,,"33",,"134","4.2","17.9","58.8",,,,,,,,,,,,,,,,,,,"34.5"
"6","안산","어르신","일반","79","관리자","3등급","20250214","M","168.3","59.5","26.8","80","79","154","30.3","30.1",,,"17.2",,,,,,"21.0",,,,,"28",,"90","4.8","21.8","50.9",,,,,,,,,,,,,,,,,,,"30.3"
"2","중구(서울)","어르신","일반","74","관리자","3등급","20250214","M","160.3","65.4","25.9","86.3","73","153","37.3","39.7",,,"0.7",,,,,,"25.5",,,,,"29",,"130","4.8","19.3","60.7",,,,,,,,,,,,,,,,,,,"39.7"
"2","KSPO송파","성인","일반","27","관리자","2등급","20250214","F","161.6","49.6","28.4",,"56","94","24.3","27.6",,,"15.1",,,,,,"19.0","42",,,"159",,,,,,"55.6",,,,,,,,"114","38.9",,,"0.376",,,,,,,
"1","KSPO송파","성인","일반","25","관리자","참가","20250214","F","162.6","66.8","32",,"77","117","29","31.4",,,"18.8",,,,,,"25.3","26",,,"155",,,,,,"47.0",,,,,,,,"129","33.3",,,"0.360",,,,,,,
"2","KSPO송파","성인","일반","35","관리자","2등급","20250214","M","173.9","65.8","12.6",,"78","136","43.3","43.5",,,"19.7",,,,,,"21.8","44",,,"215",,,,,,"66.1",,,,,,,,"111","44.5",,,"0.378",,,,,,,
"1","KSPO송파","성인","일반","26","관리자","참가","20250214","F","167.3","45.2","25",,"63","102","20.4","23.7",,,"16.1",,,,,,"16.1","0",,,"102",,,,,,"52.4",,,,,,,,"101","42.3",,,"0.420",,,,,,,
"2","사천","성인","일반","57","관리자","3등급","20250214","M","168.9","67.5","22.6","86.1","76","136","36.8","37.8",,,"11.2",,,,,,"23.7","28",,,,,,,,,"56.0",,,,,,,,"96","40.5",,,"0.358","0.465",,,,,,
"1","사천","성인","일반","63","관리자","참가","20250214","M","165.7","60.2","24.4","83.1","71","157","31.3","32.5",,,"-5.3",,,,,,"21.9","38",,,,,,,,,"54.0",,,,,,,,"130","35.4",,,"0.367","0.365",,,,,,
"1","사천","성인","일반","25","관리자","참가","20250214","M","182","76.5","15.3",,"76","129","42.1","40.1",,,"4.7",,,,,,"23.1","30",,,,,,,,,"55.0",,,,,,,,"99","46.9",,,"0.661","0.378",,,,,,
"11","동구(광주)","어르신","일반","75","관리자","참가","20250214","F","148.2","57.2","38.9","90.8","76","109","7.6","14.1",,,"13.9",,,,,,"26.0",,,,,"27",,"117","7.34","28.82","24.7",,,,,,,,,,,,,,,,,,,"14.1"
"1","목포","성인","일반","55","관리자","참가","20250214","F","147.2","44.5","29.7","73.2","88","147","18.4","20.1",,,"16",,,,,,"20.5","5","12",,"130",,,,,,"45.2",,"31.3",,,,,,,,,,"0.284",,,,,,,
"11","오산","어르신","일반","70","관리자","1등급","20250214","M","166.8","67.6","27.9","88.9","83","143","38.9","41.4",,,"10.9",,,,,,"24.3",,,,,"28",,"138","4.59","17.04","61.2",,,,,,,,,,,,,,,,,,,"41.4"
"3","오산","성인","일반","23","관리자","3등급","20250214","F","169.3","50.2","23.9","74.4","76","121","27.7","24.6",,,"13.4",,,,,,"17.5","30",,,,,,,,,"55.2",,,"95","112","147",,"39.3",,,,,"0.364","0.428",,,,,,
"1","KSPO광주","성인","일반","22","관리자","참가","20250214","M","168.9","80","31.6","87","84","150","38.5","37.4",,,"3.7",,,,,,"28.0","26","27",,"169",,,,,,"48.1",,"37.9",,,,,,,,,,"0.408",,,,,,,
"1","양평","성인","일반","34","관리자","참가","20250214","M","176.4","79.5","22.6",,"82","143","50.4","54.5",,,"13.9",,,,,,"25.5","50",,,,,,,,,"68.6",,,,,,,,"151","36.0",,,"0.359","0.544",,,,,,
"6","오산","성인","일반","22","관리자","3등급","20250214","F","168.3","58.1","29.5","78.3","80","111","27.1","28.3",,,"16.1",,,,,,"20.5","30",,,,,,,,,"48.7",,,,,,,,"128","36.7",,,"0.388","0.428",,,,,,
"2","익산","어르신","일반","65","관리자","참가","20250214","M","167.3","69.2","26.8","88","89","140","41.9","50.1",,,"0.8",,,,,,"24.7",,,,,"24",,"133","4.24","17.81","72.4",,,,,,,,,,,,,,,,,,,"50.1"
"1","KSPO광주","성인","일반","64","관리자","참가","20250214","F","144","47","32.4","77","92","158","23.1","22",,,"8.7",,,,,,"22.7","0","9",,,,,,,,"49.1",,"29.6",,,,,,,,,,"0.311","0.337",,,,,,
"4","양평","어르신","일반","78","관리자","1등급","20250214","M","164.7","61.6","24.7",,"71","151","38.5","29.7",,,"9.1",,,,,,"22.7",,,,,"31",,"119","4.91","20.32","62.5",,,,,,,,,,,,,,,,,,,"38.5"
"2","익산","성인","일반","61","관리자","참가","20250214","F","161.8","68.3","34.8","86","71","153","23.4","22.9",,,"6.8",,,,,,"26.1","26",,,"118",,,,,,"34.3",,,"80","112","133",,"30.4",,,,,"0.441",,,,,,,
"1","포항","성인","일반","32","관리자","참가","20250214","M","173.7","75.6","24.6",,"83","123","36","36.1",,,"-5.2",,,,,,"25.1","39",,,"196",,,,,,"47.8",,,"84","114","137","167","41.3",,,,,"0.303",,,,,,,
"2","KSPO대구","성인","일반","24","관리자","3등급","20250214","F","167.2","63.9","26.3","69","93","141","26.3","23.4",,,"12.8",,,,,,"22.9","23",,,"123",,,,,,"41.2",,,,,,,,"105","37.6",,,"0.482",,,,,,,
"1","KSPO대구","성인","일반","24","관리자","참가","20250214","M","181.6","92.4","30.1","95","88","143","45.2","42.9",,,"9.8",,,,,,"28.0","40",,"11.4","218",,,,,,"48.9",,,,,,,,"164","34.1",,,,,,,,,,
"2","오산","어르신","일반","65","관리자","참가","20250214","M","166.4","72","23.6","86.7","87","154","36.1","39.7",,,"-5.5",,,,,,"26.0",,,,,"22",,"116","5.19","21.19","55.1",,,,,,,,,,,,,,,,,,,"39.7"
"3","미추홀","성인","일반","56","관리자","2등급","20250214","F","166","60","25","80","80","120","26","27",,,"22",,,,,,"21.8","28",,,"180",,,,,,"45.0",,,,,,,,"120","30.7",,,"0.369",,,,,,,
"21","남원","성인","일반","39","관리자","3등급","20250214","M","173.6","70.3","22.8","85.7","90","121","44.5","42.1",,,"8.7",,,,,,"23.3","41",,,"210",,,,,,"63.3",,,,,,,,"145","37.4",,,"0.321",,,,,,,
"1","오산","성인","일반","61","관리자","3등급","20250214","F","155.8","51.2","24","77.5","70","115","27.5","30.4",,,"12.2",,,,,,"21.1","21",,"14.03",,,,,,,"59.4",,,,,,,,"106","32.6",,,,"0.452",,,,,,
"1","중구(서울)","성인","일반","41","관리자","참가","20250214","F","160.5","66.8","38.4","87","69","127","27.7","29.4",,,"10.8",,,,,,"25.9","30",,,"152",,,,,,"44.0",,,"83","138","157",,"32.1",,,,,"0.357",,,,,,,
"1","목포","성인","일반","60","관리자","참가","20250214","M","165.7","76.4","26.1","93.8","99","159","37.9","42.7",,,"9.4",,,,,,"27.8","41","15",,,,,,,,"55.9",,"32.6",,,,,,,,,,"0.315","0.490",,,,,,
"1","KSPO송파","성인","일반","60","관리자","3등급","20250214","M","176.3","82","19.1",,"86","142","45.3","48.2",,,"14",,,,,,"26.4","31","18",,"189",,,,,,"58.8",,"32.3",,,,,,,,,,"0.332",,,,,,,
"2","오산","성인","일반","24","관리자","참가","20250214","M","166","74.6","27.3","94.9","88","131","37.3","42.5",,,"12.6",,,,,,"27.1","54",,,,,,,,,"57.0",,,,,,,,"139","40.5",,,"0.370","0.527",,,,,,
"1","오산","성인","일반","24","관리자","3등급","20250214","F","161.9","60.2","34.8","80.5","87","115","23","27.7",,,"18",,,,,,"23.0","26",,,"166",,,,,,"46.0",,,,,,,,"112","37.1",,,"0.298",,,,,,,
"3","동해","성인","일반","31","관리자","2등급","20250214","M","174","77.5","18.2",,"57","110","47.6","43.4",,,"9.8",,,,,,"25.6","56","50",,"222",,,,,,"61.4",,"42.8",,,,,,,,,,"0.289",,,,,,,
"1","오산","성인","일반","26","관리자","2등급","20250214","M","174.8","80.5","20.1","90.7","85","128","63.4","63",,,"11",,,,,,"26.3","56","63",,"256",,,,,,"78.8",,"45.8",,,,,,,,,,"0.322",,,,,,,
"2","무안","성인","일반","22","관리자","참가","20250214","F","168.2","58.6","31.9","69","80","129","20.8","29.4",,,"15.5",,,,,,"20.7","9","26",,,,,,,,"50.2",,"35.0",,,,,,,,,,"0.394","0.403",,,,,,
"1","청주","성인","일반","26","관리자","3등급","20250214","F","159.6","50.1","20.7","72","68","129","27.2","26.2",,,"12",,,,,,"19.7","40",,,"175",,,,,,"54.3",,,,,,,,"143","35.2",,,"0.294",,,,,,,
"5","서초","성인","일반","63","관리자","1등급","20250214","M","166.6","75.6","25.5","93.8","78","150","38.3","44.6",,,"14.0",,,,,,"27.2","34",,,,,,,,,"59.0",,,,,,,,"83","38.9",,,"0.337","0.440",,,,,,
"1","강북","어르신","일반","65","관리자","3등급","20250214","M","165.7","74.40","26.6","93.5","90","152","50","48.8",,,"8.2",,,,,,"27.1",,,,,"21",,"107","5.2","22.4","67.2",,,,,,,,,,,,,,,,,,,"50.0"
"2","강북","성인","일반","26","관리자","3등급","20250214","M","177.1","73.50","17.2","82.2","82","127","48","43.6",,,"14.2",,,,,,"23.4","44",,,"228",,,,,,"65.3",,,,,,,,"125","43.1",,,"0.410",,,,,,,
"1","증평","성인","일반","64","관리자","참가","20250214","M","167.5","83.6","31.6","99.1","72","141","35.5","38.4",,,"-5.2",,,,,,"29.8","29","22","13.0","166",,,,,,"45.9",,"32.9",,,,,,,,,,,,,,,,,
"1","KSPO대구","성인","일반","25","관리자","3등급","20250214","F","156","53","31.7","62.5","78","130","22.4","22.5",,,"21",,,,,,"21.8","46",,,,,,,,,"42.5",,,,,,,,"140","34.7",,,"0.320","0.397",,,,,,
"2","KSPO송파별관(어르신)","어르신","일반","68","관리자","1등급","20250214","F","160.4","57.3","29.5",,"99","157","22.3","29.4",,,"22.6",,,,,,"22.3",,,,,"28",,"128","4.85","19.39","51.3",,,,,,,,,,,,,,,,,,,"29.4"
"2","KSPO송파별관(어르신)","어르신","일반","68","관리자","1등급","20250214","F","154.1","50.5","26.5",,"80","152","20","21",,,"21.2",,,,,,"21.3",,,,,"31",,"135","5.03","17.79","41.6",,,,,,,,,,,,,,,,,,,"21.0"
"2","북구(광주)","성인","일반","58","관리자","참가","20250214","F","160.6","60.4","35.9","82.3","96","149","30.9","26.2",,,"19.2",,,,,,"23.4","5","11",,,,,,,,"51.2",,"28.6",,,,,,,,,,"0.336","0.404",,,,,,
"1","강릉","청소년","일반","18","관리자","2등급","20250214","M","165.0","70.8","22.2","86.8","94","144","37.7","42","79",,"13.9","19.2","0.514","49.786","11","50.292","26.0",,,,,,,,,,"59.3",,,"76","109","120",,"48.0",,,,,,,,,,,,
"3","고양","성인","일반","63","관리자","3등급","20250214","M","163.7","71.7","23.8",,"71","157","30.8","39.6",,,"5.5",,,,,,"26.8","29",,"16.88","122",,,,,,"55.2",,,,,,,,"108","35.9",,,,,,,,,,
"3","화성","어르신","일반","65","관리자","3등급","20250214","M","163.9","59.8","21.5",,"86","158","37.4","37.4",,,"7.1",,,,,,"22.3",,,,,"19",,"113","4.7","22.3","62.5",,,,,,,,,,,,,,,,,,,"37.4"
"1","연제","성인","일반","54","관리자","참가","20250214","F","147.9","51.1","29.8",,"83","114","23","22.1",,,"15.7",,,,,,"23.4","3",,,"120",,,,,,"45.0",,,,,,,,"97","34.3",,,"0.345",,,,,,,
"3","영동","어르신","일반","84","관리자","2등급","20250214","M","163.1","66.8","28.7",,"71","159","27.7","32",,,"2.2",,,,,,"25.1",,,,,"16",,"98","5.31","29.06","47.9",,,,,,,,,,,,,,,,,,,"32.0"
"7","증평","어르신","일반","81","관리자","1등급","20250214","M","163.1","69.0","30.0","82.9","75","155","34.8","35.1",,,"18.2",,,,,,"25.9",,,,,"25",,"117","4.72","19.87","50.9",,,,,,,,,,,,,,,,,,,"35.1"
"1","중구(서울)","성인","일반","30","관리자","2등급","20250214","F","158","50.0","23.4","70","71","118","20","22.7",,,"23.9",,,,,,"20.0","30",,"13.4",,,,,,,"45.4",,,"66","93","107",,"43.8",,,,,,"0.450",,,,,,
"1","성동","성인","일반","23","관리자","2등급","20250214","F","162.1","55.7","31",,"78","111","24.6","26.5",,,"24.6",,,,,,"21.2","34",,,"149",,,,,,"47.6",,,,,,,,"107","39.0",,,"0.346",,,,,,,
"3","KSPO송파별관(어르신)","어르신","일반","66","관리자","3등급","20250214","M","165","81.1","35.7",,"80","134","38.9","40.6",,,"3.5",,,,,,"29.8",,,,,"27",,"126","4.86","20.97","50.1",,,,,,,,,,,,,,,,,,,"40.6"
"3","보은","성인","일반","38","관리자","3등급","20250214","M","179.7","77.6","24.8",,"76","126","34.2","43.2",,,"6.3",,,,,,"24.0","36","28","11.69","206",,,,,,"55.7",,"37.0",,,,,,,,,,,,,,,,,
"9","KSPO송파별관(어르신)","어르신","일반","67","관리자","3등급","20250214","M","169","66.3","26.5",,"69","134","38.7","41",,,"4.5",,,,,,"23.2",,,,,"29",,"130","4.83","20.79","61.8",,,,,,,,,,,,,,,,,,,"41.0"
"3","서구(대전)","성인","일반","23","관리자","3등급","20250214","F","166.9","47.2","20.2",,"67","122","21.7","23",,,"19.7",,,,,,"16.9","27",,,,,,,,,"48.7",,,,,,,,"118","40.3",,,"0.290","0.465",,,,,,
"5","포천","어르신","일반","73","관리자","2등급","20250214","M","164.7","68.9","26.8","86","72","141","39.3","39.3",,,"7",,,,,,"25.4",,,,,"27",,"127","4.53","19.97","57.0",,,,,,,,,,,,,,,,,,,"39.3"
"2","신안","성인","일반","60","관리자","참가","20250214","M","174.4","74.9","24.8","93","96","141","42.9","44.8",,,"5.8",,,,,,"24.6","16",,,"130",,,,,,"59.8",,,,,,,,"112","36.2",,,"0.4",,,,,,,
"1","춘천","성인","일반","19","관리자","참가","20250214","M","162.7","74.0","29.5","91.3","73","116","39.6","37.5",,,"10.6",,,,,,"28.0","48","42",,,,,,,,"53.5",,"42.6",,,,,,,,,,"0.363","0.552",,,,,,
"1","구미","성인","일반","24","관리자","3등급","20250214","M","171.8","69","18.1","84.5","59","120","37.6","42.4",,,"8.6",,,,,,"23.4","43",,,,,,,,,"61.4",,,"86","110","128","163","46.1",,,,,"0.387","0.631",,,,,,
"3","KSPO광주","성인","일반","30","관리자","2등급","20250214","M","159.7","62.2","19.3","74.2","74","130","44.4","50.3",,,"16.8",,,,,,"24.4","53",,,"224",,,,,,"80.9",,,,,,,,"142","40.8",,,"0.279",,,,,,,
"1","성남","어르신","일반","75","관리자","3등급","20250214","M","159.5","68.6","29.4",,"78","142","24.9","29.9",,,"8.1",,,,,,"27.0",,,,,"17",,"106","6.07","25.33","43.6",,,,,,,,,,,,,,,,,,,"29.9"
"1","사하","성인","일반","24","관리자","3등급","20250214","F","161.1","51.5","24.4","75.2","58","108","27","26.1",,,"13.3",,,,,,"19.8","33",,"12.77","124",,,,,,"52.4",,,"74","109","136",,"40.6",,,,,,,,,,,,
"1","사천","성인","일반","62","관리자","2등급","20250214","M","166.3","76.3","26.3","93.3","94","153","43.1","42.1",,,"22",,,,,,"27.6","39",,,"157",,,,,,"56.5",,,,,,,,"90","38.0",,,"0.458",,,,,,,
"1","춘천","성인","일반","19","관리자","3등급","20250214","M","176.9","69.0","17.3","83.2","57","127","38.3","44.8",,,"7.2",,,,,,"22.0","53",,"10.72",,,,,,,"64.9",,,"81","103","128","165","46.9",,,,,,"0.596",,,,,,
"1","제주","성인","일반","46","관리자","참가","20250214","F","163","64.1","35","84.4","77","124","19.8","22.3",,,"11.2",,,,,,"24.1","2",,"16.13",,,,,,,"34.8",,,,,,,,"110","32.4",,,,"0.315",,,,,,
"1","KSPO아산(출장)","유아기","출장","69","관리자","참가","20250214","M","118.2","22",,,,,"10","11","0",,"16",,,,,,"15.7",,"55",,"100",,,,,,"50.0",,,,,,,,,,,,,,,,,"10.102","22.07",
"1","제주","성인","일반","41","관리자","참가","20250214","M","170.3","68.6","19.5","82.7","94","127","33.4","32.9",,,"7.3",,,,,,"23.7","34",,"12.9","191",,,,,,"48.7",,,,,,,,"93","44.7",,,,,,,,,,
"4","경산","성인","일반","31","관리자","2등급","20250214","M","178.7","88.3","22.5","92","85","136","41.2","53.6",,,"11.5",,,,,,"27.7","56","49",,"220",,,,,,"60.7",,"40.9",,,,,,,,,,"0.302",,,,,,,
"1","KSPO아산(출장)","유아기","출장","72","관리자","3등급","20250214","M","112","20.8",,,,,"10","10","12",,"12",,,,,,"16.6",,"106",,"110",,,,,,"48.1",,,,,,,,,,,,,,,,,"8.849","18.36",
"1","KSPO아산(출장)","유아기","출장","72","관리자","참가","20250214","F","120.6","21.6",,,,,"11.5","12","14",,"-4",,,,,,"14.9",,"66",,"97",,,,,,"55.6",,,,,,,,,,,,,,,,,"8.96","21.69",
"4","화성","성인","일반","24","관리자","2등급","20250214","F","161.2","51.3","28.6",,"74","116","23.5","24.8",,,"18.2",,,,,,"19.7","33",,,"151",,,,,,"48.3",,,,,,,,"99","40.8",,,"0.382",,,,,,,
"1","KSPO아산(출장)","유아기","출장","73","관리자","참가","20250214","F","109","19.9",,,,,"10.5","11.5","0",,"13",,,,,,"16.7",,"83",,"94",,,,,,"57.8",,,,,,,,,,,,,,,,,"9.45","24.95",
"1","서구(광주)","성인","일반","33","관리자","참가","20250214","M","182.9","73","18.2","84","75","126","36","36.8",,,"8.8",,,,,,"21.8","38","22","11.89","224",,,,,,"50.4",,"36.6",,,,,,,,,,,,,,,,,
"1","KSPO아산(출장)","유아기","출장","70","관리자","3등급","20250214","F","110.6","21.4",,,,,"8.5","10","5",,"10",,,,,,"17.5",,"54",,"87",,,,,,"46.7",,,,,,,,,,,,,,,,,"8.81","22.28",
"1","부천","성인","일반","60","관리자","1등급","20250214","F","159.8","49.2","27.1",,"98","159","21.8","19.8",,,"27.8",,,,,,"19.3","17",,,"117",,,,,,"44.3",,,,,,,,"121","31.9",,,"0.347",,,,,,,
"1","경산","성인","일반","63","관리자","참가","20250214","M","164","84","34.3","106","89","144","30.6","35.5",,,"13",,,,,,"31.2","18",,,,,,,,,"42.3",,,"79","120","160",,"25.5",,,,,"0.414","0.415",,,,,,
"1","KSPO아산(출장)","유아기","출장","69","관리자","2등급","20250214","M","108.9","19.3",,,,,"9","11.5","5",,"11.5",,,,,,"16.3",,"105",,"100",,,,,,"59.6",,,,,,,,,,,,,,,,,"8.661","23.61",
"1","KSPO아산(출장)","유아기","출장","71","관리자","3등급","20250214","M","115.8","22.3",,,,,"10.5","10.5","6",,"11.5",,,,,,"16.6",,"44",,"114",,,,,,"47.1",,,,,,,,,,,,,,,,,"9.20","24.13",
"1","KSPO아산(출장)","유아기","출장","69","관리자","참가","20250214","F","107.3","17.1",,,,,"8","8","5",,"9",,,,,,"14.9",,"80",,"82",,,,,,"46.8",,,,,,,,,,,,,,,,,"10.42","26.08",
"3","시흥","어르신","일반","77","관리자","2등급","20250214","M","163","62.2","18.5","77","79","153","38.4","30.9",,,"6.4",,,,,,"23.4",,,,,"34",,"118","4.16","15.78","61.7",,,,,,,,,,,,,,,,,,,"38.4"
"1","KSPO아산(출장)","유아기","출장","73","관리자","2등급","20250214","M","120.3","23.3",,,,,"12.5","14","14",,"11",,,,,,"16.1",,"106",,"125",,,,,,"60.1",,,,,,,,,,,,,,,,,"8.161","20.70",
"1","KSPO아산(출장)","유아기","출장","73","관리자","3등급","20250214","M","111.1","19.6",,,,,"9","10","6",,"8.5",,,,,,"15.9",,"116",,"92",,,,,,"51.0",,,,,,,,,,,,,,,,,"9.83","23.13",
"2","부천","성인","일반","60","관리자","참가","20250214","M","173.5","80.9","29.4",,"87","125","33.5","34.5",,,"15.4",,,,,,"26.9","27",,,"159",,,,,,"42.6",,,,,,,,"127","32.6",,,"0.425",,,,,,,
"1","KSPO아산(출장)","유아기","출장","62","관리자","참가","20250214","F","110.7","19.3",,,,,"11","11.5","1",,"11",,,,,,"15.7",,"36",,"104",,,,,,"59.6",,,,,,,,,,,,,,,,,"8.62","26.09",
"1","KSPO아산(출장)","유아기","출장","64","관리자","참가","20250214","M","109.6","17.1",,,,,"10","8","2",,"4",,,,,,"14.2",,"40",,"105",,,,,,"58.5",,,,,,,,,,,,,,,,,"9.97","27.4",
"1","양평","성인","일반","50","관리자","참가","20250214","M","178.8","86.9","16.6",,"90","137","49.4","50",,,"11.2",,,,,,"27.2","42",,,,,,,,,"57.5",,,,,,,,"129","33.8",,,"0.311","0.482",,,,,,
"1","KSPO아산(출장)","유아기","출장","63","관리자","참가","20250214","F","112.6","19.4",,,,,"9","8.5","4",,"9.5",,,,,,"15.3",,"88",,"102",,,,,,"46.4",,,,,,,,,,,,,,,,,"9.66","24.05",
"1","KSPO아산(출장)","유아기","출장","62","관리자","참가","20250214","M","111.1","19.3",,,,,"9.4","10","0",,"6",,,,,,"15.6",,"42",,"112",,,,,,"51.8",,,,,,,,,,,,,,,,,"9.67","26.25",
"1","남구(울산)","어르신","일반","65","관리자","3등급","20250214","M","165.2","53","22.8","78.3","78","143","40","38.9",,,"2.7",,,,,,"19.4",,,,,"28",,"102","4.58","18.88","75.5",,,,,,,,,,,,,,,,,,,"40.0"
"1","남구(울산)","어르신","일반","66","관리자","3등급","20250214","M","171.7","75.8","28.7","96.5","88","146","46.9","45.5",,,"6.9",,,,,,"25.7",,,,,"27",,"98","4.62","18.15","61.9",,,,,,,,,,,,,,,,,,,"46.9"
"2","안산","성인","일반","20","관리자","참가","20250214","M","171.6","55.8","13.6","67","73","137","38.7","34.9",,,"10.6",,,,,,"18.9","36","41",,,,,,,,"69.4",,"44.8",,,,,,,,,,"0.374","0.607",,,,,,
"2","양평","성인","일반","64","관리자","2등급","20250214","M","157.6","61.6","22.6",,"83","153","30.8","39.7",,,"8.6",,,,,,"24.8","29",,"14.22",,,,,,,"64.4",,,,,,,,"120","35.7",,,,"0.468",,,,,,
"5","성남","어르신","일반","65","관리자","2등급","20250214","M","160.3","55.7","24.7",,"63","134","29.7","36.6",,,"9.8",,,,,,"21.7",,,,,"21",,"109","5.64","23.54","65.7",,,,,,,,,,,,,,,,,,,"36.6"
"1","KSPO아산(출장)","유아기","출장","64","관리자","참가","20250214","M","109","17.9",,,,,"10","10.5","0",,"13",,,,,,"15.1",,"45",,"105",,,,,,"58.7",,,,,,,,,,,,,,,,,"11.86","21.83",
"5","안산","성인","일반","47","관리자","2등급","20250214","M","165.7","70","26.6","83","80","134","39.7","40.1",,,"11.5",,,,,,"25.5","44",,,"191",,,,,,"57.3",,,,,,,,"114","39.5",,,"0.371",,,,,,,
"1","강릉","성인","일반","29","관리자","3등급","20250214","M","180.3","76.4","20.6","88.8","96","140","52.6","46.6",,,"17.1",,,,,,"23.5","42",,,"198",,,,,,"68.8",,,"73","99","114","144","47.7",,,,,"0.339",,,,,,,
"2","KSPO송파","성인","일반","64","관리자","참가","20250214","M","166.8","69.2","26.8","88.3","98","153","36.3","34.8",,,"-4.5",,,,,,"24.9","50",,"12.46","180",,,,,,"52.5",,,,,,,,"107","36.6",,,,,,,,,,
"1","서구(광주)","성인","일반","28","관리자","3등급","20250214","M","187.2","85.2","20.2","86","82","136","44.4","42",,,"11.6",,,,,,"24.3","40",,"10.97",,,,,,,"52.1",,,"93","111","133","163","41.5",,,,,,"0.550",,,,,,
"2","KSPO송파","성인","일반","25","관리자","참가","20250214","M","167.7","61.8","22.8","82.6","83","142","36.9","37.6",,,"12",,,,,,"22.0","36",,"11.31",,,,,,,"60.8",,,"91","124","145","158","47.5",,,,,,"0.517",,,,,,
"1","중구(서울)","성인","일반","59","관리자","참가","20250214","F","151.9","42.6","26.5","78","56","108","18","16.1",,,"14",,,,,,"18.5","8",,,"106",,,,,,"42.3",,,"81","106","136",,"35.2",,,,,"0.455",,,,,,,
"1","포항","성인","일반","51","관리자","참가","20250214","F","156.9","68.2","37.9",,"74","138","23.6","24.3",,,"13.1",,,,,,"27.7","17",,,"113",,,,,,"35.6",,,,,,,,"129","27.6",,,"0.367",,,,,,,
"1","순천","성인","일반","60","관리자","1등급","20250214","F","155","49.4","27.3","73.2","81","132","23.1","23.3",,,"19.7",,,,,,"20.6","19",,,,,,,,,"47.2",,,,,,,,"89","35.3",,,"0.346","0.427",,,,,,
"3","KSPO송파","성인","일반","31","관리자","3등급","20250214","M","173.2","75.8","24.3",,"86","146","49.6","47",,,"12.6",,,,,,"25.3","35",,,,,,,,,"65.4",,,,,,,,"141","38.8",,,"0.316","0.597",,,,,,
"2","천안","성인","일반","25","관리자","2등급","20250214","F","162.2","56.6","22.4",,"83","123","27","26.2",,,"18",,,,,,"21.5","40",,"11.89","168",,,,,,"47.7",,,,,,,,"110","38.1",,,,,,,,,,
"1","순천","성인","일반","60","관리자","참가","20250214","F","159","60.1","35","86.2","87","137","22.5","25.6",,,"16.1",,,,,,"23.8","16",,,,,,,,,"42.6",,,,,,,,"160","24.4",,,"0.485","0.390",,,,,,
"1","익산","청소년","일반","18","관리자","참가","20250214","M","173.8","84.2","26.7","92","82","129","29.7","29.9",,"24","8","23.19","0.528","58.054","8","58.422","27.9",,"40",,,,,,,,"35.5",,"39.7",,,,,,,,,,,,,,,,,
"1","태백","성인","출장","20","관리자","참가","20250214","M","169.8","62.2","9.4","70","56","118","42.9","53",,,"18.7",,,,,,"21.6","45","31",,"241",,,,,,"85.2",,"41.6",,,,,,,,,,,,,,,,,
"4","화성","어르신","일반","76","관리자","2등급","20250214","F","144.4","54.2","37.7",,"51","125","18.9","20.8",,,"17.4",,,,,,"26.0",,,,,"20",,"89","6.15","25.4","38.4",,,,,,,,,,,,,,,,,,,"20.8"
"3","순천","성인","일반","58","관리자","3등급","20250214","F","167.5","64.6","36.8","87.4","79","143","23.6","30.1",,,"19.5",,,,,,"23.0","10",,,,,,,,,"46.6",,,,,,,,"109","30.7",,,"0.399","0.303",,,,,,
"1","마포","어르신","일반","70","관리자","참가","20250214","M","162.6","74.5","33.3","98","75","140","43.9","40.3",,,"-7.8",,,,,,"28.2",,,,,"29",,"130","4.28","20.43","58.9",,,,,,,,,,,,,,,,,,,"43.9"
"5","마포","어르신","일반","66","관리자","1등급","20250214","M","164.1","64.9","21.6","80","71","134","42.4","44",,,"12.4",,,,,,"24.1",,,,,"32",,"136","3.54","16.40","67.8",,,,,,,,,,,,,,,,,,,"44.0"
"3","동구(인천)","성인","일반","62","관리자","3등급","20250214","M","180.6","79.2","21.6",,"73","127","41.3","43.6",,,"13.7",,,,,,"24.3","43",,"12.41",,,,,,,"55.1",,,,,,,,"125","33.3",,,,"0.46",,,,,,
"1","충주","성인","일반","20","관리자","3등급","20250214","M","172.3","71.2","23.3","85","79","126","40.4","43",,,"13.3",,,,,,"24.0","53",,,,,,,,,"60.4",,,,,,,,"127","44.5",,,"0.310","0.533",,,,,,
"1","충주","성인","일반","20","관리자","참가","20250214","M","176.9","63.3","17.4","76","69","119","40.5","53.4",,,"15",,,,,,"20.2","30",,,,,,,,,"84.4",,,,,,,,"147","43.6",,,"0.354","0.548",,,,,,
"1","순천","성인","일반","62","관리자","참가","20250214","F","157","81.6","48.1","112.1","95","150","28.9","29.2",,,"19.7",,,,,,"33.1","9",,,,,,,,,"35.8",,,,,,,,"163","18.1",,,"0.441","0.316",,,,,,
"1","제주","성인","일반","36","관리자","참가","20250214","M","163.9","80.5","34.1","99.6","84","140","37.2","32.3",,,"6.9",,,,,,"30.0","20",,"13.5",,,,,,,"46.2",,,"90","126","154","177","35.5",,,,,,"0.44",,,,,,
"1","군산","성인","일반","48","관리자","참가","20250214","M","174.9","73.8","26","88","64","115","39.1","37.7",,,"-1.3",,,,,,"24.1","24",,"13.21",,,,,,,"53.0",,,"82","109","130",,"39.3",,,,,,"0.493",,,,,,
"1","포천","성인","일반","64","관리자","2등급","20250214","M","170.0","60.0","21","78.8","85","150","36.1","38.9",,,"19.1",,,,,,"20.8","25",,,"167",,,,,,"64.8",,,,,,,,"113","38.0",,,"0.430",,,,,,,
"1","사하","성인","일반","20","관리자","참가","20250214","M","177.2","88.3","29.7","99.3","76","134","43.6","44.9",,,"12.3",,,,,,"28.1","38",,,,,,,,,"50.8",,,,,,,,"104","44.4",,,"0.348","0.539",,,,,,
"2","사상","성인","일반","24","관리자","참가","20250214","M","180.2","76.2","16.3","78","64","108","39.8","39",,,"13.3",,,,,,"23.5","10",,,,,,,,,"52.2",,,,,,,,"115","44.7",,,"0.293","0.577",,,,,,
"1","제주","성인","일반","55","관리자","3등급","20250214","F","158","58.3","32.4","80.6","75","136","20.8","20.9",,,"19.7",,,,,,"23.4","16",,,"152",,,,,,"35.8",,,,,,,,"129","29.4",,,"0.39",,,,,,,
"1","제주","성인","일반","32","관리자","참가","20250214","F","163.8","74.1","39.5","92.5","95","131","18.2","22.6",,,"14.8",,,,,,"27.6","4",,,,,,,,,"30.5",,,,,,,,"136","29.5",,,"0.515","0.315",,,,,,
"1","제주","성인","일반","53","관리자","참가","20250214","F","153.5","75.8","37.4","97.2","92","129","15.8","15.2",,,"15",,,,,,"32.2","1",,"15.1","120",,,,,,"20.8",,,,,,,,,,,,,,,,,,,
"4","연제","성인","일반","25","관리자","참가","20250214","M","175.0","77.6","25.2",,"95","137","39.6","48.3",,,"11.0",,,,,,"25.3","52","31","10.2",,,,,,,"62.2",,"38.8",,,,,,,,,,,"0.612",,,,,,
"1","제주","성인","일반","46","관리자","참가","20250214","F","156.8","98.9","50","107.3","94","142","20.9","20",,,"-12.6",,,,,,"40.2","0",,,"66",,,,,,"21.1",,,,,,,,,,,,"0.507",,,,,,,
"1","군산","성인","일반","41","관리자","참가","20250214","F","164.9","94.8","47.8","113","87","148","19.9","26.5",,,"-6.5",,,,,,"34.9","15",,"19.88",,,,,,,"28.0",,,"89","135","159",,"24.4",,,,,,"0.361",,,,,,
"4","동구(광주)","성인","일반","25","관리자","1등급","20250214","F","165.6","58","28.3","67","77","107","25.6","28.8",,,"23.4",,,,,,"21.1","34",,,"178",,,,,,"49.7",,,"98","113","139",,"38.1",,,,,"0.345",,,,,,,
"1","동작","성인","일반","52","관리자","2등급","20250214","M","169.8","71","22.9","88","73","127","34.1","49.2",,,"11.4",,,,,,"24.6","37",,,,,,,,,"69.3",,,"58","93","110",,"43.0",,,,,"0.257","0.527",,,,,,
"1","KSPO송파별관(어르신)","어르신","일반","82","관리자","2등급","20250214","M","167.8","72.3","34",,"77","184","31.8","33",,,"0.8",,,,,,"25.7",,,,,"25",,"117","5.78","21.9","45.6",,,,,,,,,,,,,,,,,,,"33.0"
"3","서구(광주)","어르신","일반","67","관리자","3등급","20250214","M","159.5","54.9","22.2","78.5","93","157","26.4","28.9",,,"10.0",,,,,,"21.6",,,,,"24",,"103","5.62","25.10","52.6",,,,,,,,,,,,,,,,,,,"28.9"
"1","KSPO송파별관(어르신)","어르신","일반","67","관리자","3등급","20250214","M","162","73.7","29.6",,"65","143","29.7","33.3",,,"9.8",,,,,,"28.1",,,,,"31",,"140","5.47","24.4","45.2",,,,,,,,,,,,,,,,,,,"33.3"
"4","동작","성인","일반","25","관리자","3등급","20250214","F","168.6","56.9","27","76","80","117","21.8","23",,,"20.6",,,,,,"20.0","37",,,,,,,,,"40.4",,,"93","131","151",,"38.3",,,,,"0.312","0.39",,,,,,
"1","고양","청소년","일반","17","관리자","참가","20250214","F","161.9","47.5","29.1",,"64","105","22.6","25",,"14","9.3","22.87","0.340","47.555","19","48.429","18.1",,,,,,,,,,"52.6",,,,,,,,,,,,,,,,,,,
"3","안산","성인","일반","52","관리자","참가","20250214","F","142.8","44.7","39.1","67","76","145","22.6","22.9",,,"22.7",,,,,,"21.9","6",,"14.1","146",,,,,,"51.2",,,,,,,,"127","32.1",,,,,,,,,,
"1","고양","어르신","일반","67","관리자","참가","20250214","M","177","88.8","26.6",,"84","158","35.6","36.4",,,"10.4",,,,,,"28.3",,,,,"27",,"102","5.70","24.38","41.0",,,,,,,,,,,,,,,,,,,"36.4"
"5","청주","성인","일반","24","관리자","3등급","20250214","F","164.1","50","27.8","73.2","76","115","25","26.5",,,"20.4",,,,,,"18.6","24",,,,,,,,,"53.0",,,,,,,,"135","37.0",,,"0.354","0.452",,,,,,
"5","양평","성인","일반","61","관리자","3등급","20250214","M","165.9","65.10","22.4","81.6","84","135","38.5","35.5",,,"8.3",,,,,,"23.7","26",,,"179",,,,,,"59.1",,,,,,,,"139","33.5",,,"0.303",,,,,,,
"4","광주","어르신","일반","73","관리자","2등급","20250214","F","146.6","49.7","28",,"77","154","19.3","22",,,"18.1",,,,,,"23.1",,,,,"19",,"99","6.06","25.90","44.3",,,,,,,,,,,,,,,,,,,"22.0"
"2","순천","성인","일반","61","관리자","참가","20250214","M","172","76.4","27.1","93.3","98","135","40.3","37",,,"9.5",,,,,,"25.8","20",,,,,,,,,"52.7",,,,,,,,"148","30.1",,,"0.341","0.490",,,,,,
"3","광주","어르신","일반","69","관리자","3등급","20250214","F","156","58.7","31",,"67","104","20","22",,,"18.4",,,,,,"24.1",,,,,"25",,"103","6.07","21.80","37.5",,,,,,,,,,,,,,,,,,,"22.0"
"2","강북","어르신","일반","65","관리자","3등급","20250214","M","173.1","81.80","28.7","99.8","82","125","39.1","39.7",,,"3.9",,,,,,"27.3",,,,,"20",,"126","4.8","21.3","48.5",,,,,,,,,,,,,,,,,,,"39.7"
"6","광주","어르신","일반","73","관리자","2등급","20250214","F","149.9","58.4","34.1",,"75","139","26.4","26.7",,,"14.8",,,,,,"26.0",,,,,"23",,"115","5.52","22.15","45.7",,,,,,,,,,,,,,,,,,,"26.7"
"1","안산","성인","일반","24","관리자","참가","20250214","F","169.4","63.5","27.8","64","77","122","32.5","30.4",,,"26.4",,,,,,"22.1","9","15","12.6",,,,,,,"51.2",,"30.8",,,,,,,,,,,"0.460",,,,,,
"4","군산","성인","일반","40","관리자","2등급","20250214","M","169.2","99.8","32.5","104","92","139","53.6","60.3",,,"10.6",,,,,,"34.9","45","35","11.95","211",,,,,,"60.4",,"35.4",,,,,,,,,,,,,,,,,
"6","미추홀","성인","일반","27","관리자","3등급","20250214","M","175.7","63.2","20.4","77","73","143","36.9","39.6",,,"8.9",,,,,,"20.5","38",,,"192",,,,,,"62.7",,,,,,,,"116","46.4",,,"0.310",,,,,,,
"4","목포","성인","일반","55","관리자","참가","20250214","M","166.3","76.1","29.7","95.1","86","149","30.9","43",,,"3.8",,,,,,"27.5","22",,"14.09","138",,,,,,"56.5",,,,,,,,"127","34.3",,,,,,,,,,
"3","미추홀","성인","일반","19","관리자","3등급","20250214","M","167.5","68.9","17.8","79","81","131","36.3","43.7",,,"8.8",,,,,,"24.6","43",,,"222",,,,,,"63.4",,,,,,,,"140","42.9",,,"0.365",,,,,,,
"8","미추홀","성인","일반","26","관리자","3등급","20250214","F","162.2","53.3","31.5","73","74","118","22.1","24",,,"30.4",,,,,,"20.3","21",,,"153",,,,,,"45.0",,,,,,,,"111","38.6",,,"0.354",,,,,,,
"1","서대문","성인","일반","22","관리자","참가","20250214","M","171.4","74.1","18.3",,"80","120","49","56.5",,,"15.6",,,,,,"25.2","36","27","11.96",,,,,,,"76.2",,"38.7",,,,,,,,,,,"0.609",,,,,,
"2","순천","성인","일반","46","관리자","3등급","20250214","M","164","66.9","23.3","79.9","96","158","37.2","36.2",,,"16",,,,,,"24.9","37",,,,,,,,,"55.6",,,,,,,,"117","39.9",,,"0.283","0.614",,,,,,
"2","서대문","성인","일반","23","관리자","참가","20250214","F","163.4","52.9","38.6",,"80","120","24.1","26.5",,,"21.4",,,,,,"19.8","29","17","14.38",,,,,,,"50.1",,"33.0",,,,,,,,,,,"0.386",,,,,,
"6","서대문","성인","일반","27","관리자","참가","20250214","F","169.5","54.8","25.9",,"80","120","25","28.3",,,"16.2",,,,,,"19.1","9","18","13.32",,,,,,,"51.6",,"33.0",,,,,,,,,,,"0.369",,,,,,
"1","남구(울산)","성인","일반","64","관리자","2등급","20250214","M","170.7","64.5","14.1","76.5","80","120","43.3","41.4",,,"11.1",,,,,,"22.1","33",,,,,,,,,"67.1",,,,,,,,"107","37.9",,,"0.489","0.458",,,,,,
"1","남구(울산)","어르신","일반","66","관리자","참가","20250214","M","170.4","84.4","35","105.6","87","157","38.4","38.5",,,"3.5",,,,,,"29.1",,,,,"21",,"94","5.00","19.91","45.6",,,,,,,,,,,,,,,,,,,"38.5"
"1","남구(울산)","어르신","일반","74","관리자","3등급","20250214","M","165.9","78.5","37.7","103.5","65","147","33.5","35.8",,,"3.9",,,,,,"28.5",,,,,"21",,"90","5.09","21.56","45.6",,,,,,,,,,,,,,,,,,,"35.8"
"13","동구(광주)","어르신","일반","73","관리자","2등급","20250214","F","150.7","56.1","34.8","78","69","129","21.6","22.2",,,"19.1",,,,,,"24.7",,,,,"21",,"133","6.61","24.62","39.6",,,,,,,,,,,,,,,,,,,"22.2"
"1","순천","성인","일반","37","관리자","2등급","20250214","M","170","73.2","26.2","88.7","85","142","43.1","42.2",,,"11.2",,,,,,"25.3","47",,,,,,,,,"58.9",,,,,,,,"99","43.8",,,"0.289","0.564",,,,,,
"8","동구(인천)","성인","일반","21","관리자","참가","20250214","M","179.8","93.8","32.1",,"71","133","38.1","45.5",,,"-3.9",,,,,,"29.0","32",,,,,,,,,"48.5",,,,,,,,"134","38.8",,,"0.375","0.576",,,,,,
"1","중구(서울)","청소년","일반","17","관리자","2등급","20250214","F","170.6","69.7","27.4","75.5","63","114","23.5","35.9",,"42","16.4","18.15","0.486","49.873","11","50.379","23.9",,"35",,,,,,,,"51.5",,"35.9",,,,,,,,,,,,,,,,,
"6","서대문","성인","일반","23","관리자","1등급","20250214","F","171.6","60.6","24.1",,"87","154","25.2","30.3",,,"24.1",,,,,,"20.6","40","32","12.19",,,,,,,"50.0",,"36.5",,,,,,,,,,,"0.483",,,,,,
"1","순천","성인","일반","30","관리자","3등급","20250214","F","160","63.6","35.5","87.2","83","131","27.5","32.3",,,"23.1",,,,,,"24.8","32",,,,,,,,,"50.8",,,,,,,,"141","31.5",,,"0.413","0.402",,,,,,
"1","고양","성인","일반","26","관리자","참가","20250214","M","181.9","83.1","23",,"83","144","41.6","39.6",,,"-0.4",,,,,,"25.1","44",,"10.81","181",,,,,,"50.1",,,,,,,,"132","40.4",,,,,,,,,,
"5","고양","어르신","일반","78","관리자","참가","20250214","M","159.2","53.7","20.3",,"88","132","23.4","23",,,"0.1",,,,,,"21.2",,,,,"23",,"56","6.09","27.69","43.6",,,,,,,,,,,,,,,,,,,"23.4"
"1","서대문","성인","일반","23","관리자","참가","20250214","M","180.3","91.9","24.2",,"89","153","59.1","53.9",,,"17.7",,,,,,"28.3","41","53","9.96",,,,,,,"64.3",,"41.9",,,,,,,,,,,"0.496",,,,,,
"4","KSPO송파별관(어르신)","어르신","일반","69","관리자","2등급","20250214","M","170.5","60.8","21.3",,"84","144","34.1","40.4",,,"9.9",,,,,,"20.9",,,,,"31",,"131","4.83","20.22","66.4",,,,,,,,,,,,,,,,,,,"40.4"
"1","마포","성인","일반","59","관리자","1등급","20250214","F","156.7","56.7","20.8",,"70","114","24.6","25.8",,,"21.8",,,,,,"23.1","36",,,"162",,,,,,"45.5",,,,,,,,"74","35.6",,,"0.416",,,,,,,
"5","마포","성인","일반","26","관리자","2등급","20250214","M","178.5","69.5","18.7",,"80","127","42.5","47.3",,,"19.7",,,,,,"21.8","48",,,"232",,,,,,"68.1",,,,,,,,"119","45.0",,,"0.404",,,,,,,
"8","KSPO송파별관(어르신)","어르신","일반","78","관리자","참가","20250214","M","169.3","82","40.3",,"83","153","36.7","32.6",,,"-4.5",,,,,,"28.6",,,,,"26",,"122","6.14","22.68","44.8",,,,,,,,,,,,,,,,,,,"36.7"
"38","군산","어르신","일반","72","관리자","3등급","20250214","M","159.5","61","26.1","83","73","133","26.5","24.9",,,"12.9",,,,,,"24.0",,,,,"35",,"135","5.28","22.53","43.4",,,,,,,,,,,,,,,,,,,"26.5"
"1","성남","어르신","일반","75","관리자","3등급","20250214","M","161.6","89.5","38.7",,"83","136","37.9","40.5",,,"-2.0",,,,,,"34.3",,,,,"19",,"103","5.54","25.18","45.3",,,,,,,,,,,,,,,,,,,"40.5"
"6","동구(광주)","성인","일반","27","관리자","2등급","20250214","F","165.6","73.9","40.3","80","75","117","27.2","31.8",,,"14",,,,,,"26.9","33",,,"173",,,,,,"43.0",,,,,,,,"99","35.1",,,"0.327",,,,,,,
"1","북구(광주)","성인","일반","28","관리자","참가","20250214","M","178.0","77.8","30.3","85.9","89","143","38.5","46.2",,,"-4.4",,,,,,"24.6","26",,,,,,,,,"59.4",,,,,,,,"150","38.1",,,"0.414","0.465",,,,,,
"3","원주","성인","일반","25","관리자","2등급","20250214","F","162.8","49.2","25.3","61.8","62","103","29.5","29.1",,,"17.8",,,,,,"18.6","34",,"11.80","180",,,,,,"60.0",,,,,,,,"136","36.8",,,,,,,,,,
"2","달서","성인","일반","24","관리자","2등급","20250214","F","161.6","54.6","30.4","74.7","90","131","25.6","27.2",,,"23.8",,,,,,"20.9","30",,,"155",,,,,,"49.8",,,,,,,,"124","37.0",,,"0.375",,,,,,,
"2","익산","성인","일반","63","관리자","2등급","20250214","M","178.5","80.2","19.3","86","89","142","45","40.6",,,"16.8",,,,,,"25.2","37",,,,,,,,,"56.1",,,,,,,,"104","35.8",,,"0.396","0.432",,,,,,
"2","북구(광주)","성인","일반","24","관리자","참가","20250214","M","177.7","84.7","20.3","84.5","71","125","39.6","43.4",,,"11.7",,,,,,"26.8","49",,,"223",,,,,,"51.2",,,,,,,,"114","42.8",,,"0.377",,,,,,,
"1","서대문","성인","일반","56","관리자","참가","20250214","F","162.8","68.4","38.6",,"53","102","24.4","20.7",,,"15.6",,,,,,"25.8","19","16","13.20",,,,,,,"35.7",,"28.9",,,,,,,,,,,"0.435",,,,,,
"2","서대문","성인","일반","44","관리자","3등급","20250214","F","156.3","49.5","29.3",,"69","148","24.4","26.3",,,"18.2",,,,,,"20.3","31","18","12.99",,,,,,,"53.1",,"32.9",,,,,,,,,,,"0.404",,,,,,
"1","달서","성인","일반","27","관리자","참가","20250214","M","177.3","76.7","10.7","77.2","88","141","49.6","53",,,"1.1",,,,,,"24.4","42",,,"185",,,,,,"69.1",,,,,,,,"118","43.2",,,"0.284",,,,,,,
"1","서대문","성인","일반","63","관리자","3등급","20250214","F","144.8","49.5","28.5",,"72","128","27.7","26.6",,,"14.5",,,,,,"23.6","19","18","12.89",,,,,,,"56.0",,"32.0",,,,,,,,,,,"0.437",,,,,,
"1","서대문","성인","일반","27","관리자","1등급","20250214","F","165.6","50.7","26.8",,"63","108","23.2","26.1",,,"25.2",,,,,,"18.5","33","30","11.97",,,,,,,"51.5",,"37.2",,,,,,,,,,,"0.448",,,,,,
"1","KSPO대구","성인","일반","25","관리자","3등급","20250214","F","176.7","62.3","25.3","65","78","114","37.9","32.3",,,"13.7",,,,,,"20.0","21",,,"146",,,,,,"60.8",,,,,,,,"140","34.4",,,"0.297",,,,,,,
"2","동해","성인","일반","61","관리자","3등급","20250214","M","160.9","61.8","19.0",,"68","120","27.4","29.3",,,"4.2",,,,,,"23.9","25",,,,,,,,,"47.4",,,"95","110","124","148","38.9",,,,,"0.427","0.500",,,,,,
"2","화성","성인","일반","24","관리자","3등급","20250214","M","169.2","75.6","10.6",,"98","145","63.7","62.8",,,"7.6",,,,,,"26.4","53","41",,"250",,,,,,"84.3",,"41.6",,,,,,,,,,"0.289",,,,,,,
"4","창원마산회원","성인","일반","62","관리자","참가","20250214","M","177.2","77.2","20.7","90","64","117","47.8","50.3",,,"15.3",,,,,,"24.6","25",,,,,,,,,"65.2",,,,,,,,"147","30.2",,,"0.389","0.545",,,,,,
"8","중구(서울)","성인","일반","62","관리자","참가","20250214","M","167.7","82.7","28.3","96.3","64","131","37.6","36.5",,,"4.5",,,,,,"29.4","31",,,,,,,,,"45.5",,,,,,,,"119","32.4",,,"0.371","0.466",,,,,,
"1","순천","성인","일반","32","관리자","2등급","20250214","M","173.6","57.3","14.6","76.2","94","155","37.4","42.1",,,"15.5",,,,,,"19.0","46",,,,,,,,,"73.5",,,,,,,,"120","45.7",,,"0.291","0.576",,,,,,
"1","영암","성인","일반","54","관리자","참가","20250214","F","156.1","61.8","35.5",,"68","141","21.7","25.4",,,"20.7",,,,,,"25.4","10",,,,,,,,,"41.1",,,,,,,,"107","31.2",,,"0.437","0.365",,,,,,
"1","영동","성인","일반","20","관리자","3등급","20250214","M","171.4","70.8","12.5",,"53","145","44.1","42.6",,,"6.4",,,,,,"24.1","61",,,"216",,,,,,"62.3",,,"85","109","125","159","47.6",,,,,"0.367",,,,,,,
"1","수원","성인","일반","25","관리자","3등급","20250214","F","173.5","64.6","25.3","67","59","117","32.3","30",,,"19.2",,,,,,"21.5","23",,,"167",,,,,,"50.0",,,,,,,,"123","35.6",,,"0.322",,,,,,,
"2","KSPO송파","성인","일반","20","관리자","3등급","20250214","M","179.5","60.7","11.2","77.3","69","131","35.7","41.5",,,"9.9",,,,,,"18.8","57",,,,,,,,,"68.4",,,"89","116","136","166","49.4",,,,,"0.364","0.568",,,,,,
"4","중구(서울)","성인","일반","61","관리자","2등급","20250214","M","170","86","28.5","90.9","68","122","46.9","50.8",,,"20.0",,,,,,"29.8","31","23",,"183",,,,,,"59.1",,"32.9",,,,,,,,,,"0.382",,,,,,,
"9","서대문","성인","일반","63","관리자","1등급","20250214","M","175.4","84.8","26.4",,"74","146","55.8","57.1",,,"14.9",,,,,,"27.6","33","26","13.48",,,,,,,"67.3",,"33.5",,,,,,,,,,,"0.503",,,,,,
"15","서구(대전)","성인","일반","22","관리자","1등급","20250214","F","158.8","57.1","32.5",,"68","140","25","29.3",,,"21.2",,,,,,"22.6","50","31",,"175",,,,,,"51.3",,"36.6",,,,,,,,,,"0.313",,,,,,,
"1","서대문","성인","일반","64","관리자","참가","20250214","M","163.3","62","26.6",,"76","124","22.5",,,,"-2.2",,,,,,"23.2","23","0","13.57",,,,,,,"36.3",,"30.9",,,,,,,,,,,"0.456",,,,,,
"3","목포","성인","일반","25","관리자","3등급","20250214","M","180.8","67.1","13.9","76.8","98","136","36.7","38.4",,,"10",,,,,,"20.5","48",,"11.47","187",,,,,,"57.2",,,,,,,,"104","48.2",,,,,,,,,,
"1","서구(대전)","성인","일반","28","관리자","참가","20250214","M","179.4","62.4","18.7",,"60","114","32.7","34.5",,,"11.5",,,,,,"19.4","32","38",,"192",,,,,,"55.3",,"42.3",,,,,,,,,,"0.280",,,,,,,
"1","서대문","성인","일반","60","관리자","참가","20250214","M","173.6","68.9","28.4",,"68","110","39.3","42.9",,,"-2",,,,,,"22.9","19","0","12.92",,,,,,,"62.3",,"30.0",,,,,,,,,,,"0.455",,,,,,
"3","서대문","성인","일반","62","관리자","3등급","20250214","M","165.4","64.3","23",,"77","126","40.1","38.7",,,"5.8",,,,,,"23.5","22","29","12.23",,,,,,,"62.4",,"37.5",,,,,,,,,,,"0.510",,,,,,
"4","성동","성인","일반","26","관리자","3등급","20250214","M","185","76.8","21.8",,"93","144","43.3","43.7",,,"10.9",,,,,,"22.4","38",,,"217",,,,,,"56.9",,,,,,,,"137","41.3",,,"0.261",,,,,,,
"5","마포","어르신","일반","69","관리자","1등급","20250214","M","169.4","76.2","24.8",,"82","141","47.9","43.1",,,"18.2",,,,,,"26.6",,,,,"33",,"138","3.35","14.70","62.9",,,,,,,,,,,,,,,,,,,"47.9"
"2","남구(부산)","성인","일반","24","관리자","3등급","20250214","F","164.6","50.5","25.1",,"42","133","23","23.7",,,"12.4",,,,,,"18.6","31",,,"153",,,,,,"46.9",,,"89","99","125",,"41.7",,,,,"0.367",,,,,,,
"1","춘천","성인","일반","22","관리자","3등급","20250214","M","173.7","73.1","18.1","86.7","94","121","50.8","51",,,"6.4",,,,,,"24.2","46",,"9.98","234",,,,,,"69.8",,,,,,,,"123","44.3",,,,,,,,,,
"1","포항","성인","일반","57","관리자","3등급","20250214","F","154.4","52.2","33.2",,"89","149","31.6","34",,,"16.1",,,,,,"21.9","9",,,,,,,,,"65.1",,,"85","122","140",,"34.0",,,,,"0.308","0.415",,,,,,
"1","춘천","성인","일반","54","관리자","1등급","20250214","F","159.9","53.1","26.6","74.9","91","141","27.5","31.9",,,"22.9",,,,,,"20.8","33",,"13.7","155",,,,,,"60.1",,,,,,,,"105","34.0",,,,,,,,,,
"3","남구(부산)","어르신","일반","78","관리자","2등급","20250214","M","166","68.8","24",,"81","141","37.5","33.3",,,"5.5",,,,,,"25.0",,,,,"23",,"127","4.84","18.71","54.5",,,,,,,,,,,,,,,,,,,"37.5"
"1","서구(광주)","성인","일반","24","관리자","참가","20250214","M","171.7","84","25.1","87","92","150","40","49.1",,,"10.1",,,,,,"28.5","32","16","10.33","218",,,,,,"58.5",,"34.5",,,,,,,,,,,,,,,,,
"1","포항","성인","일반","38","관리자","3등급","20250214","F","152","50.5","32.3",,"78","111","21.9","25.1",,,"20.5",,,,,,"21.9","24",,,,,,,,,"49.7",,,"89","91","105",,"41.0",,,,,"0.299","0.452",,,,,,
"1","사하","어르신","일반","71","관리자","참가","20250214","M","166","72.1","37.7","97.6","89","149","33.5","27.9",,,"-9.7",,,,,,"26.2",,,,,"20",,"124","5.57","22.63","46.5",,,,,,,,,,,,,,,,,,,"33.5"
"1","안산","성인","일반","26","관리자","3등급","20250214","F","161.6","45.7","26","55","70","116","25.4","32.1",,,"18.6",,,,,,"17.5","22",,,"165",,,,,,"70.2",,,"104","142","171",,"37.3",,,,,"0.378",,,,,,,
"4","수원","어르신","일반","66","관리자","3등급","20250214","M","164.8","73.3","30","91","74","158","41.4","43.1",,,"2.4",,,,,,"27.0",,,,,"20",,"107","5.4","22.1","58.8",,,,,,,,,,,,,,,,,,,"43.1"
"1","동구(광주)","성인","일반","34","관리자","참가","20250214","M","182.7","98.3","26.8","100","95","135","44.3","44.5",,,"8.6",,,,,,"29.4","41",,,,,,,,,"45.3",,,,,,,,"96","40.4",,,"0.431","0.489",,,,,,
"1","서구(대전)","어르신","일반","68","관리자","3등급","20250214","F","157.5","57.4","32",,"69","125","24.8","25.8",,,"18.7",,,,,,"23.1",,,,,"19",,"99","6.92","25.87","44.9",,,,,,,,,,,,,,,,,,,"25.8"
"1","안산","어르신","일반","74","관리자","참가","20250214","M","163.9","63.9","25.1","84","93","160","29.9","27.9",,,"-4.7",,,,,,"23.8",,,,,"26",,"111","5.4","20.1","46.8",,,,,,,,,,,,,,,,,,,"29.9"
"4","KSPO대구","어르신","일반","67","관리자","1등급","20250214","M","163.4","61","19.9","80.5","102","180","40.8","43.4",,,"15.4",,,,,,"22.8",,,,,"32",,"144","4.5","16.6","71.1",,,,,,,,,,,,,,,,,,,"43.4"
"6","수원","어르신","일반","80","관리자","2등급","20250214","F","145.9","49.7","29.8","77","78","134","20","19",,,"16.5",,,,,,"23.3",,,,,"19",,"91","5.7","25.7","40.2",,,,,,,,,,,,,,,,,,,"20.0"
"6","사천","성인","일반","43","관리자","참가","20250214","M","170.6","69.3","21.2","87.1","87","145","42.7","46",,,"4",,,,,,"23.8","44",,,"182",,,,,,"66.4",,,,,,,,"107","42.0",,,"0.298",,,,,,,
"4","서초","성인","일반","63","관리자","3등급","20250214","M","174.6","74.0","23.8","80.3","89","139","56.5","56.4",,,"11.7",,,,,,"24.3","39",,,,,,,,,"76.4",,,,,,,,"126","33.6",,,"0.336","0.489",,,,,,
"2","수원","어르신","일반","71","관리자","3등급","20250214","F","151.9","62.9","42.1","92","62","144","24.5","24.5",,,"21",,,,,,"27.3",,,,,"22",,"91","6.6","28.6","39.0",,,,,,,,,,,,,,,,,,,"24.5"
"1","양평","성인","일반","24","관리자","참가","20250214","M","170.0","72.10","22.1","88.7","88","132","46.8","41.0",,,"1.8",,,,,,"24.9","55","62",,"231",,,,,,"64.9",,"47.0",,,,,,,,,,"0.350",,,,,,,
"2","KSPO송파별관(어르신)","어르신","일반","69","관리자","2등급","20250214","M","170.6","73.6","37.1",,"76","148","36.6","37.5",,,"20.6",,,,,,"25.3",,,,,"27",,"128","5.10","21.34","51.0",,,,,,,,,,,,,,,,,,,"37.5"
"24","남구(울산)","성인","일반","29","관리자","2등급","20250214","M","167.7","69.1","22.8","81.7","90","135","43.5","44.1",,,"15.9",,,,,,"24.6","56",,,,,,,,,"63.8",,,,,,,,"92","47.5",,,"0.304","0.484",,,,,,
"3","남구(울산)","성인","일반","24","관리자","2등급","20250214","F","164.7","43.1","20.6","68.2","53","110","23.7","24.6",,,"18.9",,,,,,"15.9","31",,,"182",,,,,,"57.1",,,,,,,,"125","40.0",,,"0.317",,,,,,,
"2","화성","어르신","일반","66","관리자","2등급","20250214","M","158.2","66.9","22.5",,"79","128","37.8","36.8",,,"9.2",,,,,,"26.7",,,,,"25",,"110","5.84","16.68","56.5",,,,,,,,,,,,,,,,,,,"37.8"
"1","화성","어르신","일반","68","관리자","1등급","20250214","F","152.3","62.7","39.4",,"81","141","24.3","25.7",,,"19.4",,,,,,"27.0",,,,,"33",,"123","4.69","18.96","41.0",,,,,,,,,,,,,,,,,,,"25.7"
"4","동구(광주)","성인","일반","32","관리자","참가","20250214","M","176.1","66.7","11.6","76","65","102","48.5","45.2",,,"13",,,,,,"21.5","31",,,"154",,,,,,"72.7",,,,,,,,"117","44.3",,,"0.371",,,,,,,
"1","제주","성인","일반","30","관리자","참가","20250214","F","164.5","110","50.1","119","98","158","20.3","21.8",,,"6.1",,,,,,"40.7","0",,,"99",,,,,,"19.8",,,,,,,,,,,,"0.502",,,,,,,
"5","포천","어르신","일반","70","관리자","3등급","20250214","F","151.4","61.4","37.3","89","95","159","23.5","22.1",,,"11.5",,,,,,"26.8",,,,,"24",,"102","5.44","21.56","38.3",,,,,,,,,,,,,,,,,,,"23.5"
"2","포항","성인","일반","20","관리자","2등급","20250214","M","180.5","69.6","11",,"80","126","34.5","40.3",,,"20.3",,,,,,"21.4","50",,"9.97","238",,,,,,"57.9",,,"72","104","123","149","50.8",,,,,,,,,,,,
"12","고양","어르신","일반","72","관리자","참가","20250214","F","163.3","68.3","38.9",,"65","149","20.1","24.1",,,"8.3",,,,,,"25.6",,,,,"22",,"81","5.84","26.08","35.3",,,,,,,,,,,,,,,,,,,"24.1"
"1","고양","어르신","일반","69","관리자","3등급","20250214","M","156.2","57.5","23.5",,"58","128","31.9","31.7",,,"4.5",,,,,,"23.6",,,,,"25",,"110","4.93","23.57","55.5",,,,,,,,,,,,,,,,,,,"31.9"
"1","제주","성인","일반","44","관리자","3등급","20250214","F","158.7","55.9","27.4","74.5","95","150","25.1","23.4",,,"11.2",,,,,,"22.2","23",,,"135",,,,,,"44.9",,,,,,,,"107","34.8",,,"0.318",,,,,,,
"1","동작","성인","일반","64","관리자","참가","20250214","F","154.6","64.5","35.3","87","91","142","28.3","31.8",,,"20.6",,,,,,"27.0","1",,,"106",,,,,,"49.3",,,"76","126","156",,"27.3",,,,,"0.388",,,,,,,
"1","시흥","성인","일반","26","관리자","참가","20250214","M","189.6","91.3","22.7","89.9","85","148","40","45.8",,,"14",,,,,,"25.4","42","33","12.2","176",,,,,,"50.2",,"36.9",,,,,,,,,,,,,,,,,
"1","남구(부산)","성인","일반","19","관리자","3등급","20250214","M","175.6","65.3","11.8",,"49","100","43.2","42.4",,,"10.5",,,,,,"21.2","46",,"10.25","226",,,,,,"66.2",,,"90","113","126","164","49.2",,,,,,,,,,,,
"1","안산","청소년","일반","18","관리자","2등급","20250214","M","161.5","57.5","13.9","68","79","130","44.7","46.7",,"56","27","16.31","0.662","49.392","5","49.622","22.0",,"51",,,,,,,,"81.2",,"45.0",,,,,,,,,,,,,,,,,
"1","태백","성인","출장","20","관리자","참가","20250214","M","177.2","66.9","17.2","70","43","103","33.4","41",,,"16.3",,,,,,"21.3","29","52","11.13","200",,,,,,"61.3",,"45.6",,,,,,,,,,,,,,,,,
"1","태백","성인","출장","20","관리자","참가","20250214","M","173","75.1","25.4","91","60","125","29.3","28.5",,,"12.5",,,,,,"25.1","48","50","11.68","212",,,,,,"39.0",,"44.1",,,,,,,,,,,,,,,,,
"1","영동","어르신","일반","68","관리자","참가","20250214","F","158.7","54.1","23.8",,"61","106","22.1","23.2",,,"9.2",,,,,,"21.5",,,,,"15",,"58","5.85","26.75","42.9",,,,,,,,,,,,,,,,,,,"23.2"
"1","스포원(금정)","어르신","일반","67","관리자","참가","20250214","M","164.8","62.7","22",,"77","146","40.1","43.2",,,"4.7",,,,,,"23.1",,,,,"14",,"102","4.8","23","68.9",,,,,,,,,,,,,,,,,,,"43.2"
"7","미추홀","어르신","일반","70","관리자","3등급","20250214","M","173.8","72.4","28.5","89","71","142","31.2","34.2",,,"6.5",,,,,,"24.0",,,,,"25",,"110","5.33","24.08","47.2",,,,,,,,,,,,,,,,,,,"34.2"
"1","스포원(금정)","어르신","일반","66","관리자","참가","20250214","F","159.4","73.8","35.6",,"62","148","19.8","28.2",,,"21.6",,,,,,"29.0",,,,,"15",,"97","5.1","26","38.2",,,,,,,,,,,,,,,,,,,"28.2"
"2","미추홀","어르신","일반","67","관리자","3등급","20250214","M","172.7","77.6","27.1","88.6","87","154","31.9","37.5",,,"20.5",,,,,,"26.0",,,,,"27",,"105","5.13","22.21","48.3",,,,,,,,,,,,,,,,,,,"37.5"
"1","태백","성인","출장","20","관리자","참가","20250214","M","172.0","106.5","35.9","100","67","126","40.6","45.7",,,"3.3",,,,,,"36.0","35","31","10.97","218",,,,,,"42.9",,"35.0",,,,,,,,,,,,,,,,,
"2","의정부","어르신","일반","71","관리자","2등급","20250214","F","148.2","66.4","41.4","92.1","79","160","19.5","23.3",,,"14.2",,,,,,"30.2",,,,,"19",,"112","6.19","22.82","35.1",,,,,,,,,,,,,,,,,,,"23.3"
"1","태백","성인","출장","21","관리자","참가","20250214","M","175.3","96.3","32.9","102","54","114","34.5","40.3",,,"5.1",,,,,,"31.3","45","46","11.53","166",,,,,,"41.8",,"39.9",,,,,,,,,,,,,,,,,
"5","사천","성인","일반","21","관리자","참가","20250214","M","176.1","93.6","33.4","108.5","63","131","43.4","43.8",,,"8",,,,,,"30.2","46","49",,,,,,,,"46.8",,"41.0",,,,,,,,,,"0.335","0.489",,,,,,
"2","KSPO대구","성인","일반","62","관리자","2등급","20250214","F","156.8","54.5","26.7","78","98","194","27","28.9",,,"15.7",,,,,,"22.2","36",,,"158",,,,,,"53.0",,,,,,,,"115","30.6",,,"0.339",,,,,,,
"2","스포원(금정)","성인","일반","59","관리자","2등급","20250214","F","149.8","52.6","31.1",,"71","136","26.7","28.5",,,"19.2",,,,,,"23.4","30",,"13.2",,,,,,,"54.2",,,"70","113","109",,"38.6",,,,,,"0.407",,,,,,
"5","강북","어르신","일반","76","관리자","참가","20250214","F","147.7","58.90","37.7","99.2","82","150","27.5","26.6",,,"6.8",,,,,,"27.0",,,,,"25",,"120","5.6","21","46.7",,,,,,,,,,,,,,,,,,,"27.5"
"1","사하","어르신","일반","66","관리자","2등급","20250214","M","160.8","61.1","25.8","87.2","89","156","33.9","35.5",,,"8.6",,,,,,"23.6",,,,,"30",,"111","5.77","23.27","58.1",,,,,,,,,,,,,,,,,,,"35.5"
"2","의정부","어르신","일반","67","관리자","참가","20250214","M","163.7","75.9","33.3","96.7","100","177","30","31.3",,,"2.6",,,,,,"28.3",,,,,"18",,"99","5.12","22.01","41.2",,,,,,,,,,,,,,,,,,,"31.3"
"3","스포원(금정)","성인","일반","64","관리자","1등급","20250214","M","167","63.7","14.2",,"67","135","41.1","44.7",,,"15.1",,,,,,"22.8","56","42","11.1","189",,,,,,"70.2",,"40.5",,,,,,,,,,,,,,,,,
"1","태백","성인","출장","21","관리자","참가","20250214","M","180.3","69.3","18.6","75","65","124","42.1","43.8",,,"-7.4",,,,,,"21.3","60","63","10.65","211",,,,,,"63.2",,"47.7",,,,,,,,,,,,,,,,,
"23","부천","성인","일반","29","관리자","참가","20250214","M","175.9","69.1","35.3",,"75","129","25.3","32.7",,,"4.2",,,,,,"22.3","37",,,"169",,,,,,"47.3",,,,,,,,"143","40.6",,,"0.287",,,,,,,
"1","태백","성인","출장","20","관리자","참가","20250214","M","171.7","63.2","22.3","75","61","139","31.5","28.6",,,"-3.2",,,,,,"21.4","0","23","23.92","200",,,,,,"49.8",,"39.5",,,,,,,,,,,,,,,,,
"2","태백","성인","출장","23","관리자","2등급","20250214","M","167.3","57.6","10.6","72","58","108","42.2","44.9",,,"12.9",,,,,,"20.6","50","74","10.50","243",,,,,,"78.0",,"52.1",,,,,,,,,,,,,,,,,
"1","태백","성인","출장","21","관리자","참가","20250214","M","172.5","65.1","17.7","80","74","112","32.4","33",,,"7.4",,,,,,"21.9","45","52","10.97","201",,,,,,"50.7",,"45.9",,,,,,,,,,,,,,,,,
"2","의정부","어르신","일반","65","관리자","참가","20250214","M","167.1","75.8","30.1","99.2","86","155","36.1","40.1",,,"9.9",,,,,,"27.1",,,,,"18",,"84","5.51","21.68","52.9",,,,,,,,,,,,,,,,,,,"40.1"
"1","부천","성인","일반","39","관리자","3등급","20250214","M","179.1","78.7","20.5",,"83","137","45.2","48.6",,,"6.7",,,,,,"24.5","36",,,"212",,,,,,"61.8",,,"85","103","119","139","44.1",,,,,"0.371",,,,,,,
"2","동작","성인","일반","45","관리자","2등급","20250214","M","170.7","90.3","27.6","95","95","155","52.8","58.6",,,"12.1",,,,,,"31.0","48","35",,"200",,,,,,"64.9",,"36.4",,,,,,,,,,"0.306",,,,,,,
"1","강북","성인","일반","62","관리자","참가","20250214","M","181.3","93.90","25.1","100.5","84","137","43.5","45.2",,,"15",,,,,,"28.6","33",,,"178",,,,,,"48.1",,,,,,,,"102","33.5",,,"0.393",,,,,,,
"1","태백","성인","출장","21","관리자","참가","20250214","M","174.7","97.2","29.4","90","84","143","41.3","46.8",,,"11.9",,,,,,"31.8","38","16","10.78","218",,,,,,"48.1",,"32.8",,,,,,,,,,,,,,,,,
"3","중구(서울)","어르신","일반","69","관리자","2등급","20250214","M","163.8","67.6","33.8","94","78","152","32","39.9",,,"17.0",,,,,,"25.2",,,,,"31",,"110","5.4","22.0","59.0",,,,,,,,,,,,,,,,,,,"39.9"
"1","태백","성인","출장","20","관리자","참가","20250214","M","184.6","82.7","15","86","70","118","54.9","52.5",,,"1.5",,,,,,"24.3","49","52","12.56","228",,,,,,"66.4",,"43.2",,,,,,,,,,,,,,,,,
"1","태백","성인","출장","23","관리자","3등급","20250214","M","171.3","79.6","15.5","77","61","110","50","51.5",,,"21",,,,,,"27.1","53","43","10.82","236",,,,,,"64.7",,"41.6",,,,,,,,,,,,,,,,,
"1","동구(인천)","어르신","일반","69","관리자","3등급","20250214","F","152.1","62","27.9",,"68","128","22.4","20.9",,,"23.5",,,,,,"26.8",,,,,"34",,"134","5.46","20.43","36.1",,,,,,,,,,,,,,,,,,,"22.4"
"6","중구(서울)","어르신","일반","72","관리자","1등급","20250214","M","166.6","74.7","24.7","97","66","139","35.8","44.8",,,"9.8",,,,,,"26.9",,,,,"31",,"130","4.9","18.4","60.0",,,,,,,,,,,,,,,,,,,"44.8"
"1","태백","성인","출장","20","관리자","참가","20250214","M","170.5","75","28.0","80","60","99","28.3","31.8",,,"-0.9",,,,,,"25.8","43","41","11.85","202",,,,,,"42.4",,"42.0",,,,,,,,,,,,,,,,,
"1","태백","성인","출장","21","관리자","참가","20250214","M","174.6","69.4","19","80","61","123","38.2","40.6",,,"3.9",,,,,,"22.8","49","55","10.65","208",,,,,,"58.5",,"45.9",,,,,,,,,,,,,,,,,
"1","의정부","어르신","일반","65","관리자","참가","20250214","F","146.5","57.1","38.6","88.4","92","163","20.1","21.2",,,"12.9",,,,,,"26.6",,,,,"14",,"84","7.08","26.85","37.1",,,,,,,,,,,,,,,,,,,"21.2"
"1","동구(인천)","어르신","일반","72","관리자","2등급","20250214","M","165.7","65.5","27.3",,"72","121","35.6","34.9",,,"8.4",,,,,,"23.9",,,,,"33",,"118","5.28","20.13","54.4",,,,,,,,,,,,,,,,,,,"35.6"
"1","태백","성인","출장","20","관리자","1등급","20250214","M","181","83.1","14.8","87","59","117","59.3","59.1",,,"16.9",,,,,,"25.4","71","62","10.35","250",,,,,,"71.4",,"45.5",,,,,,,,,,,,,,,,,
"1","태백","성인","출장","19","관리자","참가","20250214","M","184.6","73.9","20.4","77","66","134","39.7","43.4",,,"11",,,,,,"21.7","20","56","10.96","201",,,,,,"58.7",,"45.5",,,,,,,,,,,,,,,,,
"2","남구(부산)","성인","일반","25","관리자","2등급","20250214","F","161.5","45.8","28.3",,"64","124","19.6","20",,,"13.8",,,,,,"17.6","27",,,,,,,,,"43.7",,,,,,,,"127","38.6",,,"0.258","0.477",,,,,,
"1","서구(광주)","성인","일반","40","관리자","3등급","20250214","M","173.4","75","22.5","89.3","97","146","43.5","46.4",,,"6.7",,,,,,"24.9","40","27","11.10","205",,,,,,"61.9",,"37.1",,,,,,,,,,,,,,,,,
"1","의정부","어르신","일반","69","관리자","참가","20250214","M","166.5","74.6","32.8","97.6","102","178","30.2","36.2",,,"-6.2",,,,,,"26.9",,,,,"20",,"97","6.28","30.61","48.5",,,,,,,,,,,,,,,,,,,"36.2"
"1","태백","성인","출장","20","관리자","참가","20250214","M","177.3","78.2","21.6","85","63","134","42.8","41.9",,,"11.2",,,,,,"24.9","0","0",,"228",,,,,,"54.7",,"31.8",,,,,,,,,,,,,,,,,
"2","KSPO아산","어르신","일반","65","관리자","2등급","20250214","M","170.1","68","21","86.5","85","141","44.3","50",,,"7.8",,,,,,"23.5",,,,,"29",,"137","5","17.5","73.5",,,,,,,,,,,,,,,,,,,"50.0"
"1","KSPO송파","성인","일반","64","관리자","참가","20250214","M","168.7","71.3","25.4","87.5","95","151","23.6","26.8",,,"14.5",,,,,,"25.1","8",,,,,,,,,"37.6",,,,,,,,"140","31.4",,,"0.403","0.446",,,,,,
"3","천안","성인","일반","20","관리자","1등급","20250214","F","161.9","47.8","26.3",,"70","113","23.1","24.3",,,"20.2",,,,,,"18.2","39",,,"158",,,,,,"50.8",,,,,,,,"141","37.4",,,"0.315",,,,,,,
"1","태백","성인","출장","20","관리자","참가","20250214","M","175.1","117.9","41.5","113","80","133","33.3","42.1",,,"7.7",,,,,,"38.5","32","27","12.25","170",,,,,,"35.7",,"32.4",,,,,,,,,,,,,,,,,
"2","KSPO송파","성인","일반","30","관리자","2등급","20250214","M","157.6","57.5","14.8","73","64","115","40.6","46.5",,,"12.1",,,,,,"23.2","59","60",,"237",,,,,,"80.9",,"48.5",,,,,,,,,,"0.307",,,,,,,
"1","동구(광주)","성인","일반","61","관리자","참가","20250214","M","170.8","86.1","29.1","94","56","106","44.5","43.2",,,"20.9",,,,,,"29.5","38",,,"200",,,,,,"51.7",,,,,,,,"109","33.6",,,"0.379",,,,,,,
"2","의정부","어르신","일반","69","관리자","2등급","20250214","M","163.5","64.4","27.5","88.9","69","140","42.4","43.7",,,"8.7",,,,,,"24.1",,,,,"26",,"124","4.83","18.90","67.9",,,,,,,,,,,,,,,,,,,"43.7"
"1","천안","성인","일반","47","관리자","참가","20250214","F","169.1","69.2","43.5",,"71","127","22.5","24.9",,,"14.8",,,,,,"24.2","28",,,"128",,,,,,"36.0",,,"79","113","136",,"32.9",,,,,"0.404",,,,,,,
"6","포천","어르신","일반","74","관리자","2등급","20250214","F","136.1","49.6","43.8","84","78","136","17.1","19",,,"14.5",,,,,,"26.8",,,,,"27",,"151","4.75","19.31","38.3",,,,,,,,,,,,,,,,,,,"19.0"
"1","중구(서울)","성인","일반","45","관리자","3등급","20250214","F","152.9","46.9","28.2","78.5","49","111","18.5","23.2",,,"14.5",,,,,,"20.1","16",,,"118",,,,,,"49.5",,,"89","102","126",,"37.9",,,,,"0.403",,,,,,,
"2","서구(대전)","성인","일반","20","관리자","참가","20250214","M","177.4","78.1","20.9",,"65","128","44","49.1",,,"9.2",,,,,,"24.8","40",,,"215",,,,,,"62.9",,,,,,,,"97","47.7",,,"0.285",,,,,,,
"1","의정부","어르신","일반","69","관리자","2등급","20250214","M","175.7","67.4","22.3","83.5","96","161","38.7","36.4",,,"10.6",,,,,,"21.8",,,,,"25",,"117","5.76","18.55","57.4",,,,,,,,,,,,,,,,,,,"38.7"
"2","포항","성인","일반","38","관리자","3등급","20250214","M","175.6","79","22.5",,"79","138","45.1","52.4",,,"12.3",,,,,,"25.6","37",,,,,,,,,"66.3",,,,,,,,"118","39.9",,,"0.303","0.601",,,,,,
"4","마포","성인","일반","28","관리자","3등급","20250214","F","157.5","53.6","29.1",,"62","123","33.4","33.9",,,"20.6",,,,,,"21.6","43",,,,,,,,,"63.2",,,,,,,,"147","33.3",,,"0.323","0.514",,,,,,
"3","양평","성인","일반","59","관리자","참가","20250214","M","162.3","74.3","28",,"87","153","42.8","41.7",,,"7.5",,,,,,"28.2","36","22",,"178",,,,,,"57.6",,"34.7",,,,,,,,,,"0.305",,,,,,,
"1","태백","성인","출장","20","관리자","3등급","20250214","M","173.4","80.1","17.8","85","66","111","49.1","52.6",,,"6.5",,,,,,"26.6","56","50","10.72","216",,,,,,"65.7",,"43.3",,,,,,,,,,,,,,,,,
"2","화성","성인","일반","26","관리자","1등급","20250214","M","168.9","72.5","21.5",,"80","121","52.5","56.4",,,"20.4",,,,,,"25.4","62",,,"218",,,,,,"77.8",,,,,,,,"93","47.4",,,"0.286",,,,,,,
"5","화성","성인","일반","26","관리자","1등급","20250214","M","178.8","85.3","17.7",,"73","124","62.1","69.5",,,"17.2",,,,,,"26.7","62",,,"249",,,,,,"81.5",,,,,,,,"96","44.9",,,"0.304",,,,,,,
"1","북구(광주)","성인","일반","34","관리자","참가","20250214","F","166.6","70.8","40.1","85.5","55","90","25.4","27.8",,,"20.0",,,,,,"25.5","16",,,,,,,,,"39.3",,,"98","125","152",,"32.0",,,,,"0.363","0.454",,,,,,
"1","태백","성인","출장","20","관리자","참가","20250214","M","168.7","67.6","18.5","82","53","115","32.4","31.5",,,"6.7",,,,,,"23.8","47","63","11.03","216",,,,,,"47.9",,"48.3",,,,,,,,,,,,,,,,,
"1","오산","성인","일반","55","관리자","참가","20250214","F","161","64","38","87.6","91","136","26.2","22.8",,,"11.4",,,,,,"24.7","15",,,,,,,,,"40.9",,,,,,,,"150","25.7",,,"0.493","0.378",,,,,,
"1","북구(광주)","성인","일반","33","관리자","2등급","20250214","F","161.7","55.3","29.2","64.0","64","120","25.5","27.9",,,"22.7",,,,,,"21.1","26",,,,,,,,,"50.5",,,"97","126","149",,"36.4",,,,,"0.343","0.499",,,,,,
"1","오산","성인","일반","48","관리자","참가","20250214","M","162.4","71","36.3","96.6","84","141","40","41.8",,,"9.8",,,,,,"26.9","31",,,,,,,,,"58.9",,,,,,,,"126","37.0",,,"0.382","0.514",,,,,,
"1","부천","성인","일반","31","관리자","참가","20250214","M","175.7","93.9","33.7",,"80","142","43.3","42.5",,,"8.7",,,,,,"30.4","45",,,"166",,,,,,"46.1",,,,,,,,"126","37.1",,,"0.327",,,,,,,
"4","안산","성인","일반","26","관리자","1등급","20250214","F","164.5","50.5","25.9","61","56","108","26","30.4",,,"21.3",,,,,,"18.7","38",,,"170",,,,,,"60.2",,,"75","117","137",,"41.3",,,,,"0.376",,,,,,,
"1","포항","청소년","일반","17","관리자","3등급","20250214","F","172.2","49.9","19.1",,"65","104","28.3","31.2",,"23","16.6","22.87","0.427","59.730","10","60.190","16.8",,"22",,,,,,,,"62.5",,"37.0",,,,,,,,,,,,,,,,,
"1","오산","청소년","일반","18","관리자","참가","20250214","M","166.4","55.5","10.5","76","53","132","33.4","37.7",,"53","0.1","19.62","0.601","64.939","14","65.583","20.0",,,,,,,,,,"67.9",,,"71","122","123",,"52.9",,,,,,,,,,,,
"2","오산","성인","일반","20","관리자","3등급","20250214","M","172.7","69","9.6","74.4","77","124","44","48.6",,,"19.2",,,,,,"23.1","64","49",,,,,,,,"70.4",,"44.7",,,,,,,,,,"0.256","0.639",,,,,,
"3","서구(광주)","성인","일반","40","관리자","3등급","20250214","F","153.6","58.6","28.7","79","83","124","25.9","32.8",,,"19.5",,,,,,"24.8","25","19",,,,,,,,"56.0",,"31.9",,,,,,,,,,"0.409","0.414",,,,,,
"1","KSPO송파","성인","일반","26","관리자","3등급","20250214","F","160.8","43.9","22.4","66.7","64","110","18.4","19.5",,,"12",,,,,,"17.0","35",,,"141",,,,,,"44.4",,,,,,,,"149","36.1",,,"0.395",,,,,,,
"5","고양","어르신","일반","82","관리자","3등급","20250214","M","165.9","72.4","33.3",,"102","192","29.3","28.9",,,"9.5",,,,,,"26.3",,,,,"24",,"107","5.35","23.37","40.5",,,,,,,,,,,,,,,,,,,"29.3"
"1","태백","성인","출장","26","관리자","참가","20250214","M","175.9","82.9","22.7","89","98","153","51.8","58.4",,,"-8.5",,,,,,"26.8","28",,"10.53","209",,,,,,"70.4",,,,,,,,,,,,,,,,,,,
"3","춘천","어르신","일반","73","관리자","참가","20250214","M","176","86.7","33.6","103.9","85","144","47","46.9",,,"3.1",,,,,,"28.0",,,,,"19",,"86","5.5","22.35","54.2",,,,,,,,,,,,,,,,,,,"47.0"
"1","연제","성인","일반","52","관리자","참가","20250214","F","168.3","76.9","36.9",,"85","132","22.4","21.8",,,"9.0",,,,,,"27.1","23",,,,,,,,,"29.1",,,"91","117","142",,"28.8",,,,,"0.417","0.314",,,,,,
"1","부천","어르신","일반","82","관리자","2등급","20250214","M","157.8","50.2","17.4",,"95","158","28.6","29.7",,,"8.9",,,,,,"20.2",,,,,"22",,"92","5.32","21.41","59.2",,,,,,,,,,,,,,,,,,,"29.7"
"5","동작","어르신","일반","72","관리자","2등급","20250214","M","166.5","69.9","31.6","94","89","148","36.3","31.3",,,"9.5",,,,,,"25.2",,,,,"30",,"143","4.99","19.03","51.9",,,,,,,,,,,,,,,,,,,"36.3"
"1","태백","성인","출장","21","관리자","참가","20250214","M","172.1","68.4","15.6","79","62","103","38.7","39",,,"2.0",,,,,,"23.1","55",,"10.78","217",,,,,,"57.0",,,,,,,,,,,,,,,,,,,
"4","부천","어르신","일반","68","관리자","2등급","20250214","M","168.9","80.9","25.5",,"89","154","37.5","43.2",,,"11.3",,,,,,"28.4",,,,,"27",,"111","4.95","20.06","53.4",,,,,,,,,,,,,,,,,,,"43.2"
"1","사하","성인","일반","22","관리자","3등급","20250214","M","185.8","79.6","23.5","99.2","91","159","41.5","50",,,"12.2",,,,,,"23.1","45",,,"186",,,,,,"62.8",,,,,,,,"114","45.1",,,"0.320",,,,,,,
"3","서구(대전)","청소년","일반","18","관리자","참가","20250214","F","170.7","87.8","42.3",,"64","138","33.2","34.2",,"36","20","23.94","0.490","41.226","11","41.732","30.1",,"13",,,,,,,,"39.0",,"28.4",,,,,,,,,,,,,,,,,
"2","달서","성인","일반","19","관리자","참가","20250214","M","171.7","54.3","9.8","70.3","88","111","40.6","44.3",,,"4.4",,,,,,"18.4","38",,,"231",,,,,,"81.6",,,,,,,,"157","44.0",,,"0.278",,,,,,,
"3","화성","어르신","일반","67","관리자","2등급","20250214","M","167.1","61.2","19",,"66","128","40","37.9",,,"8",,,,,,"21.9",,,,,"33",,"131","4.09","17.78","65.4",,,,,,,,,,,,,,,,,,,"40.0"
"1","달서","성인","일반","57","관리자","참가","20250214","F","150","59.7","32","81.8","91","150","23.2","27.3",,,"22.5",,,,,,"26.5","18",,,"80",,,,,,"45.7",,,,,,,,"117","29.4",,,"0.322",,,,,,,
"1","남구(울산)","성인","일반","26","관리자","3등급","20250214","F","153","49.9","29.9","74.9","65","115","23.3","26.1",,,"10.4",,,,,,"21.3","31",,,"160",,,,,,"52.3",,,,,,,,"140","35.0",,,"0.351",,,,,,,
"2","태백","성인","출장","20","관리자","참가","20250214","M","178.1","64.3","15.6","75","61","100","36.4","41.6",,,"4.0",,,,,,"20.3","54",,"10.37","230",,,,,,"64.7",,,,,,,,,,,,,,,,,,,
"1","남구(울산)","성인","일반","23","관리자","참가","20250214","F","167","70.3","37.8","87.7","56","117","30.6","31.2",,,"17.6",,,,,,"25.2","36",,,"167",,,,,,"44.4",,,,,,,,"120","34.3",,,"0.363",,,,,,,
"4","KSPO광주","성인","일반","24","관리자","2등급","20250214","M","175.5","76.1","13.6","79","66","126","40.3","47.1",,,"16.1",,,,,,"24.7","61",,"10.1",,,,,,,"61.9",,,"66","91","102","133","51.1",,,,,,"0.701",,,,,,
"1","KSPO대구","성인","일반","28","관리자","참가","20250214","M","172.9","90.4","32.2","99","75","140","38.8","38.5",,,"9.6",,,,,,"30.2","19",,,"207",,,,,,"42.9",,,,,,,,"145","35.6",,,"0.405",,,,,,,
"1","중구(서울)","성인","일반","20","관리자","3등급","20250214","M","175","71","19.1","76.3","62","115","35.9","41.4",,,"24.7",,,,,,"23.2","53",,,"271",,,,,,"58.3",,,,,,,,"127","44.7",,,"0.317",,,,,,,
"2","스포원(금정)","어르신","일반","71","관리자","3등급","20250214","F","152.7","59.4","37.7",,"100","190","28.7","28.3",,,"13.3",,,,,,"25.5",,,,,"21",,"96","5.3","23.9","48.3",,,,,,,,,,,,,,,,,,,"28.7"
"2","스포원(금정)","어르신","일반","74","관리자","1등급","20250214","F","152.7","60","35.6",,"89","153","26.7","31.7",,,"26.6",,,,,,"25.7",,,,,"22",,"120","4.5","21.3","52.8",,,,,,,,,,,,,,,,,,,"31.7"
"2","사천","성인","일반","52","관리자","2등급","20250214","M","177.7","70","20.2","85.4","70","132","48.2","47.9",,,"25",,,,,,"22.2","32","46",,,,,,,,"68.9",,"41.2",,,,,,,,,,"0.350","0.514",,,,,,
"1","영주","성인","일반","24","관리자","2등급","20250214","F","166.9","53.5","28",,"72","105","25.1","24.8",,,"15.1",,,,,,"19.2","40","27",,"146",,,,,,"46.9",,"36.0",,,,,,,,,,"0.333",,,,,,,
"2","남구(부산)","성인","일반","52","관리자","참가","20250214","M","170.3","73.5","27.8",,"83","142","48.2","45.2",,,"23.7",,,,,,"25.3","30",,,"174",,,,,,"65.6",,,,,,,,"123","36.5",,,"0.406",,,,,,,
"1","영주","성인","일반","53","관리자","3등급","20250214","M","161.6","68.3","20.2",,"89","136","40.7","45.6",,,"10.5",,,,,,"26.2","51","27",,"196",,,,,,"66.8",,"37.3",,,,,,,,,,"0.374",,,,,,,
"9","남구(부산)","성인","일반","26","관리자","2등급","20250214","M","177.1","73","20.5",,"72","136","41.9","44",,,"14.9",,,,,,"23.3","54",,,"230",,,,,,"60.3",,,,,,,,"117","44.4",,,"0.292",,,,,,,
"1","시흥","어르신","일반","78","관리자","2등급","20250214","M","173.5","62.5","23.1","79","50","159","36.9","32",,,"3.1",,,,,,"20.8",,,,,"27",,"111","6.47","23.5","59.0",,,,,,,,,,,,,,,,,,,"36.9"
"2","포천","성인","일반","64","관리자","참가","20250214","M","171","84","34.5","98","98","156","46.1","47.4",,,"13.8",,,,,,"28.7","18","12",,"162",,,,,,"56.4",,"30.4",,,,,,,,,,"0.391",,,,,,,
"1","춘천","성인","일반","23","관리자","참가","20250214","M","181.5","86.5","18.2","87.9","80","127","54","51.4",,,"-0.5",,,,,,"26.3","49",,"11.16","207",,,,,,"62.4",,,"79","97","130","163","40.9",,,,,,,,,,,,
"1","안산","성인","일반","20","관리자","참가","20250214","F","162.2","61.1","35.0","71","68","103","28.1","30.3",,,"10.4",,,,,,"23.2","41","14",,,,,,,,"49.6",,"30.9",,,,,,,,,,"0.357","0.478",,,,,,
"2","연제","어르신","일반","68","관리자","2등급","20250214","F","145.1","55.3","33.7",,"78","145","20.9","23",,,"18.9",,,,,,"26.3",,,,,"21",,"118","6.0","22.4","41.6",,,,,,,,,,,,,,,,,,,"23.0"
"2","남구(울산)","성인","일반","54","관리자","2등급","20250214","F","166.6","63.9","27.9","80.9","73","124","29.8","30",,,"29.3",,,,,,"23.0","26",,,"135",,,,,,"46.9",,,"70","127","124",,"36.7",,,,,"0.363",,,,,,,
"4","KSPO송파별관(어르신)","어르신","일반","70","관리자","1등급","20250214","M","169.6","77.8","30.9",,"82","149","42.3","42.2",,,"18.8",,,,,,"27.0",,,,,"31",,"139","4.46","16.6","54.4",,,,,,,,,,,,,,,,,,,"42.3"
"1","KSPO송파별관(어르신)","어르신","일반","69","관리자","1등급","20250214","M","168.4","60.7","18.2",,"80","140","38.2","37.8",,,"17",,,,,,"21.4",,,,,"28",,"137","4.89","18.62","62.9",,,,,,,,,,,,,,,,,,,"38.2"
"1","사상","성인","일반","53","관리자","참가","20250214","M","171.5","86.1","31.7","95","81","118","47.8","46.7",,,"3.5",,,,,,"29.3","28","18","13.3","169",,,,,,"55.5",,"32.3",,,,,,,,,,,,,,,,,
"2","천안","성인","일반","48","관리자","참가","20250214","F","160.6","65.4","36.4",,"73","121","19.8","30.3",,,"25.2",,,,,,"25.4","19",,,,,,,,,"46.3",,,,,,,,"91","33.8",,,"0.331","0.353",,,,,,
"2","화성","성인","일반","27","관리자","참가","20250214","M","176.2","68.7","23.1",,"79","140","41.5","43.8",,,"21.7",,,,,,"22.1","33",,,"191",,,,,,"63.8",,,,,,,,"98","47.9",,,"0.320",,,,,,,
"1","천안","성인","일반","22","관리자","참가","20250214","F","164.1","68.2","38.1",,"77","128","25.2","28.7",,,"15.6",,,,,,"25.3","24",,,,,,,,,"42.1",,,,,,,,"131","33.4",,,"0.340","0.440",,,,,,
"1","서구(대전)","성인","일반","63","관리자","참가","20250214","M","180.2","84.3","23.8",,"65","128","47.8","52.1",,,"-9.8",,,,,,"26.0","23",,"12.92","173",,,,,,"61.8",,,,,,,,"120","32.6",,,,,,,,,,
"1","남구(울산)","청소년","일반","18","관리자","3등급","20250214","M","175.2","76.8","24.3","89.6","76","126","40.1","47","35",,"14.2","18.41","0.609","55.759","9","56.173","25.0",,,,,,,,,,"61.2",,,"92","118","151",,"42.9",,,,,,,,,,,,
"4","서구(대전)","성인","일반","19","관리자","3등급","20250214","M","172.1","60.3","9.8",,"61","128","47.8","45.2",,,"15.7",,,,,,"20.4","42",,,"233",,,,,,"79.3",,,,,,,,"108","49.9",,,"0.269",,,,,,,
"2","KSPO대구","성인","일반","25","관리자","2등급","20250214","F","161.2","56","26","73","84","130","25.2","27.8",,,"16.6",,,,,,"21.6","31",,,"144",,,,,,"49.6",,,,,,,,"115","37.5",,,"0.353",,,,,,,
"1","동작","성인","일반","61","관리자","참가","20250214","F","155.8","57.6","33.9","84","98","148","19.4","12.4",,,"17.1",,,,,,"23.7","19",,,"136",,,,,,"33.7",,,,,,,,"129","28.3",,,"0.513",,,,,,,
"2","보은","어르신","일반","71","관리자","1등급","20250214","M","159.1","60.1","18.4",,"83","156","33.6","37.4",,,"11.3",,,,,,"23.7",,,,,"29",,"133","4.63","20.50","62.2",,,,,,,,,,,,,,,,,,,"37.4"
"1","KSPO대구","성인","일반","25","관리자","참가","20250214","F","175.3","55.8","26.9","63","83","133","25.5","23.4",,,"13.7",,,,,,"18.2","4",,,,,,,,,"45.7",,,,,,,,"132","36.9",,,"0.39",,,,,,,
"2","동작","성인","일반","28","관리자","참가","20250214","F","161.7","49.6","28.3","66","78","120","21.1","22",,,"0.5",,,,,,"19.0","23",,,"137",,,,,,"44.4",,,"98","118","145",,"38.7",,,,,"0.388",,,,,,,
"3","오산","어르신","일반","67","관리자","2등급","20250214","F","161.3","65.2","35.3","90.1","81","141","24.2","25.9",,,"16.1",,,,,,"25.1",,,,,"29",,"110","5.9","20.47","39.7",,,,,,,,,,,,,,,,,,,"25.9"
"7","오산","어르신","일반","75","관리자","2등급","20250214","F","152.6","57.3","33.4","82.9","79","133","19","18.2",,,"18.3",,,,,,"24.6",,,,,"21",,"113","5.15","23.19","33.2",,,,,,,,,,,,,,,,,,,"19.0"
"1","나주","성인","일반","23","관리자","참가","20250214","M","162.9","93.2","40.4","101.6","78","130","39.2","40.9",,,"1.1",,,,,,"35.1","1",,,"179",,,,,,"43.9",,,"88","130","165","170","35.9",,,,,"0.340",,,,,,,
"5","남구(부산)","성인","일반","22","관리자","3등급","20250214","F","163.3","45.2","30.2",,"62","102","20.3","23",,,"12.7",,,,,,"16.9","25",,,,,,,,,"50.9",,,"52","139","159",,"42.1",,,,,"0.335","0.439",,,,,,
"12","중구(서울)","어르신","일반","75","관리자","2등급","20250214","M","167.1","71.4","31.3","94.8","54","130","29.9","33.3",,,"7.7",,,,,,"25.6",,,,,"24",,"103","5.2","23.9","46.6",,,,,,,,,,,,,,,,,,,"33.3"
"1","부천","어르신","일반","75","관리자","1등급","20250214","M","163.4","60","28.1",,"78","151","32","31.8",,,"12",,,,,,"22.5",,,,,"30",,"134","4.90","20.51","53.3",,,,,,,,,,,,,,,,,,,"32.0"
"1","고양","어르신","일반","82","관리자","3등급","20250214","M","162.5","66.8","31.4",,"78","149","28.3","26.3",,,"-3.4",,,,,,"25.3",,,,,"27",,"101","6.10","24.77","42.4",,,,,,,,,,,,,,,,,,,"28.3"
"1","고양","성인","일반","24","관리자","참가","20250214","F","165.1","60.5","30.9",,"81","116","23.1","16.6",,,"-4.6",,,,,,"22.2","18",,"15.21","109",,,,,,"38.2",,,,,,,,"121","36.3",,,,,,,,,,
"1","중구(서울)","어르신","일반","71","관리자","2등급","20250214","M","170.9","70.2","24.2","94","80","132","35.4","37.6",,,"8.9",,,,,,"24.0",,,,,"27",,"136","5.1","19","53.6",,,,,,,,,,,,,,,,,,,"37.6"
"8","부천","어르신","일반","73","관리자","3등급","20250214","F","152.7","74.9","51.3",,"77","141","25.5","27.1",,,"10.2",,,,,,"32.1",,,,,"18",,"84","5.86","24.51","36.2",,,,,,,,,,,,,,,,,,,"27.1"
"1","남구(부산)","성인","일반","45","관리자","3등급","20250214","M","164.3","68.1","24.1",,"76","141","42.7","37",,,"6.4",,,,,,"25.2","57",,,,,,,,,"62.7",,,"70","89","109","139","43.7",,,,,"0.322","0.577",,,,,,
"3","마포","어르신","일반","72","관리자","2등급","20250214","M","161.1","62.7","20.4","84","83","135","41.2","43",,,"8.4",,,,,,"24.2",,,,,"27",,"121","3.74","15.45","68.6",,,,,,,,,,,,,,,,,,,"43.0"
"9","마포","어르신","일반","67","관리자","3등급","20250214","M","169","66.6","27.3","80","69","123","39.7","46.1",,,"2.8",,,,,,"23.3",,,,,"33",,"148","3.45","15.09","69.2",,,,,,,,,,,,,,,,,,,"46.1"
"4","서대문","성인","일반","19","관리자","3등급","20250214","M","179.6","73.3","16.5",,"80","120","47.7","50",,,"18.7",,,,,,"22.7","59","46","11.08",,,,,,,"68.2",,"43.3",,,,,,,,,,,"0.644",,,,,,
"8","서대문","성인","일반","64","관리자","1등급","20250214","M","184.8","84","22",,"80","120","41","52.5",,,"13.4",,,,,,"24.6","35","31","13.28",,,,,,,"62.5",,"34.5",,,,,,,,,,,"0.525",,,,,,
"1","KSPO광주","청소년","일반","18","관리자","참가","20250214","M","176.9","73.3","24.1","75","66","126","35.3","41.3","16",,"17.6","20.01","0.53","51.141","5","51.371","23.4",,,,,,,,,,"56.3",,,"97","139","148",,"46.7",,,,,,,,,,,,
"8","남구(부산)","성인","일반","23","관리자","2등급","20250214","M","183.4","80.8","12.4",,"79","151","53.6","52",,,"20.9",,,,,,"24.0","61",,,,,,,,,"66.3",,,"94","119","132","158","45.7",,,,,"0.265","0.626",,,,,,
"3","오산","어르신","일반","65","관리자","참가","20250214","F","147.1","51.4","36.5","78.5","81","149","22.1","23.4",,,"10.1",,,,,,"23.8",,,,,"26",,"117","6.10","21.75","45.5",,,,,,,,,,,,,,,,,,,"23.4"
"1","포천","어르신","일반","79","관리자","3등급","20250214","M","159.2","70.1","31.2","91","89","158","31.6","34.7",,,"1.9",,,,,,"27.7",,,,,"28",,"125","4","17.41","49.5",,,,,,,,,,,,,,,,,,,"34.7"
"2","성동","성인","일반","28","관리자","3등급","20250214","F","164","57.8","31",,"73","118","26.2","26.3",,,"20.8",,,,,,"21.5","21",,,,,,,,,"45.5",,,"82","125","150",,"37.1",,,,,"0.301","0.428",,,,,,
"2","목포","성인","일반","19","관리자","참가","20250214","M","173.5","56.2","19","75.1","75","141","26.1","31.4",,,"6.6",,,,,,"18.7","37",,,"214",,,,,,"55.9",,,,,,,,"124","48.6",,,"0.262",,,,,,,
"1","안산","어르신","일반","71","관리자","참가","20250214","M","162.7","89","40.8","103","93","158","33.7","35.1",,,"-3.2",,,,,,"33.6",,,,,"28",,"89","6.1","25.5","39.4",,,,,,,,,,,,,,,,,,,"35.1"
"2","안산","어르신","일반","65","관리자","1등급","20250214","F","152.3","48","28.1","70","87","142","23.4","25.7",,,"21.4",,,,,,"20.7",,,,,"29",,"131","4.9","19.9","53.5",,,,,,,,,,,,,,,,,,,"25.7"
"3","나주","성인","일반","33","관리자","3등급","20250214","M","174.1","75.4","22.3","85","88","152","45.5","47.7",,,"7.3",,,,,,"24.9","58","41",,,,,,,,"63.3",,"40.8",,,,,,,,,,"0.306","0.505",,,,,,
"4","서대문","성인","일반","19","관리자","2등급","20250214","M","168.2","55.5","17.1",,"72","127","34.4","43",,,"16.7",,,,,,"19.6","57","55","10.66",,,,,,,"77.5",,"48.3",,,,,,,,,,,"0.547",,,,,,
"5","서대문","성인","일반","38","관리자","3등급","20250214","M","183.8","81.8","26.3",,"85","130","44.6","41.8",,,"13",,,,,,"24.2","48","54","11.27",,,,,,,"54.5",,"42.3",,,,,,,,,,,"0.567",,,,,,
"1","고양","성인","일반","23","관리자","참가","20250214","F","161.6","51.7","22.9",,"73","134","24.3","27.1",,,"21",,,,,,"19.8","16",,"12.78","154",,,,,,"52.4",,,,,,,,"112","39.4",,,,,,,,,,
"1","KSPO송파별관(어르신)","어르신","일반","68","관리자","2등급","20250214","F","148","51.9","34.1",,"98","153","19.5","22.3",,,"18.3",,,,,,"23.7",,,,,"25",,"140","4.8","18.08","43.0",,,,,,,,,,,,,,,,,,,"22.3"
"2","KSPO대구","성인","일반","25","관리자","3등급","20250214","F","163.9","57.1","31.1","75","82","130","30.8","32.9",,,"13.5",,,,,,"21.3","38",,,,,,,,,"57.6",,,,,,,,"145","33.9",,,"0.348","0.435",,,,,,
"1","화성","성인","일반","60","관리자","3등급","20250214","M","176.4","76.2","26.2",,"69","110","37.6","34.2",,,"4.2",,,,,,"24.5","22",,"13.1","141",,,,,,"49.3",,,"89","125","140",,"35.8",,,,,,,,,,,,
"1","사천","성인","일반","60","관리자","참가","20250214","M","172.1","85.8","37","108.2","83","130","34.2","36.8",,,"15",,,,,,"29.0","12",,,,,,,,,"42.9",,,,,,,,"106","34.5",,,"0.392","0.427",,,,,,
"4","서대문","성인","일반","45","관리자","2등급","20250214","F","158.7","58.5","34.8",,"84","127","30","31.7",,,"26.1",,,,,,"23.2","30","18","13.16",,,,,,,"54.2",,"31.5",,,,,,,,,,,"0.423",,,,,,
"1","서대문","성인","일반","60","관리자","참가","20250214","M","162.5","67.0","31.9",,"76","113","38.9","38.2",,,"1.0",,,,,,"25.4","22","28","12.77",,,,,,,"58.1",,"37.1",,,,,,,,,,,"0.420",,,,,,
"1","마포","성인","일반","19","관리자","2등급","20250214","M","175","59","14.5","67","82","136","48.8","49.9",,,"17.4",,,,,,"19.3","53",,,"214",,,,,,"84.6",,,,,,,,"124","48.1",,,"0.296",,,,,,,
"4","수원","성인","일반","24","관리자","참가","20250214","F","163.3","46","27.5","76","69","110","22.8","21.5",,,"7.5",,,,,,"17.2","28",,,,,,,,,"49.6",,,,,,,,"119","39.9",,,"0.344","0.446",,,,,,
"2","서대문","성인","일반","20","관리자","3등급","20250214","F","170.1","60.5","30.9",,"62","112","22.3","26.5",,,"10.9",,,,,,"20.9","32","21","12.54",,,,,,,"43.8",,"33.3",,,,,,,,,,,"0.449",,,,,,
"4","서대문","성인","일반","28","관리자","2등급","20250214","F","157.5","48.9","30.0",,"67","103","25.4","23.1",,,"15.6",,,,,,"19.7","36","24","11.99",,,,,,,"51.9",,"35.5",,,,,,,,,,,"0.467",,,,,,
"1","서대문","성인","일반","52","관리자","참가","20250214","F","169.1","72.1","37.8",,"75","121","26.6","12.4",,,"19.5",,,,,,"25.2","8","18","14.12",,,,,,,"36.9",,"29.2",,,,,,,,,,,"0.402",,,,,,
"2","중구(서울)","어르신","일반","69","관리자","2등급","20250214","M","160.9","59.9","19.5","82.1","84","140","36.8","35.3",,,"9.0",,,,,,"23.1",,,,,"31",,"121","4.3","20.4","61.4",,,,,,,,,,,,,,,,,,,"36.8"
"4","사상","성인","일반","24","관리자","참가","20250214","F","160","47.5","24.4","64.7","75","117","20","23.1",,,"7.7",,,,,,"18.6","30",,,"133",,,,,,"48.6",,,"85","110","141",,"40.3",,,,,"0.366",,,,,,,
"10","중구(서울)","어르신","일반","71","관리자","2등급","20250214","M","156.8","51.4","17.1","75.3","66","116","29.4","27.1",,,"6.6",,,,,,"20.9",,,,,"29",,"115","4.9","20.5","57.2",,,,,,,,,,,,,,,,,,,"29.4"
"1","동작","성인","일반","30","관리자","참가","20250214","M","172.3","68.9","18.8","80","82","130","43.9","43.8",,,"2.6",,,,,,"23.2","38",,,,,,,,,"63.7",,,"65","93","114","129","50.3",,,,,"0.295","0.49",,,,,,
"3","스포원(금정)","어르신","일반","74","관리자","3등급","20250214","M","158.8","60.4","25.7",,"85","190","29.4","42.2",,,"11.5",,,,,,"24.0",,,,,"18",,"102","5.8","27","69.9",,,,,,,,,,,,,,,,,,,"42.2"
"1","사하","성인","일반","27","관리자","참가","20250214","M","187.5","103.9","32.8","107.5","95","146","38.5","38.7",,,"-8.7",,,,,,"29.6","26",,,"176",,,,,,"37.2",,,,,,,,"146","33.9",,,"0.356",,,,,,,
"3","영주","성인","일반","24","관리자","참가","20250214","F","157","69.4","38.3",,"84","118","31.2","31.6",,,"11.1",,,,,,"28.2","27",,,"164",,,,,,"45.5",,,"89","127","156",,"33.0",,,,,"0.334",,,,,,,
"3","스포원(금정)","성인","일반","20","관리자","3등급","20250214","M","172","73.6","21.3",,"47","108","42.1","40.3",,,"10.2",,,,,,"24.9","45",,,"188",,,,,,"57.2",,,,,,,,"114","45.8",,,"0.326",,,,,,,
"1","KSPO송파","성인","일반","29","관리자","2등급","20250214","F","163.2","56.3","27.4","74","62","111","24.2","24.3",,,"17.3",,,,,,"21.1","33",,,,,,,,,"43.2",,,"89","123","150",,"36.8",,,,,"0.304","0.425",,,,,,
"2","양평","성인","일반","35","관리자","참가","20250214","F","145.8","71.3","49.8",,"62","99","10.7","11.1",,,"3.1",,,,,,"33.5","1",,,,,,,,,"15.6",,,"122","163","187",,"26.0",,,,,"0.464","0.241",,,,,,
"1","북구(광주)","성인","일반","52","관리자","2등급","20250214","M","168.9","74.0","22.8","87.2","91","136","41.8","40.7",,,"13.1",,,,,,"25.9","37","35",,,,,,,,"56.5",,"38.2",,,,,,,,,,"0.360","0.578",,,,,,
"1","의정부","어르신","일반","74","관리자","참가","20250214","M","170.9","64","22.2","81.9","81","140","24.2","28",,,"-20",,,,,,"21.9",,,,,"25",,"98","5.43",,"43.8",,,,,,,,,,,,,,,,,,,"28.0"
"1","북구(광주)","성인","일반","27","관리자","참가","20250214","M","174.0","82.5","30.1","90.4","59","122","36.9","40.7",,,"13.9",,,,,,"27.2","30",,"11.82",,,,,,,"49.3",,,"86","123","148","178","39.1",,,,,,"0.572",,,,,,
"1","화성","어르신","일반","65","관리자","3등급","20250214","F","148.9","66","44.3",,"72","147","20","23.7",,,"12.4",,,,,,"29.8",,,,,"18",,"109","5.9","27.1","35.9",,,,,,,,,,,,,,,,,,,"23.7"
"1","의정부","어르신","일반","70","관리자","3등급","20250214","M","162.6","64.7","32.7","86.1","107","150","29.7","26.7",,,"1.9",,,,,,"24.5",,,,,"19",,"95","5.93","24.04","45.9",,,,,,,,,,,,,,,,,,,"29.7"
"2","천안","성인","일반","24","관리자","3등급","20250214","F","168.6","57.1","29.9",,"68","113","22.3","23.2",,,"29.7",,,,,,"20.1","42",,"12.03",,,,,,,"40.6",,,,,,,,"106","39.3",,,,,,,,,,
"2","창원마산회원","성인","일반","51","관리자","2등급","20250214","F","163","59.9","22.1","78","96","135","29.4","36.2",,,"16.7",,,,,,"22.5","43",,"12.47","155",,,,,,"60.4",,,,,,,,"89","35.1",,,,,,,,,,
"4","화성","어르신","일반","67","관리자","2등급","20250214","F","154.5","68.9","40.4",,"56","113","26.1","28.6",,,"19.1",,,,,,"28.9",,,,,"22",,"112","4.79","20.91","41.5",,,,,,,,,,,,,,,,,,,"28.6"
"1","천안","성인","일반","22","관리자","3등급","20250214","F","164.4","48.2","21.6",,"80","122","27.4","29.2",,,"19.1",,,,,,"17.8","26",,"11.79",,,,,,,"60.6",,,,,,,,"117","40.1",,,,,,,,,,
"1","포천","성인","일반","57","관리자","참가","20250214","F","161.3","74.9","31.8","88","97","154","28.1","32.7",,,"12.9",,,,,,"28.8","11",,,"118",,,,,,"43.7",,,,,,,,"128","25.4",,,"0.432",,,,,,,
"1","KSPO송파","성인","일반","57","관리자","3등급","20250214","F","154.1","47.9","23.7","67.9","65","103","20.6","23.6",,,"16.5",,,,,,"20.2","10","14","13.25","159",,,,,,"49.3",,"31.4",,,,,,,,,,,,,,,,,
"1","KSPO송파별관(어르신)","어르신","일반","73","관리자","3등급","20250214","M","176","72.9","22.2",,"81","158","32.6","30.6",,,"9.7",,,,,,"23.5",,,,,"22",,"119","5.26","23.54","44.7",,,,,,,,,,,,,,,,,,,"32.6"
"1","사천","어르신","일반","70","관리자","1등급","20250214","M","162.3","53.9","27","81.2","80","147","35.9","38",,,"9.5",,,,,,"20.5",,,,,"29",,"128","4.73","18.04","70.5",,,,,,,,,,,,,,,,,,,"38.0"
"3","서구(대전)","성인","일반","51","관리자","참가","20250214","F","163.7","61","36.7",,"70","128","26.2","30.1",,,"14",,,,,,"22.8","5",,,,,,,,,"49.3",,,"95","131","156",,"31.2",,,,,"0.359","0.390",,,,,,
"5","오산","어르신","일반","72","관리자","참가","20250214","F","155.4","65.6","43.4","94.9","70","123","19.5","22.6",,,"-0.9",,,,,,"27.2",,,,,"15",,"100","6.61","27.53","34.5",,,,,,,,,,,,,,,,,,,"22.6"
"1","오산","어르신","일반","69","관리자","참가","20250214","F","155.4","63.2","39","91.2","77","150","24.2","24.6",,,"10.5",,,,,,"26.2",,,,,"21",,"108","5.84","22.53","38.9",,,,,,,,,,,,,,,,,,,"24.6"
"4","김천","성인","일반","46","관리자","3등급","20250214","F","159.8","58.6","22.7","74.5","69","129","30","29.7",,,"14.7",,,,,,"22.9","32",,,"161",,,,,,"51.2",,,"70","107","130",,"35.8",,,,,"0.407",,,,,,,
"12","중구(서울)","어르신","일반","72","관리자","1등급","20250214","M","163.5","56.4","21.4","76","68","138","30.4","31.3",,,"9.3",,,,,,"21.1",,,,,"30",,"120","4.8","20.1","55.5",,,,,,,,,,,,,,,,,,,"31.3"
"3","연제","성인","일반","61","관리자","참가","20250214","M","168.3","64.0","17.1",,"96","155","30.3","37.1",,,"1.0",,,,,,"22.6","31",,,"185",,,,,,"58.0",,,"96","117","129","148","39.5",,,,,"0.302",,,,,,,
"5","중구(서울)","어르신","일반","67","관리자","2등급","20250214","M","178.4","62.8","13.6","76.5","79","130","48.1","48.1",,,"11.6",,,,,,"19.7",,,,,"30",,"120","5","20.4","76.6",,,,,,,,,,,,,,,,,,,"48.1"
"1","부천","성인","일반","28","관리자","참가","20250214","F","168.8","72.7","38.8",,"75","114","20.4","21.4",,,"10.8",,,,,,"25.5","22",,,,,,,,,"29.4",,,"85","123","151",,"33.3",,,,,"0.304","0.427",,,,,,
"1","고양","성인","일반","43","관리자","3등급","20250214","M","180.2","76.7","17.6",,"74","122","54.1","53.9",,,"19.8",,,,,,"23.6","48","30","10.80","202",,,,,,"70.5",,"37.1",,,,,,,,,,,,,,,,,
"1","사하","성인","일반","29","관리자","1등급","20250214","M","169.5","71.0","15.3","81.6","95","158","59.6","51",,,"16.4",,,,,,"24.7","63","55","9.51","201",,,,,,"83.9",,"45.2",,,,,,,,,,,,,,,,,
"1","천안","성인","일반","33","관리자","3등급","20250214","M","175.6","75","21.7",,"73","131","47.7","51.8",,,"5.3",,,,,,"24.3","46","35",,"243",,,,,,"69.1",,"39.5",,,,,,,,,,"0.326",,,,,,,
"1","증평","성인","일반","27","관리자","3등급","20250214","F","165.0","56.4","35.4","81.4","77","122","23.9","24.1",,,"20.1",,,,,,"20.7","26",,"13.3","139",,,,,,"42.7",,,"83","91","124",,"39.3",,,,,,,,,,,,
"1","KSPO대구","성인","일반","21","관리자","2등급","20250214","F","165.9","57.8","22","70","59","128","27.4","28.3",,,"19",,,,,,"21.0","32",,"12.3","183",,,,,,"49.0",,,,,,,,"117","38.1",,,,,,,,,,
"1","KSPO송파","성인","일반","25","관리자","3등급","20250214","M","179.9","68.2","15.8","76.5","97","134","37.8","42.3",,,"8.1",,,,,,"21.1","50","50",,"249",,,,,,"62.0",,"44.5",,,,,,,,,,"0.369",,,,,,,
"1","KSPO대구","성인","일반","37","관리자","3등급","20250214","M","184.1","80.1","11.5","85","74","129","31.7","42.7",,,"10.4",,,,,,"23.6","47","48","10.4","247",,,,,,"53.3",,"41.3",,,,,,,,,,,,,,,,,
"3","남원","성인","일반","48","관리자","2등급","20250214","M","175.5","75.3","22.8","86.8","87","131","49.2","43.3",,,"13.4",,,,,,"24.4","40",,,"216",,,,,,"65.3",,,"80","120","139","150","40.8",,,,,"0.337",,,,,,,
"4","동구(인천)","성인","일반","23","관리자","참가","20250214","F","167","58.2","35.7",,"79","114","22.9","24.6",,,"12.7",,,,,,"20.9","19",,,"139",,,,,,"42.3",,,,,,,,"131","36.0",,,"0.387",,,,,,,
"2","동구(인천)","성인","일반","28","관리자","2등급","20250214","F","160.5","47.2","22.4",,"77","116","25.6","26.9",,,"18.3",,,,,,"18.3","38",,,,,,,,,"57.0",,,,,,,,"132","37.0",,,"0.348","0.5",,,,,,
"1","동구(인천)","성인","일반","32","관리자","참가","20250214","F","173.4","62","28",,"65","122","23.1","24.7",,,"6.6",,,,,,"20.6","34","18","13.56","146",,,,,,"39.8",,"31.7",,,,,,,,,,,,,,,,,
"2","동구(인천)","성인","일반","25","관리자","1등급","20250214","F","170.5","56.1","23.9",,"60","110","29","26.9",,,"23.5",,,,,,"19.3","37",,"11.88","187",,,,,,"51.7",,,,,,,,"131","36.5",,,,,,,,,,
"1","창원","어르신","출장","65","관리자","3등급","20250214","F","151","62.2","36.3","86","82","153","21.7","19.4",,,"18",,,,,,"27.3",,,,,"35",,"121","4.539","18.556","34.9",,,,,,,,,,,,,,,,,,,"21.7"
"4","창원","어르신","출장","74","관리자","3등급","20250214","M","164","67.1","32.9","88","83","157","30.4","30.6",,,"11",,,,,,"24.9",,,,,"22",,"99","6.874","28.219","45.6",,,,,,,,,,,,,,,,,,,"30.6"
"4","창원","어르신","출장","66","관리자","3등급","20250214","F","153","50.1","35.8","76","83","151","19.1","21.2",,,"15",,,,,,"21.4",,,,,"19",,"98","6.109","24.504","42.3",,,,,,,,,,,,,,,,,,,"21.2"
"3","창원","어르신","출장","71","관리자","참가","20250214","F","149","59.2","42.5","89","77","132","17.3","17",,,"5",,,,,,"26.7",,,,,"14",,"35","6.460","28.535","29.2",,,,,,,,,,,,,,,,,,,"17.3"
"6","창원","어르신","출장","80","관리자","2등급","20250214","M","166","71.2","28.4","93","57","124","34.7","35.5",,,"2",,,,,,"25.8",,,,,"17",,"159","5.712","22.634","49.9",,,,,,,,,,,,,,,,,,,"35.5"
"1","창원","어르신","출장","83","관리자","참가","20250214","F","142","49.5","35.2","84","63","123","12.1","7.8",,,"1.8",,,,,,"24.5",,,,,"25",,"110","8.121","29.499","24.4",,,,,,,,,,,,,,,,,,,"12.1"
"12","창원","어르신","출장","82","관리자","3등급","20250214","F","145.7","55","36.1","92","84","157","14.5","18.6",,,"8.5",,,,,,"25.9",,,,,"18",,"132","7.439","31.485","33.8",,,,,,,,,,,,,,,,,,,"18.6"
"1","창원","어르신","출장","79","관리자","2등급","20250214","F","147","55.8","38.3","82","74","147","19.4","22.6",,,"15",,,,,,"25.8",,,,,"19",,"88","5.872","30.310","40.5",,,,,,,,,,,,,,,,,,,"22.6"
"15","창원","어르신","출장","76","관리자","2등급","20250214","M","175","79.5","28.3","88","76","125","42.1","45.6",,,"10",,,,,,"26.0",,,,,"24",,"135","6.522","24.144","57.4",,,,,,,,,,,,,,,,,,,"45.6"
"10","창원","어르신","출장","73","관리자","참가","20250214","F","152","53.1","32.4","85","97","159","19.6","9.9",,,"-3",,,,,,"23.0",,,,,"18",,"119","6.493","26.358","36.9",,,,,,,,,,,,,,,,,,,"19.6"
"1","창원","어르신","출장","72","관리자","참가","20250214","M","169","66.7","20.2","87","74","153","33.9","41",,,"-1",,,,,,"23.4",,,,,"21",,"147","12.024","34.338","61.5",,,,,,,,,,,,,,,,,,,"41.0"
"1","창원","어르신","출장","75","관리자","참가","20250214","M","171.7","62.8","22.1","76","87","159","28.4","36.6",,,"2",,,,,,"21.3",,,,,"13",,"116","7.301","32.968","58.3",,,,,,,,,,,,,,,,,,,"36.6"
"3","창원","어르신","출장","81","관리자","참가","20250214","F","135","53.1","44.3","87","81","159","12.7","15.3",,,"21",,,,,,"29.1",,,,,"21",,"126","10.821","31.099","28.8",,,,,,,,,,,,,,,,,,,"15.3"
"2","창원","어르신","출장","81","관리자","2등급","20250214","F","149","57.6","38","90","75","155","17.9","20.7",,,"20",,,,,,"25.9",,,,,"14",,"122","6.145","21.366","35.9",,,,,,,,,,,,,,,,,,,"20.7"
"3","창원","어르신","출장","74","관리자","3등급","20250214","M","173","72.1","29.3","90","87","155","30.1","32.1",,,"0",,,,,,"24.1",,,,,"30",,"138","4.851","18.899","44.5",,,,,,,,,,,,,,,,,,,"32.1"
"1","창원","어르신","출장","78","관리자","참가","20250214","M","172.3","62.7","21.6","83","77","154","27.4","30.3",,,"5",,,,,,"21.1",,,,,"11",,"131","7.386","34.277","48.3",,,,,,,,,,,,,,,,,,,"30.3"
"1","창원","어르신","출장","74","관리자","3등급","20250214","F","144","52.7","43","79","72","142","17.6","21.9",,,"17",,,,,,"25.4",,,,,"19",,"119","6.049","28.214","41.6",,,,,,,,,,,,,,,,,,,"21.9"
"9","창원","어르신","출장","73","관리자","참가","20250214","M","170","69.9","25.2","83","60","120","38.4","37.9",,,"-5",,,,,,"24.2",,,,,"26",,"115","6.407","27.988","54.9",,,,,,,,,,,,,,,,,,,"38.4"
"1","창원","어르신","출장","76","관리자","1등급","20250214","F","150.6","54","35.7","76","88","149","20","20.1",,,"24",,,,,,"23.8",,,,,"28",,"123","6.661","26.349","37.2",,,,,,,,,,,,,,,,,,,"20.1"
"1","창원","어르신","출장","84","관리자","참가","20250214","F","150","56.9","35.6","85","77","153","19.3","23.3",,,"4",,,,,,"25.3",,,,,"17",,"140","6.505","24.012","40.9",,,,,,,,,,,,,,,,,,,"23.3"
"1","창원","어르신","출장","71","관리자","2등급","20250214","F","156","59.1","35.9","76","74","159","21","24.1",,,"22",,,,,,"24.3",,,,,"18",,"105","5.833","22.950","40.8",,,,,,,,,,,,,,,,,,,"24.1"
"1","창원","어르신","출장","81","관리자","3등급","20250214","F","154","47.9","25.4","76","97","159","18.9","24.2",,,"17",,,,,,"20.2",,,,,"12",,"116","6.249","23.760","50.5",,,,,,,,,,,,,,,,,,,"24.2"
"3","창원","어르신","출장","76","관리자","2등급","20250214","F","150","50.7","38.7","77","57","123","17.6","18.3",,,"22",,,,,,"22.5",,,,,"26",,"105","5.99","25.469","36.1",,,,,,,,,,,,,,,,,,,"18.3"
"2","창원","어르신","출장","69","관리자","참가","20250214","F","153","73.5","43.7","95","57","128","17.9","18.9",,,"15",,,,,,"31.4",,,,,"16",,"93","8.102","31.648","25.7",,,,,,,,,,,,,,,,,,,"18.9"
"3","창원","어르신","출장","80","관리자","참가","20250214","F","157","69.6","43","88","77","147","19.1","20.1",,,"12",,,,,,"28.2",,,,,"12",,"13","8.953","38.289","28.9",,,,,,,,,,,,,,,,,,,"20.1"
"2","창원","어르신","출장","82","관리자","2등급","20250214","M","170","73.3","26.2","89","91","159","43.9","40",,,"7",,,,,,"25.4",,,,,"21",,"134","6.247","27.969","59.9",,,,,,,,,,,,,,,,,,,"43.9"
"1","창원","어르신","출장","72","관리자","참가","20250214","F","159.7","66.3","34.9","91","55","143","19.4","19.4",,,"3",,,,,,"26.0",,,,,"12",,"113","6.545","26.968","29.3",,,,,,,,,,,,,,,,,,,"19.4"
"3","창원","어르신","출장","80","관리자","1등급","20250214","M","165","58.4","27.2","80","35","148","31.9","23",,,"6",,,,,,"21.5",,,,,"24",,"141","6.131","23.317","54.6",,,,,,,,,,,,,,,,,,,"31.9"
"7","창원","어르신","출장","74","관리자","3등급","20250214","F","150","47","32.6","71","76","128","19.4","18.9",,,"13",,,,,,"20.9",,,,,"31",,"116","6.415","25.017","41.3",,,,,,,,,,,,,,,,,,,"19.4"
"3","창원","어르신","출장","72","관리자","3등급","20250214","F","162","49.7","24.3","70","69","118","19.6","21.2",,,"11",,,,,,"18.9",,,,,"18",,"127","5.613","22.954","42.7",,,,,,,,,,,,,,,,,,,"21.2"
"16","창원","어르신","출장","80","관리자","2등급","20250214","M","177","78.5","29.5","92","84","118","36.7","38.9",,,"11",,,,,,"25.1",,,,,"23",,"112","6.446","27.338","49.6",,,,,,,,,,,,,,,,,,,"38.9"
"2","창원","어르신","출장","68","관리자","참가","20250214","F","155","73.6","43.4","98","58","127","16.6","20.1",,,"11",,,,,,"30.6",,,,,"13",,"121","7.081","27.871","27.3",,,,,,,,,,,,,,,,,,,"20.1"
"1","창원","어르신","출장","76","관리자","3등급","20250214","F","151","51.8","37.5","79","65","130","8.7","15.3",,,"24",,,,,,"22.7",,,,,"14",,"128","7.162","26.438","29.5",,,,,,,,,,,,,,,,,,,"15.3"
"1","창원","어르신","출장","77","관리자","참가","20250214","M","160","65.1","29.3","91","85","155","24.1","24.1",,,"9",,,,,,"25.4",,,,,"15",,"154","5.979","23.515","37.0",,,,,,,,,,,,,,,,,,,"24.1"
"3","창원","어르신","출장","75","관리자","참가","20250214","F","149","55.3","37.6","85","55","113","18.3","14",,,"17",,,,,,"24.9",,,,,"12",,"124","6.831","26.707","33.1",,,,,,,,,,,,,,,,,,,"18.3"
"1","창원","어르신","출장","66","관리자","참가","20250214","F","159","52","32.3","74","76","122","23","23.6",,,"22",,,,,,"20.6",,,,,"11",,"91","6.164","26.034","45.4",,,,,,,,,,,,,,,,,,,"23.6"
"2","창원","어르신","출장","79","관리자","참가","20250214","M","167.4","72.2","29.7","91","91","157","31","33.7",,,"6",,,,,,"25.8",,,,,"13",,"105","10.323","37.066","46.7",,,,,,,,,,,,,,,,,,,"33.7"
"2","창원","어르신","출장","76","관리자","참가","20250214","F","155","46.8","23.8","74","82","133","14.3","17.4",,,"17",,,,,,"19.5",,,,,"8",,"124","11.205","40.850","37.2",,,,,,,,,,,,,,,,,,,"17.4"
"1","창원","어르신","출장","77","관리자","참가","20250214","F","163","78.1","43.8","94","73","155","16.1","24.5",,,"20",,,,,,"29.4",,,,,"12",,"86","8.963","33.946","31.4",,,,,,,,,,,,,,,,,,,"24.5"
"3","창원","어르신","출장","70","관리자","3등급","20250214","F","149.2","54.9","35.6","84","86","153","21.2","19.4",,,"23",,,,,,"24.7",,,,,"15",,"102","6.740","22.276","38.6",,,,,,,,,,,,,,,,,,,"21.2"
"3","창원","어르신","출장","76","관리자","2등급","20250214","F","157","54.3","30.7","75","57","124","17.7","21.1",,,"16",,,,,,"22.0",,,,,"19",,"94","5.608","25.699","38.9",,,,,,,,,,,,,,,,,,,"21.1"
"9","창원","어르신","출장","71","관리자","2등급","20250214","F","153.3","52.3","30.6","75","87","148","22.9","23.7",,,"15",,,,,,"22.3",,,,,"25",,"124","5.111","20.957","45.3",,,,,,,,,,,,,,,,,,,"23.7"
"3","창원","어르신","출장","78","관리자","참가","20250214","F","155","48.3","24","82","88","159","18.6","18.9",,,"1",,,,,,"20.1",,,,,"14",,"108","7.924","32.588","39.1",,,,,,,,,,,,,,,,,,,"18.9"
"3","창원","어르신","출장","74","관리자","2등급","20250214","F","162","63","37","82","68","137","23.6","22.2",,,"20",,,,,,"24.0",,,,,"26",,"126","5.653","26.021","37.5",,,,,,,,,,,,,,,,,,,"23.6"
"3","창원","어르신","출장","71","관리자","2등급","20250214","F","154.7","53.2","32","75","94","153","30.6","22.9",,,"16",,,,,,"22.2",,,,,"23",,"127","6.079","23.619","57.5",,,,,,,,,,,,,,,,,,,"30.6"
"6","창원","어르신","출장","83","관리자","3등급","20250214","F","153","53.6","30.9","76","87","152","21","23.4",,,"16",,,,,,"22.9",,,,,"13",,"75","9.218","33.196","43.7",,,,,,,,,,,,,,,,,,,"23.4"
"3","창원","어르신","출장","76","관리자","3등급","20250214","M","170.2","65.8","15.2","83","90","146","41","37.4",,,"6",,,,,,"22.7",,,,,"31",,"112","7.240","26.212","62.3",,,,,,,,,,,,,,,,,,,"41.0"
"4","창원","어르신","출장","77","관리자","1등급","20250214","F","155","51.7","29.9","76","73","152","16","22.5",,,"23",,,,,,"21.5",,,,,"29",,"128","5.672","21.508","43.5",,,,,,,,,,,,,,,,,,,"22.5"
"5","창원","어르신","출장","74","관리자","참가","20250214","F","162","65.3","20.1","87","92","151","14.7","10.7",,,"9",,,,,,"24.9",,,,,"16",,"130","6.766","23.250","22.5",,,,,,,,,,,,,,,,,,,"14.7"
"2","창원","어르신","출장","72","관리자","2등급","20250214","F","144","66.4","47","94","73","138","19.7","22.8",,,"20",,,,,,"32.0",,,,,"24",,"132","6.243","26.681","34.3",,,,,,,,,,,,,,,,,,,"22.8"
"1","창원","어르신","출장","65","관리자","참가","20250214","F","163","57.9","24.6","78","94","153","19.4","20.1",,,"22",,,,,,"21.8",,,,,"15",,"139","6.278","22.523","34.7",,,,,,,,,,,,,,,,,,,"20.1"
"13","창원","어르신","출장","77","관리자","1등급","20250214","M","161","64.8","23.7","86","79","153","35","34.6",,,"15",,,,,,"25.0",,,,,"42",,"143","5.614","20.494","54.0",,,,,,,,,,,,,,,,,,,"35.0"
"1","창원","어르신","출장","75","관리자","참가","20250214","M","167","59.8","17.2","83","67","152","28","24.5",,,"-8",,,,,,"21.4",,,,,"13",,"97","10.656","35.700","46.8",,,,,,,,,,,,,,,,,,,"28.0"
"1","창원","어르신","출장","70","관리자","참가","20250214","F","156","62.5","34.6","82","73","111","19.5","23.8",,,"11",,,,,,"25.7",,,,,"13",,"99","7.157","27.577","38.1",,,,,,,,,,,,,,,,,,,"23.8"
"6","창원","어르신","출장","86","관리자","3등급","20250214","M","162.3","71.1","32","96","62","128","24.3","22.9",,,"2",,,,,,"27.0",,,,,"14",,"121","9.148","36.939","34.2",,,,,,,,,,,,,,,,,,,"24.3"
"3","창원","어르신","출장","75","관리자","참가","20250214","F","159","57.3","30.9","85","69","158","20.3","18",,,"4",,,,,,"22.7",,,,,"14",,"61","7.5","33.305","35.4",,,,,,,,,,,,,,,,,,,"20.3"
"1","창원","어르신","출장","85","관리자","참가","20250214","M","179","84.8","35.2","105","63","143","34.7","31.4",,,"-10",,,,,,"26.5",,,,,"10",,"0","9.836",,"40.9",,,,,,,,,,,,,,,,,,,"34.7"
"11","창원","어르신","출장","72","관리자","참가","20250214","M","163.1","59.5","14.2","84","55","112","25.9","25.8",,,"8",,,,,,"22.4",,,,,"17",,"130","7.599","31.369","43.5",,,,,,,,,,,,,,,,,,,"25.9"
"1","창원","어르신","출장","80","관리자","참가","20250214","F","156","37.1","12.5","57","57","126","12.4","18",,,"-1",,,,,,"15.2",,,,,"17",,"120","6.730","23.611","48.5",,,,,,,,,,,,,,,,,,,"18.0"
"3","창원","어르신","출장","82","관리자","3등급","20250214","F","161","66.3","36.1","95","84","138","19.7","17.3",,,"16",,,,,,"25.6",,,,,"17",,"89","7.583","29.435","29.7",,,,,,,,,,,,,,,,,,,"19.7"
"1","창원","어르신","출장","67","관리자","3등급","20250214","F","152","49.8","27.8","74","85","145","19.9","22.5",,,"14",,,,,,"21.6",,,,,"23",,"130","5.351","21.176","45.2",,,,,,,,,,,,,,,,,,,"22.5"
"9","창원","어르신","출장","75","관리자","3등급","20250214","F","155.9","49.5","32.1","72","70","153","27.1","25.4",,,"10",,,,,,"20.4",,,,,"24",,"137","5.382","21.755","54.7",,,,,,,,,,,,,,,,,,,"27.1"
"3","창원","어르신","출장","84","관리자","2등급","20250214","M","178.7","81","29.2","93","76","142","31.1","35.9",,,"17",,,,,,"25.4",,,,,"20",,"161","6.032","27.514","44.3",,,,,,,,,,,,,,,,,,,"35.9"
"8","창원","어르신","출장","89","관리자","2등급","20250214","F","143","49.3","36.8","85","70","154","14.3","15.4",,,"17",,,,,,"24.1",,,,,"23",,"60","8.310","30.028","31.2",,,,,,,,,,,,,,,,,,,"15.4"
"14","창원","어르신","출장","79","관리자","2등급","20250214","F","158.8","66.1","41","85","89","159","23.5","23",,,"17",,,,,,"26.2",,,,,"20",,"155","6.955","28.479","35.6",,,,,,,,,,,,,,,,,,,"23.5"
"1","창원","어르신","출장","73","관리자","참가","20250214","F","151","56.5","36","87","60","157","22.5","26.2",,,"10",,,,,,"24.8",,,,,"17",,"116","7.948","31.907","46.4",,,,,,,,,,,,,,,,,,,"26.2"
"1","창원","어르신","출장","68","관리자","참가","20250214","F","154","56.4","33.5","78","85","158","17","21.4",,,"8",,,,,,"23.8",,,,,"16",,"178","5.463","20.939","37.9",,,,,,,,,,,,,,,,,,,"21.4"
"4","창원","어르신","출장","75","관리자","2등급","20250214","F","155","58.8","36.2","89","72","129","22.3","20.7",,,"16",,,,,,"24.5",,,,,"16",,"144","6.315","25.503","37.9",,,,,,,,,,,,,,,,,,,"22.3"
"2","창원","어르신","출장","69","관리자","참가","20250214","F","161","53.3","26.7","71","97","159","23.2","24.1",,,"11",,,,,,"20.6",,,,,"28",,"179","5.728","23.179","45.2",,,,,,,,,,,,,,,,,,,"24.1"
"4","화성","성인","일반","53","관리자","참가","20250215","M","169","90","29.7",,"69","125","43","49.1",,,"14.5",,,,,,"31.5","56",,,"181",,,,,,"54.6",,,,,,,,"100","35.9",,,"0.350",,,,,,,
"7","KSPO대구","성인","일반","30","관리자","1등급","20250215","M","176.3","81.3","22.1","84","68","114","51.1","52.1",,,"15.2",,,,,,"26.2","55",,"10","218",,,,,,"64.1",,,,,,,,"79","47.1",,,,,,,,,,
"2","KSPO대구","성인","일반","24","관리자","3등급","20250215","F","161.7","46","24.2","71","65","103","23.4","25.1",,,"20.3",,,,,,"17.6","27",,"13.4","117",,,,,,"54.6",,,,,,,,"140","37.2",,,,,,,,,,
"7","KSPO아산","성인","일반","22","관리자","2등급","20250215","M","176.1","79.3","15.9","84","82","142","52.7","56.8",,,"15.8",,,,,,"25.6","62","62","11.2","233",,,,,,"71.6",,"46.0",,,,,,,,,,,,,,,,,
"1","춘천","성인","일반","30","관리자","참가","20250215","F","173.5","69.3","36.7","95.0","54","101","26.6","32.4",,,"15",,,,,,"23.0","28","15",,,,,,,,"46.8",,"29.7",,,,,,,,,,"0.386","0.408",,,,,,
"2","춘천","성인","일반","30","관리자","3등급","20250215","M","171.3","74.6","18.3","85.2","85","122","53.1","54.8",,,"21.6",,,,,,"25.4","42","34","10.37","220",,,,,,"73.5",,"39.6",,,,,,,,,,,,,,,,,
"1","천안","성인","일반","19","관리자","참가","20250215","M","168.3","94.4","31.1",,"80","150","40.8","52.2",,,"23.4",,,,,,"33.3","35","18",,"229",,,,,,"55.3",,"33.9",,,,,,,,,,"0.32",,,,,,,
"1","천안","성인","일반","19","관리자","3등급","20250215","M","160.2","70.5","21.2",,"74","129","38.1","38.1",,,"13.1",,,,,,"27.5","45","45",,"184",,,,,,"54.0",,"43.9",,,,,,,,,,"0.376",,,,,,,
"2","화성","유소년","일반","11","관리자","참가","20250215","M","146.9","43.2",,"76",,,"16.7","14.5","36",,"8.7",,,,,,"20.0",,"19",,"156",,,,,,"38.7",,,,,,,,,,,,,,"0.52","38","4",,,
"1","KSPO대구","성인","일반","39","관리자","참가","20250215","M","180","79.6","20.7","88.9","83","132","43.1","50.9",,,"15.7",,,,,,"24.6","38",,"11.1","217",,,,,,"63.9",,,"68","94","123","182","36.6",,,,,,,,,,,,
"1","KSPO대구","성인","일반","35","관리자","2등급","20250215","F","158.2","61.3","30.1","77.4","76","131","27.1","28.5",,,"21.4",,,,,,"24.5","36",,"13","148",,,,,,"46.5",,,"80","123","151",,"34.1",,,,,,,,,,,,
"3","남구(부산)","성인","일반","25","관리자","참가","20250215","M","168.6","74.8","26.1",,"73","122","41.4","45.2",,,"13.6",,,,,,"26.3","32",,,"174",,,,,,"60.4",,,"69","109","130","158","45.4",,,,,"0.318",,,,,,,
"1","남구(부산)","성인","일반","26","관리자","3등급","20250215","F","166.5","54.5","35.5",,"95","126","28.6","31.9",,,"12",,,,,,"19.7","42",,,"177",,,,,,"58.5",,,,,,,,"124","37.1",,,"0.331",,,,,,,
"3","천안","어르신","일반","77","관리자","1등급","20250215","M","159.8","60.2","20.8",,"85","156","35.9","36.2",,,"8.3",,,,,,"23.6",,,,,"29",,"139","4.84","22.28","60.1",,,,,,,,,,,,,,,,,,,"36.2"
"2","천안","성인","일반","27","관리자","참가","20250215","F","165.8","48.3","21.7",,"46","108","21.6","25.9",,,"8.4",,,,,,"17.6","28",,"12.38","180",,,,,,"53.6",,,"100","114","130",,"41.9",,,,,,,,,,,,
"6","KSPO대구","성인","일반","25","관리자","3등급","20250215","F","164.6","63.7","30.6","77","70","119","30","35.8",,,"9.4",,,,,,"23.5","37",,,"159",,,,,,"56.2",,,,,,,,"125","34.8",,,"0.338",,,,,,,
"1","KSPO대구","성인","일반","41","관리자","참가","20250215","M","174","65.1","20.1","81","107","180","43.9","45.8",,,"15.4",,,,,,"21.5","36","15","11.5","198",,,,,,"70.4",,"35.6",,,,,,,,,,,,,,,,,
"22","남원","성인","일반","39","관리자","3등급","20250215","M","173.2","69.4","23.3","83.3","69","102","41.8","40.4",,,"8.7",,,,,,"23.1","41",,,"211",,,,,,"60.2",,,,,,,,"142","38.1",,,"0.282",,,,,,,
"1","KSPO송파","성인","일반","24","관리자","2등급","20250215","F","169.4","53.9","25.2","75","76","122","23.6","24",,,"22.3",,,,,,"18.8","30",,,"155",,,,,,"44.5",,,,,,,,"142","35.7",,,"0.365",,,,,,,
"2","KSPO송파","성인","일반","32","관리자","2등급","20250215","F","169","50.1","21.6","70.3","63","113","20.9","25.5",,,"15",,,,,,"17.5","32",,,"178",,,,,,"50.9",,,,,,,,"147","34.6",,,"0.414",,,,,,,
"3","남구(부산)","성인","일반","36","관리자","2등급","20250215","M","179.1","73.1","19.4",,"85","134","45.4","41.9",,,"12.2",,,,,,"22.8","40",,,"226",,,,,,"62.1",,,,,,,,"86","46.7",,,"0.283",,,,,,,
"4","연제","성인","일반","38","관리자","참가","20250215","M","172.2","57.3","9.9",,"65","105","31.5","34.1",,,"9.6",,,,,,"19.3","30",,"13.57",,,,,,,"59.5",,,"74","89","105","137","49.9",,,,,,"0.488",,,,,,
"4","천안","어르신","일반","75","관리자","3등급","20250215","M","170.3","74.5","33.6",,"91","154","32.8","41.1",,,"-1.2",,,,,,"25.7",,,,,"22",,"114","6.88","25.41","55.2",,,,,,,,,,,,,,,,,,,"41.1"
"1","KSPO송파","성인","일반","24","관리자","2등급","20250215","F","166.5","49.1","17.7","68.9","93","150","25","26.3",,,"22.7",,,,,,"17.7","33",,,,,,,,,"53.6",,,"101","120","158",,"37.7",,,,,"0.356","0.427",,,,,,
"8","KSPO송파","성인","일반","60","관리자","3등급","20250215","M","157.2","60.3","27.5","79.8","87","136","33.2","34.9",,,"9.9",,,,,,"24.4","21",,,,,,,,,"57.9",,,,,,,,"96","40.4",,,"0.359","0.464",,,,,,
"1","KSPO아산","어르신","일반","69","관리자","참가","20250215","M","160.4","58.3","23.5","88","65","124","34.1","31.8",,,"-1",,,,,,"22.7",,,,,"23",,"106","6","23.2","58.5",,,,,,,,,,,,,,,,,,,"34.1"
"7","KSPO아산","어르신","일반","77","관리자","3등급","20250215","M","156.3","60.2","30.2","87","69","136","37.5","34.7",,,"-0.3",,,,,,"24.6",,,,,"27","541",,"5.4","22.9","62.3",,,,,,,,,,,,,,,,,,,"37.5"
"6","화성","어르신","일반","78","관리자","1등급","20250215","M","162.6","56.5","22.6",,"80","146","35.7","37.6",,,"10",,,,,,"21.4",,,,,"24",,"120","4.72","20.22","66.5",,,,,,,,,,,,,,,,,,,"37.6"
"3","화성","성인","일반","27","관리자","1등급","20250215","F","164.6","50.1","22",,"42","104","25.7","31.7",,,"21",,,,,,"18.5","35",,"12.26","166",,,,,,"63.3",,,,,,,,"99","40.9",,,,,,,,,,
"1","구미","성인","일반","40","관리자","3등급","20250215","M","186.7","89.9","21.8","92.7","76","139","50.5","50.8",,,"6.9",,,,,,"25.8","35",,,"219",,,,,,"56.5",,,,,,,,"103","40.0",,,"0.346",,,,,,,
"2","KSPO광주","성인","일반","25","관리자","참가","20250215","M","166.4","48.2","11","66.7","72","127","36.5","39.1",,,"19.9",,,,,,"17.4","34",,"11.1",,,,,,,"81.1",,,,,,,,"116","49.5",,,,"0.514",,,,,,
"1","KSPO광주","성인","일반","26","관리자","3등급","20250215","F","164.1","52.4","22.7","65.2","71","123","21","24.3",,,"15.7",,,,,,"19.5","23",,,,,,,,,"46.4",,,,,,,,"116","38.4",,,"0.34","0.457",,,,,,
"2","춘천","성인","일반","30","관리자","2등급","20250215","M","178.2","75.6","14.0","83.2","71","113","46.5","52.3",,,"11.5",,,,,,"23.8","41","51","10.41","233",,,,,,"69.2",,"43.3",,,,,,,,,,,,,,,,,
"1","KSPO송파","성인","일반","25","관리자","참가","20250215","F","156.8","49.3","26.9","70.4","83","129","26.1","26.5",,,"14.7",,,,,,"20.1","15",,,,,,,,,"53.8",,,,,,,,"141","35.6",,,"0.382","0.447",,,,,,
"1","동해","성인","일반","57","관리자","참가","20250215","M","166.5","77.4","32.8",,"79","124","36.4","32",,,"3.4",,,,,,"27.9","29",,,"81",,,,,,"47.0",,,,,,,,"90","39.0",,,"0.426",,,,,,,
"1","KSPO대구","성인","일반","34","관리자","3등급","20250215","F","157.8","51.2","24.8","70","89","137","20.2","22.3",,,"16.2",,,,,,"20.6","20",,,"141",,,,,,"43.6",,,,,,,,"128","35.1",,,"0.383",,,,,,,
"1","KSPO대구","성인","일반","26","관리자","3등급","20250215","M","179.6","76","16.2","82","91","155","35.8","39.2",,,"9.3",,,,,,"23.6","39",,,"223",,,,,,"51.6",,,,,,,,"75","50.1",,,"0.331",,,,,,,
"3","KSPO아산","성인","일반","63","관리자","참가","20250215","M","164.6","77.8","35","100","89","147","42.5","42.5",,,"8.9",,,,,,"28.7","29","13",,,,,,,,"54.6",,"31.7",,,,,,,,,,"0.394","0.401",,,,,,
"1","화성","성인","일반","29","관리자","참가","20250215","M","183.5","73.8","20.6",,"86","144","51.9","48.7",,,"11",,,,,,"21.9","26",,,"216",,,,,,"70.3",,,,,,,,"94","47.4",,,"0.275",,,,,,,
"1","KSPO대구","청소년","일반","18","관리자","참가","20250215","M","179.3","78.8","20.9","89.6","83","139","39.2","38.4",,"41","18","17.7","0.578","48.037","16","48.773","24.5",,"19",,,,,,,,"49.7",,"37.4",,,,,,,,,,,,,,,,,
"1","KSPO대구","성인","일반","59","관리자","참가","20250215","F","154.6","67.9","23.6","86","88","157","24.8","23.4",,,"14.6",,,,,,"28.4","2",,,"137",,,,,,"36.5",,,,,,,,"108","28.5",,,"0.387",,,,,,,
"1","동해","청소년","일반","17","관리자","3등급","20250215","F","158","49.8","28.2",,"73","111","21.2","24.6","26",,"15.5","22.95","0.443","55.564","10","56.024","19.9",,"19",,,,,,,,"49.4",,"34.8",,,,,,,,,,,,,,,,,
"2","춘천","성인","일반","47","관리자","2등급","20250215","M","179.3","81.6","24.6","97.6","91","133","43.1","46.5",,,"16.2",,,,,,"25.4","45",,"11.28","212",,,,,,"57.0",,,"86","124","133","161","39.3",,,,,,,,,,,,
"3","남구(부산)","성인","일반","26","관리자","참가","20250215","M","178.5","76.9","21.1",,"77","121","30.1","37.5",,,"-6.6",,,,,,"24.1","34",,,,,,,,,"48.8",,,"94","128","145","171","43.0",,,,,"0.354","0.514",,,,,,
"3","남구(부산)","성인","일반","38","관리자","3등급","20250215","F","162.6","57.5","26.8",,"63","98","26.9","31.7",,,"22.2",,,,,,"21.7","22",,,,,,,,,"55.1",,,,,,,,"125","33.7",,,"0.303","0.465",,,,,,
"2","남원","성인","일반","27","관리자","참가","20250215","M","174","78.2","25.8","93.5","96","147","46","47.4",,,"7.4",,,,,,"25.8","35",,,,,,,,,"60.6",,,,,,,,"78","48.5",,,"0.356","0.614",,,,,,
"1","화성","성인","일반","25","관리자","3등급","20250215","M","178.4","71.6","10.2",,"72","136","46.6","51.5",,,"7.2",,,,,,"22.5","61",,"10.97","245",,,,,,"71.9",,,"90","111","131","155","46.5",,,,,,,,,,,,
"3","연제","성인","일반","20","관리자","참가","20250215","F","158.7","55.9","31.2",,"77","126","29.3","27.2",,,"-0.6",,,,,,"22.2","33",,,,,,,,,"52.4",,,,,,,,"139","35.3",,,"0.300","0.509",,,,,,
"1","구미","성인","일반","51","관리자","3등급","20250215","M","173.8","73.8","22.8","84.3","79","137","57.3","55.5",,,"5.9",,,,,,"24.4","40",,,"190",,,,,,"77.6",,,,,,,,"133","35.5",,,"0.291",,,,,,,
"7","KSPO대구","성인","일반","56","관리자","참가","20250215","F","156.22","56","37.5","79","98","158","22.9","26.8",,,"15.3",,,,,,"22.9","12",,"15.8",,,,,,,"47.9",,,,,,,,"150","27.1",,,,"0.346",,,,,,
"5","KSPO광주","성인","일반","46","관리자","2등급","20250215","M","174.8","93.5","31.4","93","93","148","55","58.8",,,"11.4",,,,,,"30.6","36","35",,"209",,,,,,"62.9",,"35.7",,,,,,,,,,"0.311",,,,,,,
"1","동해","성인","일반","52","관리자","참가","20250215","M","173","85.6","26.4",,"82","121","37.2","41",,,"5.4",,,,,,"28.6","30",,,,,,,,,"47.9",,,"85","95","110","135","38.6",,,,,"0.451","0.533",,,,,,
"1","구미","성인","일반","40","관리자","참가","20250215","F","158.1","54.6","34.2","82.7","78","144","28.5","31.2",,,"4.7",,,,,,"21.8","25","13",,"149",,,,,,"57.1",,"30.8",,,,,,,,,,"0.443",,,,,,,
"2","구미","성인","일반","25","관리자","3등급","20250215","M","171.4","66.1","15.6","80.7","81","142","44.3","49.7",,,"6.4",,,,,,"22.5","49","49","13.14",,,,,,,"75.2",,"44.8",,,,,,,,,,,"0.623",,,,,,
"1","동해","청소년","일반","18","관리자","참가","20250215","M","176.5","61.4","12.9",,"80","138","40.4","44.2",,"45","15.5","17.17","0.628","57.077","12","57.629","19.7",,"32",,,,,,,,"72.0",,"42.5",,,,,,,,,,,,,,,,,
"4","KSPO송파","성인","일반","24","관리자","참가","20250215","F","167.9","59.7","33","79.4","79","123","21.9","27.5",,,"14.9",,,,,,"21.2","19",,,"138",,,,,,"46.1",,,"101","133","164",,"35.2",,,,,"0.286",,,,,,,
"2","KSPO송파","성인","일반","19","관리자","2등급","20250215","M","170.1","56.3","9.4","70.2","70","133","31.2","35.5",,,"14.1",,,,,,"19.5","50",,"10.76","217",,,,,,"63.1",,,,,,,,"100","51.8",,,,,,,,,,
"1","동해","성인","일반","48","관리자","참가","20250215","M","173.8","73.2","31.5",,"83","123","33.8","30.7",,,"21",,,,,,"24.2","22",,,"174",,,,,,"46.2",,,,,,,,"98","41.5",,,"0.486",,,,,,,
"1","KSPO대구","청소년","일반","17","관리자","참가","20250215","M","172.8","61.2","14.8","74","77","125","35","35.8","22",,"-4.9","17.9","0.582","48.458","23","49.516","20.5",,"34",,,,,,,,"58.5",,"42.4",,,,,,,,,,,,,,,,,
"2","KSPO대구","성인","일반","52","관리자","2등급","20250215","M","171.6","70.1","21.6","79","92","142","54.7","53.9",,,"25.6",,,,,,"23.8","44","28","10.85","211",,,,,,"78.0",,"37.1",,,,,,,,,,,,,,,,,
"4","춘천","성인","일반","28","관리자","1등급","20250215","M","175.6","63.3","18.2","77.5","66","123","50.6","46.1",,,"18.2",,,,,,"20.5","53",,"11.07","229",,,,,,"79.9",,,,,,,,"118","45.8",,,,,,,,,,
"4","화성","어르신","일반","65","관리자","2등급","20250215","F","161.3","63.7","30.7",,"85","144","31.4","30.3",,,"18.8",,,,,,"24.5",,,,,"23",,"106","5.07","21.38","49.3",,,,,,,,,,,,,,,,,,,"31.4"
"9","화성","어르신","일반","76","관리자","3등급","20250215","M","162.3","56.3","24.1",,"82","156","27.1","28.5",,,"2.2",,,,,,"21.4",,,,,"20",,"135","4.87","18.09","50.6",,,,,,,,,,,,,,,,,,,"28.5"
"5","천안","어르신","일반","78","관리자","참가","20250215","M","170.8","76.7","28.4",,"80","150","32.2","34.6",,,"12.5",,,,,,"26.3",,,,,"20",,"80","6.41","26.66","45.1",,,,,,,,,,,,,,,,,,,"34.6"
"8","천안","어르신","일반","87","관리자","3등급","20250215","M","164.5","62.7","26.7",,"80","159","29","31.4",,,"-3",,,,,,"23.2",,,,,"15",,"91","6.78","31.65","50.1",,,,,,,,,,,,,,,,,,,"31.4"
"10","KSPO아산","성인","일반","61","관리자","참가","20250215","F","165.3","64.9","36.1","88.5","71","127","25.4","26.3",,,"14.9",,,,,,"23.8","20","8",,,,,,,,"40.5",,"26.9",,,,,,,,,,"0.390","0.373",,,,,,
"1","춘천","성인","일반","21","관리자","참가","20250215","M","172.9","83.9","31.6","102.4","82","133","28.4","34.3",,,"1.7",,,,,,"28.1","28","25",,"176",,,,,,"40.9",,"36.8",,,,,,,,,,"0.405",,,,,,,
"2","연제","성인","일반","23","관리자","1등급","20250215","F","157.5","48.8","23.8",,"67","107","21.8","26.6",,,"27.2",,,,,,"19.7","36","31","12.1","166",,,,,,"54.5",,"37.8",,,,,,,,,,,,,,,,,
"8","동해","성인","일반","28","관리자","참가","20250215","F","165.8","71.5","37.6",,"83","124","26.8","29.7",,,"16.6",,,,,,"26.0","47",,,"154",,,,,,"41.5",,,,,,,,"118","33.3",,,"0.303",,,,,,,
"1","KSPO대구","성인","일반","23","관리자","참가","20250215","F","161.6","51.5","24.3","73","79","110","25.1","24.3",,,"26.7",,,,,,"19.7","10",,,,,,,,,"48.7",,,,,,,,"153","34.4",,,"0.311","0.383",,,,,,
"3","구미","성인","일반","40","관리자","2등급","20250215","M","166.9","72.5","25.7","90.3","82","122","44.2","42.4",,,"14",,,,,,"26.0","53",,,,,,,,,"61.0",,,"93","120","136","173","38.8",,,,,"0.297","0.564",,,,,,
"1","남구(부산)","성인","일반","23","관리자","3등급","20250215","F","164.7","48.1","23.1",,"58","110","24","27.6",,,"10.7",,,,,,"17.7","24",,,"167",,,,,,"57.4",,,,,,,,"113","40.4",,,"0.357",,,,,,,
"9","KSPO송파","성인","일반","38","관리자","1등급","20250215","F","163.8","53.6","17.4","73.3","80","140","25","31.6",,,"20.9",,,,,,"20.0","48",,,"177",,,,,,"59.0",,,"80","109","124",,"39.8",,,,,"0.316",,,,,,,
"1","KSPO송파","성인","일반","30","관리자","3등급","20250215","F","160.7","50","25.3","70.4","61","109","18","20.9",,,"12.4",,,,,,"19.4","48",,,,,,,,,"41.8",,,"93","101","117",,"41.9",,,,,"0.324","0.450",,,,,,
"1","남구(부산)","성인","일반","51","관리자","참가","20250215","M","179.5","91.7","26",,"62","109","48.8","48.7",,,"0.6",,,,,,"28.5","27",,,"201",,,,,,"53.2",,,,,,,,"100","36.8",,,"0.348",,,,,,,
"2","동해","성인","일반","28","관리자","참가","20250215","M","183.9","120.8","39.3",,"86","132","49.9","59.6",,,"4.4",,,,,,"35.7","26",,,,,,,,,"49.3",,,"89","118","142",,"31.5",,,,,"0.325","0.508",,,,,,
"3","KSPO아산","어르신","일반","67","관리자","3등급","20250215","M","162.9","66.5","24","87","81","140","48.8","47.1",,,"12.9",,,,,,"25.1",,,,,"26",,"105","5.1","20.1","73.4",,,,,,,,,,,,,,,,,,,"48.8"
"5","KSPO아산","어르신","일반","68","관리자","2등급","20250215","M","165.8","65.5","20.6","89","80","130","35.7","32.7",,,"9.9",,,,,,"23.8",,,,,"22",,"112","5.4","21.4","54.5",,,,,,,,,,,,,,,,,,,"35.7"
"3","천안","성인","일반","27","관리자","1등급","20250215","F","165.2","45","21.1",,"67","109","26.3","27.8",,,"20",,,,,,"16.5","35",,,"164",,,,,,"61.8",,,,,,,,"115","40.3",,,"0.352",,,,,,,
"1","KSPO대구","성인","일반","30","관리자","3등급","20250215","M","177.6","82.8","18.9","86.6","84","134","53.6","50",,,"15.8",,,,,,"26.3","52","40",,,,,,,,"64.7",,"39.7",,,,,,,,,,"0.360","0.527",,,,,,
"1","KSPO대구","성인","일반","23","관리자","2등급","20250215","F","163.6","53.9","23.7","72.5","57","97","25.1","26.9",,,"22",,,,,,"20.1","31",,,,,,,,,"49.9",,,,,,,,"122","37.8",,,"0.366","0.460",,,,,,
"3","화성","성인","일반","43","관리자","참가","20250215","M","187.6","90","24.5",,"79","141","46.3","49.1",,,"24.7",,,,,,"25.6","31",,,"221",,,,,,"54.6",,,"70","98","114","154","39.7",,,,,"0.353",,,,,,,
"1","춘천","성인","일반","31","관리자","참가","20250215","M","173.5","76.9","24.1","89.3","81","135","44.8","48.5",,,"2.7",,,,,,"25.5","34","38","11.60","223",,,,,,"63.1",,"40.1",,,,,,,,,,,,,,,,,
"1","남원","성인","일반","37","관리자","2등급","20250215","M","170.5","59.5","17.9","79","99","148","45.6","39.5",,,"16.7",,,,,,"20.5","39",,,,,,,,,"76.6",,,,,,,,"107","45.7",,,"0.299","0.601",,,,,,
"3","KSPO아산","어르신","일반","65","관리자","2등급","20250215","M","176.3","65.3","26.7","82","90","149","29.4","32.7",,,"7.6",,,,,,"21.0",,,,,"25",,"115","5.6","22.3","50.1",,,,,,,,,,,,,,,,,,,"32.7"
"1","남구(부산)","성인","일반","36","관리자","3등급","20250215","F","165.6","60.9","31.8",,"75","114","22.1","24.7",,,"19.7",,,,,,"22.2","31",,,"170",,,,,,"40.6",,,"72","138","155",,"35.7",,,,,"0.269",,,,,,,
"1","남구(부산)","성인","일반","30","관리자","3등급","20250215","F","166.6","47.2","19.5",,"56","108","20.7","22.7",,,"20.8",,,,,,"17.0","24",,,"164",,,,,,"48.1",,,,,,,,"85","43.0",,,"0.313",,,,,,,
"1","KSPO대구","성인","일반","25","관리자","1등급","20250215","F","159.6","53.4","22.3","71","68","100","23","28.3",,,"18.6",,,,,,"21.0","35",,,"158",,,,,,"53.0",,,,,,,,"114","38.1",,,"0.328",,,,,,,
"1","KSPO송파","성인","일반","32","관리자","3등급","20250215","F","177.2","76","34.2","95.3","77","129","28.5","31.4",,,"9.9",,,,,,"24.2","31",,"12.93","156",,,,,,"41.3",,,"100","130","154",,"32.1",,,,,,,,,,,,
"1","KSPO송파","성인","일반","42","관리자","참가","20250215","F","160.5","48.7","24","71.2","56","110","17.2","18.2",,,"6.5",,,,,,"18.9","18",,"13.54","143",,,,,,"37.4",,,"89","105","124",,"39.3",,,,,,,,,,,,
"1","화성","성인","일반","43","관리자","3등급","20250215","F","165.3","62.1","29",,"68","102","24.4","26",,,"21.3",,,,,,"22.7","32",,,"152",,,,,,"41.9",,,"87","114","139",,"34.3",,,,,"0.373",,,,,,,
"3","보은","성인","일반","61","관리자","2등급","20250217","F","161.6","47.9","21.9",,"78","145","21","22.4",,,"17",,,,,,"18.3","15",,,"145",,,,,,"46.8",,,"90","110","133",,"35.1",,,,,"0.478",,,,,,,
"2","화성","성인","일반","61","관리자","3등급","20250217","M","167.5","64.1","27.3",,"98","144","38.3","39.1",,,"15.9",,,,,,"22.8","19",,,"163",,,,,,"61.0",,,,,,,,"142","33.4",,,"0.373",,,,,,,
"11","보은","어르신","일반","65","관리자","3등급","20250217","F","150.7","53.7","32.8",,"68","131","23.4","28.2",,,"12.6",,,,,,"23.6",,,,,"23",,"97","4.91","21.04","52.5",,,,,,,,,,,,,,,,,,,"28.2"
"3","신안","성인","일반","60","관리자","참가","20250217","M","174.5","74.1","26.5","92","84","139","46.7","47.3",,,"6.5",,,,,,"24.3","16",,,"150",,,,,,"63.8",,,,,,,,"107","37.1",,,"0.487",,,,,,,
"7","동구(인천)","성인","일반","23","관리자","2등급","20250217","F","157.8","40.8","23.3",,"61","107","20.1","24.9",,,"23.9",,,,,,"16.4","32",,,"156",,,,,,"61.0",,,,,,,,"78","45.8",,,"0.35",,,,,,,
"2","보은","어르신","일반","76","관리자","1등급","20250217","F","153","50.5","30.9",,"71","117","20.5","22.4",,,"21.9",,,,,,"21.6",,,,,"19",,"141","5.78","23.19","44.4",,,,,,,,,,,,,,,,,,,"22.4"
"2","강북","성인","일반","61","관리자","참가","20250217","M","170.9","73.70","23.2","92","95","157","44.7","46.5",,,"-2",,,,,,"25.2","29",,,"154",,,,,,"63.1",,,"71","94","114","146","37.7",,,,,"0.394",,,,,,,
"2","창원","성인","일반","42","관리자","1등급","20250217","M","178.1","72.3","13.3","74","78","137","53.5","55.1",,,"17.1",,,,,,"22.8","44",,"11.16","210",,,,,,"76.2",,,,,,,,"82","45.9",,,,,,,,,,
"1","강북","청소년","일반","18","관리자","참가","20250217","M","174.9","65.30","16.9","78.5","85","142","36.4","40.5","36",,"24.9","15.87","0.655","58.043","7","58.365","21.3",,"29",,,,,,,,"62.0",,"41.1",,,,,,,,,,,,,,,,,
"1","양평","성인","일반","40","관리자","2등급","20250217","F","160.5","57.40","31.2","76.6","62","117","25.3","29.3",,,"15.4",,,,,,"22.3","33",,,,,,,,,"51",,,,,,,,"98","36.4",,,"0.395","0.420",,,,,,
"10","보은","성인","일반","64","관리자","2등급","20250217","F","168.8","60.6","30.5",,"79","149","32","32",,,"15.9",,,,,,"21.3","13",,,"134",,,,,,"52.8",,,"82","108","132",,"32.2",,,,,"0.361",,,,,,,
"9","보은","성인","일반","63","관리자","참가","20250217","F","156.7","61.7","31.6",,"50","123","22.2","23.4",,,"11.7",,,,,,"25.1","18",,,"136",,,,,,"37.9",,,"95","131","150",,"29.3",,,,,"0.427",,,,,,,
"1","사천","성인","일반","50","관리자","참가","20250217","F","157.1","51.3","28","75.8","79","138","24.1","24.6",,,"15.3",,,,,,"20.8","4",,,"146",,,,,,"48.0",,,,,,,,"114","33.8",,,"0.415",,,,,,,
"2","춘천","성인","일반","40","관리자","참가","20250217","M","177.7","104.3","36.3","114.1","88","143","46.8","53.3",,,"10.7",,,,,,"33.0","37","28",,"159",,,,,,"51.1",,"32.9",,,,,,,,,,"0.390",,,,,,,
"1","KSPO대구","성인","일반","32","관리자","참가","20250217","M","181.4","79.8","17","77","66","119","44.5","49.5",,,"8.8",,,,,,"24.3","47","27",,"227",,,,,,"62.0",,"36.8",,,,,,,,,,"0.353",,,,,,,
"1","화성","성인","일반","53","관리자","참가","20250217","F","159.8","61.7","29",,"58","119","15.1","14.9",,,"0.5",,,,,,"24.2","24",,,,,,,,,"24.5",,,"80","109","124",,"34.7",,,,,"0.437","0.39",,,,,,
"1","서대문","성인","일반","51","관리자","2등급","20250217","F","155.5","65.8","31.4",,"97","159","35.4","31.6",,,"20.3",,,,,,"27.2","19","26","12.96",,,,,,,"53.8",,"32.5",,,,,,,,,,,"0.478",,,,,,
"1","부천","성인","일반","24","관리자","참가","20250217","F","173.3","58.5","25.2",,"78","136","21.9","28",,,"-3.5",,,,,,"19.5","16",,,,,,,,,"47.9",,,,,,,,"143","34.9",,,"0.320","0.415",,,,,,
"1","서구(대전)","성인","일반","24","관리자","참가","20250217","M","166.7","63.4","16.9",,"60","112","37.2","42.6",,,"-0.4",,,,,,"22.8","33",,,,,,,,,"67.2",,,,,,,,"94","49.6",,,"0.369","0.527",,,,,,
"1","부천","성인","일반","19","관리자","3등급","20250217","M","181.2","68.0","12.3",,"81","139","40.2","50.1",,,"8.0",,,,,,"20.7","46",,"10.03","239",,,,,,"73.7",,,,,,,,"86","52.1",,,,,,,,,,
"4","양평","어르신","일반","68","관리자","2등급","20250217","M","163.6","67.8","27.5",,"97","150","39.2","36.1",,,"15.8",,,,,,"25.3",,,,,"27",,"119","5.5","23.31","57.8",,,,,,,,,,,,,,,,,,,"39.2"
"1","창원마산회원","성인","일반","22","관리자","참가","20250217","F","171.6","59.6","25.5","69","68","131","22.5","27.8",,,"24.6",,,,,,"20.2","20",,,"148",,,,,,"46.6",,,,,,,,"135","35.8",,,"0.328",,,,,,,
"1","KSPO송파","성인","일반","25","관리자","참가","20250217","M","175.4","91.5","29.4",,"75","136","37.7","44.5",,,"4.9",,,,,,"29.7","37","18","11.64","195",,,,,,"48.6",,"33.7",,,,,,,,,,,,,,,,,
"1","KSPO송파","성인","일반","31","관리자","3등급","20250217","F","161.8","61.1","29.1",,"58","94","26.5","31",,,"11.4",,,,,,"23.3","40","34",,,,,,,,"50.7",,"36.5",,,,,,,,,,"0.391","0.454",,,,,,
"2","연제","성인","일반","33","관리자","3등급","20250217","M","169","71.1","31.8",,"76","138","39.1","35.9",,,"9.7",,,,,,"24.9","36",,,,,,,,,"55.0",,,"108","122","142","174","39.6",,,,,"0.352","0.498",,,,,,
"1","강북","어르신","일반","67","관리자","2등급","20250217","M","167.1","65.90","22.7","85","90","157","37.6","37.6",,,"17.3",,,,,,"23.6",,,,,"26",,"109","3.821","18.263","57.1",,,,,,,,,,,,,,,,,,,"37.6"
"1","수원","어르신","일반","79","관리자","3등급","20250217","M","160.5","62.5","33.7","92","87","157","28.4","27.6",,,"2.1",,,,,,"24.3",,,,,"21",,"105","5.7","24.2","45.4",,,,,,,,,,,,,,,,,,,"28.4"
"4","수원","어르신","일반","72","관리자","참가","20250217","M","163.3","71.8","27.2","96","75","135","27.6","24.9",,,"2.8",,,,,,"26.9",,,,,"19",,"85","5.9","27.9","38.4",,,,,,,,,,,,,,,,,,,"27.6"
"2","원주","성인","일반","36","관리자","3등급","20250217","M","180.3","68.5","23.6","82.3","99","137","39.5","36.5",,,"6.7",,,,,,"21.1","44","28",,,,,,,,"57.7",,"38.4",,,,,,,,,,"0.324","0.552",,,,,,
"4","수원","어르신","일반","67","관리자","2등급","20250217","F","147.7","48.3","25.9","74","75","157","22.2","24",,,"22.7",,,,,,"22.1",,,,,"28",,"104","4.6","20.4","49.7",,,,,,,,,,,,,,,,,,,"24.0"
"6","안산","어르신","일반","70","관리자","3등급","20250217","F","146.7","46.6","31.0","76","94","155","21.7","23.6",,,"10.3",,,,,,"21.7",,,,,"33",,"108","4.7","21.5","50.6",,,,,,,,,,,,,,,,,,,"23.6"
"6","성동","성인","일반","52","관리자","2등급","20250217","M","176.1","91.4","30.7",,"84","137","47.6","51",,,"14.6",,,,,,"29.5","63",,,,,,,,,"55.8",,,"68","93","111","141","37.3",,,,,"0.272","0.502",,,,,,
"12","보은","성인","일반","62","관리자","3등급","20250217","F","161","59.2","36.6",,"83","151","22.1","24.3",,,"20.3",,,,,,"22.8","21",,,"120",,,,,,"41.0",,,"99","136","163",,"28.5",,,,,"0.448",,,,,,,
"3","나주","어르신","일반","65","관리자","1등급","20250217","M","161","63.7","18.3","79.7","62","135","32","36.4",,,"13.3",,,,,,"24.6",,,,,"25",,"124","4.195","17.116","57.1",,,,,,,,,,,,,,,,,,,"36.4"
"1","KSPO송파별관(어르신)","어르신","일반","69","관리자","참가","20250217","M","167.5","77.3","40.2",,"62","158","33.4","38.8",,,"1",,,,,,"27.6",,,,,"28",,"112","4.89","19.09","50.2",,,,,,,,,,,,,,,,,,,"38.8"
"14","KSPO대구","성인","일반","27","관리자","2등급","20250217","M","173.8","65.8","16.5","73","76","126","36.2","45",,,"17.2",,,,,,"21.8","57",,,"228",,,,,,"68.4",,,,,,,,"133","43.2",,,"0.305",,,,,,,
"8","보은","어르신","일반","71","관리자","2등급","20250217","F","160.2","57.8","30.5",,"63","133","19.2","27",,,"14.4",,,,,,"22.5",,,,,"25",,"114","5.22","20.72","46.7",,,,,,,,,,,,,,,,,,,"27.0"
"7","보은","어르신","일반","69","관리자","2등급","20250217","F","155.1","52.8","27.5",,"84","144","21.8","23",,,"20.7",,,,,,"21.9",,,,,"20",,"111","5.16","22.09","43.6",,,,,,,,,,,,,,,,,,,"23.0"
"1","서대문","성인","일반","57","관리자","참가","20250217","F","154.4","65.2","40.7",,"80","120","21.8","20.1",,,"3.1",,,,,,"27.3","0",,"17.70",,,,,,,"33.4",,,,,,,,"93","31.4",,,,"0.343",,,,,,
"1","강북","성인","일반","37","관리자","3등급","20250217","F","162.6","55.50","33.0","73.5","68","104","24.6","24",,,"11.8",,,,,,"21.0","28",,,"149",,,,,,"44.3",,,"89","110","134",,"37.3",,,,,"0.425",,,,,,,
"5","부천","어르신","일반","75","관리자","참가","20250217","M","169.5","65.8","27.4",,"76","157","33.1","35.7",,,"-5.5",,,,,,"22.9",,,,,"26",,"116","5.22","21.15","54.3",,,,,,,,,,,,,,,,,,,"35.7"
"1","양평","성인","일반","59","관리자","참가","20250217","M","171.4","58.90","21.7","82.4","80","150","32.3","34.1",,,"-1.3",,,,,,"20.0","15",,,,,,,,,"57.9",,,,,,,,"136","36.2",,,"0.446","0.405",,,,,,
"7","성남","어르신","일반","81","관리자","2등급","20250217","M","163.4","68.8","32.5",,"79","158","30.1","31.3",,,"6.1",,,,,,"25.8",,,,,"25",,"122","5.35","22.67","45.5",,,,,,,,,,,,,,,,,,,"31.3"
"4","성남","어르신","일반","66","관리자","2등급","20250217","M","164.5","62.9","29.7",,"79","127","32.5","33.3",,,"6.9",,,,,,"23.2",,,,,"26",,"138","4.23","18.35","52.9",,,,,,,,,,,,,,,,,,,"33.3"
"1","강북","성인","일반","61","관리자","참가","20250217","M","167.5","78.00","32.5","95","89","139","23.7","24.6",,,"2.8",,,,,,"27.8","25",,,"148",,,,,,"31.5",,,,,,,,"136","31.2",,,"0.401",,,,,,,
"1","부천","어르신","일반","65","관리자","3등급","20250217","F","150.8","43.8","27.9",,"64","131","17.6","23.9",,,"12.3",,,,,,"19.3",,,,,"22",,"109","5.72","23.16","54.6",,,,,,,,,,,,,,,,,,,"23.9"
"1","원주","성인","일반","36","관리자","참가","20250217","M","165.9","70.7","29.6","89.5","83","139","39.2","47.5",,,"9.7",,,,,,"25.7","39","27","11.25",,,,,,,"67.2",,"38.2",,,,,,,,,,,"0.527",,,,,,
"2","광주","어르신","일반","67","관리자","3등급","20250217","M","160.5","53.9","17.7",,"84","159","37.7","37.1",,,"5.4",,,,,,"20.9",,,,,"28",,"110","5.20","21.14","69.9",,,,,,,,,,,,,,,,,,,"37.7"
"1","안산","성인","일반","29","관리자","참가","20250217","M","177.1","82.4","23.6","75","75","137","39.4","34.3",,,"19.9",,,,,,"26.3","45",,"11.31","200",,,,,,"47.8",,,,,,,,"107","43.1",,,,,,,,,,
"8","광주","어르신","일반","77","관리자","1등급","20250217","M","165.8","56.8","25.1",,"87","149","38.7","34.7",,,"10.8",,,,,,"20.7",,,,,"33",,"114","6.07","21.29","68.1",,,,,,,,,,,,,,,,,,,"38.7"
"4","광주","어르신","일반","79","관리자","3등급","20250217","M","150.9","67.8","33",,"82","148","27.7","33",,,"7.5",,,,,,"29.8",,,,,"23",,"107","7.10","24.48","48.7",,,,,,,,,,,,,,,,,,,"33.0"
"1","KSPO광주","성인","일반","21","관리자","참가","20250217","M","170.1","65.7","21.9","75","92","145","37.5","43.1",,,"7.7",,,,,,"22.7","32","35","11.62","200",,,,,,"65.6",,"41.9",,,,,,,,,,,,,,,,,
"2","북구(광주)","성인","일반","62","관리자","3등급","20250217","M","173.2","66.0","23.3","77.6","85","150","38","36.6",,,"2.6",,,,,,"22.0","19","16",,,,,,,,"57.6",,"34.1",,,,,,,,,,"0.391","0.414",,,,,,
"1","KSPO광주","성인","일반","21","관리자","참가","20250217","M","170.2","86.2","29","92","87","131","38.1","37.9",,,"5.8",,,,,,"29.8","39","30","10.67","201",,,,,,"44.2",,"37.7",,,,,,,,,,,,,,,,,
"1","동구(인천)","성인","일반","51","관리자","참가","20250217","F","159.3","72.3","45.7",,"69","131","21","21.8",,,"12.7",,,,,,"28.5","12",,,"82",,,,,,"30.2",,,,,,,,"132","26.5",,,"0.488",,,,,,,
"3","화성","어르신","일반","65","관리자","2등급","20250217","F","153","53.7","28.3",,"63","117","27.7","25.8",,,"17.3",,,,,,"22.9",,,,,"23",,"113","5.4","21.8","51.6",,,,,,,,,,,,,,,,,,,"27.7"
"2","연제","성인","일반","23","관리자","2등급","20250217","M","178.3","73.9","4.4",,"63","129","45.8","47.5",,,"24.1",,,,,,"23.2","62",,,"262",,,,,,"64.3",,,"90","103","128","157","45.3",,,,,"0.281",,,,,,,
"1","서대문","어르신","일반","66","관리자","3등급","20250217","M","160.5","66.5","32.3",,"63","104","36.2","28.6",,,"10.8",,,,,,"25.8",,,,,"20",,"125","4.68","22.08","54.4",,,,,,,,,,,,,,,,,,,"36.2"
"1","서대문","성인","일반","27","관리자","2등급","20250217","F","152.8","50.2","28.5",,"64","102","22.5","25.6",,,"22.3",,,,,,"21.5","34",,"13.59",,,,,,,"51.0",,,,,,,,"72","43.0",,,,"0.431",,,,,,
"1","서구(광주)","성인","일반","29","관리자","2등급","20250217","F","152.6","48.1","26.1","68","69","110","21.9","23.4",,,"14.5",,,,,,"20.7","38",,,,,,,,,"48.6",,,,,,,,"102","39.5",,,"0.401","0.480",,,,,,
"4","KSPO송파","성인","일반","29","관리자","2등급","20250217","F","162.2","51.1","28.8",,"90","124","25.3","23.1",,,"22.8",,,,,,"19.4","43","25",,,,,,,,"49.5",,"35.5",,,,,,,,,,"0.328","0.463",,,,,,
"1","KSPO아산","성인","일반","53","관리자","참가","20250217","M","175.8","72.6","30.4","91","86","148","44.6","52.6",,,"3.6",,,,,,"23.5","30","16",,"197",,,,,,"72.5",,"33.8",,,,,,,,,,"0.338",,,,,,,
"1","부천","어르신","일반","66","관리자","2등급","20250217","M","159.4","62.7","22.3",,"90","125","32.8","36.6",,,"10.5",,,,,,"24.7",,,,,"21",,"123","5.06","23.33","58.4",,,,,,,,,,,,,,,,,,,"36.6"
"1","부천","어르신","일반","69","관리자","참가","20250217","M","168.4","67.1","28.7",,"76","134","34.2","31.8",,,"-5.4",,,,,,"23.7",,,,,"21",,"108","5.57","23.17","51.0",,,,,,,,,,,,,,,,,,,"34.2"
"1","성동","어르신","일반","72","관리자","2등급","20250217","M","169.9","71.2","26.7",,"66","144","37.6","40.8",,,"7.5",,,,,,"24.7",,,,,"25",,"114","4.09","19.51","57.3",,,,,,,,,,,,,,,,,,,"40.8"
"1","성남","성인","일반","59","관리자","2등급","20250217","F","156.4","60.0","34.0",,"86","122","30.4","31",,,"19.7",,,,,,"24.5","22","15",,,,,,,,"51.7",,"29.7",,,,,,,,,,"0.394","0.427",,,,,,
"6","수원","어르신","일반","74","관리자","3등급","20250217","F","153.7","53.5","36.5","94","83","139","23.1","24.2",,,"10.1",,,,,,"22.6",,,,,"20",,"105","6.9","26.8","45.2",,,,,,,,,,,,,,,,,,,"24.2"
"4","수원","어르신","일반","65","관리자","3등급","20250217","F","162.1","54","18.5","71","70","120","33.2","32.7",,,"14",,,,,,"20.6",,,,,"25",,"124","4.7","22","61.5",,,,,,,,,,,,,,,,,,,"33.2"
"1","성동","성인","일반","57","관리자","참가","20250217","M","170.1","84.5","25.3",,"75","147","39.5","44.2",,,"10.6",,,,,,"29.2","45",,,"162",,,,,,"52.3",,,,,,,,"90","37.7",,,"0.284",,,,,,,
"1","양평","성인","일반","35","관리자","2등급","20250217","M","172.7","69.6","20.3",,"61","119","44.9","45.5",,,"9.6",,,,,,"23.3","45",,"10.7","216",,,,,,"65.4",,,,,,,,"98","45.4",,,,,,,,,,
"1","군산","어르신","일반","68","관리자","참가","20250217","F","162.5","66.1","36","87","71","125","14.6","12.8",,,"-1.0",,,,,,"25.0",,,,,"10",,"99","6.75","36","22.1",,,,,,,,,,,,,,,,,,,"14.6"
"1","군산","어르신","일반","66","관리자","참가","20250217","F","162.5","53.8","25.9","69","72","127","25.9","23.7",,,"29.4",,,,,,"20.4",,,,,"15",,"113","5.03","22.78","48.1",,,,,,,,,,,,,,,,,,,"25.9"
"7","안산","어르신","일반","78","관리자","3등급","20250217","M","172.7","67.8","23.1","90","71","132","31.5","27.1",,,"0.1",,,,,,"22.7",,,,,"25",,"124","5.1","23.8","46.5",,,,,,,,,,,,,,,,,,,"31.5"
"1","수원","청소년","일반","17","관리자","3등급","20250217","M","162.6","65.3","19","75","86","142","35","35","45",,"10","18","0.609","39.493","8","39.861","24.7",,"61",,,,,,,,"53.6",,"45.5",,,,,,,,,,,,,,,,,
"5","안산","어르신","일반","68","관리자","1등급","20250217","M","171.5","64","19.3","73","96","145","44.3","44.8",,,"12.3",,,,,,"21.8",,,,,"33",,"143","4.1","15.2","70.0",,,,,,,,,,,,,,,,,,,"44.8"
"2","성동","성인","일반","61","관리자","3등급","20250217","F","160.1","56.2","35.2",,"62","97","20.1","24",,,"19.2",,,,,,"21.9","9",,,,,,,,,"42.7",,,"69","104","137",,"32.2",,,,,"0.318","0.378",,,,,,
"1","KSPO송파(출장A)","어르신","출장","78","관리자","참가","20250217","M","167.2","73.5","24.6",,"48","126","33.5","33.2",,,"-3",,,,,,"26.3",,,,,"29",,"123","5.8","20.65","45.6",,,,,,,,,,,,,,,,,,,"33.5"
"6","성남","어르신","일반","84","관리자","3등급","20250217","M","165.2","64","35.3",,"90","156","24.9","30.7",,,"-4.2",,,,,,"23.5",,,,,"19",,"104","5.50","23.97","48.0",,,,,,,,,,,,,,,,,,,"30.7"
"1","KSPO송파(출장A)","어르신","출장","96","관리자","2등급","20250217","M","162","71","33",,"55","132","29.1","32.6",,,"9.5",,,,,,"27.1",,,,,"21",,"117","6.37","28.56","45.9",,,,,,,,,,,,,,,,,,,"32.6"
"1","KSPO송파(출장A)","어르신","출장","76","관리자","2등급","20250217","F","147","48","39.1",,"58","120","12.3","15.3",,,"17.5",,,,,,"22.2",,,,,"20",,"120","5.98","23.87","31.9",,,,,,,,,,,,,,,,,,,"15.3"
"1","KSPO송파(출장A)","어르신","출장","82","관리자","1등급","20250217","F","162","51","24.3",,"72","158","23.7","29.9",,,"15.3",,,,,,"19.4",,,,,"19",,"128","5.99","26.89","58.6",,,,,,,,,,,,,,,,,,,"29.9"
"2","동구(인천)","성인","일반","20","관리자","참가","20250217","M","174.8","70.1","19.8",,"78","121","34.1","31.9",,,"18.6",,,,,,"22.9","52",,,"246",,,,,,"48.6",,,"95","129","148","178","44.6",,,,,"0.319",,,,,,,
"1","창원","성인","일반","51","관리자","참가","20250217","M","171.2","78.8","31","91","97","140","43","44.2",,,"18",,,,,,"26.9","18",,,"174",,,,,,"56.1",,,"93","165","189","195","31.3",,,,,"0.351",,,,,,,
"1","KSPO송파(출장A)","어르신","출장","75","관리자","3등급","20250217","F","158.7","60","36.2",,"58","126","25.8","26",,,"10.3",,,,,,"23.8",,,,,"18",,"131","6.58","23.36","43.3",,,,,,,,,,,,,,,,,,,"26.0"
"1","KSPO송파(출장A)","어르신","출장","71","관리자","2등급","20250217","F","152","56","36.6",,"80","154","19.5","19.5",,,"21",,,,,,"24.2",,,,,"21",,"115","5.56","21.9","34.8",,,,,,,,,,,,,,,,,,,"19.5"
"2","포항","성인","일반","45","관리자","참가","20250217","M","163.8","70.1","26.1",,"98","130","45","44.9",,,"17.4",,,,,,"26.1","40","28",,"202",,,,,,"64.2",,"37.8",,,,,,,,,,"0.272",,,,,,,
"7","부천","어르신","일반","67","관리자","3등급","20250217","M","170.0","77.0","29.9",,"93","159","37.8","41.5",,,"3.4",,,,,,"26.6",,,,,"24",,"105","5.47","23.25","53.9",,,,,,,,,,,,,,,,,,,"41.5"
"2","달서","성인","일반","27","관리자","2등급","20250217","F","167.1","49.9","31.6","73.2","82","115","21.3","25.2",,,"14",,,,,,"17.9","29",,,"156",,,,,,"50.5",,,,,,,,"139","36.3",,,"0.386",,,,,,,
"1","KSPO송파(출장A)","어르신","출장","69","관리자","2등급","20250217","F","158","56.8","31.8",,"60","136","20.3","21.7",,,"16.4",,,,,,"22.8",,,,,"21",,"142","5.57","24.35","38.2",,,,,,,,,,,,,,,,,,,"21.7"
"6","부천","어르신","일반","78","관리자","3등급","20250217","M","163.1","73.4","36.7",,"69","154","29.7","29.4",,,"12.9",,,,,,"27.6",,,,,"36",,"111","4.75","19.82","40.5",,,,,,,,,,,,,,,,,,,"29.7"
"1","중구(서울)","성인","일반","40","관리자","참가","20250217","M","179.4","73.1","19.7","84.2","77","131","36.5","42.7",,,"14.5",,,,,,"22.7","27",,,"204",,,,,,"58.4",,,,,,,,"148","36.6",,,"0.348",,,,,,,
"3","오산","어르신","일반","76","관리자","3등급","20250217","M","153.8","69.9","32.5","93","73","135","29.9","30.8",,,"0.4",,,,,,"29.6",,,,,"22",,"97","5.94","26.72","44.1",,,,,,,,,,,,,,,,,,,"30.8"
"1","오산","성인","일반","33","관리자","참가","20250217","F","158.8","71.1","37","89.4","72","111","24.7","25.4",,,"9.3",,,,,,"28.2","12",,"14.07","150",,,,,,"35.7",,,"90","126","165",,"29.4",,,,,,,,,,,,
"7","오산","어르신","일반","82","관리자","3등급","20250217","M","155.6","71","38.7","92.7","85","144","33.9","31.5",,,"0.9",,,,,,"29.3",,,,,"16",,"95","8.19","30.85","47.7",,,,,,,,,,,,,,,,,,,"33.9"
"1","KSPO광주","성인","일반","31","관리자","참가","20250217","M","165.2","71.7","33.4","88","69","121","32.2","32.9",,,"-14.1",,,,,,"26.3","34",,,,,,,,,"45.9",,,"89","110","142","173","39.0",,,,,"0.305","0.531",,,,,,
"7","오산","어르신","일반","73","관리자","3등급","20250217","F","140.2","46.3","33.8","76.1","84","144","17.7","16.5",,,"13.7",,,,,,"23.6",,,,,"18",,"93","7.10","25.47","38.2",,,,,,,,,,,,,,,,,,,"17.7"
"1","KSPO광주","성인","일반","32","관리자","2등급","20250217","M","168","64.9","14.5","76.5","83","131","40.7","51",,,"14.1",,,,,,"23.0","63",,,,,,,,,"78.6",,,"83","105","129","155","45.0",,,,,"0.334","0.683",,,,,,
"1","연제","성인","일반","23","관리자","3등급","20250217","F","164.9","48.8","23.9",,"85","131","21.5","22.8",,,"23.4",,,,,,"17.9","26",,,,,,,,,"46.7",,,,,,,,"131","38.1",,,"0.389","0.401",,,,,,
"1","KSPO송파(출장A)","어르신","출장","77","관리자","1등급","20250217","F","145","41","22.5",,"60","116","19.9","22.3",,,"18.1",,,,,,"19.5",,,,,"24",,"138","5.26","21.41","54.4",,,,,,,,,,,,,,,,,,,"22.3"
"1","KSPO송파(출장A)","어르신","출장","65","관리자","참가","20250217","F","151.7","57","31.3",,"81","159","23.1","20.2",,,"5.5",,,,,,"24.8",,,,,"16",,"109","5.14","21.26","40.5",,,,,,,,,,,,,,,,,,,"23.1"
"1","사천","성인","일반","58","관리자","참가","20250217","M","173.3","78.6","28.5","100.7","81","144","44.9","40.4",,,"18",,,,,,"26.2","37",,,,,,,,,"57.1",,,,,,,,"131","33.0",,,"0.330","0.502",,,,,,
"2","광주","성인","일반","32","관리자","참가","20250217","M","174","76.2","26.4",,"88","138","51","54.9",,,"10.6",,,,,,"25.2","37",,,"205",,,,,,"72.0",,,,,,,,"119","41.7",,,"0.319",,,,,,,
"2","광주","성인","일반","56","관리자","2등급","20250217","F","167.5","54.5","22.4",,"71","120","25.8","26.5",,,"17.7",,,,,,"19.4","37",,,"158",,,,,,"48.6",,,,,,,,"92","35.6",,,"0.369",,,,,,,
"1","광주","성인","일반","60","관리자","2등급","20250217","M","163.1","68.3","23.2",,"84","134","45.3","42.3",,,"19.5",,,,,,"25.7","42","20",,"206",,,,,,"66.3",,"35.0",,,,,,,,,,"0.422",,,,,,,
"1","KSPO송파(출장A)","어르신","출장","77","관리자","참가","20250217","F","145.7","77.5","53.5",,"65","149","17.2","8.9",,,,,,,,,"36.5",,,,,"15",,"65","8.81","37.75","22.2",,,,,,,,,,,,,,,,,,,"17.2"
"1","KSPO송파(출장A)","어르신","출장","69","관리자","참가","20250217","F","152.5","59.5","36.7",,"73","147","19.4","20.4",,,"-10.6",,,,,,"25.6",,,,,"19",,"107","5.81","22","34.3",,,,,,,,,,,,,,,,,,,"20.4"
"1","KSPO송파(출장A)","어르신","출장","83","관리자","1등급","20250217","F","148.3","50.9","36.4",,"78","144","17.6","18.8",,,"15.5",,,,,,"23.1",,,,,"17",,"104","6.27","24.12","36.9",,,,,,,,,,,,,,,,,,,"18.8"
"1","KSPO송파(출장A)","어르신","출장","67","관리자","3등급","20250217","F","156","62","38.5",,"76","137","19.9","23.4",,,"15.5",,,,,,"25.5",,,,,"18",,"106","5.43","23.15","37.7",,,,,,,,,,,,,,,,,,,"23.4"
"3","오산","어르신","일반","70","관리자","2등급","20250217","M","158.1","62.9","28.7","87.4","83","153","33.7","32",,,"8.6",,,,,,"25.2",,,,,"32",,"142","4.93","18.6","53.6",,,,,,,,,,,,,,,,,,,"33.7"
"2","오산","어르신","일반","66","관리자","참가","20250217","F","145.3","54.2","36.3","79.8","93","156","22","21.5",,,"9.7",,,,,,"25.7",,,,,"19",,"98","6.25","25.37","40.6",,,,,,,,,,,,,,,,,,,"22.0"
"7","천안","어르신","일반","69","관리자","2등급","20250217","M","161.1","66.1","27",,"69","133","36.3","36.6",,,"7.9",,,,,,"25.5",,,,,"29",,"114","5.22","23.62","55.4",,,,,,,,,,,,,,,,,,,"36.6"
"2","계룡","어르신","일반","72","관리자","3등급","20250217","M","179.4","89.2","31.8",,"70","130","45.4","46.1",,,"0.3",,,,,,"27.7",,,,,"29",,"102","5.25","23","51.7",,,,,,,,,,,,,,,,,,,"46.1"
"3","강북","어르신","일반","72","관리자","2등급","20250217","M","171.5","77.40","24.4","93.7","92","168","45.3","49.1",,,"6.7",,,,,,"26.3",,,,,"28",,"120","4.7","21","63.4",,,,,,,,,,,,,,,,,,,"49.1"
"1","KSPO송파(출장A)","어르신","출장","76","관리자","2등급","20250217","F","154","53.2","30",,"75","159","26.9","26.8",,,"16",,,,,,"22.4",,,,,"15",,"117","6.46","23.21","50.6",,,,,,,,,,,,,,,,,,,"26.9"
"3","오산","성인","일반","61","관리자","참가","20250217","M","166.5","71.4","27.9","87.5","94","146","45.9","43.4",,,"5.6",,,,,,"25.8","22","25",,,,,,,,"64.3",,"35.6",,,,,,,,,,"0.405","0.465",,,,,,
"1","KSPO송파(출장A)","어르신","출장","81","관리자","1등급","20250217","F","142","56.5","43.1",,"74","157","20","19.6",,,"17.5",,,,,,"28.0",,,,,"18",,"115","7.04","25.4","35.4",,,,,,,,,,,,,,,,,,,"20.0"
"1","성남","어르신","일반","65","관리자","3등급","20250217","F","152.1","54.0","46.8",,"66","105","17.3","18.9",,,"15.8",,,,,,"23.3",,,,,"18",,"95","5.80","27.23","35.0",,,,,,,,,,,,,,,,,,,"18.9"
"1","세종","성인","일반","61","관리자","2등급","20250217","F","160.1","52.9","20.8","75.8","63","109","23.2","23.1",,,"17.7",,,,,,"20.6","29",,,"117",,,,,,"43.9",,,,,,,,"98","33.6",,,"0.351",,,,,,,
"1","KSPO송파(출장A)","어르신","출장","76","관리자","2등급","20250217","F","151.6","54.4","29.3",,"67","148","18.1","21.4",,,"15",,,,,,"23.7",,,,,"20",,"114","6.52","30.19","39.3",,,,,,,,,,,,,,,,,,,"21.4"
"1","증평","성인","일반","55","관리자","참가","20250217","F","158.0","65.8","38.5","93.5","82","140","21.9","23",,,"10.1",,,,,,"26.4","18",,"15.3","131",,,,,,"35.0",,,,,,,,"111","29.8",,,,,,,,,,
"1","창원","성인","일반","60","관리자","2등급","20250217","M","161.4","50.5","13.5","70","66","124","31.2","34.5",,,"10.2",,,,,,"19.4","38",,"12.23","186",,,,,,"68.3",,,"78","80","91","120","47.2",,,,,,,,,,,,
"2","KSPO송파","성인","일반","28","관리자","2등급","20250217","M","183.7","90.1","19.5",,"75","142","51.7","55.2",,,"10.6",,,,,,"26.7","58",,,,,,,,,"61.3",,,,,,,,"82","45.8",,,"0.341","0.594",,,,,,
"2","영암","성인","일반","61","관리자","3등급","20250217","F","160.9","59.5","32.7",,"99","156","26.7","29",,,"15.3",,,,,,"23.0","12",,,"141",,,,,,"48.7",,,,,,,,"105","31.2",,,"0.394",,,,,,,
"1","춘천","성인","일반","62","관리자","참가","20250217","F","150.5","59","40.5","91.8","72","140","24.7","25.6",,,"18.2",,,,,,"26.0","12",,,"106",,,,,,"43.4",,,,,,,,"153","24.3",,,"0.396",,,,,,,
"1","KSPO송파","성인","일반","54","관리자","3등급","20250217","M","164.4","66.6","23.8",,"91","145","36.5","41.7",,,"15.2",,,,,,"24.6","31",,,,,,,,,"62.6",,,,,,,,"97","40.9",,,"0.346","0.475",,,,,,
"1","KSPO송파(출장A)","어르신","출장","70","관리자","참가","20250217","F","147.4","52.7","36.4",,"92","152","18.8","21.3",,,"7.5",,,,,,"24.3",,,,,"20",,"97","6.66","25.51","40.4",,,,,,,,,,,,,,,,,,,"21.3"
"6","오산","어르신","일반","85","관리자","1등급","20250217","M","154.4","54.9","23.2","75.5","89","147","28.2","32",,,"17.2",,,,,,"23.0",,,,,"32",,"107","5.66","23.47","58.3",,,,,,,,,,,,,,,,,,,"32.0"
"1","KSPO송파(출장A)","어르신","출장","79","관리자","3등급","20250217","F","159","73.1","44.9",,"74","159","22.3","25.1",,,"20",,,,,,"28.9",,,,,"12",,"73","7.56","31.9","34.3",,,,,,,,,,,,,,,,,,,"25.1"
"1","스포원(금정)","어르신","출장","69","관리자","참가","20250217","F","150.3","56.2","39.2",,"62","138","26.9","28",,,"11.4",,,,,,"24.9",,,,,"16",,"81","6.4","28.5","49.8",,,,,,,,,,,,,,,,,,,"28.0"
"1","KSPO송파(출장A)","어르신","출장","68","관리자","2등급","20250217","F","160","55.4","30.2",,"82","136","21.9","28.8",,,"17.4",,,,,,"21.6",,,,,"20",,"116","5.62","21.24","52.0",,,,,,,,,,,,,,,,,,,"28.8"
"6","청주","어르신","일반","72","관리자","3등급","20250217","F","156.6","67.9","39.2","89.3","54","109","22.4","25",,,"17.9",,,,,,"27.7",,,,,"16",,"99","6.57","27.84","36.8",,,,,,,,,,,,,,,,,,,"25.0"
"1","성동","어르신","일반","67","관리자","2등급","20250217","F","152.7","55.7","29.8",,"77","120","26.6","26.1",,,"26.8",,,,,,"23.9",,,,,"29",,"112","4.73","18.12","47.8",,,,,,,,,,,,,,,,,,,"26.6"
"1","성동","어르신","일반","65","관리자","1등급","20250217","M","165","54.6","17.8",,"77","141","33.3","31.5",,,"11.7",,,,,,"20.1",,,,,"32",,"132","4.65","17.21","61.0",,,,,,,,,,,,,,,,,,,"33.3"
"2","강릉","성인","일반","29","관리자","참가","20250217","M","176.4","92.3","29.8","103.8","82","133","48.3","52",,,"12.1",,,,,,"29.7","40",,,,,,,,,"56.3",,,"89","130","140","150","42.5",,,,,"0.290","0.602",,,,,,
"1","KSPO송파(출장A)","어르신","출장","69","관리자","참가","20250217","M","171","66","20.2",,"81","143","35.7","40.7",,,"-13.6",,,,,,"22.6",,,,,"19",,"109","4.98","20.31","61.7",,,,,,,,,,,,,,,,,,,"40.7"
"1","화성","성인","일반","48","관리자","참가","20250217","F","163.4","62.2","28.3",,"96","148","30","29.6",,,"10.9",,,,,,"23.3","3","11","16.5","135",,,,,,"48.2",,"28.7",,,,,,,,,,,,,,,,,
"1","사천","성인","일반","24","관리자","3등급","20250217","M","173.2","65.1","13.6","78.7","81","136","33","34.8",,,"11",,,,,,"21.7","51",,,,,,,,,"53.5",,,"90","95","107","142","50.6",,,,,"0.322","0.551",,,,,,
"1","KSPO송파(출장A)","어르신","출장","67","관리자","참가","20250217","F","155.5","46","28.2",,"73","130","17.9","19.3",,,"5.5",,,,,,"19.0",,,,,"16",,"90","5.82","23.94","42.0",,,,,,,,,,,,,,,,,,,"19.3"
"1","전주","성인","일반","19","관리자","2등급","20250217","M","171.4","62","18.1","80.8","92","142","39.1","32.9",,,"16.5",,,,,,"21.1","56",,,"223",,,,,,"63.1",,,,,,,,"123","47.3",,,"0.307",,,,,,,
"1","KSPO송파(출장A)","어르신","출장","76","관리자","2등급","20250217","F","156.7","55.9","44.2",,"59","127","17.4","29.3",,,"13",,,,,,"22.8",,,,,"20",,"100","6","20.92","52.4",,,,,,,,,,,,,,,,,,,"29.3"
"3","서대문","어르신","일반","71","관리자","1등급","20250217","M","174.6","84.3","26.1",,"93","159","48.9","46.7",,,"9.3",,,,,,"27.7",,,,,"28",,"135","4.56","20.36","58.0",,,,,,,,,,,,,,,,,,,"48.9"
"1","서구(대전)","성인","일반","21","관리자","참가","20250217","M","178.5","89","25.5",,"85","135","44.4","53.8",,,"-2.7",,,,,,"27.9","45","42",,,,,,,,"60.4",,"40.0",,,,,,,,,,"0.389","0.515",,,,,,
"3","스포원(금정)","성인","일반","58","관리자","참가","20250217","F","161","65.6","40.8",,"110","190","26.9","27.7",,,"11.4",,,,,,"25.3","15",,,,,,,,,"42.2",,,,,,,,"122","28.2",,,"0.419","0.414",,,,,,
"25","스포원(금정)","성인","일반","29","관리자","1등급","20250217","M","167.3","69.7","23.9",,"81","141","42.8","45.7",,,"16.5",,,,,,"24.9","53",,,,,,,,,"65.6",,,,,,,,"78","49.4",,,"0.275","0.483",,,,,,
"1","안산","성인","일반","25","관리자","참가","20250217","M","170.1","66.8","18.6","73","76","130","38.2","39.7",,,"-1.8",,,,,,"23.1","37",,,"206",,,,,,"59.4",,,,,,,,"93","49.0",,,"0.354",,,,,,,
"3","고양","어르신","일반","69","관리자","참가","20250217","F","158.1","78.1","44.9",,"90","147","26.3","29.1",,,"21.5",,,,,,"31.2",,,,,"18",,"82","7.55","33.50","37.3",,,,,,,,,,,,,,,,,,,"29.1"
"5","고양","어르신","일반","84","관리자","3등급","20250217","M","164.2","70.7","27.8",,"76","156","30.7","27.6",,,"7.1",,,,,,"26.2",,,,,"17",,"88","7.43","31.96","43.4",,,,,,,,,,,,,,,,,,,"30.7"
"2","성동","성인","일반","62","관리자","2등급","20250217","M","164.5","62.8","17.5",,"73","143","38.9","43.8",,,"9.2",,,,,,"23.2","50",,,,,,,,,"69.7",,,"60","97","109","135","43.1",,,,,"0.321","0.489",,,,,,
"1","KSPO송파(출장A)","어르신","출장","74","관리자","참가","20250217","F","148.7","57","31.3",,"81","147","29.3","29.3",,,"-1.8",,,,,,"25.8",,,,,"24",,"90","6.09","23.18","51.4",,,,,,,,,,,,,,,,,,,"29.3"
"1","수원","성인","일반","24","관리자","3등급","20250217","F","169.3","59.1","24.5","70","66","103","28.4","29.6",,,"17.7",,,,,,"20.6","28",,,,,,,,,"50.1",,,,,,,,"108","38.6",,,"0.474","0.491",,,,,,
"2","성동","성인","일반","49","관리자","참가","20250217","F","158.9","66.3","36.8",,"86","135","23","29.5",,,"23.4",,,,,,"26.3","19",,,,,,,,,"44.5",,,"89","141","161",,"30.0",,,,,"0.289","0.465",,,,,,
"1","부천","성인","일반","19","관리자","참가","20250217","M","175.7","69.1","16.3",,"76","111","39.4","44.6",,,"18.5",,,,,,"22.4","39",,,"221",,,,,,"64.5",,,,,,,,"134","44.4",,,"0.306",,,,,,,
"2","포천","어르신","일반","66","관리자","3등급","20250217","M","161.4","66.4","24.8","81","97","159","29.9","33.6",,,"4.6",,,,,,"25.5",,,,,"23",,"118","5.53","21.37","50.6",,,,,,,,,,,,,,,,,,,"33.6"
"1","KSPO송파(출장A)","어르신","출장","83","관리자","참가","20250217","F","155.6","59","36.3",,"71","152","24.1","24.3",,,"-8.8",,,,,,"24.4",,,,,"14",,"95","6.04","26.91","41.2",,,,,,,,,,,,,,,,,,,"24.3"
"1","청주","성인","일반","61","관리자","3등급","20250217","F","161.1","58.4","32.6","81.5","70","135","25.1","26.8",,,"13.6",,,,,,"22.5","25",,,"123",,,,,,"45.9",,,,,,,,"112","30.6",,,"0.399",,,,,,,
"1","부천","성인","일반","62","관리자","3등급","20250217","M","162.1","54.4","21.6",,"75","159","22.7","28.5",,,"6.2",,,,,,"20.7","20",,,"154",,,,,,"52.4",,,,,,,,"111","39.4",,,"0.394",,,,,,,
"10","포천","어르신","일반","77","관리자","3등급","20250217","M","156.9","58.8","30.4","89","89","138","29.7","31.9",,,"0.8",,,,,,"23.9",,,,,"24",,"119","5.28","20.40","54.3",,,,,,,,,,,,,,,,,,,"31.9"
"1","KSPO송파(출장A)","어르신","출장","76","관리자","3등급","20250217","F","154","53.7","31",,"60","134","23","31",,,"11",,,,,,"22.6",,,,,"23",,"80","4.56","23.47","57.7",,,,,,,,,,,,,,,,,,,"31.0"
"1","양평","어르신","일반","69","관리자","3등급","20250217","M","171.6","87.3","29.3",,"78","138","42.5","42.5",,,"8.6",,,,,,"29.6",,,,,"22",,"117","4.03","19.50","48.7",,,,,,,,,,,,,,,,,,,"42.5"
"5","수원","성인","일반","58","관리자","참가","20250217","M","175.6","73.6","24.5","87","83","141","40","45.4",,,"1",,,,,,"23.9","32",,,,,,,,,"61.7",,,,,,,,"94","39.7",,,"0.344","0.483",,,,,,
"9","수원","어르신","일반","73","관리자","참가","20250217","M","171.2","96.1","37","110","82","155","34.8","39.5",,,"1.4",,,,,,"32.8",,,,,"36",,"120","4.7","18.6","41.1",,,,,,,,,,,,,,,,,,,"39.5"
"8","보은","어르신","일반","76","관리자","참가","20250217","F","145.6","58.7","37.8",,"61","142","26.3","25.4",,,"11.5",,,,,,"27.7",,,,,"26",,"66","6.96","28.47","44.8",,,,,,,,,,,,,,,,,,,"26.3"
"1","창원","성인","일반","24","관리자","참가","20250217","F","164.8","54.9","35.1","64","94","139","22.6","20",,,"26.8",,,,,,"20.2","23","17",,,,,,,,"41.2",,"32.7",,,,,,,,,,"0.303","0.340",,,,,,
"1","수원","어르신","일반","72","관리자","참가","20250217","M","170.5","66.6","33.9","93","82","138","32.9","34.8",,,,,,,,,"22.9",,,,,"19",,"92","6.7","27.5","52.3",,,,,,,,,,,,,,,,,,,"34.8"
"2","양평","어르신","일반","67","관리자","3등급","20250217","M","162.7","56.8","21.5",,"79","145","30","33.2",,,"4.3",,,,,,"21.5",,,,,"30",,"119","3.75","20.75","58.5",,,,,,,,,,,,,,,,,,,"33.2"
"7","수원","어르신","일반","72","관리자","2등급","20250217","F","155.6","56.8","34.6","76","71","139","21.6","23",,,"24.2",,,,,,"23.5",,,,,"23",,"118","6.2","25","40.5",,,,,,,,,,,,,,,,,,,"23.0"
"3","성남","어르신","일반","67","관리자","2등급","20250217","F","150.5","43.5","27.2",,"61","115","19.5","21.3",,,"17.3",,,,,,"19.2",,,,,"27",,"104","5.07","21.06","49.0",,,,,,,,,,,,,,,,,,,"21.3"
"2","순천","성인","일반","60","관리자","참가","20250217","M","165.6","68.8","28.2","89.5","92","147","34.2","40.3",,,"-0.3",,,,,,"25.1","36",,,,,,,,,"58.6",,,,,,,,"104","38.0",,,"0.354","0.439",,,,,,
"1","사천","어르신","일반","65","관리자","3등급","20250217","M","170.6","76.2","28.4",,"89","159","47.3","40.7",,,"5.2",,,,,,"26.2",,,,,"30",,"120","3.74","19.49","62.1",,,,,,,,,,,,,,,,,,,"47.3"
"36","청주","어르신","일반","72","관리자","3등급","20250217","F","154.8","57.8","36.6","81.6","46","130","24.1","29.5",,,"11.5",,,,,,"24.1",,,,,"23",,"119","4.78","20.21","51.0",,,,,,,,,,,,,,,,,,,"29.5"
"1","KSPO광주","성인","일반","28","관리자","참가","20250217","M","173.9","65.4","19.2","87","99","139","40.1","39.9",,,"6.1",,,,,,"21.6","36",,,,,,,,,"61.3",,,,,,,,"158","39.4",,,"0.329","0.525",,,,,,
"1","순천","성인","일반","60","관리자","2등급","20250217","M","169.5","71.2","33.1","95.8","87","136","40.2","45.4",,,"12.8",,,,,,"24.8","28",,,,,,,,,"63.8",,,,,,,,"106","37.5",,,"0.394","0.403",,,,,,
"1","동구(인천)","청소년","일반","17","관리자","1등급","20250217","M","168","70.5","11.8",,"83","123","45.8","58.2",,"53","18.7","18.27","0.619","43.884","10","44.344","25.0",,"60",,,,,,,,"82.6",,"45.1",,,,,,,,,,,,,,,,,
"3","남구(울산)","성인","일반","25","관리자","2등급","20250217","F","164.3","51.5","25.5","74.2","65","115","27.3","27.6",,,"27.2",,,,,,"19.1","33",,,"145",,,,,,"53.6",,,,,,,,"80","43.2",,,"0.431",,,,,,,
"1","동구(인천)","성인","일반","26","관리자","2등급","20250217","F","161.7","52.8","23.9",,"68","103","23.4","26.3",,,"20.1",,,,,,"20.2","30",,,,,,,,,"49.8",,,"96","121","142",,"39.2",,,,,"0.377","0.49",,,,,,
"2","서초","성인","일반","27","관리자","1등급","20250217","F","157.8","55.9","24.6","71.8","68","110","28.8","31",,,"31.0",,,,,,"22.4","34",,,,,,,,,"55.5",,,,,,,,"97","39.1",,,"0.389","0.490",,,,,,
"1","남구(울산)","성인","일반","23","관리자","참가","20250217","M","173.5","82.3","21.8","98","87","140","34.3","41.8",,,"1.5",,,,,,"27.3","49",,,"202",,,,,,"50.8",,,,,,,,"112","43.6",,,"0.409",,,,,,,
"2","원주","성인","일반","50","관리자","2등급","20250217","M","176.2","81.5","24.9","88","93","141","47.1","50.8",,,"10.8",,,,,,"26.3","41",,,"199",,,,,,"62.3",,,,,,,,"108","37.9",,,"0.315",,,,,,,
"1","순천","어르신","일반","76","관리자","3등급","20250217","M","161","48.1","16.2","70.5","71","119","27","26.3",,,"-0.4",,,,,,"18.6",,,,,"19",,"107","5.90","27.35","56.1",,,,,,,,,,,,,,,,,,,"27.0"
"1","순천","어르신","일반","67","관리자","3등급","20250217","M","164","66.1","29.2","90.2","87","156","31.2","35.9",,,"2",,,,,,"24.6",,,,,"23",,"102","5.30","24.89","54.3",,,,,,,,,,,,,,,,,,,"35.9"
"1","동작","성인","일반","37","관리자","참가","20250217","F","171.1","56.8","32.7","70","65","104","23.1","22.2",,,"-6.8",,,,,,"19.4","19",,,"143",,,,,,"40.7",,,"99","124","144",,"36.9",,,,,"0.525",,,,,,,
"1","세종","성인","일반","37","관리자","2등급","20250217","F","168","56.3","24.5","74.1","68","123","29.7","31.3",,,"14.8",,,,,,"19.9","48",,,"166",,,,,,"55.6",,,"64","112","114",,"42.4",,,,,"0.315",,,,,,,
"1","동작","성인","일반","37","관리자","3등급","20250217","F","157.9","52","27.8","66","81","117","25.9","23.4",,,"10.8",,,,,,"20.9","28",,,"159",,,,,,"49.8",,,"68","94","119",,"39.8",,,,,"0.431",,,,,,,
"7","안산","어르신","일반","73","관리자","참가","20250217","M","162.3","70.3","36.5","94","77","168","33.7","36.1",,,"-9.3",,,,,,"26.7",,,,,"28",,"105","4.78","21.5","51.4",,,,,,,,,,,,,,,,,,,"36.1"
"1","서초","성인","일반","39","관리자","참가","20250217","F","170.4","59.2","29.1","71.0","80","110","24.3","24.6",,,"-7.0",,,,,,"20.4","23",,,,,,,,,"41.6",,,,,,,,"137","32.4",,,"0.443","0.439",,,,,,
"5","보은","어르신","일반","65","관리자","1등급","20250217","F","157.2","60.7","33.1",,"80","139","24.6","25.1",,,"22.6",,,,,,"24.6",,,,,"35",,"139","4.28","20.53","41.4",,,,,,,,,,,,,,,,,,,"25.1"
"2","고양","성인","일반","23","관리자","3등급","20250217","F","159.4","52.8","33.6",,"74","126","23.9","26.3",,,"26.4",,,,,,"20.8","29",,"12.99","146",,,,,,"49.8",,,,,,,,"123","37.5",,,,,,,,,,
"1","고양","청소년","일반","18","관리자","참가","20250217","M","194.4","82.7","21.3",,"78","136","45.9","44.9",,"40","5.9","18.84","0.622","47.492","9","47.906","21.9",,"32",,,,,,,,"55.5",,"41.3",,,,,,,,,,,,,,,,,
"2","안산","어르신","일반","72","관리자","참가","20250217","M","163.3","89.3","41.1","100","88","148","36.9","37.8",,,"-0.1",,,,,,"33.5",,,,,"28",,"117","5.4","24.1","42.3",,,,,,,,,,,,,,,,,,,"37.8"
"1","곡성","성인","일반","59","관리자","3등급","20250217","F","151.8","49","26.9","76.7","90","130","10.9","23.9",,,"17.8",,,,,,"21.3","11",,,,,,,,,"48.8",,,,,,,,"106","33.2",,,"0.418","0.328",,,,,,
"1","광주","성인","일반","61","관리자","참가","20250217","M","174.2","83.1","29.6",,"89","159","49.1","50",,,"0.7",,,,,,"27.4","27",,,"161",,,,,,"60.2",,,,,,,,"141","29.8",,,"0.405",,,,,,,
"5","KSPO송파","성인","일반","54","관리자","참가","20250217","F","165.5","69.8","32.7",,"56","149","30.4","31",,,"17.5",,,,,,"25.5","30",,,"156",,,,,,"44.4",,,"83","115","140",,"30.5",,,,,"0.423",,,,,,,
"2","광주","성인","일반","30","관리자","참가","20250217","M","176.6","80.8","27.8",,"88","143","49","52.5",,,"5.5",,,,,,"25.9","51","34",,"206",,,,,,"65.0",,"38.6",,,,,,,,,,"0.337",,,,,,,
"1","정읍","어르신","일반","74","관리자","3등급","20250217","M","164.2","61.6","24.5",,"71","138","32.9","35.3",,,"4.4",,,,,,"22.8",,,,,"25",,"97","6.25","25.03","57.3",,,,,,,,,,,,,,,,,,,"35.3"
"1","남구(울산)","성인","일반","31","관리자","참가","20250217","M","175.2","78.8","32.1","97.2","63","130","36.4","39.5",,,"-19",,,,,,"25.7","30",,,"190",,,,,,"50.1",,,,,,,,"124","40.7",,,"0.318",,,,,,,
"1","천안","성인","일반","38","관리자","참가","20250217","F","171.2","100.2","45.6",,"73","131","31.9","35.3",,,"-2.2",,,,,,"34.2","14",,,"112",,,,,,"35.2",,,,,,,,"135","22.8",,,"0.384",,,,,,,
"1","남구(울산)","성인","일반","35","관리자","3등급","20250217","F","160.7","53.4","34.7","76.7","75","137","27.4","31.4",,,"13.3",,,,,,"20.7","31",,,"162",,,,,,"58.8",,,,,,,,"147","32.4",,,"0.352",,,,,,,
"1","사천","성인","일반","54","관리자","3등급","20250217","M","166.6","63.7","22.9","83.3","94","144","38","40.7",,,"16",,,,,,"23.0","39",,,"187",,,,,,"63.9",,,,,,,,"132","36.6",,,"0.330",,,,,,,
"1","시흥","성인","일반","26","관리자","참가","20250217","F","164.2","54.2","28.6","62.5","69","117","20.7","18.1",,,"-6.4",,,,,,"20.1","14",,"16.51","157",,,,,,"38.2",,,"107","128","155",,"36.9",,,,,,,,,,,,
"1","사천","성인","일반","59","관리자","2등급","20250217","M","159.9","53.1","18.3","73.4","86","156","37.4","38.7",,,"11",,,,,,"20.8","44",,,"190",,,,,,"72.9",,,,,,,,"119","39.1",,,"0.313",,,,,,,
"9","화성","성인","일반","24","관리자","2등급","20250217","M","171.7","67.2","18.7",,"71","121","43.7","44.2",,,"13.5",,,,,,"22.8","52",,"9.8","220",,,,,,"65.8",,,,,,,,"99","48.4",,,,,,,,,,
"1","KSPO송파(출장A)","어르신","출장","75","관리자","1등급","20250217","F","155","53.6","28.3",,"66","142","15.4","22.3",,,"18",,,,,,"22.3",,,,,"21",,"112","5.83","23.02","41.6",,,,,,,,,,,,,,,,,,,"22.3"
"1","사천","성인","일반","53","관리자","참가","20250217","M","169.6","78.6","26.9","94.1","94","143","37.4","43.3",,,"-5",,,,,,"27.3","31",,,"182",,,,,,"55.1",,,,,,,,"98","38.8",,,"0.356",,,,,,,
"6","화성","어르신","일반","68","관리자","1등급","20250217","F","154.8","44.3","24",,"70","125","20.3","21.6",,,"23",,,,,,"18.5",,,,,"28",,"128","4.63","19.35","48.8",,,,,,,,,,,,,,,,,,,"21.6"
"2","KSPO송파별관(어르신)","어르신","일반","66","관리자","3등급","20250217","M","159.1","56.9","17.3",,"86","157","32.6","38.2",,,"6.2",,,,,,"22.5",,,,,"32",,"137","4.91","19.98","67.1",,,,,,,,,,,,,,,,,,,"38.2"
"1","순천","어르신","일반","69","관리자","참가","20250217","F","149.5","59","39.6","86.6","90","130","24.3","25",,,"8.9",,,,,,"26.4",,,,,"27",,"126","5.48","23.55","42.4",,,,,,,,,,,,,,,,,,,"25.0"
"1","성남","성인","일반","56","관리자","참가","20250217","M","163.6","77.1","30.1",,"78","115","34.6","34.5",,,"1.0",,,,,,"28.8","11","12",,"148",,,,,,"44.9",,"32.2",,,,,,,,,,"0.415",,,,,,,
"3","KSPO송파별관(어르신)","어르신","일반","72","관리자","3등급","20250217","M","167.3","75.1","29.1",,"80","155","35.7","40.6",,,"1.1",,,,,,"26.8",,,,,"22",,"118","5.05","20.38","54.1",,,,,,,,,,,,,,,,,,,"40.6"
"1","성남","성인","일반","62","관리자","참가","20250217","M","168.9","80.8","27.9",,"80","156","38.5","38.8",,,"23.5",,,,,,"28.3","15","15",,"165",,,,,,"48.0",,"31.8",,,,,,,,,,"0.360",,,,,,,
"1","원주","성인","일반","26","관리자","3등급","20250217","M","170.2","60.9","12.3","73","61","125","37.8","41.3",,,"8.1",,,,,,"21.0","46",,,"209",,,,,,"67.8",,,,,,,,"74","52.9",,,"0.308",,,,,,,
"1","북구(광주)","성인","일반","61","관리자","참가","20250217","F","150.2","58.4","33.1","81.3","75","125","21.7","22.4",,,"25.8",,,,,,"25.9","12","10",,"113",,,,,,"38.4",,"28.3",,,,,,,,,,"0.398",,,,,,,
"4","중구(서울)","성인","일반","62","관리자","3등급","20250217","M","167.2","59.5","22","78.5","83","156","41.2","41.1",,,"9.9",,,,,,"21.3","31",,,"176",,,,,,"69.2",,,,,,,,"141","34.3",,,"0.336",,,,,,,
"2","의정부","어르신","일반","72","관리자","2등급","20250217","M","159.2","54.8","22.7","76.3","88","168","30.4","32",,,"5.2",,,,,,"21.6",,,,,"26",,"108","5.17","19.35","58.4",,,,,,,,,,,,,,,,,,,"32.0"
"1","순천","성인","일반","60","관리자","참가","20250217","F","163.4","60.7","37.8","82.3","96","150","23.2","24.9",,,"9.2",,,,,,"22.7","0",,,,,,,,,"41.0",,,,,,,,"123","29.1",,,"0.637","0.328",,,,,,
"1","전주","성인","일반","29","관리자","참가","20250217","M","172.8","74.2","23.1","85.4","70","135","48.8","45",,,"14.9",,,,,,"24.8","28",,,"205",,,,,,"65.8",,,,,,,,"152","38.0",,,"0.340",,,,,,,
"4","정읍","성인","일반","48","관리자","참가","20250217","M","175.9","109.9","36.6",,"93","135","44.4","49",,,"7.1",,,,,,"35.5","22","11",,"163",,,,,,"44.6",,"27.5",,,,,,,,,,"0.33",,,,,,,
"1","창원","성인","일반","26","관리자","3등급","20250217","M","173","74.6","18.8","79","76","120","48.7","52.1",,,"11.6",,,,,,"24.9","41","38","12.37",,,,,,,"69.8",,"40.8",,,,,,,,,,,"0.464",,,,,,
"1","사천","성인","일반","34","관리자","참가","20250217","M","181.2","86.6","25.7","105","79","154","45.8","44.2",,,"4.6",,,,,,"26.4","30","43",,"204",,,,,,"52.9",,"39.4",,,,,,,,,,"0.323",,,,,,,
"13","창원","성인","일반","57","관리자","참가","20250217","F","156.4","50.8","31.8","72","81","135","15.5","17",,,"27.5",,,,,,"20.8","28",,,,,,,,,"33.5",,,"77","103","125",,"35.8",,,,,"0.274","0.390",,,,,,
"1","정읍","성인","일반","57","관리자","참가","20250217","F","162","54.7","24",,"73","126","28.6","28",,,"-0.6",,,,,,"20.8","21",,,"144",,,,,,"52.3",,,,,,,,"113","32.3",,,"0.378",,,,,,,
"2","포천","어르신","일반","70","관리자","2등급","20250217","F","149.7","63","39.8","90","101","178","24.1","31.8",,,"16.4",,,,,,"28.1",,,,,"25",,"121","5.6","20.55","50.5",,,,,,,,,,,,,,,,,,,"31.8"
"3","청주","성인","일반","60","관리자","참가","20250217","F","156.7","61.6","34.8","86.4","64","122","26.6","28.1",,,"13.1",,,,,,"25.1","1",,,"93",,,,,,"45.6",,,,,,,,"124","28.2",,,"0.372",,,,,,,
"1","화성","성인","일반","39","관리자","참가","20250217","M","178.5","83.2","26.9",,"86","146","58.2","54.2",,,,,,,,,"26.1","6",,"11.1",,,,,,,"70.0",,,,,,,,,,,,,,,,,,,
"1","춘천","성인","일반","30","관리자","참가","20250217","M","166.2","77.0","30.1","95.1","84","146","45","43.2",,,"8.2",,,,,,"27.9","55","27","10.68","218",,,,,,"58.4",,"37.7",,,,,,,,,,,,,,,,,
"1","청주","성인","일반","62","관리자","3등급","20250217","F","155.6","48.7","25.6","73.1","68","111","24.1","23.2",,,"15.5",,,,,,"20.1","14",,,"115",,,,,,"49.5",,,,,,,,"102","33.5",,,"0.467",,,,,,,
"1","포항","성인","일반","54","관리자","참가","20250217","F","165.9","63.7","35.4",,"61","114","20.6","23.2",,,"-12.5",,,,,,"23.1","15",,,"132",,,,,,"36.4",,,"70","94","124",,"33.5",,,,,"0.330",,,,,,,
"1","화성","성인","일반","28","관리자","참가","20250217","M","170.9","74.6","23.6",,"84","129","44.6","47.7",,,,,,,,,"25.5","47",,"12.1",,,,,,,"63.9",,,,,,,,,,,,,,,,,,,
"1","서초","성인","일반","41","관리자","참가","20250217","F","162.1","51.3","27.6","68.8","75","113","32.9","31.7",,,"-3.9",,,,,,"19.5","37",,,,,,,,,"64.1",,,,,,,,"92","38.6",,,"0.385","0.502",,,,,,
"1","순천","성인","일반","63","관리자","참가","20250217","M","174.8","72","22.4","86.7","93","155","29.8","33.2",,,"-0.2",,,,,,"23.6","28",,,,,,,,,"46.1",,,,,,,,"117","35.4",,,"0.425","0.440",,,,,,
"2","동구(인천)","성인","일반","28","관리자","참가","20250217","M","177.3","89.1","27.8",,"74","134","51.5","54.4",,,"14.6",,,,,,"28.3","47",,,"202",,,,,,"61.1",,,,,,,,"98","43.2",,,"0.390",,,,,,,
"1","순천","성인","일반","24","관리자","3등급","20250217","M","173.1","74.1","23","90.6","88","127","43.1","50.5",,,"11.5",,,,,,"24.7","42",,,,,,,,,"68.2",,,,,,,,"119","44.1",,,"0.338","0.589",,,,,,
"2","동구(인천)","성인","일반","56","관리자","2등급","20250217","F","162.3","62.1","32.6",,"76","136","25","27.9",,,"19",,,,,,"23.6","15",,,,,,,,,"44.9",,,,,,,,"117","30.2",,,"0.360","0.410",,,,,,
"1","고양","성인","일반","63","관리자","참가","20250217","M","172.3","71.7","20.7",,"79","151","40.1","47.9",,,"-6.5",,,,,,"24.2","31",,"12.85","180",,,,,,"66.8",,,,,,,,"107","36.7",,,,,,,,,,
"1","고양","성인","일반","61","관리자","2등급","20250217","F","160.6","53.3","25.6",,"79","130","23.1","25.8",,,"20",,,,,,"20.7","13",,"13.36","169",,,,,,"48.4",,,,,,,,"114","31.6",,,,,,,,,,
"1","KSPO송파(출장A)","어르신","출장","77","관리자","참가","20250217","M","164","64.6","36.1",,"89","157","28.3","29.9",,,"-30",,,,,,"24.0",,,,,"3",,"56","14.75","56.95","46.3",,,,,,,,,,,,,,,,,,,"29.9"
"2","북구(광주)","성인","일반","48","관리자","참가","20250217","F","162.8","53.2","32.6","70.0","55","106","20.9","27.5",,,"-0.5",,,,,,"20.1","7","8",,,,,,,,"51.7",,"29.2",,,,,,,,,,"0.432","0.405",,,,,,
"2","KSPO송파별관(어르신)","어르신","일반","68","관리자","3등급","20250217","M","156.2","60.8","29.3",,"83","144","23.5","27.8",,,"11.5",,,,,,"24.9",,,,,"40",,"141","4.35","16.88","45.7",,,,,,,,,,,,,,,,,,,"27.8"
"1","동작","어르신","일반","65","관리자","3등급","20250217","M","174.7","69.6","22","85","84","128","38.3","40.2",,,"5.7",,,,,,"22.8",,,,,"24",,"118","5.27","20.81","57.8",,,,,,,,,,,,,,,,,,,"40.2"
"1","순천","성인","일반","30","관리자","참가","20250217","M","175.9","78.5","33.2","98.9","97","142","44.6","51.6",,,"-9",,,,,,"25.4","39",,,,,,,,,"65.7",,,,,,,,"123","41.3",,,"0.353","0.527",,,,,,
"2","서구(광주)","성인","일반","24","관리자","참가","20250217","M","171.9","83.7","23.2","89.3","89","156","44.7","48.5",,,"11.5",,,,,,"28.3","21",,"10.25","218",,,,,,"57.9",,,,,,,,"143","38.3",,,,,,,,,,
"1","동작","어르신","일반","73","관리자","3등급","20250217","M","171","78.1","28.7","94","66","136","31.7","34",,,"2.6",,,,,,"26.7",,,,,"26",,"115","6.61","26.22","43.5",,,,,,,,,,,,,,,,,,,"34.0"
"9","성동","성인","일반","52","관리자","2등급","20250217","M","163.1","67.4","25.4",,"76","118","43.6","46.5",,,"18.3",,,,,,"25.3","42",,,"209",,,,,,"69.0",,,,,,,,"114","38.6",,,"0.280",,,,,,,
"7","순천","성인","일반","32","관리자","참가","20250217","F","159.7","75.7","48.2","95.5","72","129","23.8","23.3",,,"-8.2",,,,,,"29.7","10",,,,,,,,,"31.4",,,,,,,,"146","27.5",,,"0.534","0.278",,,,,,
"8","서대문","어르신","일반","69","관리자","3등급","20250217","F","152.4","61.6","43.9",,"78","143","24.6","26.4",,,"16.7",,,,,,"26.5",,,,,"26",,"112","6.56","26.20","42.9",,,,,,,,,,,,,,,,,,,"26.4"
"1","KSPO송파별관(어르신)","어르신","일반","70","관리자","2등급","20250217","M","172.4","70.6","26.6",,"83","144","38.1","38.1",,,"8",,,,,,"23.8",,,,,"40",,"142","4.88","19.46","54.0",,,,,,,,,,,,,,,,,,,"38.1"
"3","서대문","어르신","일반","73","관리자","2등급","20250217","M","158.7","60.6","24.5",,"57","112","31.4","31.3",,,"5.2",,,,,,"24.1",,,,,"32",,"128","4.96","23.20","51.8",,,,,,,,,,,,,,,,,,,"31.4"
"3","성동","성인","일반","59","관리자","3등급","20250217","M","164.5","64.2","22.5",,"100","176","39.3","41.9",,,"9.7",,,,,,"23.7","23",,,"187",,,,,,"65.3",,,,,,,,"125","36.1",,,"0.267",,,,,,,
"1","스포원(금정)","청소년","일반","18","관리자","참가","20250217","M","174.1","63.5","18.7",,"65","121","37.5","37.1","30",,"-7.5","18.84","0.519","46.822","13","47.420","20.9",,,,,,,,,,"59.1",,,"61","106","120",,"51.4",,,,,,,,,,,,
"1","성동","성인","일반","24","관리자","2등급","20250217","F","170.4","57.8","24.1",,"69","126","28.6","31.8",,,"18.5",,,,,,"19.9","33",,,"180",,,,,,"55.0",,,,,,,,"128","36.6",,,"0.344",,,,,,,
"1","곡성","어르신","일반","65","관리자","3등급","20250217","F","145.1","48.9","31.9","74.5","64","113","20.3","25.1",,,"19.6",,,,,,"23.2",,,,,"18",,"102","5.87","26.39","51.3",,,,,,,,,,,,,,,,,,,"25.1"
"1","포항","성인","일반","19","관리자","1등급","20250217","F","164.9","51.4","21.6",,"61","105","27.4","30.3",,,"33.6",,,,,,"18.9","54","30","10.83","197",,,,,,"58.9",,"37.4",,,,,,,,,,,,,,,,,
"3","곡성","어르신","일반","68","관리자","참가","20250217","F","149.2","63.3","40.7","92.3","82","135","20.1","23.8",,,"0.1",,,,,,"28.4",,,,,"13",,"100","6.61","31.93","37.6",,,,,,,,,,,,,,,,,,,"23.8"
"1","안산","어르신","일반","67","관리자","3등급","20250217","M","167.5","75.7","32.2","97","80","153","42","46.7",,,"5.9",,,,,,"27.0",,,,,"25",,"125","4.9","23.8","61.7",,,,,,,,,,,,,,,,,,,"46.7"
"1","서구(대전)","성인","일반","34","관리자","참가","20250217","F","166.3","74.2","41.6",,"94","135","23.1","26.3",,,"5.1",,,,,,"26.8","12",,,"155",,,,,,"35.4",,,"96","126","159",,"30.0",,,,,"0.327",,,,,,,
"5","창원마산회원","성인","일반","62","관리자","3등급","20250217","M","177.2","76.7","20.7","90.5","67","115","53.4","51.9",,,"14.1",,,,,,"24.4","22","16",,,,,,,,"69.6",,"32.4",,,,,,,,,,"0.404","0.532",,,,,,
"1","서대문","성인","일반","63","관리자","1등급","20250217","M","160","62.8","22.5",,"86","135","40.6","44.6",,,"16.8",,,,,,"24.5","32","27",,,,,,,,"71.0",,"37.3",,,,,,,,,,"0.432","0.525",,,,,,
"1","성남","성인","일반","37","관리자","3등급","20250217","M","170.8","77.8","24.3",,"71","136","36.9","42.4",,,"6.5",,,,,,"26.7","56","36","11.16","203",,,,,,"54.5",,"39.1",,,,,,,,,,,,,,,,,
"12","성남","성인","일반","44","관리자","3등급","20250217","F","158.4","52.6","30.8",,"74","109","26.9","28.4",,,"24.4",,,,,,"21.0","41","18","13.96",,,,,,,"54.0",,"32.5",,,,,,,,,,,"0.412",,,,,,
"1","사천","성인","일반","54","관리자","2등급","20250217","F","162.3","59.1","32.3","82.5","84","118","27.9","29.4",,,"19",,,,,,"22.4","27",,,"137",,,,,,"49.7",,,,,,,,"112","31.9",,,"0.466",,,,,,,
"1","사천","성인","일반","33","관리자","참가","20250217","M","178.2","98.6","34.2","112.6","94","158","45.7","41.2",,,"13",,,,,,"31.0","29",,,"217",,,,,,"46.3",,,,,,,,"136","34.3",,,"0.332",,,,,,,
"1","남구(울산)","성인","일반","31","관리자","2등급","20250217","M","176.4","74.7","15.2","79.6","79","133","49.6","50",,,"16.2",,,,,,"24.0","43",,"11.5",,,,,,,"66.9",,,,,,,,"107","44.2",,,,"0.575",,,,,,
"1","서구(대전)","성인","일반","30","관리자","참가","20250217","F","172.5","89.4","34.8",,"62","119","34.1","33.4",,,"16.5",,,,,,"30.0","28",,,"162",,,,,,"38.1",,,"86","115","149",,"28.5",,,,,"0.380",,,,,,,
"3","남구(울산)","성인","일반","30","관리자","참가","20250217","M","177.1","86.7","22.7","92.3","82","153","56.4","51.3",,,"19.9",,,,,,"27.6","57",,"11.93","206",,,,,,"65.1",,,"93","113","141","168","37.8",,,,,,,,,,,,
"8","KSPO송파별관(어르신)","어르신","일반","74","관리자","1등급","20250217","M","176.5","91.5","30.4",,"88","158","44.1","49.3",,,"15.6",,,,,,"29.4",,,,,"30",,"140","4.16","16.25","53.9",,,,,,,,,,,,,,,,,,,"49.3"
"9","성동","성인","일반","64","관리자","3등급","20250217","M","168.9","73.1","24.3",,"75","129","36.6","40.3",,,"12.7",,,,,,"25.6","30","18",,"163",,,,,,"55.1",,"33.4",,,,,,,,,,"0.282",,,,,,,
"6","청주","성인","일반","63","관리자","2등급","20250217","F","159.5","56.7","36","80.6","77","136","24","27.4",,,"22.2",,,,,,"22.3","20",,,"112",,,,,,"48.3",,,,,,,,"90","33.2",,,"0.389",,,,,,,
"9","스포원(금정)","성인","일반","23","관리자","2등급","20250217","M","183.6","81.5","14.1",,"90","151","53.5","56.6",,,"20.8",,,,,,"24.2","56",,,,,,,,,"69.4",,,"97","115","127","154","46.0",,,,,"0.321","0.602",,,,,,
"2","청주","성인","일반","64","관리자","참가","20250217","F","149.8","54.6","40.4","83","60","125","21.6","23.6",,,"13.1",,,,,,"24.3","2",,,"69",,,,,,"43.2",,,,,,,,"134","27.2",,,"0.424",,,,,,,
"1","수원","어르신","일반","68","관리자","참가","20250217","F","154.6","50.3","27.2","73","74","144","20","13",,,"1",,,,,,"21.0",,,,,"21",,"116","5.1","23.2","39.8",,,,,,,,,,,,,,,,,,,"20.0"
"1","서초","성인","일반","26","관리자","3등급","20250217","F","171.7","65.4","34.4","77.0","64","106","31.9","30.7",,,"20.4",,,,,,"22.2","23",,,,,,,,,"48.8",,,,,,,,"141","32.9",,,"0.374","0.477",,,,,,
"5","KSPO송파별관(어르신)","어르신","일반","68","관리자","2등급","20250217","M","163.2","68","29.6",,"93","141","37.8","38.2",,,"8.2",,,,,,"25.5",,,,,"32",,"136","4.92","17.24","56.2",,,,,,,,,,,,,,,,,,,"38.2"
"1","강북","성인","일반","62","관리자","참가","20250217","F","153.7","61.4","36.6","82","87","138","26.2","25.1",,,"14.8",,,,,,"26.0","16",,,,,,,,,"42.7",,,,,,,,"125","27.4",,,"0.355","0.412",,,,,,
"1","수원","청소년","일반","18","관리자","참가","20250217","M","170.4","52","13.9","67","84","130","30.2","31",,"44","22","22.1","0.524","38.397","17","39.179","17.9",,,,,,,,,,"59.6",,,,,,,,,,,,,,,,,,,
"2","강북","성인","일반","26","관리자","2등급","20250217","F","168.5","53.2","27.4","63.5","82","132","24.9","29.7",,,"19.3",,,,,,"18.7","29",,,"182",,,,,,"55.8",,,,,,,,"130","36.9",,,"0.357",,,,,,,
"1","사천","성인","일반","54","관리자","1등급","20250217","M","164.4","60.6","24.5",,"76","132","38.8","41.2",,,"20.5",,,,,,"22.4","41",,,"181",,,,,,"68.0",,,,,,,,"99","42.0",,,"0.321",,,,,,,
"1","고양","성인","일반","45","관리자","참가","20250217","M","176.6","87.9","34.5",,"86","133","39.6","42.3",,,"-2.3",,,,,,"28.2","25","15","13.06","178",,,,,,"48.1",,"31.9",,,,,,,,,,,,,,,,,
"4","고양","어르신","일반","68","관리자","2등급","20250217","M","166.7","67.3","23",,"90","166","47","40.5",,,"15.1",,,,,,"24.2",,,,,"32",,"120","4.24","18.52","69.8",,,,,,,,,,,,,,,,,,,"47.0"
"1","영암","성인","일반","63","관리자","3등급","20250217","F","164.3","62.3","28.9",,"81","143","30.6","31.4",,,"12.7",,,,,,"23.1","12",,,"141",,,,,,"50.4",,,,,,,,"85","32.9",,,"0.443",,,,,,,
"1","영암","성인","일반","60","관리자","2등급","20250217","F","156.9","58.8","29.4",,"87","137","29.1","30",,,"23.6",,,,,,"23.9","16",,,"148",,,,,,"51.0",,,,,,,,"122","29.1",,,"0.371",,,,,,,
"1","순천","성인","일반","63","관리자","참가","20250217","F","158","47.7","22.9","71.1","82","138","23.9","24.8",,,"16.4",,,,,,"19.1","0",,,,,,,,,"52.0",,,,,,,,"118","31.9",,,"0.373","0.452",,,,,,
"1","KSPO아산","성인","일반","60","관리자","참가","20250217","M","164.1","83.4","42.1","108","66","107","28.1","24.6",,,"-9.0",,,,,,"31.0","7","2",,,,,,,,"33.7",,"28.6",,,,,,,,,,"0.532","0.242",,,,,,
"1","세종","성인","일반","25","관리자","2등급","20250217","M","168.2","63.6","13.7","71.8","83","148","47.3","48.4",,,"11.1",,,,,,"22.5","58","53",,"220",,,,,,"76.1",,"46.1",,,,,,,,,,"0.295",,,,,,,
"1","수원","성인","일반","26","관리자","1등급","20250217","M","181.4","66.3","6.7","72","84","141","52.6","55.4",,,"19.3",,,,,,"20.1","58",,"9",,,,,,,"83.6",,,,,,,,"99","48.9",,,,"0.647",,,,,,
"1","수원","성인","일반","64","관리자","참가","20250217","M","166.2","47.4","12.3","65","77","138","34.6","36",,,"2",,,,,,"17.2","11",,,,,,,,,"75.9",,,"116","144","178",,"31.4",,,,,"0.451","0.423",,,,,,
"3","수원","성인","일반","62","관리자","참가","20250217","F","158.7","60.1","32.6","77","62","111","23.1","25.6",,,"11.7",,,,,,"23.9","20",,,,,,,,,"42.6",,,"94","110","139",,"30.2",,,,,"0.497","0.382",,,,,,
"1","화성","성인","일반","60","관리자","참가","20250217","F","154.9","63.6","34.6",,"81","144","32.3","31.5",,,"19.5",,,,,,"26.5","0",,,"113",,,,,,"50.8",,,,,,,,"98","30.7",,,"0.391",,,,,,,
"7","중구(서울)","어르신","일반","69","관리자","2등급","20250217","M","174.7","72.1","20","90.2","67","120","39.2","39.9",,,"11.1",,,,,,"23.6",,,,,"31",,"125","4.3","17.3","55.3",,,,,,,,,,,,,,,,,,,"39.9"
"1","성남","성인","일반","52","관리자","3등급","20250217","F","154.6","53.0","27.7",,"72","121","27.1","27.4",,,"20.4",,,,,,"22.2","21","12",,"143",,,,,,"51.7",,"30.2",,,,,,,,,,"0.383",,,,,,,
"1","KSPO송파별관(어르신)","어르신","일반","66","관리자","1등급","20250217","M","175","73.7","25.4",,"75","116","40.9","44.4",,,"12.5",,,,,,"24.1",,,,,"32",,"133","3.99","16.58","60.2",,,,,,,,,,,,,,,,,,,"44.4"
"1","KSPO송파","성인","일반","25","관리자","참가","20250217","F","161.3","50.3","29.5","72.6","78","126","24.5","23",,,"11.4",,,,,,"19.3","17",,,,,,,,,"48.7",,,,,,,,"155","34.1",,,"0.4","0.396",,,,,,
"1","KSPO송파","성인","일반","63","관리자","참가","20250217","M","172.5","80.4","27.1","98.2","86","151","42.8","40",,,"4",,,,,,"27.0","30",,,,,,,,,"53.2",,,"92","115","140","165","31.0",,,,,"0.404","0.512",,,,,,
"1","동작","청소년","일반","18","관리자","참가","20250217","M","170.9","78","24.2","86","90","132","44.3","44.3","30",,"1.4","17.92","0.515","45.855","8","46.223","26.7",,,,,,,,,,"56.8",,,"99","128","148",,"43.3",,,,,,,,,,,,
"1","서구(광주)","성인","일반","33","관리자","참가","20250217","F","168.4","116.9","48.4","108.1","83","125","24.9","25",,,"6.8",,,,,,"41.2","5",,,,,,,,,"21.4",,,,,,,,"165","15.7",,,"0.457","0.416",,,,,,
"1","달서","성인","일반","63","관리자","참가","20250217","F","157.5","53","31.4","78","84","137","21.7","23.5",,,"24.7",,,,,,"21.4","6",,,"101",,,,,,"44.3",,,,,,,,"110","31.5",,,"0.413",,,,,,,
"1","KSPO송파별관(어르신)","어르신","일반","72","관리자","2등급","20250217","F","148.5","56.2","37.8",,"89","152","15.2","20.5",,,"15",,,,,,"25.5",,,,,"30",,"133","5.25","21.39","36.5",,,,,,,,,,,,,,,,,,,"20.5"
"1","동작","청소년","일반","18","관리자","참가","20250217","M","172.6","92.4","25.2","87","82","149","55.9","57.1","13",,"12.4","17.97","0.514","50.360","4","50.544","31.0",,,,,,,,,,"61.8",,,"89","134","150",,"40.3",,,,,,,,,,,,
"1","서구(광주)","성인","일반","21","관리자","참가","20250217","F","170.3","68.4","37.0","77.8","77","123","23.9","23.7",,,"25",,,,,,"23.6","23",,,,,,,,,"34.9",,,,,,,,"151","31.7",,,"0.40","0.372",,,,,,
"1","달서","성인","일반","59","관리자","참가","20250217","F","158.1","55.6","30.8","79.7","77","100","20.8","22.8",,,"8.9",,,,,,"22.2","10",,,"102",,,,,,"41.0",,,,,,,,"111","31.5",,,"0.421",,,,,,,
"1","강북","성인","일반","19","관리자","참가","20250217","M","173.6","75.40","23.4","82.8","86","132","38.9","38.5",,,"4.1",,,,,,"25.0","55",,,"228",,,,,,"51.6",,,"96","125","148","173","43.4",,,,,"0.298",,,,,,,
"4","삼척","성인","출장","35","관리자","참가","20250217","M","168.5","74.8","38.1",,"99","122","13.6","9.5",,,"-8.0",,,,,,"26.3","0","1","28.02",,,,,,,"18.2",,"31.5",,,,,,,,,,,"0.241",,,,,,
"1","삼척","성인","출장","46","관리자","참가","20250217","M","159.5","56.9","33.8",,"82","119","15.7","18.7",,,"-13.4",,,,,,"22.4","2","0","27.31",,,,,,,"32.9",,"33.2",,,,,,,,,,,"0.241",,,,,,
"2","청주","성인","일반","64","관리자","참가","20250217","F","165.9","53","32.4","77.4","51","119","26.1","26.2",,,"11.1",,,,,,"19.3","8",,,"100",,,,,,"49.4",,,,,,,,"135","29.1",,,"0.454",,,,,,,
"4","삼척","성인","출장","34","관리자","참가","20250217","M","181.2","133.6","51.6",,"69","113","14.2","17.2",,,"-16.8",,,,,,"40.7","10","1","21.89",,,,,,,"12.9",,"22.8",,,,,,,,,,,"0.347",,,,,,
"10","안산","어르신","일반","70","관리자","참가","20250217","F","144.9","39.1","25.7","71","111","164","18.7","21.9",,,"8.2",,,,,,"18.6",,,,,"23",,"88","6.9","30.7","56.0",,,,,,,,,,,,,,,,,,,"21.9"
"8","청주","성인","일반","54","관리자","참가","20250217","F","162.5","58","30","82.1","59","116","26.8","30.8",,,"17.3",,,,,,"22.0","3",,,,,,,,,"53.1",,,,,,,,"87","35.2",,,"0.490",,,,,,,
"1","남구(울산)","어르신","일반","71","관리자","3등급","20250217","M","160.5","52","22.9","75.2","73","127","35","36",,,"4.9",,,,,,"20.2",,,,,"22",,"98","6.03","24.53","69.2",,,,,,,,,,,,,,,,,,,"36.0"
"2","남구(울산)","어르신","일반","65","관리자","2등급","20250217","M","173.9","85.6","32.2","101.7","73","134","46.3","45.5",,,"9.7",,,,,,"28.3",,,,,"32",,"116","4.47","18.16","54.1",,,,,,,,,,,,,,,,,,,"46.3"
"1","삼척","성인","출장","23","관리자","참가","20250217","M","193.1","178.9","51.8",,"69","134","40.8","43.2",,,"17.1",,,,,,"48.0","2","1","15.48",,,,,,,"24.1",,"16.8",,,,,,,,,,,"0.339",,,,,,
"3","삼척","성인","출장","31","관리자","참가","20250217","M","168.2","86.0","40.0",,"82","100","14.7","15.7",,,"-14.9",,,,,,"30.4","0","1","16.92",,,,,,,"18.3",,"30.2",,,,,,,,,,,"0.241",,,,,,
"4","삼척","성인","출장","41","관리자","참가","20250217","M","175.1","57.8","24.5",,"62","100","22.9","24.7",,,"-13.3",,,,,,"18.9","18","0","24.29",,,,,,,"42.7",,"33.2",,,,,,,,,,,"0.353",,,,,,
"1","화성","성인","일반","58","관리자","참가","20250217","M","160.6","63.9","28.9",,"96","159","33.9","34.3",,,"9.5",,,,,,"24.8","23",,,"183",,,,,,"53.7",,,"115","132","152",,"33.5",,,,,"0.382",,,,,,,
"1","삼척","성인","출장","56","관리자","참가","20250217","M","173.9","105.3","40.6",,"80","133","33.1","44.7",,,"4.8",,,,,,"34.8","3","0","20.89",,,,,,,"42.5",,"25.0",,,,,,,,,,,"0.279",,,,,,
"1","포항","성인","일반","50","관리자","참가","20250217","M","170.4","76.3","27.4",,"98","156","41.6","39.7",,,"7.9",,,,,,"26.3","38",,"11.61","172",,,,,,"54.5",,,"72","104","102","143","43.7",,,,,,,,,,,,
"4","삼척","성인","출장","39","관리자","참가","20250217","M","174.3","68.6","27.0",,"62","104","30.3","30.3",,,"-19.6",,,,,,"22.6","31","2","20.96",,,,,,,"44.2",,"32.2",,,,,,,,,,,"0.413",,,,,,
"4","삼척","성인","출장","48","관리자","참가","20250217","F","144.6","68.4","49.6",,"70","112","17.8","18.6",,,"5.9",,,,,,"32.7","3","1","16.54",,,,,,,"27.2",,"24.3",,,,,,,,,,,"0.291",,,,,,
"3","삼척","성인","출장","49","관리자","참가","20250217","F","146.4","82.3","54.4",,"85","129","22.9","25.8",,,"-1.0",,,,,,"38.4","0","0","19.04",,,,,,,"31.3",,"21.8",,,,,,,,,,,"0.304",,,,,,
"5","화성","어르신","일반","66","관리자","2등급","20250217","F","148.4","51.3","36.9",,"122","182","13.1","22",,,"23.1",,,,,,"23.3",,,,,"26",,"109","4.7","20.7","42.9",,,,,,,,,,,,,,,,,,,"22.0"
"1","오산","어르신","일반","80","관리자","3등급","20250217","F","154.1","63.1","32.6","81.6","65","134","22.7","26.1",,,"8.2",,,,,,"26.6",,,,,"15",,"91","6.59","26.15","41.4",,,,,,,,,,,,,,,,,,,"26.1"
"2","오산","어르신","일반","67","관리자","3등급","20250217","F","150","59.4","40.7","91.2","71","122","18.9","21",,,"13",,,,,,"26.4",,,,,"23",,"123","6.09","24.1","35.4",,,,,,,,,,,,,,,,,,,"21.0"
"4","삼척","성인","출장","41","관리자","참가","20250217","M","169.1","97.0","36.0",,"94","130","46.4","44.5",,,"-3.4",,,,,,"33.9","39","1","12.27",,,,,,,"47.8",,"27.8",,,,,,,,,,,"0.327",,,,,,
"1","성동","어르신","일반","74","관리자","참가","20250217","M","165.8","68.1","31.3",,"62","131","26.6","32.1",,,"-14.8",,,,,,"24.8",,,,,"19",,"103","6.3","28.48","47.1",,,,,,,,,,,,,,,,,,,"32.1"
"3","삼척","성인","출장","42","관리자","참가","20250217","M","166.1","67.6","39.4",,"91","118","8.7","14.3",,,"6.3",,,,,,"24.5","0","1","29.03",,,,,,,"21.2",,"32.1",,,,,,,,,,,"0.241",,,,,,
"1","양평","성인","일반","58","관리자","참가","20250217","F","154.1","54.1","31.9",,"80","135","19.1","21.5",,,"16.8",,,,,,"22.8","4",,,"129",,,,,,"39.7",,,"80","125","149",,"32.1",,,,,"0.359",,,,,,,
"4","삼척","성인","출장","29","관리자","참가","20250217","M","173.2","60.7","25.2",,"99","131","25.6","32.3",,,"4.6",,,,,,"20.2","0","1","20.73",,,,,,,"53.2",,"34.0",,,,,,,,,,,"0.241",,,,,,
"1","마포","어르신","일반","76","관리자","1등급","20250217","M","162.7","58.4","19.9","81","109","181","40.4","40.6",,,"8.2",,,,,,"22.1",,,,,"21",,"117","4.24","22.88","69.5",,,,,,,,,,,,,,,,,,,"40.6"
"6","마포","어르신","일반","67","관리자","1등급","20250217","F","149.3","51.2","34.4","79","65","151","27.2","30.1",,,"21.2",,,,,,"23.0",,,,,"30",,"125","5.16","21.87","58.8",,,,,,,,,,,,,,,,,,,"30.1"
"2","포천","성인","일반","60","관리자","참가","20250217","F","157","48.9","24.9","66","72","128","26.9","25.8",,,"19.5",,,,,,"19.8","5",,,"110",,,,,,"55.0",,,,,,,,"129","30.7",,,"0.409",,,,,,,
"1","천안","어르신","일반","76","관리자","3등급","20250217","M","167.6","64.1","27.1",,"87","157","33.6","34",,,"3.7",,,,,,"22.8",,,,,"19",,"84","6.25","25.69","53.0",,,,,,,,,,,,,,,,,,,"34.0"
"1","남구(울산)","어르신","일반","66","관리자","3등급","20250217","M","170.4","83.8","33.7","104.1","90","152","39.1","42.8",,,"3.7",,,,,,"28.9",,,,,"21",,"113","5.44","19.1","51.1",,,,,,,,,,,,,,,,,,,"42.8"
"4","춘천","어르신","일반","73","관리자","2등급","20250217","M","175.1","85.8","33.9","104.6","99","143","46.1","46.2",,,"5.5",,,,,,"28.0",,,,,"25",,"111","5.47","20.66","53.8",,,,,,,,,,,,,,,,,,,"46.2"
"2","화성","성인","일반","41","관리자","3등급","20250217","M","172.4","83.6","24.3",,"90","138","52.6","57.1",,,"7.2",,,,,,"28.1","44",,,,,,,,,"68.3",,,,,,,,"121","37.4",,,"0.308","0.577",,,,,,
"5","성남","성인","일반","54","관리자","참가","20250217","F","153.1","61.4","38.3",,"91","154","25.1","27.1",,,"20.3",,,,,,"26.2","1",,,"153",,,,,,"44.1",,,"85","120","140",,"31.9",,,,,"0.434",,,,,,,
"1","춘천","성인","일반","37","관리자","참가","20250217","F","157.1","50.4","25.9","71.3","65","101","23.1","25",,,"2.7",,,,,,"20.4","22","20",,"163",,,,,,"49.6",,"33.7",,,,,,,,,,"0.383",,,,,,,
"1","달서","성인","일반","28","관리자","3등급","20250217","F","169.3","65.6","27.2","81.5","69","112","26.3","25.6",,,"20.7",,,,,,"22.9","41",,,"179",,,,,,"40.1",,,,,,,,"118","35.0",,,"0.357",,,,,,,
"1","오산","성인","일반","22","관리자","참가","20250217","M","165.8","55.3","19.5","74.7","94","130","42.1","39.6",,,"21.3",,,,,,"20.1","30","31","12.03","207",,,,,,"76.1",,"42.5",,,,,,,,,,,,,,,,,
"4","북구(광주)","성인","일반","34","관리자","2등급","20250217","M","173.5","76.8","23.9","87.1","87","150","46.7","51",,,"9.7",,,,,,"25.5","53",,,,,,,,,"66.4",,,"83","101","123","153","42.4",,,,,"0.306","0.640",,,,,,
"1","양평","성인","일반","64","관리자","참가","20250217","M","168.3","58.1","22.6",,"75","159","33.7","33.9",,,"11.6",,,,,,"20.5","7",,"14.72","165",,,,,,"58.3",,,,,,,,"88","42.0",,,,,,,,,,
"1","고양","성인","일반","45","관리자","참가","20250217","M","168.3","99.4","35.2",,"94","140","44.6","46.4",,,"10",,,,,,"35.1","36","17","11.35","206",,,,,,"46.7",,"30.9",,,,,,,,,,,,,,,,,
"1","포항","성인","일반","49","관리자","참가","20250217","F","166.7","60.9","35",,"89","150","24.2","24.8",,,"6",,,,,,"21.9","22",,,"135",,,,,,"40.7",,,"91","101","92",,"41.1",,,,,"0.354",,,,,,,
"1","서대문","청소년","일반","18","관리자","2등급","20250217","M","172.9","60.4","12.6",,"80","120","32.8","34.6",,"55","17.5","17.42","0.665","44.663","8","45.031","20.2",,"67",,,,,,,,"57.3",,"49.1",,,,,,,,,,,,,,,,,
"6","동작","어르신","일반","73","관리자","3등급","20250217","M","162","63.3","23","88","90","145","37.4","41",,,"3.7",,,,,,"24.1",,,,,"34",,"136","4.41","17.38","64.8",,,,,,,,,,,,,,,,,,,"41.0"
"1","동작","어르신","일반","68","관리자","3등급","20250217","F","147.6","55.2","39.3","78","99","156","19.8","21.6",,,"14.5",,,,,,"25.3",,,,,"31",,"123","5.25","22.23","39.1",,,,,,,,,,,,,,,,,,,"21.6"
"7","오산","성인","일반","27","관리자","3등급","20250217","F","166.5","51","33","77.4","78","104","19.8","21.4",,,"10.2",,,,,,"18.4","31",,,"153",,,,,,"42.0",,,,,,,,"150","34.6",,,"0.374",,,,,,,
"2","안산","어르신","일반","66","관리자","2등급","20250217","M","166.7","73.7","31.6","93","78","157","41.9","47.1",,,"22.8",,,,,,"26.5",,,,,"34",,"130","4.9","22.0","63.9",,,,,,,,,,,,,,,,,,,"47.1"
"6","안산","어르신","일반","71","관리자","2등급","20250217","F","155.4","56.9","29.9","76","81","136","24.7","25",,,"17.2",,,,,,"23.6",,,,,"33",,"105","4.7","19.4","43.9",,,,,,,,,,,,,,,,,,,"25.0"
"2","서구(대전)","성인","일반","63","관리자","참가","20250217","M","180.7","85.1","22.2",,"88","146","47.1","57.3",,,"-2.7",,,,,,"26.1","20",,"12.91","174",,,,,,"67.3",,,,,,,,"126","31.6",,,,,,,,,,
"1","남구(울산)","어르신","일반","66","관리자","3등급","20250217","M","173.7","75.4","22.4","89.9","90","145","51.4","47",,,"3.6",,,,,,"25.0",,,,,"29",,"116","4.97","19.97","68.2",,,,,,,,,,,,,,,,,,,"51.4"
"1","성동","성인","일반","60","관리자","1등급","20250217","F","146.9","45.0","31.2",,"95","159","23.5","23.5",,,"21.6",,,,,,"20.9","20",,,"159",,,,,,"52.2",,,"99","119","139",,"34.0",,,,,"0.283",,,,,,,
"3","제주","성인","일반","23","관리자","3등급","20250217","F","160.4","53.8","29","80.1","80","118","25.2","27.8",,,"12",,,,,,"20.9","26",,,"151",,,,,,"51.7",,,,,,,,"145","34.7",,,"0.287",,,,,,,
"1","성남","성인","일반","55","관리자","3등급","20250217","F","167.7","69.9","27.6",,"84","145","31.3","35.9",,,"14.5",,,,,,"24.9","38","16","12.87",,,,,,,"51.4",,"28.8",,,,,,,,,,,"0.469",,,,,,
"2","마포","성인","일반","32","관리자","2등급","20250217","M","175.5","79.5","20.6","88","81","135","47.2","44.3",,,"16.5",,,,,,"25.8","45",,,"230",,,,,,"59.4",,,,,,,,"102","43.6",,,"0.366",,,,,,,
"1","마포","성인","일반","50","관리자","참가","20250217","M","165.7","77.9","28.7","94","119","188","45.1","45.5",,,"8.2",,,,,,"28.4","32",,,"193",,,,,,"58.4",,,,,,,,"155","31.0",,,"0.330",,,,,,,
"1","마포","성인","일반","24","관리자","3등급","20250217","F","162.6","57.2","29.6","67","78","116","24.5","26.6",,,"24.6",,,,,,"21.6","32",,,"145",,,,,,"46.5",,,,,,,,"138","34.8",,,"0.389",,,,,,,
"2","오산","어르신","일반","66","관리자","3등급","20250217","M","159.6","65.3","26.6","85.8","80","145","35.2","40.2",,,"5.2",,,,,,"25.6",,,,,"28",,"123","4.62","22.6","61.6",,,,,,,,,,,,,,,,,,,"40.2"
"1","오산","어르신","일반","76","관리자","2등급","20250217","F","151.7","53.6","40.7","85.5","103","135","15.6","18.7",,,"17.1",,,,,,"23.3",,,,,"23",,"116","6.06","25.19","34.9",,,,,,,,,,,,,,,,,,,"18.7"
"2","수원","성인","일반","31","관리자","참가","20250217","F","165.9","87.3","44.2","95","98","147","31.5","37.1",,,"13.1",,,,,,"31.7","29",,"12.4","171",,,,,,"42.5",,,,,,,,"121","28.5",,,,,,,,,,
"1","사천","성인","일반","55","관리자","참가","20250217","F","158.7","60.5","37.7","82","96","153","25.9","26.5",,,"20",,,,,,"24.0","8",,,,,,,,,"43.8",,,,,,,,"130","28.8",,,"0.430","0.390",,,,,,
"2","수원","성인","일반","62","관리자","참가","20250217","F","140.7","54.2","41","94","77","140","20.3","18.8",,,"17.5",,,,,,"27.4","1",,,"91",,,,,,"37.5",,,"97","123","64",,"45.1",,,,,"0.465",,,,,,,
"1","서구(광주)","성인","일반","20","관리자","참가","20250217","F","164.4","57.1","33.9","77","74","119","21","25.9",,,"-1.7",,,,,,"21.1","23",,,"127",,,,,,"45.4",,,,,,,,"158","33.3",,,"0.489",,,,,,,
"1","창원","청소년","일반","18","관리자","3등급","20250217","M","171.5","66.1","13.4","73","87","144","44.6","44.5","54",,"23","16.56","0.650","45.843","12","46.395","22.5",,"41",,,,,,,,"67.5",,"42.8",,,,,,,,,,,,,,,,,
"1","청주","성인","일반","44","관리자","참가","20250217","F","169.1","74.5","38.4","93.8","55","112","31.4","34.1",,,"4.9",,,,,,"26.1","20",,,"131",,,,,,"45.8",,,,,,,,"145","26.6",,,"0.414",,,,,,,
"1","창원","성인","일반","19","관리자","3등급","20250217","M","178.8","62.1","13.3","67","75","136","46.5","50",,,"16.3",,,,,,"19.4","52","50","9.12","259",,,,,,"80.5",,"45.9",,,,,,,,,,,,,,,,,
"1","스포원(금정)","성인","일반","35","관리자","참가","20250217","F","161.1","43.6","27.5",,"42","103","21","22.4",,,"-13.1",,,,,,"16.8","9","12",,"123",,,,,,"51.4",,"32.5",,,,,,,,,,"0.382",,,,,,,
"1","동작","성인","일반","24","관리자","참가","20250217","M","169.7","68.6","20.4","74","71","127","37.9","40.3",,,"9",,,,,,"23.8","40",,,"221",,,,,,"58.7",,,,,,,,"120","44.9",,,"0.331",,,,,,,
"1","시흥","성인","일반","27","관리자","2등급","20250217","F","158.7","54.2","33.1","60","45","85","21.2","23.7",,,"16.4",,,,,,"21.5","34",,,,,,,,,"43.7",,,"68","108","127",,"40.9",,,,,"0.383","0.420",,,,,,
"1","KSPO송파","성인","일반","39","관리자","참가","20250217","M","170.8","93.6","34.9",,"98","142","42.8","40",,,"8",,,,,,"32.1","51","15",,,,,,,,"45.7",,"31.7",,,,,,,,,,"0.404","0.505",,,,,,
"1","스포원(금정)","성인","일반","35","관리자","3등급","20250217","M","178.1","85.6","24.9",,"78","132","52.3","56.4",,,"19.1",,,,,,"27.0","33","38",,"193",,,,,,"65.9",,"38.4",,,,,,,,,,"0.376",,,,,,,
"1","동작","성인","일반","24","관리자","3등급","20250217","F","163.2","55.1","26.5","66","85","128","29.1","31.1",,,"24.5",,,,,,"20.7","27",,,"146",,,,,,"56.4",,,,,,,,"151","33.8",,,"0.353",,,,,,,
"1","KSPO송파","성인","일반","46","관리자","참가","20250217","F","162.6","57","23.7",,"67","119","25.2","23",,,"-8.9",,,,,,"21.6","0",,,,,,,,,"44.2",,,"83","99","129",,"35.4",,,,,"0.432","0.409",,,,,,
"2","오산","성인","일반","55","관리자","참가","20250217","F","161.2","64.5","35.1","87.9","97","156","22.4","20.5",,,"14.1",,,,,,"24.8","14",,,,,,,,,"34.7",,,"99","139","161",,"29.0",,,,,"0.445","0.390",,,,,,
"1","수원","성인","일반","26","관리자","2등급","20250217","F","159.2","54.1","18.3","68","82","129","29.3","29.9",,,"22.3",,,,,,"21.3","34","23",,"148",,,,,,"55.3",,"34.5",,,,,,,,,,"0.449",,,,,,,
"1","수원","성인","일반","28","관리자","참가","20250217","M","174.4","66.4","21.6","78","81","127","44","49.2",,,"16.9",,,,,,"21.8","52","25",,"222",,,,,,"74.1",,"38.8",,,,,,,,,,"0.357",,,,,,,
"3","성동","성인","일반","60","관리자","참가","20250217","M","168","94.6","31.9",,"87","157","48.5","50",,,"10",,,,,,"33.5","33","16",,"174",,,,,,"52.9",,"30.2",,,,,,,,,,"0.302",,,,,,,
"1","의정부","성인","일반","19","관리자","참가","20250217","M","183","67.9","11.5","79","91","158","43.5","46.1",,,"-3.8",,,,,,"20.3","47",,"10.68","209",,,,,,"67.9",,,,,,,,"126","46.4",,,,,,,,,,
"1","의정부","성인","일반","30","관리자","3등급","20250217","M","180.6","78.7","23.7","91.4","81","137","48.3","62.3",,,"8.5",,,,,,"24.1","48",,,"215",,,,,,"79.2",,,"126","144","158",,"39.0",,,,,"0.337",,,,,,,
"3","강북","성인","일반","52","관리자","2등급","20250217","F","156.0","55.30","32.1","73.3","66","118","25.6","25.8",,,"16.9",,,,,,"22.7","28",,,"137",,,,,,"46.7",,,"99","119","146",,"32.3",,,,,"0.316",,,,,,,
"1","강북","성인","일반","51","관리자","3등급","20250217","M","166.8","62.90","29.0","82.2","92","138","37.2","35.9",,,"11.7",,,,,,"22.6","26",,,"173",,,,,,"59.1",,,"89","105","128","168","38.0",,,,,"0.396",,,,,,,
"1","달서","성인","일반","53","관리자","3등급","20250217","M","172.2","66.1","17.5","80.3","95","143","39.2","36.2",,,"7.4",,,,,,"22.3","47",,,"194",,,,,,"59.3",,,,,,,,"77","44.8",,,"0.358",,,,,,,
"1","화성","성인","일반","20","관리자","2등급","20250217","M","175.8","76.1","19.6",,"65","119","45","48.3",,,"18.8",,,,,,"24.6","53","53","10.90",,,,,,,"63.5",,"44.5",,,,,,,,,,,"0.563",,,,,,
"5","마포","성인","일반","28","관리자","1등급","20250217","F","160.7","57","27.5","78","65","114","29.8","33.3",,,"20.2",,,,,,"22.1","35",,,,,,,,,"58.4",,,,,,,,"95","39.1",,,"0.309","0.426",,,,,,
"1","강릉","성인","일반","40","관리자","참가","20250217","M","169.3","86.3","34.3","103.3","80","140","43","51.4",,,"2.5",,,,,,"30.1","42","33",,"184",,,,,,"59.6",,"36.9",,,,,,,,,,"0.313",,,,,,,
"1","화성","성인","일반","63","관리자","참가","20250217","F","157.5","56.6","33.5",,"87","150","26.1","30.9",,,"5.8",,,,,,"22.8","6","8","16.59","131",,,,,,"54.6",,"28.0",,,,,,,,,,,,,,,,,
"6","청주","성인","일반","59","관리자","참가","20250217","F","162.8","63.5","34.5","81.3","57","103","29.3","30.3",,,"8.3",,,,,,"24.0","21",,,"129",,,,,,"47.7",,,,,,,,"99","31.5",,,"0.231",,,,,,,
"5","청주","성인","일반","55","관리자","참가","20250217","F","161.9","70.7","33.9","87.7","75","131","25.7","28",,,"13.4",,,,,,"27.0","16",,,"150",,,,,,"39.6",,,,,,,,"98","30.5",,,"0.365",,,,,,,
"1","포항","성인","일반","25","관리자","참가","20250217","M","181.6","70.1","13.7",,"69","122","41.5","40.3",,,"-4.6",,,,,,"21.3","50",,,,,,,,,"59.2",,,,,,,,"115","46.0",,,"0.291","0.526",,,,,,
"1","광주","성인","일반","28","관리자","3등급","20250217","M","179.8","85.4","20.7",,"73","131","52.3","55.4",,,"18",,,,,,"26.4","39",,,,,,,,,"64.9",,,,,,,,"110","42.4",,,"0.430","0.602",,,,,,
"2","안산","성인","일반","61","관리자","참가","20250217","F","157.1","59.7","39.1","71","90","146","22.7","26.9",,,"19.5",,,,,,"24.2","10",,,"98",,,,,,"45.1",,,,,,,,"137","26.9",,,"0.422",,,,,,,
"1","안산","성인","일반","43","관리자","참가","20250217","M","162.7","68.3","33.5","80","77","119","40.4","36.6",,,"11.9",,,,,,"25.8","41",,,"221",,,,,,"59.2",,,,,,,,"132","38.0",,,"0.376",,,,,,,
"1","광주","성인","일반","58","관리자","참가","20250217","F","149.7","60.2","43.9",,"88","150","24.9","29.9",,,"19.4",,,,,,"26.9","0",,,"115",,,,,,"49.7",,,"94","134","149",,"30.5",,,,,"0.477",,,,,,,
"2","광주","성인","일반","42","관리자","2등급","20250217","F","164","58.7","25.4",,"64","104","34.3","39.4",,,"17.1",,,,,,"21.8","31",,,"156",,,,,,"67.1",,,,,,,,"116","33.9",,,"0.398",,,,,,,
"7","정읍","어르신","일반","66","관리자","1등급","20250217","M","166.8","68.8","19.3",,"81","148","42.4","44.3",,,"27.5",,,,,,"24.7",,,,,"40",,"130","3.70","15.29","64.4",,,,,,,,,,,,,,,,,,,"44.3"
"1","서구(대전)","성인","일반","26","관리자","참가","20250217","M","182.5","90.3","32.7",,"80","143","51.7","54",,,"5.7",,,,,,"27.1","31",,,,,,,,,"59.8",,,,,,,,"138","37.9",,,"0.293","0.552",,,,,,
"4","포항","성인","일반","24","관리자","참가","20250217","M","176.3","79.2","16.9",,"66","123","44.5","40.2",,,"1.4",,,,,,"25.5","55",,"10.01",,,,,,,"56.2",,,"78","99","116","146","46.9",,,,,,"0.614",,,,,,
"1","서구(대전)","성인","일반","25","관리자","참가","20250217","M","170.1","101.6","45.1",,"76","120","43.6","45.8",,,"-14.5",,,,,,"35.1","20",,,,,,,,,"45.1",,,,,,,,"152","32.6",,,"0.322","0.526",,,,,,
"1","마포","어르신","일반","66","관리자","2등급","20250217","M","161.5","66","26.9","88","79","137","44.5","41.6",,,"6.7",,,,,,"25.3",,,,,"25",,"127","4.10","18.06","67.4",,,,,,,,,,,,,,,,,,,"44.5"
"1","양평","성인","일반","60","관리자","참가","20250217","F","155.3","50.7","26",,"69","125","23.4","25.6",,,"13.5",,,,,,"21.0","6",,,"137",,,,,,"50.5",,,,,,,,"115","31.8",,,"0.354",,,,,,,
"3","수원","어르신","일반","71","관리자","2등급","20250217","F","156.2","66.5","40.6","88","80","144","24","26",,,"17",,,,,,"27.3",,,,,"22",,"102","5.4","22.8","39.1",,,,,,,,,,,,,,,,,,,"26.0"
"3","수원","어르신","일반","68","관리자","3등급","20250217","F","157.4","65.1","37","90","70","120","26.3","26.7",,,"11.3",,,,,,"26.3",,,,,"24",,"115","6.1","26.4","41.0",,,,,,,,,,,,,,,,,,,"26.7"
"1","오산","어르신","일반","76","관리자","2등급","20250217","F","147.9","50.6","33.5","79.2","91","148","21","21.2",,,"15.2",,,,,,"23.1",,,,,"24",,"96","6.06","25.16","41.9",,,,,,,,,,,,,,,,,,,"21.2"
"1","포항","성인","일반","25","관리자","3등급","20250217","M","173.4","71.2","29.2",,"80","157","39.7","43.1",,,"6.9",,,,,,"23.7","58","50",,,,,,,,"60.5",,"44.2",,,,,,,,,,"0.206","0.489",,,,,,
"11","오산","성인","일반","62","관리자","3등급","20250217","F","165.6","65","35.5","87.4","85","124","25.5","30.8",,,"16.4",,,,,,"23.7","17","9",,,,,,,,"47.4",,"27.1",,,,,,,,,,"0.344","0.353",,,,,,
"3","세종","성인","일반","19","관리자","2등급","20250217","M","185.4","69","7.7","75.5","88","143","50","54.6",,,"15.3",,,,,,"20.1","57",,"9.99","270",,,,,,"79.1",,,,,,,,"130","45.8",,,,,,,,,,
"4","포천","성인","일반","55","관리자","2등급","20250217","F","156.8","67.6","36","84","99","149","24","33.4",,,"22.2",,,,,,"27.5","19","16",,"153",,,,,,"49.4",,"29.0",,,,,,,,,,"0.375",,,,,,,
"1","화성","성인","일반","54","관리자","참가","20250217","M","172.5","62.1","22.3",,"94","145","34.2","39.6",,,"10.7",,,,,,"20.9","25",,,"159",,,,,,"63.8",,,,,,,,"120","39.2",,,"0.329",,,,,,,
"1","KSPO광주","성인","일반","42","관리자","참가","20250217","M","176.4","88.0","32.0","101","91","138","39.5","42.1",,,"-2.9",,,,,,"28.3","32","29","11.05","191",,,,,,"47.8",,"35.4",,,,,,,,,,,,,,,,,
"1","포천","성인","일반","56","관리자","참가","20250217","F","158.4","63.7","36.8","80","88","150","20.1","21.5",,,"2.8",,,,,,"25.4","6","14",,"112",,,,,,"33.8",,"29.0",,,,,,,,,,"0.408",,,,,,,
"2","동작","성인","일반","63","관리자","3등급","20250217","F","152.6","53.9","33.3","76","89","147","28.6","32.9",,,"23.2",,,,,,"23.1","9",,,"129",,,,,,"61.0",,,"90","123","136",,"33.0",,,,,"0.373",,,,,,,
"2","동작","성인","일반","21","관리자","참가","20250217","M","174.9","64.1","13.4","82","79","117","47.7","49.2",,,"-0.8",,,,,,"21.0","40",,,"181",,,,,,"76.8",,,,,,,,"141","43.9",,,"0.297",,,,,,,
"1","안산","성인","일반","29","관리자","3등급","20250217","F","161.7","51.9","33.4","61","85","137","24.6","23",,,"16.3",,,,,,"19.8","25",,"12.7","140",,,,,,"47.4",,,"70","100","119",,"42.1",,,,,,,,,,,,
"3","마포","어르신","일반","83","관리자","3등급","20250217","M","162.3","76.5","36","97","89","136","36.7","34.6",,,"-2.8",,,,,,"29.0",,,,,"18",,"104","6.72","28.62","48.0",,,,,,,,,,,,,,,,,,,"36.7"
"4","화성","어르신","일반","70","관리자","2등급","20250217","F","165.3","56.2","30.4",,"90","128","20.9","25.6",,,"19.5",,,,,,"20.6",,,,,"21",,"110","5.4","22.5","45.6",,,,,,,,,,,,,,,,,,,"25.6"
"5","서대문","성인","일반","64","관리자","2등급","20250217","M","171.5","78.5","30.6",,"95","149","43.1","44.7",,,"9.9",,,,,,"26.7","28","22",,,,,,,,"56.9",,"33.5",,,,,,,,,,"0.367","0.510",,,,,,
"2","KSPO송파별관(어르신)","어르신","일반","72","관리자","1등급","20250217","M","167.4","69.9","29.3",,"72","151","41.4","41.9",,,"11.0",,,,,,"24.9",,,,,"28",,"122","4.99","20.22","59.9",,,,,,,,,,,,,,,,,,,"41.9"
"2","의정부","성인","일반","32","관리자","참가","20250217","M","168.3","77.5","27.8","92.6","78","122","49.1","48.7",,,"11.9",,,,,,"27.4","47","24",,,,,,,,"63.4",,"36.8",,,,,,,,,,"0.302","0.564",,,,,,
"2","의정부","성인","일반","61","관리자","참가","20250217","F","147.7","52.9","42.7","81.6","85","149","20.2","24.1",,,"9.6",,,,,,"24.2","13","14",,"120",,,,,,"45.6",,"30.3",,,,,,,,,,"0.460",,,,,,,
"2","연제","어르신","일반","65","관리자","1등급","20250217","F","150.9","57.5","39.2",,"91","152","23.3","24.9",,,"23.9",,,,,,"25.3",,,,,"30",,"120","5.2","20.7","43.3",,,,,,,,,,,,,,,,,,,"24.9"
"1","성동","성인","일반","22","관리자","2등급","20250217","F","159.6","52.1","34",,"64","110","26.9","29.1",,,"18.4",,,,,,"20.5","44",,,,,,,,,"55.9",,,"90","124","154",,"38.1",,,,,"0.293","0.452",,,,,,
"1","성동","성인","일반","20","관리자","참가","20250217","M","176.2","85.3","32.7",,"73","133","30.2","30.8",,,"8.6",,,,,,"27.5","39",,,,,,,,,"36.1",,,"90","131","158","183","39.3",,,,,"0.334","0.452",,,,,,
"1","시흥","성인","일반","19","관리자","3등급","20250217","M","175.9","73.6","9.0","77.3","83","123","51.5","54.1",,,"8.5",,,,,,"23.8","43",,"12.76","211",,,,,,"73.5",,,,,,,,"78","51.7",,,,,,,,,,
"4","KSPO송파","성인","일반","26","관리자","3등급","20250217","F","161.6","54.9","33.4","74","51","118","26.8","25",,,"11.3",,,,,,"21.0","31",,,,,,,,,"48.8",,,,,,,,"115","37.7",,,"0.436","0.410",,,,,,
"1","KSPO송파","성인","일반","37","관리자","3등급","20250217","M","167.2","66.3","24.9","83","78","121","41","41",,,"11",,,,,,"23.7","48",,,,,,,,,"61.8",,,,,,,,"115","42.7",,,"0.381","0.539",,,,,,
"2","화성","성인","일반","59","관리자","1등급","20250217","M","167.4","61","15.1",,"120","153","47","51.2",,,"20",,,,,,"21.8","50",,"11.73","177",,,,,,"83.9",,,,,,,,"99","40.9",,,,,,,,,,
"2","중구(서울)","어르신","일반","74","관리자","3등급","20250217","M","161.2","50.8","18.2","81.2","75","170","32.5","30.8",,,"10.7",,,,,,"19.5",,,,,"34",,"102","5.1","21.1","64.0",,,,,,,,,,,,,,,,,,,"32.5"
"4","남원","성인","일반","48","관리자","2등급","20250217","M","175.2","74.7","23.3","86.9","93","147","56.1","51.1",,,"15.6",,,,,,"24.3","41",,,"217",,,,,,"75.1",,,"86","105","129","158","38.2",,,,,"0.369",,,,,,,
"1","연제","어르신","일반","68","관리자","참가","20250217","M","177.4","87.8","31.2",,"60","133","35.7","38.5",,,"-9.8",,,,,,"27.9",,,,,"15",,"102","6.7","28.1","43.8",,,,,,,,,,,,,,,,,,,"38.5"
"2","증평","성인","일반","21","관리자","3등급","20250217","M","171.2","68.2","17.2","75.7","86","126","41.6","49.4",,,"13.3",,,,,,"23.3","42","66",,,,,,,,"72.4",,"48.8",,,,,,,,,,"0.320","0.544",,,,,,
"1","중구(서울)","성인","일반","33","관리자","2등급","20250217","M","174","80.2","19.2","90.8","84","142","49.2","53.3",,,"16.5",,,,,,"26.5","41",,,"210",,,,,,"66.5",,,"77","111","126","163","42.1",,,,,"0.357",,,,,,,
"2","중구(서울)","성인","일반","28","관리자","참가","20250217","F","167.2","60.1","31.7","79.5","64","121","19.7","21.2",,,"8.4",,,,,,"21.5","18",,,"130",,,,,,"35.3",,,"60","103","129",,"39.4",,,,,"0.49",,,,,,,
"3","중구(서울)","성인","일반","24","관리자","3등급","20250217","F","172","60.6","26.6","82.1","78","133","25.7","27.7",,,"14.5",,,,,,"20.5","32",,,,,,,,,"45.7",,,,,,,,"152","33.1",,,"0.352","0.476",,,,,,
"1","중구(서울)","성인","일반","61","관리자","참가","20250217","M","160.9","74.3","33.6","96.5","103","177","20.9","27.8",,,"1.3",,,,,,"28.7","9",,,"124",,,,,,"37.4",,,,,,,,"143","30.5",,,"0.369",,,,,,,
"3","부천","성인","출장","63","관리자","3등급","20250217","F","148.2","50.6","31.6",,"83","130","18.7","22.4",,,"14.0",,,,,,"23.0","13",,,"110",,,,,,"44.3",,,,,,,,"129","28.9",,,"0.377",,,,,,,
"2","부천","성인","출장","64","관리자","참가","20250217","F","163.3","65.9","39.3",,"73","129","19","19.9",,,"19.5",,,,,,"24.7","0",,,"100",,,,,,"30.2",,,,,,,,"117","27.9",,,"0.382",,,,,,,
"4","부천","어르신","출장","72","관리자","참가","20250217","F","155.6","63.6","38.8",,"72","121","20.8","25.4",,,"23.0",,,,,,"26.3",,,,,,,,"5.66","22.51","39.9",,,,,,,,,,,,,,,,,,,"25.4"
"2","부천","어르신","출장","76","관리자","2등급","20250217","F","152.3","56.4","33.9",,"71","111","23.6","25.2",,,"13.5",,,,,,"24.3",,,,,"25",,"105","6.15","24.46","44.7",,,,,,,,,,,,,,,,,,,"25.2"
"2","부천","어르신","출장","78","관리자","1등급","20250217","F","155.7","65.8","38.4",,"77","156","30","27.8",,,"20.5",,,,,,"27.1",,,,,"25",,"105","5.95","24.31","45.6",,,,,,,,,,,,,,,,,,,"30.0"
"1","부천","어르신","출장","69","관리자","참가","20250217","F","160.9","61.1","30.9",,"69","134","24.6","28",,,"6.0",,,,,,"23.6",,,,,"18",,"105","6.70","24.36","45.8",,,,,,,,,,,,,,,,,,,"28.0"
"1","부천","어르신","출장","76","관리자","2등급","20250217","F","152.6","45.2","22.3",,"78","135","17.6","20.8",,,"14.7",,,,,,"19.4",,,,,"17",,"97","7.36","29.67","46.0",,,,,,,,,,,,,,,,,,,"20.8"
"3","부천","어르신","출장","68","관리자","3등급","20250217","F","162.2","67.1","31.0",,"77","133","28.1","30.8",,,"17.9",,,,,,"25.5",,,,,"36",,"103","5.05","20.17","45.9",,,,,,,,,,,,,,,,,,,"30.8"
"1","부천","어르신","출장","70","관리자","3등급","20250217","F","147.1","62.1","40.9",,"69","138","24.6","27.6",,,"22.5",,,,,,"28.7",,,,,"22",,"108","5.96","28.32","44.4",,,,,,,,,,,,,,,,,,,"27.6"
"3","부천","어르신","출장","73","관리자","2등급","20250217","F","153.1","41.3","19.1",,"50","100","15.2","19.3",,,"15.0",,,,,,"17.6",,,,,"18",,"119","6.19","25.62","46.7",,,,,,,,,,,,,,,,,,,"19.3"
"3","부천","어르신","출장","71","관리자","1등급","20250217","F","148.8","44.3","19.0",,"55","111","24.1","25.6",,,"27.2",,,,,,"20.0",,,,,"29",,"119","4.94","21.70","57.8",,,,,,,,,,,,,,,,,,,"25.6"
"1","부천","어르신","출장","70","관리자","2등급","20250217","F","155.6","65.7","36.5",,"80","143","21.3","25.7",,,"15.9",,,,,,"27.1",,,,,"29",,"115","6.34","25.20","39.1",,,,,,,,,,,,,,,,,,,"25.7"
"3","부천","어르신","출장","70","관리자","참가","20250217","F","158.2","61.7","36.7",,"67","107","21","24.3",,,"2.6",,,,,,"24.7",,,,,"33",,"114","5.88","24.01","39.4",,,,,,,,,,,,,,,,,,,"24.3"
"3","부천","어르신","출장","77","관리자","2등급","20250217","F","146.4","60.7","36.1",,"97","148","26.6","30.8",,,"17.9",,,,,,"28.3",,,,,"24",,"107","5.46","30.26","50.7",,,,,,,,,,,,,,,,,,,"30.8"
"3","부천","어르신","출장","69","관리자","2등급","20250217","F","153.4","53.4","31.8",,"79","136","26.4","29.4",,,"17.0",,,,,,"22.7",,,,,"28",,"120","5.43","23.84","55.1",,,,,,,,,,,,,,,,,,,"29.4"
"2","부천","어르신","출장","72","관리자","2등급","20250217","F","155.8","57.0","34.4",,"87","140","25.6","28.3",,,"23.6",,,,,,"23.5",,,,,"31",,"121","5.76","24.37","49.6",,,,,,,,,,,,,,,,,,,"28.3"
"3","부천","어르신","출장","73","관리자","2등급","20250217","F","150.1","53.1","35.9",,"76","146","23","23.8",,,"21.0",,,,,,"23.6",,,,,"23",,"120","6.35","25.92","44.8",,,,,,,,,,,,,,,,,,,"23.8"
"2","부천","어르신","출장","65","관리자","3등급","20250217","F","158.2","56.4","28.8",,"74","115","27.1","27.1",,,"21.5",,,,,,"22.5",,,,,"19",,"90","6.24","24.28","48.0",,,,,,,,,,,,,,,,,,,"27.1"
"1","포항","성인","일반","40","관리자","참가","20250217","M","167.4","80.5","31.5",,"77","127","42.8","43.7",,,,,,,,,"28.7","22",,,,,,,,,"54.3",,,,,,,,"124","37.5",,,"0.300","0.527",,,,,,
"3","미추홀","어르신","출장","83","관리자","2등급","20250217","F","145.6","63","41.5","89","79","147","18.4","19.1",,,"16.5",,,,,,"29.7",,,,,"21",,"104","7.2","31","30.3",,,,,,,,,,,,,,,,,,,"19.1"
"2","미추홀","어르신","출장","81","관리자","참가","20250217","F","155.8","58.2","39.6","80","80","120","19","21",,,"-15",,,,,,"24.0",,,,,"13",,"100","8.3","40.7","36.1",,,,,,,,,,,,,,,,,,,"21.0"
"1","미추홀","어르신","출장","82","관리자","3등급","20250217","F","148.3","46.8","38.2","76","80","120","20.4","18.1",,,"5",,,,,,"21.3",,,,,"17",,"110","9.1","33.2","43.6",,,,,,,,,,,,,,,,,,,"20.4"
"3","미추홀","어르신","출장","79","관리자","참가","20250217","F","154.1","53.5","38.9","79","80","120","17","18.3",,,"5.5",,,,,,"22.5",,,,,"16",,"102","6.5","27","34.2",,,,,,,,,,,,,,,,,,,"18.3"
"2","미추홀","어르신","출장","82","관리자","2등급","20250217","F","159.7","50.5","40","78","86","132","18.4","15.5",,,"15",,,,,,"19.8",,,,,"15",,"97","6.9","31","36.4",,,,,,,,,,,,,,,,,,,"18.4"
"2","미추홀","어르신","출장","82","관리자","2등급","20250217","F","154.6","64.1","36.7","80","88","136","19.7","22.9",,,"18.6",,,,,,"26.8",,,,,"23",,"92","6.1","25","35.7",,,,,,,,,,,,,,,,,,,"22.9"
"1","미추홀","어르신","출장","83","관리자","2등급","20250217","F","152.6","63.6","41.1","87","78","145","18.3","19.3",,,"18.7",,,,,,"27.3",,,,,"17",,"94","6.5","28","30.3",,,,,,,,,,,,,,,,,,,"19.3"
"1","미추홀","어르신","출장","83","관리자","참가","20250217","M","163","62.7","27.7","84","78","145","25","20.1",,,"-3",,,,,,"23.6",,,,,"12",,"76","10.5","42","39.9",,,,,,,,,,,,,,,,,,,"25.0"
"1","미추홀","어르신","출장","79","관리자","3등급","20250217","F","148.1","48.8","28.6","79","68","155","16","18.6",,,"8.6",,,,,,"22.2",,,,,"22",,"104","6.7","27","38.1",,,,,,,,,,,,,,,,,,,"18.6"
"1","미추홀","어르신","출장","81","관리자","참가","20250217","M","160.5","49.8","27.4","76","89","135","21.5","22.9",,,"10.2",,,,,,"19.3",,,,,"15",,"78","7.6","35.7","46.0",,,,,,,,,,,,,,,,,,,"22.9"
"1","미추홀","어르신","출장","80","관리자","참가","20250217","F","153.3","51","33.6","78","78","145","14.1","15",,,"4",,,,,,"21.7",,,,,"14",,"81","8.1","44.2","29.4",,,,,,,,,,,,,,,,,,,"15.0"
"3","미추홀","어르신","출장","71","관리자","1등급","20250217","F","155.2","51.9","33.7","77","88","145","24.3","25.4",,,"20",,,,,,"21.5",,,,,"26",,"136","4.8","21","48.9",,,,,,,,,,,,,,,,,,,"25.4"
"1","미추홀","어르신","출장","88","관리자","참가","20250217","F","144.4","60.3","43.7","99","79","154","9.3","17.8",,,"8",,,,,,"28.9",,,,,"7",,"22","24.6","74.5","29.5",,,,,,,,,,,,,,,,,,,"17.8"
"1","미추홀","어르신","출장","83","관리자","참가","20250217","F","147.7","62.2","40.9","80.4","79","144","11.1","13.7",,,"0",,,,,,"28.5",,,,,"17",,"17","8.4","41.6","22.0",,,,,,,,,,,,,,,,,,,"13.7"
"3","미추홀","어르신","출장","75","관리자","1등급","20250217","F","152.3","50","30.9","70","59","149","20.7","27",,,"26",,,,,,"21.6",,,,,"27",,"112","5","20.2","54.0",,,,,,,,,,,,,,,,,,,"27.0"
"1","미추홀","어르신","출장","76","관리자","2등급","20250217","F","160","56.4","27","72","88","129","21","23.6",,,"14",,,,,,"22.0",,,,,"17",,"101","5.7","24.4","41.8",,,,,,,,,,,,,,,,,,,"23.6"
"2","미추홀","어르신","출장","80","관리자","3등급","20250217","M","159.8","73.9","30.8","98","95","155","28.3","27.5",,,"-4",,,,,,"28.9",,,,,"20",,"83","6.2","31.9","38.3",,,,,,,,,,,,,,,,,,,"28.3"
"1","미추홀","어르신","출장","82","관리자","참가","20250217","M","160.1","58.4","25.6","83","88","145","29.3","28.6",,,"-10",,,,,,"22.8",,,,,"23",,"122","4.6","22.3","50.2",,,,,,,,,,,,,,,,,,,"29.3"
"1","미추홀","어르신","출장","68","관리자","참가","20250218","M","168.2","72","25.7","83","88","124","31.6","33.4",,,"-22",,,,,,"25.4",,,,,"21",,"123","5.84","25.53","46.4",,,,,,,,,,,,,,,,,,,"33.4"
"1","미추홀","어르신","출장","77","관리자","1등급","20250218","M","169.5","63.3","22.6","77","75","142","27","39.4",,,"19",,,,,,"22.0",,,,,"31",,"155","4","19.34","62.2",,,,,,,,,,,,,,,,,,,"39.4"
"3","미추홀","어르신","출장","74","관리자","참가","20250218","F","153.3","55","38","82","95","153","22.6","22.6",,,"6",,,,,,"23.4",,,,,"21",,"145","5.46","22.69","41.1",,,,,,,,,,,,,,,,,,,"22.6"
"1","미추홀","어르신","출장","75","관리자","참가","20250218","F","141.8","47.1","32.9","73","88","134","13.9","14.4",,,"5",,,,,,"23.4",,,,,"28",,"136","4.75","24.84","30.6",,,,,,,,,,,,,,,,,,,"14.4"
"3","미추홀","어르신","출장","79","관리자","2등급","20250218","F","150","52.3","33.8","76","92","150","18.6","14.4",,,"17",,,,,,"23.2",,,,,"21",,"117","6.72","28.85","35.6",,,,,,,,,,,,,,,,,,,"18.6"
"1","미추홀","어르신","출장","87","관리자","참가","20250218","F","148.1","65.1","33.1","85","89","134","14.8","11.9",,,"-30",,,,,,"29.7",,,,,"12",,"89","7.38","30.35","22.7",,,,,,,,,,,,,,,,,,,"14.8"
"1","미추홀","어르신","출장","83","관리자","참가","20250218","M","166.7","71","17.9","90.4","89","133","29","27",,,"-5",,,,,,"25.5",,,,,"18",,"0","7.63","32.09","40.8",,,,,,,,,,,,,,,,,,,"29.0"
"1","미추홀","어르신","출장","68","관리자","참가","20250218","F","154.5","50.7","40.6","70","75","134","14.1","13.4",,,"11",,,,,,"21.2",,,,,"25",,"164","4.56","20.03","27.8",,,,,,,,,,,,,,,,,,,"14.1"
"1","미추홀","어르신","출장","86","관리자","3등급","20250218","F","150.3","56.8","33.3","79","88","156","17.5","16.7",,,"6.1",,,,,,"25.1",,,,,"14",,"107","8.5","35.7","30.8",,,,,,,,,,,,,,,,,,,"17.5"
"1","미추홀","어르신","출장","83","관리자","참가","20250218","F","153.2","53.5","33.7","77","95","153","20.4","21.3",,,"2.3",,,,,,"22.8",,,,,"17",,"101","6.19","25.87","39.8",,,,,,,,,,,,,,,,,,,"21.3"
"1","미추홀","어르신","출장","75","관리자","2등급","20250218","F","156.5","51.1","33.2","88","94","154","24.8","25.9",,,"20.5",,,,,,"20.9",,,,,"17",,"114","5.2","27.5","50.7",,,,,,,,,,,,,,,,,,,"25.9"
"1","미추홀","어르신","출장","84","관리자","3등급","20250218","F","156.6","58.3","37.1","78","95","156","21.2","21",,,"25.5",,,,,,"23.8",,,,,"16",,"108","7.7","36","36.4",,,,,,,,,,,,,,,,,,,"21.2"
"1","미추홀","어르신","출장","93","관리자","참가","20250218","M","155.1","65.8","29.5","95","95","155","12.2","11.4",,,"-5",,,,,,"27.4",,,,,"9",,"57","10.1","45","18.5",,,,,,,,,,,,,,,,,,,"12.2"
"1","미추홀","어르신","출장","84","관리자","참가","20250218","M","153.2","73.1","39.8","99","93","153","27","25.3",,,"5.5",,,,,,"31.1",,,,,"14",,"103","7.81","38.50","36.9",,,,,,,,,,,,,,,,,,,"27.0"
"1","미추홀","어르신","출장","86","관리자","1등급","20250218","F","146.8","40.5","22.6","71","90","145","19.3","18.6",,,"15.1",,,,,,"18.8",,,,,"19",,"107","5.53","28.25","47.7",,,,,,,,,,,,,,,,,,,"19.3"
"3","미추홀","어르신","출장","76","관리자","참가","20250218","F","149.6","62.7","34.1","93","92","149","23","24.8",,,"6.5",,,,,,"28.0",,,,,"17",,"107","6.5","28.40","39.6",,,,,,,,,,,,,,,,,,,"24.8"
"1","미추홀","어르신","출장","94","관리자","참가","20250218","M","166","61.4","19.5","83","91","156","20.7","17.5",,,"-25",,,,,,"22.3",,,,,"4",,"23","19.53","85.22","33.7",,,,,,,,,,,,,,,,,,,"20.7"
"4","광주","어르신","일반","79","관리자","2등급","20250218","M","163.1","64.7","24.5",,"97","147","32.4","27.4",,,"11.2",,,,,,"24.3",,,,,"28",,"120","4.82","18.36","50.1",,,,,,,,,,,,,,,,,,,"32.4"
"3","KSPO송파별관(어르신)","어르신","일반","80","관리자","2등급","20250218","M","163.2","68.2","17.3",,"81","153","34.6","35.1",,,"4",,,,,,"25.6",,,,,"30",,"92","5.15","18.58","51.5",,,,,,,,,,,,,,,,,,,"35.1"
"9","보은","어르신","일반","77","관리자","1등급","20250218","F","154.6","56.7","30.6",,"71","113","23.3","22.1",,,"25.1",,,,,,"23.7",,,,,"31",,"134","4.84","22.28","41.1",,,,,,,,,,,,,,,,,,,"23.3"
"1","사상","어르신","일반","65","관리자","2등급","20250218","M","156.8","51.7","26.1","74","73","134","34.6","37.7",,,"11.7",,,,,,"21.0",,,,,"25",,"115","5.8","23.3","72.9",,,,,,,,,,,,,,,,,,,"37.7"
"2","서대문","성인","일반","24","관리자","3등급","20250218","F","167.2","56.0","21.4",,"84","117","24.6","27.9",,,"12.9",,,,,,"20.0","36",,"11.48",,,,,,,"49.8",,,"71","114","146",,"38.7",,,,,,"0.495",,,,,,
"7","KSPO송파","성인","일반","63","관리자","3등급","20250218","M","166.7","68.1","24.1","84.5","74","127","33","35.7",,,"19.1",,,,,,"24.5","24",,"13.2","160",,,,,,"52.4",,,,,,,,"90","39.6",,,,,,,,,,
"2","서구(대전)","성인","일반","24","관리자","참가","20250218","M","166.8","62.8","17.8",,"61","123","37.4","40.6",,,"1.1",,,,,,"22.6","44",,,,,,,,,"64.6",,,,,,,,"123","45.5",,,"0.282","0.589",,,,,,
"1","KSPO송파","성인","일반","53","관리자","참가","20250218","F","157.1","62.5","34.6","85.6","84","129","26.9","25.7",,,"12.7",,,,,,"25.3","41","12",,"159",,,,,,"43.0",,"28.7",,,,,,,,,,"0.398",,,,,,,
"1","부천","성인","일반","53","관리자","3등급","20250218","F","164.5","67.5","36.5",,"82","123","23.3","25.3",,,"15.2",,,,,,"24.9","30",,"16.04",,,,,,,"37.5",,,,,,,,"90","32.9",,,,"0.341",,,,,,
"3","서대문","성인","일반","58","관리자","참가","20250218","F","167.0","72.8","41.2",,"84","156","28.3","30.4",,,"21.9",,,,,,"26.1","13",,,,,,,,,"41.8",,,"93","129","149",,"28.4",,,,,"0.412","0.386",,,,,,
"1","성남","어르신","일반","69","관리자","참가","20250218","M","166.1","66.5","30.7",,"69","125","32.9","35.3",,,"12.7",,,,,,"24.1",,,,,"13",,"92","6.62","25.14","53.1",,,,,,,,,,,,,,,,,,,"35.3"
"2","광주","성인","일반","49","관리자","참가","20250218","F","155.6","74.7","35.2",,"90","137","27.6","26.9",,,"18.3",,,,,,"30.9","19",,,"144",,,,,,"36.9",,,,,,,,"111","28.4",,,"0.361",,,,,,,
"2","사상","어르신","일반","67","관리자","3등급","20250218","M","177.4","75.5","23","94.2","77","142","46.3","47.7",,,"4.3",,,,,,"24.0",,,,,"23",,"114","4.8","22.4","63.2",,,,,,,,,,,,,,,,,,,"47.7"
"3","창원","성인","일반","42","관리자","참가","20250218","M","175.8","96.8","28.3","99","87","142","46.6","51.5",,,"9.6",,,,,,"31.3","43",,"11.06","204",,,,,,"53.2",,,,,,,,"88","39.4",,,,,,,,,,
"2","김천","성인","일반","53","관리자","참가","20250218","F","157.6","51","27.1","77","82","151","25.9","28.9",,,"14.9",,,,,,"20.5","3",,,"116",,,,,,"56.7",,,"67","96","115",,"38.1",,,,,"0.436",,,,,,,
"10","창원","성인","일반","53","관리자","참가","20250218","F","158.7","64.1","34.9","78","80","155","30","32.3",,,"15.3",,,,,,"25.5","23",,"14.44","148",,,,,,"50.4",,,,,,,,"136","27.6",,,,,,,,,,
"2","동작","성인","일반","63","관리자","3등급","20250218","M","164.6","67","29.4","84.3","87","142","29.2","34.7",,,"7.3",,,,,,"24.7","23",,,"111",,,,,,"51.8",,,,,,,,"117","35.7",,,"0.471",,,,,,,
"5","남원","성인","일반","48","관리자","2등급","20250218","M","175.7","74.3","26","91","89","141","54.2","49.9",,,"15.9",,,,,,"24.1","40",,,"219",,,,,,"72.9",,,"86","114","135","164","38.1",,,,,"0.353",,,,,,,
"2","창원마산회원","성인","일반","22","관리자","참가","20250218","F","172.1","59.4","27.3","70","80","114","24.1","29.2",,,"25.9",,,,,,"20.1","19",,,"146",,,,,,"49.2",,,,,,,,"128","36.7",,,"0.417",,,,,,,
"1","사상","어르신","일반","66","관리자","3등급","20250218","M","168.9","65.9","27.1","84.5","82","143","37","39.7",,,"11",,,,,,"23.1",,,,,"24",,"97","5.4","24.4","60.2",,,,,,,,,,,,,,,,,,,"39.7"
"11","세종","어르신","일반","69","관리자","2등급","20250218","F","154.2","55.2","29","79.5","70","142","24","23.8",,,"15.9",,,,,,"23.2",,,,,"26",,"134","5.19","20.19","43.5",,,,,,,,,,,,,,,,,,,"24.0"
"44","곡성","어르신","일반","68","관리자","1등급","20250218","F","159.4","53.9","33.4","75.7","60","90","26.8","21.6",,,"19.9",,,,,,"21.2",,,,,"23",,"136","5.28","21.06","49.7",,,,,,,,,,,,,,,,,,,"26.8"
"1","동구(광주)","성인","일반","56","관리자","참가","20250218","F","151.4","53.2","29.7","77","72","117","9","4.8",,,"18.4",,,,,,"23.2","23",,,,,,,,,"16.9",,,,,,,,"80","35.8",,,"0.388","0.365",,,,,,
"2","광주","성인","일반","47","관리자","참가","20250218","F","166.5","86.4","42.4",,"83","123","28.8","31.8",,,"9.9",,,,,,"31.2","19",,,"129",,,,,,"36.8",,,,,,,,"109","27.2",,,"0.404",,,,,,,
"1","남구(울산)","성인","일반","57","관리자","참가","20250218","F","153.4","53.3","33.6","77.5","74","150","23.1","27.1",,,"5.1",,,,,,"22.7","5",,,,,,,,,"50.8",,,,,,,,"130","29.7",,,"0.473","0.390",,,,,,
"1","KSPO송파(출장A)","어르신","출장","70","관리자","참가","20250218","F","138.5","41.7","35.9",,"58","112","18.4","15.8",,,"1.8",,,,,,"21.7",,,,,"20",,"103","6.38","24.9","44.1",,,,,,,,,,,,,,,,,,,"18.4"
"2","성남","어르신","일반","78","관리자","2등급","20250218","F","155.9","51.3","31.7",,"78","153","19.5","16.8",,,"14.4",,,,,,"21.1",,,,,"18",,"104","6.24","26.00","38.0",,,,,,,,,,,,,,,,,,,"19.5"
"1","북구(광주)","성인","일반","28","관리자","참가","20250218","M","178.5","80.8","24.4","86.3","80","128","49.4","49.1",,,"12.6",,,,,,"25.4","35",,,"220",,,,,,"61.1",,,,,,,,"96","45.4",,,"0.330",,,,,,,
"4","북구(광주)","성인","일반","25","관리자","2등급","20250218","F","163.9","54.1","31.5","67.2","52","98","25.7","25.1",,,"23.3",,,,,,"20.1","30",,,"165",,,,,,"47.5",,,,,,,,"122","37.4",,,"0.301",,,,,,,
"1","KSPO송파(출장A)","어르신","출장","81","관리자","1등급","20250218","F","156.5","54.9","31.2",,"70","153","20.9","21.9",,,"16.5",,,,,,"22.4",,,,,"23",,"126","5.22","19.4","39.9",,,,,,,,,,,,,,,,,,,"21.9"
"1","중구(서울)","성인","일반","22","관리자","참가","20250218","M","168.9","63.8","15.2","75.3","60","145","38.4","45.3",,,"19.2",,,,,,"22.4","41",,,"238",,,,,,"71.0",,,"96","101","131","158","45.7",,,,,"0.29",,,,,,,
"1","성남","어르신","일반","71","관리자","3등급","20250218","M","162.9","72.0","33.2",,"79","135","36","40.6",,,"8.0",,,,,,"27.1",,,,,"18",,"94","6.76","27.52","56.4",,,,,,,,,,,,,,,,,,,"40.6"
"4","안동","성인","일반","40","관리자","3등급","20250218","F","158","61.3","35.6","75.5","79","115","28.8","32.1",,,"19.9",,,,,,"24.6","26","15",,"149",,,,,,"52.4",,"30.3",,,,,,,,,,"0.388",,,,,,,
"1","서대문","어르신","일반","75","관리자","2등급","20250218","M","166.5","70.1","34.0",,"82","158","33","32",,,"4.6",,,,,,"25.3",,,,,"17",,"110","4.29","22.36","47.1",,,,,,,,,,,,,,,,,,,"33.0"
"3","서구(대전)","성인","일반","27","관리자","참가","20250218","M","172.7","72.9","27.9",,"82","138","42.8","43.2",,,"8.7",,,,,,"24.4","41",,,,,,,,,"59.3",,,,,,,,"163","37.1",,,"0.306","0.552",,,,,,
"4","서대문","어르신","일반","75","관리자","1등급","20250218","M","172.4","68.6","17.1",,"92","150","41.3","40.3",,,"15.0",,,,,,"23.1",,,,,"26",,"131","4.52","21.36","60.2",,,,,,,,,,,,,,,,,,,"41.3"
"1","강북","성인","일반","61","관리자","참가","20250218","M","169","72.5","27.8","90.8","83","143","36.1","35.8",,,"-14.4",,,,,,"25.4","13",,"12.7","152",,,,,,"49.8",,,"97","127","156",,"30.7",,,,,,,,,,,,
"11","보은","어르신","일반","71","관리자","참가","20250218","F","144.7","46","29",,"61","130","19.7","22.2",,,"0",,,,,,"22.0",,,,,"29",,"147","4.58","20.22","48.3",,,,,,,,,,,,,,,,,,,"22.2"
"1","KSPO송파(출장A)","어르신","출장","74","관리자","참가","20250218","F","148.7","66.7","49.6",,"68","137","21.9","21.7",,,"6.2",,,,,,"30.2",,,,,"12",,"99","7.33","31.4","32.8",,,,,,,,,,,,,,,,,,,"21.9"
"1","중구(서울)","어르신","일반","67","관리자","3등급","20250218","M","177.8","97.5","31.5","98","72","112","49.3","54.7",,,"7.6",,,,,,"30.8",,,,,"20",,"103","5.1","21.1","56.1",,,,,,,,,,,,,,,,,,,"54.7"
"1","KSPO송파(출장A)","어르신","출장","80","관리자","3등급","20250218","F","156","48.6","32.3",,"78","156","20.6","19.4",,,"7.5",,,,,,"20.0",,,,,"16",,"95","6.15","21.5","42.4",,,,,,,,,,,,,,,,,,,"20.6"
"2","KSPO송파별관(어르신)","어르신","일반","68","관리자","3등급","20250218","M","167.1","80.3","29.4",,"88","159","38","26.4",,,"13.3",,,,,,"28.8",,,,,"24",,"135","5.40","20.88","47.3",,,,,,,,,,,,,,,,,,,"38.0"
"4","양평","어르신","일반","82","관리자","3등급","20250218","M","160.8","55","23.3",,"85","155","21.5","22.9",,,"-0.8",,,,,,"21.3",,,,,"21",,"80","6.71","30.09","41.6",,,,,,,,,,,,,,,,,,,"22.9"
"1","사상","어르신","일반","66","관리자","3등급","20250218","M","166.9","72.4","27.8","84","87","151","46","45.1",,,"3.7",,,,,,"26.0",,,,,"21",,"113","5.1","20.8","63.5",,,,,,,,,,,,,,,,,,,"46.0"
"2","구미","성인","일반","44","관리자","참가","20250218","M","174.4","82.1","23.8","98.4","98","154","46.1","55.8",,,"20.6",,,,,,"27.0","49","25",,"209",,,,,,"68.0",,"35.2",,,,,,,,,,"0.334",,,,,,,
"1","KSPO송파","성인","일반","53","관리자","참가","20250218","F","161.7","85.6","45.9","100","91","134","21.9","25.2",,,"6.5",,,,,,"32.7","11",,,"90",,,,,,"29.4",,,"85","122","148",,"25.3",,,,,"0.394",,,,,,,
"1","창원","어르신","일반","70","관리자","2등급","20250218","M","157.9","65.3","32.2","90","85","157","36.4","40.7",,,"12.8",,,,,,"26.2",,,,,"22",,"109","5.825","21.629","62.3",,,,,,,,,,,,,,,,,,,"40.7"
"1","사상","어르신","일반","72","관리자","참가","20250218","M","168.9","60.7","36.6","87.5","95","134","37.9","30.9",,,"-3.8",,,,,,"21.3",,,,,"12",,"44","6.7","27.8","62.4",,,,,,,,,,,,,,,,,,,"37.9"
"1","사상","어르신","일반","68","관리자","참가","20250218","M","166.6","65.9","26.2","89.7","79","133","33.6","32.1",,,"-6.9",,,,,,"23.7",,,,,"24",,"94","5.4","26.4","51.0",,,,,,,,,,,,,,,,,,,"33.6"
"4","시흥","어르신","일반","67","관리자","3등급","20250218","M","160","57.7","24.3","81","88","138","32.4","31.5",,,"5.2",,,,,,"22.5",,,,,"27","620",,"5.59","21.37","56.2",,,,,,,,,,,,,,,,,,,"32.4"
"1","서구(대전)","성인","일반","60","관리자","참가","20250218","M","173.5","69.1","19.5",,"63","120","33.1","33",,,"6.8",,,,,,"23.0","16",,,,,,,,,"47.9",,,"76","92","109","141","40.2",,,,,"0.412","0.527",,,,,,
"1","사상","어르신","일반","69","관리자","3등급","20250218","M","168.7","67.3","22.3","86.8","75","138","44.4","46.4",,,"5.2",,,,,,"23.6",,,,,"23",,"99","6","26.4","68.9",,,,,,,,,,,,,,,,,,,"46.4"
"1","천안","성인","일반","45","관리자","참가","20250218","F","166.6","95.7","41.5",,"78","135","30.6","32.8",,,"3.4",,,,,,"34.5","13",,"14.81","130",,,,,,"34.3",,,"81","118","143",,"25.3",,,,,,,,,,,,
"1","화성","성인","일반","60","관리자","3등급","20250218","M","167.6","69.1","22.6",,"98","152","45.7","45.8",,,"5.4",,,,,,"24.6","32","32",,"156",,,,,,"66.3",,"37.6",,,,,,,,,,"0.369",,,,,,,
"8","화성","어르신","일반","71","관리자","1등급","20250218","M","170.9","71.8","27.5",,"66","148","40.8","40.6",,,"14.7",,,,,,"24.6",,,,,"24",,"146","4.6","21.6","56.8",,,,,,,,,,,,,,,,,,,"40.8"
"1","화성","어르신","일반","82","관리자","3등급","20250218","M","172.9","71.8","29.9",,"72","137","32.7","30.1",,,"16.4",,,,,,"24.0",,,,,"13",,"97","7.7","32.6","45.5",,,,,,,,,,,,,,,,,,,"32.7"
"1","서구(광주)","성인","일반","24","관리자","3등급","20250218","M","178.9","73.3","10.2","78","64","110","57.2","54.5",,,"17.1",,,,,,"22.9","52","46","11.44","246",,,,,,"78.0",,"42.9",,,,,,,,,,,,,,,,,
"1","마포","성인","일반","55","관리자","1등급","20250218","F","155.6","42.2","21.8","72","77","118","25.8","28.6",,,"21.2",,,,,,"17.4","27",,,"152",,,,,,"67.8",,,,,,,,"98","36.9",,,"0.302",,,,,,,
"1","마포","성인","일반","20","관리자","3등급","20250218","M","170.3","56.1","14.2","67","64","134","45.8","46.3",,,"8.9",,,,,,"19.3","44",,,,,,,,,"82.5",,,,,,,,"129","47.4",,,"0.318","0.625",,,,,,
"1","사상","어르신","일반","65","관리자","3등급","20250218","M","164.5","70.6","34.7","87","78","137","39.9","45.3",,,"21.5",,,,,,"26.1",,,,,"18",,"112","4.7","22.7","64.2",,,,,,,,,,,,,,,,,,,"45.3"
"1","구미","성인","일반","23","관리자","참가","20250218","M","179.6","76.9","18.7","86.1","70","108","46.7","55",,,"6",,,,,,"23.8","23",,,,,,,,,"71.5",,,"71","109","128","159","46.7",,,,,"0.364","0.599",,,,,,
"2","부천","어르신","일반","76","관리자","3등급","20250218","M","167.9","71.1","28.6",,"65","132","32","31.1",,,"-0.4",,,,,,"25.2",,,,,"21",,"117","5.06","21.03","45.0",,,,,,,,,,,,,,,,,,,"32.0"
"1","KSPO송파(출장A)","어르신","출장","68","관리자","3등급","20250218","F","162.5","65.8","31.6",,"58","129","27","26.6",,,"23.5",,,,,,"24.9",,,,,"18",,"128","5.86","22.33","41.0",,,,,,,,,,,,,,,,,,,"27.0"
"1","사상","어르신","일반","70","관리자","2등급","20250218","M","165","75.3","29.4","91.6","79","147","42.3","43.3",,,"10.6",,,,,,"27.7",,,,,"26",,"112","5.0","20.5","57.5",,,,,,,,,,,,,,,,,,,"43.3"
"6","KSPO송파(출장A)","어르신","출장","77","관리자","2등급","20250218","M","165","66.6","25.6",,"60","133","27.3","31.3",,,"8.4",,,,,,"24.5",,,,,"27",,"117","4.90","20.7","47.0",,,,,,,,,,,,,,,,,,,"31.3"
"1","KSPO송파(출장A)","어르신","출장","76","관리자","참가","20250218","M","166","65.4","32.7",,"85","145","21.7","18.7",,,"-7",,,,,,"23.7",,,,,"13",,"85","8.0","38.7","33.2",,,,,,,,,,,,,,,,,,,"21.7"
"1","KSPO송파(출장A)","어르신","출장","76","관리자","참가","20250218","F","155.85","52.9","30.1",,"56","133","18.5","14.9",,,"-0.8",,,,,,"21.8",,,,,"13",,"109","5.87","23.7","35.0",,,,,,,,,,,,,,,,,,,"18.5"
"1","화성","성인","일반","63","관리자","참가","20250218","M","180.5","79.7","27.2",,"87","146","51.7","51.3",,,"-6.3",,,,,,"24.5","23",,,"175",,,,,,"64.9",,,,,,,,"99","36.8",,,"0.432",,,,,,,
"1","강북","성인","일반","57","관리자","2등급","20250218","F","154.1","57.20","32.5","82.2","128","198","26.1","26",,,"16.6",,,,,,"24.1","28",,,"138",,,,,,"45.6",,,"96","113","137",,"32.0",,,,,"0.384",,,,,,,
"2","화성","성인","일반","64","관리자","3등급","20250218","M","170.8","68.5","22.5","39.1","77","134","36.7","39.1",,,"6.7",,,,,,"23.5","21",,,"136",,,,,,"57.1",,,,,,,,"97","38.5",,,"0.768",,,,,,,
"1","창원","성인","일반","43","관리자","3등급","20250218","F","157.1","58.4","30.8","69","87","143","28.6","31.9",,,"19.9",,,,,,"23.7","22",,"13.16","143",,,,,,"54.6",,,,,,,,"108","34.1",,,,,,,,,,
"1","창원","성인","일반","43","관리자","3등급","20250218","F","165.4","57.3","23.6","64","84","150","28.4","25.1",,,"10.9",,,,,,"20.9","32",,"14.33","138",,,,,,"49.6",,,,,,,,"86","37.8",,,,,,,,,,
"5","KSPO송파별관(어르신)","어르신","일반","75","관리자","2등급","20250218","M","165.1","68.4","27.8",,"64","152","38.1","42.7",,,"4.5",,,,,,"25.1",,,,,"31",,"126","4.95","17.08","62.4",,,,,,,,,,,,,,,,,,,"42.7"
"1","KSPO송파(출장A)","어르신","출장","78","관리자","참가","20250218","F","158.2","52.9","28.7",,"46","134","17.4","20.6",,,"5",,,,,,"21.1",,,,,"16",,"88","5.5","28.1","38.9",,,,,,,,,,,,,,,,,,,"20.6"
"1","KSPO송파별관(어르신)","어르신","일반","70","관리자","3등급","20250218","M","175.3","67.9","28.5",,"82","143","42.2","37.6",,,"2.8",,,,,,"22.1",,,,,"30",,"117","4.15","16.89","62.2",,,,,,,,,,,,,,,,,,,"42.2"
"1","KSPO송파(출장A)","어르신","출장","79","관리자","참가","20250218","F","144.3","55.4","43",,"58","141","17.6","21.9",,,"-13",,,,,,"26.6",,,,,"21",,"76","7.52","31.7","39.5",,,,,,,,,,,,,,,,,,,"21.9"
"2","스포원(금정)","어르신","일반","70","관리자","참가","20250218","M","171.3","74","30.2",,"77","154","45.8","54.8",,,"-20",,,,,,"25.2",,,,,"18",,"90","5.4","23.4","74.1",,,,,,,,,,,,,,,,,,,"54.8"
"5","부천","어르신","일반","65","관리자","1등급","20250218","M","169.5","68.3","29",,"83","150","31","39.6",,,"12.4",,,,,,"23.8",,,,,"28",,"126","4.66","17.22","58.0",,,,,,,,,,,,,,,,,,,"39.0"
"1","서대문","어르신","일반","65","관리자","3등급","20250218","M","175.8","71.2","30.3",,"76","135","30","32.9",,,"17.3",,,,,,"23.0",,,,,"26",,"126","4.10","20.32","46.2",,,,,,,,,,,,,,,,,,,"32.9"
"6","서대문","어르신","일반","74","관리자","2등급","20250218","F","164.4","53.5","40.4",,"74","149","18.3","16.7",,,"15.7",,,,,,"19.8",,,,,"24",,"116","4.80","22.02","34.2",,,,,,,,,,,,,,,,,,,"18.3"
"2","수원","성인","일반","23","관리자","2등급","20250218","F","163.4","47.1","17.5","61","62","112","27.7","29.1",,,"22.5",,,,,,"17.6","42",,,"159",,,,,,"61.8",,,,,,,,"118","39.9",,,"0.435",,,,,,,
"2","광주","어르신","일반","66","관리자","2등급","20250218","F","153.9","52.9","26.3",,"61","134","22.5","24.5",,,"18.7",,,,,,"22.3",,,,,"24",,"115","5.21","19.44","46.3",,,,,,,,,,,,,,,,,,,"24.5"
"4","부천","어르신","일반","76","관리자","3등급","20250218","M","164.0","45.4","18.1",,"79","157","27.1","34.1",,,"-0.8",,,,,,"16.9",,,,,"21",,"99","5.47","23.5","75.1",,,,,,,,,,,,,,,,,,,"34.1"
"1","KSPO송파(출장A)","어르신","출장","79","관리자","참가","20250218","F","145.4","43.3","28.6",,"80","147","10.3","13.5",,,"-3.0",,,,,,"20.5",,,,,"16",,"91","7.54","30.7","31.2",,,,,,,,,,,,,,,,,,,"13.5"
"2","성동","성인","일반","20","관리자","3등급","20250218","M","175","73.9","20.7",,"76","115","38.4","43.8",,,"10.3",,,,,,"24.1","53","43","9.41","241",,,,,,"59.3",,"42.5",,,,,,,,,,,,,,,,,
"1","영주","성인","일반","28","관리자","참가","20250218","M","173.6","79","25.3",,"72","132","51.7","58.1",,,"14.2",,,,,,"26.2","38","38",,"220",,,,,,"73.5",,"40.0",,,,,,,,,,"0.408",,,,,,,
"1","연제","어르신","일반","65","관리자","참가","20250218","F","158.3","59.8","33.4",,"93","139","27.3","27.6",,,"5.2",,,,,,"23.9",,,,,"22",,"111","5.1","24.1","46.2",,,,,,,,,,,,,,,,,,,"27.6"
"1","KSPO송파","성인","일반","49","관리자","3등급","20250218","M","181.2","69.4","22.5","85.5","103","155","32.2","36.7",,,"15.8",,,,,,"21.1","38",,,"181",,,,,,"52.9",,,"103","134","151","163","39.8",,,,,"0.388",,,,,,,
"1","달서","성인","일반","25","관리자","참가","20250218","M","177.9","63.6","8.5","73.5","91","138","45.8","56.9",,,"2.4",,,,,,"20.1","44",,,"248",,,,,,"89.5",,,,,,,,"114","47.3",,,"0.346",,,,,,,
"1","서구(광주)","성인","일반","56","관리자","참가","20250218","M","169.7","69","17.2","91.5","76","152","36.3","38.3",,,"0.8",,,,,,"24.0","29","20",,"193",,,,,,"55.5",,"35.1",,,,,,,,,,"0.472",,,,,,,
"6","광주","어르신","일반","65","관리자","3등급","20250218","M","165.5","73.2","26.9",,"95","158","36.5","35.6",,,"8",,,,,,"26.7",,,,,"32",,"135","5.08","19.18","49.9",,,,,,,,,,,,,,,,,,,"36.5"
"1","KSPO송파(출장A)","어르신","출장","73","관리자","3등급","20250218","F","149.5","53","38.2",,"82","156","14.1","17.5",,,"15",,,,,,"23.7",,,,,"25",,"116","6.68","26.4","33.0",,,,,,,,,,,,,,,,,,,"17.5"
"1","사상","어르신","일반","67","관리자","3등급","20250218","F","160.3","53.6","36.9","68","89","145","20","24.7",,,"20.1",,,,,,"20.9",,,,,"23",,"95","5.3","23.1","46.1",,,,,,,,,,,,,,,,,,,"24.7"
"1","사상","어르신","일반","67","관리자","참가","20250218","M","171.5","73.5","28.2","85.5","97","156","36.9","34.3",,,"-3.3",,,,,,"25.0",,,,,"26",,"97","4.7","20.1","50.2",,,,,,,,,,,,,,,,,,,"36.9"
"6","수원","어르신","일반","73","관리자","2등급","20250218","M","168.6","71.5","34.2","101","68","147","35","36.2",,,"7.6",,,,,,"25.2",,,,,"29",,"113","4.7","21.4","50.6",,,,,,,,,,,,,,,,,,,"36.2"
"3","KSPO아산","성인","일반","36","관리자","3등급","20250218","F","159.2","50.3","25.4","76.2","82","132","19.7","24.3",,,"14.2",,,,,,"19.8","29",,,,,,,,,"48.3",,,"73","103","128",,"39.5",,,,,"0.428","0.416",,,,,,
"4","수원","어르신","일반","67","관리자","3등급","20250218","M","172.8","76.2","23.4","95","89","156","33.3","35",,,"5.1",,,,,,"25.5",,,,,"22",,"114","5.3","22.8","45.9",,,,,,,,,,,,,,,,,,,"35.0"
"1","포항","어르신","일반","71","관리자","1등급","20250218","M","172.3","53.1","11.3",,"87","111","33.4","33.9",,,"11.4",,,,,,"17.9",,,,,"24",,"137","4.58","21.83","63.8",,,,,,,,,,,,,,,,,,,"33.9"
"1","KSPO송파(출장A)","어르신","출장","77","관리자","참가","20250218","F","144.6","75.2","52.3",,"53","145","16.2","22.9",,,"5",,,,,,"36.0",,,,,"12",,"74","8.48","36.0","30.5",,,,,,,,,,,,,,,,,,,"22.9"
"7","수원","어르신","일반","75","관리자","2등급","20250218","F","154.3","57","26.4","83","59","122","24.8","26.1",,,"16.5",,,,,,"23.9",,,,,"23",,"102","5.2","20.8","45.8",,,,,,,,,,,,,,,,,,,"26.1"
"3","마포","성인","일반","62","관리자","참가","20250218","M","159.7","69","28.4","87","75","145","40.9","40.5",,,"8.3",,,,,,"27.1","22","10",,"179",,,,,,"59.3",,"32.5",,,,,,,,,,"0.411",,,,,,,
"1","KSPO송파(출장A)","어르신","출장","81","관리자","참가","20250218","M","164","73.6","29.7",,"72","143","26",,,,"-9",,,,,,"27.4",,,,,"6",,"55","13.0","55.6","35.3",,,,,,,,,,,,,,,,,,,
"2","중구(서울)","성인","일반","20","관리자","3등급","20250218","M","177.7","80.2","12.7","82.8","80","133","48.1","50.7",,,"23.7",,,,,,"25.4","46",,,"280",,,,,,"63.2",,,,,,,,"113","44.9",,,"0.321",,,,,,,
"3","중구(서울)","성인","일반","23","관리자","2등급","20250218","F","174.4","60.1","29.7","74.1","91","131","21.7","26.4",,,"19.5",,,,,,"19.8","32",,,,,,,,,"43.9",,,,,,,,"130","36.4",,,"0.319","0.467",,,,,,
"1","서구(대전)","성인","일반","22","관리자","참가","20250218","F","158.6","63.4","33.3",,"72","119","26.4","26.4",,,"21.1",,,,,,"25.2","38",,,"164",,,,,,"41.6",,,"92","154","174",,"34.2",,,,,"0.379",,,,,,,
"1","KSPO송파","성인","일반","44","관리자","참가","20250218","M","174","81.9","30.9",,"77","119","40.2","42.3",,,"0.1",,,,,,"27.1","32","26","11.54","197",,,,,,"51.6",,"35.5",,,,,,,,,,,,,,,,,
"1","서구(대전)","성인","일반","22","관리자","참가","20250218","F","166.9","48.6","23.3",,"74","112","21","22.9",,,"14.4",,,,,,"17.4","17",,,"141",,,,,,"47.1",,,"90","119","154",,"39.2",,,,,"0.387",,,,,,,
"1","창원","성인","일반","48","관리자","참가","20250218","M","174","77.2","26.1","84","81","123","43","44.5",,,"13.1",,,,,,"25.5","33","14","10.69","210",,,,,,"57.6",,"33.1",,,,,,,,,,,,,,,,,
"1","서구(광주)","성인","일반","56","관리자","3등급","20250218","M","170","72.2","21.7","87.3","93","158","41.1","44.4",,,"9.9",,,,,,"25.0","33","19","13.36","175",,,,,,"61.5",,"34.4",,,,,,,,,,,,,,,,,
"1","남구(부산)","성인","일반","24","관리자","참가","20250218","M","173.5","64.1","15.9",,"76","121","32","33",,,"8.1",,,,,,"21.3","52",,,"224",,,,,,"51.5",,,"79","128","131","185","47.3",,,,,"0.208",,,,,,,
"2","마포","어르신","일반","70","관리자","1등급","20250218","M","164","72.2","28.5","93","83","152","46.1","39.3",,,"9.6",,,,,,"26.8",,,,,"24",,"121","4.05","19.58","63.9",,,,,,,,,,,,,,,,,,,"46.1"
"1","동작","성인","일반","55","관리자","참가","20250218","M","168.2","73.6","21.8","83","83","129","52","52",,,"18.6",,,,,,"26.0","12",,,"179",,,,,,"70.7",,,"88","111","127","154","37.6",,,,,"0.372",,,,,,,
"7","마포","어르신","일반","78","관리자","1등급","20250218","M","161.5","57.7","16","77","72","141","45.8","43.9",,,"9.2",,,,,,"22.1",,,,,"24",,"134","3.96","16.91","79.4",,,,,,,,,,,,,,,,,,,"45.8"
"1","남구(부산)","성인","일반","24","관리자","참가","20250218","F","168","59.1","21.3",,"64","116","32.1","32.6",,,"25.2",,,,,,"20.9","15",,,"158",,,,,,"55.2",,,,,,,,"107","38.6",,,"0.343",,,,,,,
"2","동작","성인","일반","21","관리자","참가","20250218","M","176.4","80.6","14.3","75","65","113","44.3","44.6",,,"10.6",,,,,,"25.9","37",,,"238",,,,,,"55.3",,,,,,,,"71","50.7",,,"0.351",,,,,,,
"1","경산","성인","일반","64","관리자","참가","20250218","M","167.5","72.4","19.9","89","92","154","34.9","36.5",,,"16.2",,,,,,"25.8","27",,,,,,,,,"50.4",,,,,,,,"131","32.4",,,"0.346","0.497",,,,,,
"1","KSPO송파(출장A)","어르신","출장","77","관리자","참가","20250218","M","165","83.2","35.8",,"73","152","40.1","35.4",,,"-9.0",,,,,,"30.6",,,,,"3",,,"10.1",,"48.2",,,,,,,,,,,,,,,,,,,"40.1"
"7","시흥","어르신","일반","73","관리자","참가","20250218","M","167.9","64.5","18.3","83.3","90","147","31.2","33.7",,,,,,,,,"22.9",,,,,"21",,"103","6.13","26.12","52.2",,,,,,,,,,,,,,,,,,,"33.7"
"1","KSPO송파(출장A)","어르신","출장","74","관리자","참가","20250218","F","156.5","61.3","36",,"69","134","19.9","16.8",,,"5.1",,,,,,"25.0",,,,,"21",,"95","6.32","28.82","32.5",,,,,,,,,,,,,,,,,,,"19.9"
"2","사상","어르신","일반","69","관리자","3등급","20250218","M","171.7","68.2","19.6","79","88","157","35.9","41.7",,,"15.8",,,,,,"23.1",,,,,"19",,"106","6.3","26.3","61.1",,,,,,,,,,,,,,,,,,,"41.7"
"2","동구(광주)","어르신","일반","66","관리자","3등급","20250218","F","150.7","49.3","32.7","74.5","78","126","22.3","23.4",,,"17.4",,,,,,"21.7",,,,,"24",,"107","6.56","24.55","47.5",,,,,,,,,,,,,,,,,,,"23.4"
"1","사상","어르신","일반","70","관리자","3등급","20250218","M","162.8","67.3","33.5","90.7","97","154","26.1","30.6",,,"6.8",,,,,,"25.4",,,,,"21",,"112","5.4","22.6","45.5",,,,,,,,,,,,,,,,,,,"30.6"
"3","사상","어르신","일반","66","관리자","참가","20250218","M","178.3","67.7","24.6","79","72","144","41","40.1",,,"-1.5",,,,,,"21.3",,,,,"22",,"97","5.7","23.1","60.6",,,,,,,,,,,,,,,,,,,"41.0"
"7","서구(대전)","성인","일반","34","관리자","참가","20250218","M","175.1","83.5","20.8",,"69","129","41.2","45.9",,,"6.5",,,,,,"27.2","2","1","15.42","194",,,,,,"55.0",,"30.2",,,,,,,,,,,,,,,,,
"7","보은","성인","일반","60","관리자","참가","20250218","F","158.2","69.7","36.5",,"71","128","26.3","30.9",,,"7.8",,,,,,"27.8","20",,,,,,,,,"44.3",,,"91","109","147",,"26.6",,,,,"0.509","0.264",,,,,,
"4","보은","어르신","일반","66","관리자","참가","20250218","F","161","55.8","24.7",,"81","131","29.7","26",,,"-10.7",,,,,,"21.5",,,,,"25",,"130","4.09","18.87","53.2",,,,,,,,,,,,,,,,,,,"29.7"
"3","사천","성인","일반","52","관리자","2등급","20250218","M","178.5","69.7","19.8","85.9","80","158","44","52.1",,,"25.5",,,,,,"21.9","34","47",,,,,,,,"74.7",,"41.5",,,,,,,,,,"0.358","0.515",,,,,,
"1","KSPO광주","성인","일반","54","관리자","참가","20250218","M","179.2","91","27","90.5","99","151","44","48.4",,,"6.9",,,,,,"28.3","38",,,,,,,,,"53.2",,,"89","100","124","161","32.0",,,,,"0.339","0.539",,,,,,
"2","사천","성인","일반","41","관리자","2등급","20250218","M","168.6","75.8","19.6","89.5","92","142","53.9","46.9",,,"26",,,,,,"26.7","42","47",,,,,,,,"71.1",,"41.7",,,,,,,,,,"0.343","0.427",,,,,,
"1","광주","성인","일반","45","관리자","참가","20250218","M","171.1","89.1","33.4",,"95","141","43.2","42.5",,,"12.5",,,,,,"30.4","47","24",,,,,,,,"48.5",,"34.0",,,,,,,,,,"0.340","0.501",,,,,,
"1","광주","성인","일반","37","관리자","참가","20250218","F","159.6","73","39.5",,"68","123","30.7","32.4",,,"7.6",,,,,,"28.7","20",,,,,,,,,"44.4",,,"77","115","147",,"31.0",,,,,"0.365","0.498",,,,,,
"1","광주","성인","일반","45","관리자","참가","20250218","M","179","101.8","35.6",,"84","133","36.8","45.1",,,"6.5",,,,,,"31.8","50","24",,,,,,,,"44.3",,"31.9",,,,,,,,,,"0.326","0.545",,,,,,
"1","KSPO송파(출장A)","어르신","출장","79","관리자","참가","20250218","M","165","68.2","26.9",,"65","144","34.6","33.7",,,"1",,,,,,"25.1",,,,,"17",,"126","8.17","30.4","50.7",,,,,,,,,,,,,,,,,,,"34.6"
"1","오산","어르신","일반","65","관리자","3등급","20250218","M","158.1","57.1","28.7","83.6","78","118","31.7","31.4",,,"1.9",,,,,,"22.8",,,,,"21",,"108","6.22","23.06","55.5",,,,,,,,,,,,,,,,,,,"31.7"
"2","KSPO송파별관(어르신)","어르신","일반","66","관리자","3등급","20250218","M","167.8","60.2","20.8",,"95","213","37.1","39.2",,,"11.9",,,,,,"21.4",,,,,"28",,"108","5.12","20.19","65.1",,,,,,,,,,,,,,,,,,,"39.2"
"1","사상","어르신","일반","65","관리자","3등급","20250218","M","158.9","65","25.4","82","60","114","36.6","39.9",,,"7.1",,,,,,"25.7",,,,,"26",,"104","6.1","24.8","61.4",,,,,,,,,,,,,,,,,,,"39.9"
"1","오산","어르신","일반","82","관리자","참가","20250218","M","164.2","60.8","30.9","84.2","79","151","26.8","28.3",,,"-4.9",,,,,,"22.6",,,,,"18",,"105","6.41","23.78","46.5",,,,,,,,,,,,,,,,,,,"28.3"
"2","사상","어르신","일반","66","관리자","참가","20250218","M","173","78.1","37","88","87","140","36.1","47.1",,,"10.3",,,,,,"26.1",,,,,"21",,"96","6.1","24.1","60.3",,,,,,,,,,,,,,,,,,,"47.1"
"1","KSPO송파(출장A)","어르신","출장","74","관리자","참가","20250218","M","160","62.9","30.5",,"71","144","36.1","25.6",,,"-1.0",,,,,,"24.6",,,,,,,"95","6.63","28.1","57.4",,,,,,,,,,,,,,,,,,,"36.1"
"7","오산","어르신","일반","68","관리자","1등급","20250218","M","160.7","61.6","38.8","83.9","80","130","36","40.2",,,"13.6",,,,,,"23.9",,,,,"30",,"125","4.69","19.96","65.3",,,,,,,,,,,,,,,,,,,"40.2"
"3","보은","어르신","일반","67","관리자","참가","20250218","F","157.1","67.3","45.4",,"85","139","20.6","26",,,"0",,,,,,"27.3",,,,,"28",,"96","6.72","26.87","38.6",,,,,,,,,,,,,,,,,,,"26.0"
"1","KSPO송파(출장A)","어르신","출장","76","관리자","2등급","20250218","F","155.7","56.3","39.0",,"62","142","16.7","18.7",,,"16.7",,,,,,"23.2",,,,,"19",,"118","5.55","20.9","33.2",,,,,,,,,,,,,,,,,,,"18.7"
"1","KSPO송파(출장A)","어르신","출장","76","관리자","참가","20250218","M","172","68","33.6",,"81","145","35.1","27.1",,,"-30",,,,,,"23.0",,,,,"13",,"20","7.19","32.6","51.6",,,,,,,,,,,,,,,,,,,"35.1"
"2","KSPO송파","성인","일반","21","관리자","참가","20250218","F","168.5","62.8","29.5","73.5","67","100","24.9","22.6",,,"6.6",,,,,,"22.1","49",,"11.97","176",,,,,,"39.6",,,"89","129","150",,"37.6",,,,,,,,,,,,
"2","강북","어르신","일반","72","관리자","1등급","20250218","M","159.5","62.40","25.3","91","70","115","36.1","37",,,"10.1",,,,,,"24.5",,,,,"24",,"116","5.2","21.6","59.3",,,,,,,,,,,,,,,,,,,"37.0"
"1","오산","성인","일반","59","관리자","참가","20250218","F","156","61","35.6","83","85","147","23.8","27.8",,,"11.8",,,,,,"25.1","13",,,"104",,,,,,"45.6",,,,,,,,"126","28.2",,,"0.528",,,,,,,
"2","남원","성인","일반","37","관리자","2등급","20250218","M","170.3","65.5","22.1","85.9","87","146","40.6","46.1",,,"14.1",,,,,,"22.6","42","44","9.6","234",,,,,,"70.4",,"42.7",,,,,,,,,,,,,,,,,
"1","전주","어르신","일반","69","관리자","2등급","20250218","M","174.3","68.2","21.9","84.3","67","139","40.7","40.6",,,"13.5",,,,,,"22.4",,,,,"30",,"118","4.56","19","59.7",,,,,,,,,,,,,,,,,,,"40.7"
"1","KSPO송파(출장A)","어르신","출장","81","관리자","참가","20250218","F","156.9","58.5","33.4",,"59","159","20.6","23.9",,,"-16",,,,,,"23.8",,,,,"13",,"60","11.26","51.3","40.9",,,,,,,,,,,,,,,,,,,"23.9"
"1","창원","성인","일반","19","관리자","참가","20250218","M","171.7","72.2","22.8","80","92","150","37.4","46.2",,,"15.8",,,,,,"24.5","59",,,"197",,,,,,"64.0",,,,,,,,"145","41.8",,,"0.306",,,,,,,
"1","KSPO송파(출장A)","어르신","출장","66","관리자","3등급","20250218","F","168.9","73.3","32.3",,"66","122","33.2","31.5",,,"12",,,,,,"25.7",,,,,"21",,"116","5.39","21.8","45.3",,,,,,,,,,,,,,,,,,,"33.2"
"3","청주","어르신","일반","67","관리자","2등급","20250218","M","167.7","63.8","14.2","76","53","90","38.6","45.6",,,"15.1",,,,,,"22.7",,,,,"24",,"123","4.91","20.07","71.5",,,,,,,,,,,,,,,,,,,"45.6"
"1","사천","청소년","일반","18","관리자","2등급","20250218","M","176","59.2","10.9","75.6","80","120","40.3","47.5","50",,"12.5","18.91","0.539","59.462","11","59.968","19.1",,"70",,,,,,,,"80.2",,"50.2",,,,,,,,,,,,,,,,,
"2","KSPO송파별관(어르신)","어르신","일반","70","관리자","참가","20250218","F","152","49.8","27.8",,"76","130","27.6","26.3",,,"4",,,,,,"21.6",,,,,"22",,"103","5.97","24.12","55.4",,,,,,,,,,,,,,,,,,,"27.6"
"1","사상","어르신","일반","71","관리자","3등급","20250218","M","168","67.7","25.9","81","89","148","42.4","41.4",,,"5.9",,,,,,"24.0",,,,,"24",,"90","5.2","21.8","62.6",,,,,,,,,,,,,,,,,,,"42.4"
"3","KSPO송파별관(어르신)","어르신","일반","72","관리자","참가","20250218","M","163","88.5","38.8",,"78","148","35.2","30.6",,,"-3",,,,,,"33.3",,,,,"28",,"110","5.49","23.76","39.8",,,,,,,,,,,,,,,,,,,"35.2"
"6","부천","어르신","일반","71","관리자","1등급","20250218","M","170.3","71.9","15.0",,"74","126","40.8","47",,,"10.2",,,,,,"24.8",,,,,"26",,"140","5.57","21.31","65.4",,,,,,,,,,,,,,,,,,,"47.0"
"1","KSPO송파(출장A)","어르신","출장","78","관리자","참가","20250218","M","163.3","63.3","33.2",,"68","133","27.8","22.1",,,"-5.5",,,,,,"23.7",,,,,"14",,"89","8.63","34.3","43.9",,,,,,,,,,,,,,,,,,,"27.8"
"1","부천","어르신","일반","65","관리자","3등급","20250218","F","152.1","60.4","39.2",,"80","140","20.6","21",,,"14",,,,,,"26.1",,,,,"26",,"125","5.19","22.29","34.8",,,,,,,,,,,,,,,,,,,"21.0"
"1","KSPO송파(출장A)","어르신","출장","86","관리자","2등급","20250218","M","162.2","71.6","39.4",,"72","133","27.9","32.7",,,"3.5",,,,,,"27.2",,,,,"13",,"103","7.68","29.8","45.7",,,,,,,,,,,,,,,,,,,"32.7"
"1","KSPO대구","성인","일반","35","관리자","2등급","20250218","M","166.8","61.6","13.7","69.5","78","123","39.5","32.9",,,"14.5",,,,,,"22.1","47","38","11","219",,,,,,"64.1",,"42.1",,,,,,,,,,,,,,,,,
"1","서구(대전)","성인","일반","43","관리자","3등급","20250218","F","156.5","55.4","34",,"60","100","14.9","26.3",,,"16.7",,,,,,"22.6","20",,,"140",,,,,,"47.5",,,"89","130","165",,"31.8",,,,,"0.416",,,,,,,
"6","서대문","어르신","일반","68","관리자","3등급","20250218","M","157.2","72.7","40.8",,"78","117","37.7","39.4",,,"4.6",,,,,,"29.4",,,,,"32",,"115","4.70","22.48","54.2",,,,,,,,,,,,,,,,,,,"39.4"
"3","서구(대전)","성인","일반","46","관리자","3등급","20250218","M","175.5","66.8","21.3",,"77","129","35.2","42.4",,,"9.2",,,,,,"21.7","32",,,"222",,,,,,"63.5",,,"80","148","168","187","38.5",,,,,"0.341",,,,,,,
"5","강북","성인","일반","53","관리자","참가","20250218","M","172.7","78.60","32.4","91.8","84","133","42","45.2",,,"12.6",,,,,,"26.4","30",,,"190",,,,,,"57.5",,,"76","101","123","160","36.2",,,,,"0.374",,,,,,,
"7","제주","성인","일반","24","관리자","2등급","20250218","M","173.6","71.1","14.1","82","80","146","37.5","41.7",,,"13.5",,,,,,"23.6","51","54",,"225",,,,,,"58.6",,"45.2",,,,,,,,,,"0.271",,,,,,,
"5","서대문","성인","일반","32","관리자","참가","20250218","M","179.7","87.8","36.2",,"80","130","39.2","38.4",,,"0.0",,,,,,"27.2","39","25",,,,,,,,"44.6",,"35.2",,,,,,,,,,"0.349","0.471",,,,,,
"1","성남","성인","일반","63","관리자","참가","20250218","F","152.2","49.8","32.0",,"88","149","25.1","25.7",,,"9.7",,,,,,"21.5","0",,,"121",,,,,,"51.6",,,,,,,,"151","26.8",,,"0.373",,,,,,,
"1","안산","어르신","일반","67","관리자","3등급","20250218","M","155.6","65.7","35.4","88","89","148","36.6","35.2",,,"10.2",,,,,,"27.1",,,,,"31",,"108","6.3","25.3","55.7",,,,,,,,,,,,,,,,,,,"36.6"
"2","안산","어르신","일반","69","관리자","3등급","20250218","F","152.2","63.5","40.3","84","61","142","24.4","25.1",,,"11.4",,,,,,"27.4",,,,,"30",,"112","5.69","21.4","39.5",,,,,,,,,,,,,,,,,,,"25.1"
"1","전주","성인","일반","19","관리자","참가","20250218","M","180.2","93.7","30","106.5","73","137","45","45.1",,,"6.3",,,,,,"28.9","35",,,,,,,,,"48.1",,,"78","108","132","169","40.7",,,,,"0.344","0.500",,,,,,
"4","연제","성인","일반","63","관리자","1등급","20250218","M","159.8","53.6","16.8",,"90","156","34.6","37.1",,,"20.6",,,,,,"21.0","36",,,"192",,,,,,"69.2",,,,,,,,"121","37.7",,,"0.372",,,,,,,
"1","창원","성인","일반","32","관리자","참가","20250218","M","174.3","68","18.9","81","76","117","39.3","45.8",,,"2.9",,,,,,"22.4","40",,"10.65","210",,,,,,"67.4",,,,,,,,"111","44.7",,,,,,,,,,
"1","화성","성인","일반","60","관리자","1등급","20250218","M","166.8","70.9","22.4",,"95","141","43","41.8",,,"17.5",,,,,,"25.5","39",,,"177",,,,,,"60.6",,,"82","95","109",,"39.4",,,,,"0.352",,,,,,,
"2","서구(광주)","성인","출장","50","관리자","2등급","20250218","M","157.4","62.6","25.1","83.8","92","142","44.5","43.8",,,"20.0",,,,,,"25.3","48","34","10.87","212",,,,,,"71.1",,"40.1",,,,,,,,,,,,,,,,,
"5","KSPO송파","성인","일반","25","관리자","2등급","20250218","F","164.7","57","27","76.5","87","125","22.3","27.3",,,"15.5",,,,,,"21.0","27",,"12.75",,,,,,,"47.9",,,,,,,,"97","39.8",,,,"0.448",,,,,,
"1","정읍","어르신","일반","69","관리자","3등급","20250218","M","166.7","76.2","25.7",,"85","144","36.4","40",,,"5.4",,,,,,"27.4",,,,,"28",,"115","4.81","20.01","52.5",,,,,,,,,,,,,,,,,,,"40.0"
"1","KSPO송파","성인","일반","33","관리자","3등급","20250218","M","179.2","77.9","20.6",,"77","130","51.6","54.1",,,"18",,,,,,"24.3","36",,,,,,,,,"69.4",,,,,,,,"115","42.1",,,"0.325","0.499",,,,,,
"1","KSPO송파(출장A)","어르신","출장","82","관리자","참가","20250218","M","160","53.5","29.2",,"64","142","19.9","21.6",,,"15",,,,,,"20.9",,,,,"11",,"87","8.91","32.8","40.4",,,,,,,,,,,,,,,,,,,"21.6"
"1","청주","어르신","일반","67","관리자","2등급","20250218","F","151.9","57.2","38","78","66","135","19.4","21.1",,,"16",,,,,,"24.8",,,,,"23",,"141","5.3","22.7","36.9",,,,,,,,,,,,,,,,,,,"21.1"
"1","KSPO송파(출장A)","어르신","출장","78","관리자","참가","20250218","F","146.3","38.6","32.3",,"65","149","14","11.4",,,"1.5",,,,,,"18.0",,,,,"12",,"80","10.65","31","36.3",,,,,,,,,,,,,,,,,,,"14.0"
"2","원주","성인","일반","45","관리자","2등급","20250218","M","172.3","80","24.7","90","80","149","45.6","50.7",,,"9.6",,,,,,"26.9","44",,,"197",,,,,,"63.4",,,"84","108","125","156","38.9",,,,,"0.352",,,,,,,
"1","KSPO송파(출장A)","어르신","출장","81","관리자","참가","20250218","M","162.7","72.9","33.2",,"81","147","26.6","29.6",,,"-14",,,,,,"27.5",,,,,"25",,"125","4.8","19.2","40.6",,,,,,,,,,,,,,,,,,,"29.6"
"9","동구(인천)","어르신","일반","78","관리자","3등급","20250218","M","169.7","82.3","38.1",,"84","155","30.9","34.4",,,"1",,,,,,"28.6",,,,,"25",,"117","5.53","26.47","41.8",,,,,,,,,,,,,,,,,,,"34.4"
"1","순천","성인","일반","56","관리자","3등급","20250218","F","147.9","53.8","39.7","83.9","88","149","23","24.3",,,"16.2",,,,,,"24.6","14",,,,,,,,,"45.2",,,,,,,,"119","30.6",,,"0.384","0.377",,,,,,
"2","달서","성인","일반","57","관리자","2등급","20250218","F","150","59.1","33.5","83.3","83","145","23.2","25.8",,,"23",,,,,,"26.3","17",,,,,,,,,"43.7",,,,,,,,"111","30.3",,,"0.386","0.328",,,,,,
"11","청주","어르신","일반","71","관리자","1등급","20250218","F","158.5","55.7","31.9","81.9","88","159","30","27.5",,,"21.7",,,,,,"22.2",,,,,"20",,"132","4.4","18.4","53.9",,,,,,,,,,,,,,,,,,,"30.0"
"2","포천","어르신","일반","66","관리자","2등급","20250218","M","168.8","67.4","25.1","80","102","188","32","35.1",,,"11.9",,,,,,"23.7",,,,,"32",,"133","4.04","17.03","52.1",,,,,,,,,,,,,,,,,,,"35.1"
"2","성남","성인","일반","64","관리자","3등급","20250218","M","173.4","67.9","15.9",,"92","136","36.6","40.6",,,"11.3",,,,,,"22.6","19","15","14.12",,,,,,,"59.8",,"33.4",,,,,,,,,,,"0.436",,,,,,
"1","화성","어르신","일반","75","관리자","참가","20250218","M","174.5","91.2","38.5",,"98","146","34.1","38.6",,,"-3.1",,,,,,"30.0",,,,,"14",,"87","6.79","33.12","42.3",,,,,,,,,,,,,,,,,,,"38.6"
"1","KSPO송파(출장A)","어르신","출장","81","관리자","3등급","20250218","F","153","70.7","43.3",,"47","100","16","18.8",,,"8.5",,,,,,"30.2",,,,,"16",,"91","6.07","30.4","26.6",,,,,,,,,,,,,,,,,,,"18.8"
"1","사상","어르신","일반","65","관리자","참가","20250218","M","174.7","68.5","24","87","87","122","41.1","46.1",,,"3.7",,,,,,"22.4",,,,,"22",,"103","6.6","27.1","67.3",,,,,,,,,,,,,,,,,,,"46.1"
"5","시흥","어르신","일반","81","관리자","3등급","20250218","M","165","71.4","35.8","92","91","152","28.1","28.7",,,"-0.9",,,,,,"26.2",,,,,"18","498",,"8.12","32.12","40.2",,,,,,,,,,,,,,,,,,,"28.7"
"1","달서","성인","일반","23","관리자","2등급","20250218","M","170.5","66.1","10.9","74.9","79","138","40.6","43.2",,,"12.3",,,,,,"22.7","54",,,"238",,,,,,"65.4",,,,,,,,"121","45.6",,,"0.286",,,,,,,
"1","사상","어르신","일반","65","관리자","3등급","20250218","M","165.9","79.8","37.3","96","80","148","45.7","46",,,"8.2",,,,,,"29.0",,,,,"27",,"107","6.2","23.3","57.6",,,,,,,,,,,,,,,,,,,"46.0"
"5","화성","어르신","일반","75","관리자","1등급","20250218","F","152.2","59.7","37.4",,"71","146","26","27.1",,,"18.6",,,,,,"25.8",,,,,"24",,"119","4.44","20.31","45.4",,,,,,,,,,,,,,,,,,,"27.1"
"4","청주","성인","일반","54","관리자","참가","20250218","F","158.4","57.3","37.2","79.4","62","110","29.3","30.9",,,"0.6",,,,,,"22.8","23",,,"122",,,,,,"53.9",,,,,,,,"94","34.1",,,"0.391",,,,,,,
"2","순천","성인","일반","44","관리자","참가","20250218","M","174.5","73.6","21","87.2","89","133","43.1","41.7",,,"4.5",,,,,,"24.2","24",,,,,,,,,"58.6",,,,,,,,"117","39.7",,,"0.361","0.464",,,,,,
"1","창원","성인","일반","48","관리자","참가","20250218","F","161.1","63.2","28.7","79","80","152","31.4","33.8",,,"-10.4",,,,,,"24.4","21",,,,,,,,,"53.5",,,"95","118","160",,"28.9",,,,,"0.332","0.464",,,,,,
"1","안산","성인","일반","49","관리자","참가","20250218","F","161.7","61","27.2","84.7","62","122","29.9","31.5",,,"6.9",,,,,,"23.3","26",,,,,,,,,"51.6",,,,,,,,"106","33.0",,,"0.430","0.442",,,,,,
"1","순천","성인","일반","62","관리자","참가","20250218","M","160.1","70.9","29.2","89.2","80","130","32.6","42.1",,,"6.9",,,,,,"27.7","36",,,,,,,,,"59.4",,,,,,,,"97","37.7",,,"0.282","0.539",,,,,,
"1","사상","어르신","일반","66","관리자","참가","20250218","M","167.7","66.1","26.3","94.3","79","135","43.1","36.9",,,"-11.6",,,,,,"23.5",,,,,"24",,"87","5.9","23.4","65.2",,,,,,,,,,,,,,,,,,,"43.1"
"2","의정부","어르신","일반","70","관리자","3등급","20250218","F","147.5","60.5","47.8","87","97","159","21","27.8",,,"12.3",,,,,,"27.8",,,,,"27",,"111","6.27","20.68","46.0",,,,,,,,,,,,,,,,,,,"27.8"
"6","광주","어르신","일반","76","관리자","2등급","20250218","M","153.7","59.8","35.7",,"65","148","29.7","26.8",,,"13.6",,,,,,"25.3",,,,,"24",,"101","5.92","22.50","49.7",,,,,,,,,,,,,,,,,,,"29.7"
"1","원주","어르신","일반","72","관리자","2등급","20250218","F","149.5","64.3","41.9","98","68","157","24.8","26.5",,,"16.7",,,,,,"28.8",,,,,"23",,"124","4.8","21.31","41.2",,,,,,,,,,,,,,,,,,,"26.5"
"1","마포","어르신","일반","82","관리자","2등급","20250218","M","158.6","67.7","29.7","91","86","154","40","36.4",,,"0.6",,,,,,"26.9",,,,,"20",,"97","4.94","20.17","59.1",,,,,,,,,,,,,,,,,,,"40.0"
"5","광주","어르신","일반","73","관리자","3등급","20250218","F","154.1","54.6","35.9",,"76","147","24.6","26.9",,,"12.2",,,,,,"23.0",,,,,"23",,"113","6.31","27.04","49.3",,,,,,,,,,,,,,,,,,,"26.9"
"5","사천","성인","일반","43","관리자","3등급","20250218","M","181.4","81.2","19.2","90.6","86","146","52.8","54.2",,,"23.5",,,,,,"24.7","35","46",,"222",,,,,,"66.7",,"40.2",,,,,,,,,,"0.317",,,,,,,
"1","중구(서울)","성인","일반","36","관리자","참가","20250218","F","164.6","68.7","33","88.5","72","128","28.4","27.2",,,"24.1",,,,,,"25.4","19","12","12.8","143",,,,,,"41.3",,"28.5",,,,,,,,,,,,,,,,,
"1","창원","성인","일반","31","관리자","3등급","20250218","F","159.5","50.2","29.9","69","92","138","22.1","21.1",,,"20.4",,,,,,"19.7","28",,"13.06","139",,,,,,"44.0",,,,,,,,"96","40.0",,,,,,,,,,
"1","중구(서울)","성인","일반","39","관리자","참가","20250218","M","172.9","80","29.9","96","99","138","34.2","41.5",,,"7.9",,,,,,"26.8","40","36","11.2","205",,,,,,"51.9",,"38.5",,,,,,,,,,,,,,,,,
"1","중구(서울)","성인","일반","40","관리자","참가","20250218","F","157.2","66","40.3","87.6","93","142","29","31.8",,,"7.3",,,,,,"26.7","20","16","13.2","140",,,,,,"48.2",,"29.8",,,,,,,,,,,,,,,,,
"1","중구(서울)","성인","일반","26","관리자","참가","20250218","M","178.8","81","22.4","95.8","90","142","32.5","36.6",,,"6.9",,,,,,"25.3","35","26","11.3","164",,,,,,"45.2",,"37.0",,,,,,,,,,,,,,,,,
"4","순천","성인","일반","32","관리자","참가","20250218","M","193.5","109.5","23.4","108.7","74","147","53.2","53.8",,,"17.1",,,,,,"29.2","54",,,,,,,,,"49.1",,,,,,,,"94","39.5",,,"0.340","0.564",,,,,,
"2","서구(광주)","성인","출장","36","관리자","참가","20250218","M","164.7","70.3","29.6","84","80","136","37.8","35.7",,,"8.7",,,,,,"25.9","37",,,,,,,,,"53.8",,,,,,,,"133","39.3",,,"0.401","0.554",,,,,,
"1","중구(서울)","성인","일반","43","관리자","참가","20250218","M","174.7","75.1","28.6","92.5","84","121","45.2","47.5",,,"4.7",,,,,,"24.6","32","24","11.4","191",,,,,,"63.2",,"36.1",,,,,,,,,,,,,,,,,
"1","정읍","성인","일반","64","관리자","3등급","20250218","M","165.5","66.1","21.4",,"84","151","46.7","39.9",,,"13.6",,,,,,"24.1","34",,"12.9","143",,,,,,"70.7",,,"88","116","137","173","33.3",,,,,,,,,,,,
"1","중구(서울)","성인","일반","41","관리자","참가","20250218","M","165.5","87.3","42.1","97.7","87","139","30.9","34.7",,,"-2.2",,,,,,"31.9","31","15","11.8","179",,,,,,"39.7",,"32.6",,,,,,,,,,,,,,,,,
"1","중구(서울)","성인","일반","31","관리자","3등급","20250218","M","174.2","65.5","16.4","79.5","95","155","36.3","38.8",,,"11.1",,,,,,"21.6","44","35","11.2","234",,,,,,"59.2",,"41.0",,,,,,,,,,,,,,,,,
"1","KSPO송파(출장A)","어르신","출장","69","관리자","참가","20250218","F","154.4","52.6","33.8",,"58","144","26.4","27.4",,,"9.7",,,,,,"22.1",,,,,"16",,"112","5.94","22.9","52.1",,,,,,,,,,,,,,,,,,,"27.4"
"1","중구(서울)","성인","일반","25","관리자","참가","20250218","F","162.8","56.5","34.8","75","57","94","19.7","23.8",,,"3.4",,,,,,"21.3","24","14","12.3","127",,,,,,"42.1",,"31.4",,,,,,,,,,,,,,,,,
"1","KSPO송파(출장A)","어르신","출장","81","관리자","2등급","20250218","F","147.8","54","36.5",,"57","128","14.1","20.4",,,"9.7",,,,,,"24.7",,,,,"15",,"98","7.89","31.08","37.8",,,,,,,,,,,,,,,,,,,"20.4"
"1","중구(서울)","성인","일반","32","관리자","참가","20250218","M","169","66.2","21","77.5","79","120","43.7","41",,,"1.7",,,,,,"23.2","34","47","12.9","124",,,,,,"66.0",,"43.8",,,,,,,,,,,,,,,,,
"1","중구(서울)","성인","일반","29","관리자","참가","20250218","M","178.4","68.1","15.6","79.5","65","109","34.9","34.6",,,"5.1",,,,,,"21.4","43","56","10.8","218",,,,,,"51.2",,"45.6",,,,,,,,,,,,,,,,,
"1","서구(대전)","성인","일반","54","관리자","참가","20250218","F","149","46.6","32.5",,"66","126","17","17",,,"11.9",,,,,,"21.0","10",,,,,,,,,"36.5",,,"82","124","156",,"32.8",,,,,"0.325","0.366",,,,,,
"2","동구(광주)","성인","일반","28","관리자","참가","20250218","M","174.1","65.1","19.4","72","85","132","35.2","36.7",,,"6.9",,,,,,"21.5","32",,,,,,,,,"56.4",,,,,,,,"147","41.1",,,"0.33","0.576",,,,,,
"1","KSPO송파(출장A)","어르신","출장","79","관리자","3등급","20250218","F","160.6","54.1","27.5",,"63","127","16.2","20.7",,,"14.5",,,,,,"21.0",,,,,"15",,"95","8.11","26.5","38.3",,,,,,,,,,,,,,,,,,,"20.7"
"1","중구(서울)","성인","일반","39","관리자","참가","20250218","M","174.2","84.8","31.8","98.3","97","143","42.5","43.7",,,"8.5",,,,,,"27.9","46","21","11.6","200",,,,,,"51.5",,"34.3",,,,,,,,,,,,,,,,,
"3","순천","성인","일반","46","관리자","2등급","20250218","M","164","67.8","24.9","82.4","93","152","38.5","43.5",,,"14.9",,,,,,"25.2","37",,,,,,,,,"64.2",,,,,,,,"125","38.5",,,"0.306","0.601",,,,,,
"2","의정부","어르신","일반","66","관리자","2등급","20250218","F","152","63.9","42.8","92.6","66","172","24.1","27.3",,,"26",,,,,,"27.7",,,,,"26",,"108","5.75","22.91","42.7",,,,,,,,,,,,,,,,,,,"27.3"
"1","KSPO송파(출장A)","어르신","출장","68","관리자","3등급","20250218","F","146.8","47.5","32.9",,"72","142","20.3","22.3",,,"20",,,,,,"22.0",,,,,"28",,"99","5.69","23.11","46.9",,,,,,,,,,,,,,,,,,,"22.3"
"2","강릉","성인","일반","27","관리자","참가","20250218","M","175.1","77.8","33.7","98","98","135","42.1","43.8",,,"7.3",,,,,,"25.4","26",,,"190",,,,,,"56.3",,,,,,,,"132","40.8",,,"0.287",,,,,,,
"2","사상","어르신","일반","65","관리자","참가","20250218","M","169.1","68.6","28.3","82","63","110","41","44.3",,,"10.2",,,,,,"24.0",,,,,"26",,"92","5.1","19.7","64.6",,,,,,,,,,,,,,,,,,,"44.3"
"4","성동","성인","일반","22","관리자","2등급","20250218","F","168.5","51.3","20.3",,"79","115","25.3","30.6",,,"17.0",,,,,,"18.1","37",,,"172",,,,,,"59.6",,,,,,,,"100","41.8",,,"0.287",,,,,,,
"1","성동","성인","일반","60","관리자","참가","20250218","F","157.1","65.5","39.1",,"89","137","26.8","27.8",,,"21.4",,,,,,"26.5","3","0",,"120",,,,,,"42.4",,"24.2",,,,,,,,,,"0.411",,,,,,,
"4","스포원(금정)","성인","일반","23","관리자","2등급","20250218","M","163.7","62.5","27.9",,"82","127","43.9","36.6",,,"17.7",,,,,,"23.3","48",,,,,,,,,"70.2",,,,,,,,"123","45.6",,,"0.281","0.613",,,,,,
"1","사상","어르신","일반","68","관리자","참가","20250218","M","165.8","64","25.6","77.7","91","159","33.7","34.6",,,"-6.3",,,,,,"23.3",,,,,"10",,"116","4.9","19.2","54.1",,,,,,,,,,,,,,,,,,,"34.6"
"1","스포원(금정)","어르신","일반","66","관리자","3등급","20250218","F","164.6","62.6","33.7",,"76","130","33.1","33",,,"11.8",,,,,,"23.1",,,,,"19",,"117","5.8","26.1","52.9",,,,,,,,,,,,,,,,,,,"33.1"
"1","강북","어르신","일반","69","관리자","참가","20250218","M","173.6","77.40","25.3","98","94","158","31.7","32.9",,,"6.5",,,,,,"25.7",,,,,"19",,"92","5.4","22.1","42.5",,,,,,,,,,,,,,,,,,,"32.9"
"1","서초","성인","일반","20","관리자","2등급","20250218","M","180.4","78.7","18.6","76.3","79","152","47.9","45.3",,,"19.0",,,,,,"24.2","55",,,,,,,,,"60.9",,,,,,,,"84","49.7",,,"0.342","0.626",,,,,,
"18","동구(인천)","성인","일반","36","관리자","2등급","20250218","M","172.4","76.8","16.2",,"65","112","56.9","53.2",,,"11.1",,,,,,"25.8","56","45",,"228",,,,,,"74.1",,"41.4",,,,,,,,,,"0.360",,,,,,,
"4","서초","성인","일반","26","관리자","3등급","20250218","F","154.3","51.6","32.2","67.7","85","124","25.4","24.9",,,"28.0",,,,,,"21.7","43",,,,,,,,,"49.2",,,,,,,,"144","34.2",,,"0.437","0.427",,,,,,
"1","스포원(금정)","성인","일반","39","관리자","3등급","20250218","M","170","64.4","18.9",,"84","135","51.1","48.2",,,"5.8",,,,,,"22.3","42",,,,,,,,,"79.3",,,"70","90","110","151","45.2",,,,,"0.323","0.568",,,,,,
"6","포천","어르신","일반","68","관리자","1등급","20250218","M","172","71.7","21.7","82","90","172","43.9","48.6",,,"18.0",,,,,,"24.2",,,,,"25",,"125","5.0","19.31","67.8",,,,,,,,,,,,,,,,,,,"48.6"
"1","충주","성인","일반","23","관리자","참가","20250218","M","177.5","99.7","21.2","99","67","129","65","58.3",,,"2.1",,,,,,"31.6","44",,,"213",,,,,,"65.2",,,"87","116","138","162","38.7",,,,,"0.517",,,,,,,
"1","서초","성인","일반","62","관리자","3등급","20250218","F","153.3","54.2","39.8","81.2","65","106","21.3","28.6",,,"13.8",,,,,,"23.1","11",,,,,,,,,"52.8",,,,,,,,"123","29.4",,,"0.425","0.390",,,,,,
"4","화성","성인","일반","61","관리자","2등급","20250218","M","167.1","72.6","27.1",,"86","150","45.3","43",,,"9.7",,,,,,"26.0","26","22",,,,,,,,"62.4",,"34.7",,,,,,,,,,"0.385","0.453",,,,,,
"1","서초","성인","일반","25","관리자","3등급","20250218","F","164.6","53.5","32.5","70.8","85","119","25.4","24",,,"28.6",,,,,,"19.7","23",,,,,,,,,"47.5",,,,,,,,"103","40.0",,,"0.351","0.427",,,,,,
"1","사상","어르신","일반","67","관리자","참가","20250218","M","167.7","69","23.8","89.6","92","142","36.3","42",,,"0.9",,,,,,"24.5",,,,,"28",,"107","5.6","23.2","60.9",,,,,,,,,,,,,,,,,,,"42.0"
"1","사상","어르신","일반","65","관리자","3등급","20250218","M","164.1","61.4","30.5","83.1","82","152","40.7","41",,,"3.6",,,,,,"22.8",,,,,"22",,"110","4.7","18.5","66.8",,,,,,,,,,,,,,,,,,,"41.0"
"1","서초","성인","일반","63","관리자","참가","20250218","M","167.7","69.3","26.7","88.5","85","159","30.9","30.7",,,"3.6",,,,,,"24.6","20",,,,,,,,,"44.6",,,,,,,,"122","34.7",,,"0.434","0.465",,,,,,
"1","무안","성인","일반","37","관리자","참가","20250218","M","169.5","92.2","35.4","105","81","152","38.6","43.3",,,"3.6",,,,,,"32.1","31",,,"172",,,,,,"47.0",,,"101","114","144","180","31.0",,,,,"0.328",,,,,,,
"2","KSPO송파별관(어르신)","어르신","일반","72","관리자","3등급","20250218","M","168.8","76.5","32.7",,"74","121","36.2","36.6",,,"2.1",,,,,,"26.8",,,,,"20",,"115","5.28","19.46","47.8",,,,,,,,,,,,,,,,,,,"36.6"
"1","KSPO송파","성인","일반","59","관리자","3등급","20250218","M","168.4","71.8","22.4","77.5","84","159","41.9","44.3",,,"9.3",,,,,,"25.3","34",,,,,,,,,"61.7",,,,,,,,"95","39.1",,,"0.444","0.462",,,,,,
"2","정읍","어르신","일반","65","관리자","2등급","20250218","M","170.3","76.6","25.2",,"78","148","49.4","50",,,"8.9",,,,,,"26.4",,,,,"26",,"131","4.47","20.22","65.3",,,,,,,,,,,,,,,,,,,"50.0"
"1","KSPO송파별관(어르신)","어르신","일반","75","관리자","참가","20250218","F","159.3","52.5","30",,"76","129","20.5","19.1",,,"10.5",,,,,,"20.7",,,,,"11",,"84","8.27","32.54","39.0",,,,,,,,,,,,,,,,,,,"20.5"
"3","KSPO송파","성인","일반","25","관리자","1등급","20250218","F","169.7","51.7","23.2","59","77","117","26.2","25.3",,,"19.6",,,,,,"18.0","38",,,,,,,,,"50.7",,,"95","145","165",,"38.4",,,,,"0.324","0.449",,,,,,
"1","서구(대전)","성인","일반","23","관리자","3등급","20250218","M","166.7","62.7","13.5",,"62","106","38.4","42.9",,,"6.1",,,,,,"22.6","44","59",,"215",,,,,,"68.4",,"47.9",,,,,,,,,,"0.278",,,,,,,
"1","KSPO송파(출장A)","어르신","출장","79","관리자","참가","20250218","M","164.4","48","23.8",,"84","154","24.7","24",,,"-19",,,,,,"17.8",,,,,"14",,"68","7.64","39.5","51.5",,,,,,,,,,,,,,,,,,,"24.7"
"2","정읍","어르신","일반","67","관리자","2등급","20250218","M","165.5","72.5","29.8",,"81","154","38.4","37",,,"11.9",,,,,,"26.5",,,,,"31",,"116","4.02","16.91","53.0",,,,,,,,,,,,,,,,,,,"38.4"
"2","서구(광주)","성인","출장","42","관리자","참가","20250218","M","176.3","88","29.9","100","92","129","42.6","44.5",,,"0.2",,,,,,"28.3","31","27","11.17","205",,,,,,"50.6",,"35.0",,,,,,,,,,,,,,,,,
"1","성동","성인","일반","26","관리자","참가","20250218","M","175.3","104.7","37.3",,"96","156","43.8","43.6",,,"5.2",,,,,,"34.1","37","41",,"210",,,,,,"41.8",,"37.1",,,,,,,,,,"0.347",,,,,,,
"1","순천","성인","일반","31","관리자","3등급","20250218","M","175.9","75.9","23.7","89.2","81","125","49.8","54.2",,,"28.1",,,,,,"24.5","40",,,,,,,,,"71.4",,,,,,,,"102","44.7",,,"0.381","0.601",,,,,,
"1","KSPO송파(출장A)","어르신","출장","83","관리자","참가","20250218","M","158","56.9","18.8",,"68","126","30","28.7",,,"-16.0",,,,,,"22.8",,,,,"13",,"60","10.47","39.1","52.7",,,,,,,,,,,,,,,,,,,"30.0"
"3","성동","성인","일반","28","관리자","2등급","20250218","M","180","78.8","20.7",,"98","144","44.8","48.7",,,"13.1",,,,,,"24.3","53",,,"240",,,,,,"61.8",,,"88","103","120","145","45.9",,,,,"0.314",,,,,,,
"1","KSPO송파(출장A)","어르신","출장","77","관리자","2등급","20250218","M","172","68","23.4",,"81","129","39.3","40",,,"12.5",,,,,,"23.0",,,,,"23",,"101","5.54","23.43","58.8",,,,,,,,,,,,,,,,,,,"40.0"
"1","KSPO송파(출장A)","어르신","출장","75","관리자","3등급","20250218","M","164.2","65.6","30",,"65","142","35.8","42.8",,,"1.5",,,,,,"24.3",,,,,"16",,"101","6.74","27.84","65.2",,,,,,,,,,,,,,,,,,,"42.8"
"1","연제","성인","일반","27","관리자","참가","20250218","M","176.4","53.7","9.6",,"76","112","39.4","41.9",,,"-5.0",,,,,,"17.3","29",,,,,,,,,"78.0",,,,,,,,"104","50.3",,,"0.347","0.630",,,,,,
"1","동구(인천)","성인","일반","21","관리자","2등급","20250218","F","164.5","52.8","26.8",,"66","110","20.9","24.4",,,"26.4",,,,,,"19.5","30",,"13.56","158",,,,,,"46.2",,,"96","133","163",,"37.5",,,,,,,,,,,,
"2","양평","성인","일반","34","관리자","2등급","20250218","M","176.2","79.5","22.3",,"83","146","54.3","61.4",,,"16",,,,,,"25.6","50","40","10.5","230",,,,,,"77.2",,"39.9",,,,,,,,,,,,,,,,,
"1","동구(인천)","성인","일반","47","관리자","참가","20250218","M","175.7","78.4","32",,"88","147","35.3","36.2",,,"8.6",,,,,,"25.4","22",,,,,,,,,"46.2",,,,,,,,"86","42.5",,,"0.38","0.556",,,,,,
"1","동구(광주)","성인","일반","59","관리자","참가","20250218","M","167.2","66.6","30.8","90","68","135","26.3","29.7",,,"0.5",,,,,,"23.8","15",,,"122",,,,,,"44.6",,,,,,,,"102","39.2",,,"0.373",,,,,,,
"60","곡성","어르신","일반","77","관리자","2등급","20250218","F","149.2","56.6","30.6","82.5","69","116","25.3","26.8",,,"17.6",,,,,,"25.4",,,,,"34",,"150","5.75","27.49","47.3",,,,,,,,,,,,,,,,,,,"26.8"
"5","청주","성인","일반","62","관리자","3등급","20250218","M","167.1","64.4","25.1","85.9","62","102","44","41.5",,,"6.4",,,,,,"23.1","19",,,"184",,,,,,"68.3",,,,,,,,"115","37.0",,,"0.281",,,,,,,
"3","달서","성인","일반","23","관리자","3등급","20250218","M","177.2","82.5","20.3","91.2","89","131","48.6","54.9",,,"13.4",,,,,,"26.3","46","54",,"231",,,,,,"66.5",,"43.6",,,,,,,,,,"0.267",,,,,,,
"3","청주","성인","일반","62","관리자","1등급","20250218","F","162.7","55.4","27.6","75.2","61","122","27.1","30.5",,,"24.5",,,,,,"20.9","22",,,"130",,,,,,"55.1",,,,,,,,"108","31.8",,,"0.348",,,,,,,
"1","광주","성인","일반","62","관리자","3등급","20250218","M","183.4","86.2","20.1",,"74","130","47.1","50.7",,,"9.7",,,,,,"25.6","23",,,"158",,,,,,"58.8",,,"86","109","129",,"33.6",,,,,"0.378",,,,,,,
"3","마포","어르신","일반","65","관리자","2등급","20250218","M","162","71.8","32.6","90","91","147","35.2","40.1",,,"12.3",,,,,,"27.4",,,,,"23",,"117","3.47","17.65","55.8",,,,,,,,,,,,,,,,,,,"40.1"
"3","마포","어르신","일반","69","관리자","2등급","20250218","M","161","67.3","31.9","89","74","141","30","34.2",,,"10.8",,,,,,"26.0",,,,,"30",,"132","3.78","15.70","50.8",,,,,,,,,,,,,,,,,,,"34.2"
"1","KSPO송파(출장A)","어르신","출장","74","관리자","참가","20250218","F","142.5","47.7","37.1",,"81","155","11","11.9",,,"11.1",,,,,,"23.5",,,,,"15",,"77","8.77","33.93","24.9",,,,,,,,,,,,,,,,,,,"11.9"
"3","서구(대전)","성인","일반","19","관리자","2등급","20250218","M","172.5","69.8","13.9",,"80","127","41","44.5",,,"17.1",,,,,,"23.5","48",,,"230",,,,,,"63.8",,,,,,,,"105","48.3",,,"0.360",,,,,,,
"1","서구(대전)","성인","일반","19","관리자","참가","20250218","M","173.3","62.3","11",,"74","120","42.1","51.9",,,"-4",,,,,,"20.7","42",,,,,,,,,"83.3",,,,,,,,"103","50.3",,,"0.298","0.625",,,,,,
"2","안산","성인","일반","22","관리자","2등급","20250218","F","164.1","61.3","32.6","70","73","119","30.7","39.3",,,"19.1",,,,,,"22.8","47",,"11.34","157",,,,,,"64.1",,,,,,,,"90","40.1",,,,,,,,,,
"1","서대문","어르신","일반","65","관리자","3등급","20250218","M","165.3","62.3","26.4",,"84","159","38.1","38.7",,,"6.6",,,,,,"22.8",,,,,"25",,"105","4.98","22.91","62.1",,,,,,,,,,,,,,,,,,,"38.7"
"1","양평","성인","일반","34","관리자","참가","20250218","M","176.5","74.4","25.2",,"91","147","40.0","41.3",,,"8.2",,,,,,"23.9","46",,"10.79",,,,,,,"55.5",,,"124","142","161","181","37.7",,,,,,"0.559",,,,,,
"1","동구(광주)","어르신","일반","69","관리자","참가","20250218","M","169.3","70.8","24.6","85","72","127","28.3","28.1",,,"11.7",,,,,,"24.7",,,,,"15",,"98","8.59","35.49","40.0",,,,,,,,,,,,,,,,,,,"28.3"
"2","안산","성인","일반","22","관리자","3등급","20250218","F","168.6","57.3","24.9","75","85","133","28.6","31.6",,,"12.2",,,,,,"20.2","32",,"11.06","155",,,,,,"55.1",,,,,,,,"129","36.8",,,,,,,,,,
"8","부천","어르신","일반","82","관리자","3등급","20250218","M","176.4","75.4","31.1",,"85","155","31.2","30.3",,,"-4.5",,,,,,"24.2",,,,,"15",,"79","6.40","27.09","41.4",,,,,,,,,,,,,,,,,,,"31.2"
"1","동해","성인","일반","26","관리자","참가","20250218","F","159.3","62.9","39.5",,"84","134","17","20.6",,,"14.4",,,,,,"24.8","23",,,"121",,,,,,"32.8",,,"90","108","134",,"36.8",,,,,"0.320",,,,,,,
"5","서대문","성인","일반","64","관리자","1등급","20250218","M","162.1","71.7","25.2",,"89","140","41.1","42.4",,,"13.6",,,,,,"27.3","31",,"11.89",,,,,,,"59.1",,,,,,,,"88","38.5",,,,"0.512",,,,,,
"1","안산","어르신","일반","73","관리자","2등급","20250218","M","164.8","70","25.4","90","90","151","35.4","41.2",,,"10.8",,,,,,"25.8",,,,,"25",,"112","4.5","19.5","58.9",,,,,,,,,,,,,,,,,,,"41.2"
"1","KSPO송파(출장A)","어르신","출장","83","관리자","참가","20250218","F","156.3","63.5","42.5",,"75","136","12.2","12.9",,,,,,,,,"26.0",,,,,"7",,,"11.88","52.2","20.3",,,,,,,,,,,,,,,,,,,"12.9"
"2","서구(광주)","성인","출장","34","관리자","참가","20250218","M","181.9","88.8","27.5","88.5","87","130","47.1","51.9",,,"9.4",,,,,,"26.8","43","32",,"225",,,,,,"58.4",,"36.5",,,,,,,,,,"0.295",,,,,,,
"1","KSPO송파(출장A)","어르신","출장","86","관리자","참가","20250218","M","169.4","68.6","25.5",,"69","126","33.5","30.9",,,"-7",,,,,,"23.9",,,,,"13",,"60","9.46","43.3","48.8",,,,,,,,,,,,,,,,,,,"33.5"
"3","KSPO송파별관(어르신)","어르신","일반","68","관리자","2등급","20250218","M","167.6","74.6","26.1",,"96","145","41.4","43.2",,,"10.8",,,,,,"26.6",,,,,"32",,"123","5.30","19.15","57.9",,,,,,,,,,,,,,,,,,,"43.2"
"1","KSPO송파별관(어르신)","어르신","일반","74","관리자","참가","20250218","M","174.1","68.1","29.9",,"93","151","29.9","34.2",,,"-5.0",,,,,,"22.5",,,,,"25",,"125","5.30","19.41","50.2",,,,,,,,,,,,,,,,,,,"34.2"
"1","KSPO송파(출장A)","어르신","출장","77","관리자","참가","20250218","F","148.5","53","36.1",,"66","149","20.6","19.1",,,"5.5",,,,,,"24.0",,,,,"10",,"99","7.02","30.0","38.9",,,,,,,,,,,,,,,,,,,"20.6"
"2","KSPO송파","성인","일반","29","관리자","3등급","20250218","M","176.8","82","23.7","98.4","82","141","38.7","47.8",,,"18.1",,,,,,"26.2","46",,"10.69","210",,,,,,"58.3",,,,,,,,"129","39.9",,,,,,,,,,
"6","청주","성인","일반","55","관리자","참가","20250218","F","152.2","68.2","43.3","94.9","51","115","25.6","28.8",,,"17.8",,,,,,"29.4","12",,,"119",,,,,,"42.2",,,,,,,,"117","27.9",,,"0.437",,,,,,,
"7","청주","성인","일반","58","관리자","참가","20250218","F","156.9","58.7","40","83.5","53","106","26","25.4",,,"11.4",,,,,,"23.8","7",,,"127",,,,,,"44.3",,,,,,,,"119","29.9",,,"0.453",,,,,,,
"1","KSPO송파","성인","일반","59","관리자","2등급","20250218","M","167.8","66.4","23.1","84.3","78","152","38.4","44.3",,,"21.4",,,,,,"23.6","46","30",,,,,,,,"66.7",,"37.6",,,,,,,,,,"0.327","0.522",,,,,,
"1","KSPO송파(출장A)","어르신","출장","84","관리자","참가","20250218","M","165","67.6","25.2",,"71","147","30.4","28.4",,,,,,,,,"24.8",,,,,"5",,"124","17.12","32","45.0",,,,,,,,,,,,,,,,,,,"30.4"
"1","동작","성인","일반","63","관리자","참가","20250218","M","160.2","68.2","28.7","89.8","92","147","40","42",,,"-4.3",,,,,,"26.6","17",,,"172",,,,,,"61.6",,,"95","118","137","160","34.2",,,,,"0.342",,,,,,,
"4","남구(부산)","어르신","일반","77","관리자","2등급","20250218","M","166.1","69.1","28.5",,"97","203","30.3","32",,,"11.5",,,,,,"25.0",,,,,"21",,"101","4.84","23.12","46.3",,,,,,,,,,,,,,,,,,,"32.0"
"2","부천","성인","일반","58","관리자","3등급","20250218","F","155.3","58.9","35.4",,"80","140","26.4","27.5",,,"14",,,,,,"24.4","26",,,"126",,,,,,"46.7",,,"89","116","120",,"35.2",,,,,"0.432",,,,,,,
"1","부천","성인","일반","58","관리자","참가","20250218","M","176.6","78.9","27.4",,"96","158","39.7","46.6",,,"2.3",,,,,,"25.3","27",,,"172",,,,,,"59.1",,,,,,,,"129","33.4",,,"0.368",,,,,,,
"7","사천","성인","일반","43","관리자","3등급","20250218","M","170.9","68.9","21.9","88.2","78","142","40.9","46.9",,,"7.3",,,,,,"23.6","45",,,"183",,,,,,"68.1",,,,,,,,"111","41.6",,,"0.304",,,,,,,
"2","서구(대전)","어르신","일반","74","관리자","3등급","20250218","M","161.2","57.9","27.6",,"63","121","24.4","27.9",,,"1.6",,,,,,"22.3",,,,,"23",,"95","6.63","22.24","48.2",,,,,,,,,,,,,,,,,,,"27.9"
"7","청주","성인","일반","62","관리자","참가","20250218","F","157.1","51.7","32.4","77.2","62","134","20.8","24.2",,,"10.2",,,,,,"20.9","7",,,"152",,,,,,"46.8",,,,,,,,"124","30.3",,,"0.329",,,,,,,
"1","동작","성인","일반","34","관리자","참가","20250218","M","174.2","75.8","20.5","81","75","116","47.3","55.1",,,"22.8",,,,,,"25.0","26","51",,,,,,,,"72.7",,"43.0",,,,,,,,,,"0.366","0.576",,,,,,
"1","서구(광주)","성인","출장","32","관리자","참가","20250218","M","173.4","69.6","25.3","81.2","97","154","31","37.8",,,"-14.4",,,,,,"23.1","23","20","12.55","170",,,,,,"54.3",,"36.9",,,,,,,,,,,,,,,,,
"1","창원","성인","일반","24","관리자","참가","20250218","F","174.5","60","24.7","64","77","123","30.3","32.2",,,"6.6",,,,,,"19.7","23",,"12.41","165",,,,,,"53.7",,,,,,,,"135","35.6",,,,,,,,,,
"16","수원","어르신","일반","78","관리자","참가","20250218","M","171.1","93.6","36.3","114","75","142","37.6","39.2",,,"-14.1",,,,,,"32.0",,,,,"16",,"99","6.7","27.5","41.9",,,,,,,,,,,,,,,,,,,"39.2"
"1","남구(부산)","성인","일반","60","관리자","1등급","20250218","M","178.3","63.5","7.9",,"79","113","49.1","46.7",,,"15.9",,,,,,"20.0","43",,,"210",,,,,,"77.3",,,"93","103","121","150","39.8",,,,,"0.302",,,,,,,
"1","수원","성인","일반","61","관리자","참가","20250218","F","155.5","53.1","34.7","82","83","152","21.7","26.7",,,"8.4",,,,,,"22.0","22",,,"138",,,,,,"50.3",,,,,,,,"136","28.5",,,"0.446",,,,,,,
"5","남구(부산)","성인","일반","24","관리자","3등급","20250218","F","170.4","56.9","27.8",,"68","118","23.6","23.7",,,"17.5",,,,,,"19.6","25",,,"157",,,,,,"41.7",,,,,,,,"136","35.8",,,"0.294",,,,,,,
"1","창원","성인","일반","24","관리자","참가","20250218","F","169.7","55.6","34.4","67","59","101","17.2","20.3",,,"1.4",,,,,,"19.3","27",,,"146",,,,,,"36.5",,,,,,,,"142","35.4",,,"0.467",,,,,,,
"1","남구(부산)","성인","일반","48","관리자","참가","20250218","M","173.9","82.7","27.2",,"75","119","36.4","48.1",,,"7.4",,,,,,"27.3","44",,,,,,,,,"58.2",,,,,,,,"92","40.3",,,"0.354","0.465",,,,,,
"1","수원","성인","일반","20","관리자","참가","20250218","M","162.7","63.1","22","85","64","110","23.3","22.8",,,"2.6",,,,,,"23.8","35",,,"169",,,,,,"36.9",,,,,,,,"107","48.5",,,"0.492",,,,,,,
"1","수원","성인","일반","25","관리자","참가","20250218","F","157.5","45.6","26.5","73","62","101","15","20.7",,,"24.1",,,,,,"18.4","9",,,"109",,,,,,"45.4",,,,,,,,"121","39.0",,,"0.455",,,,,,,
"1","시흥","성인","일반","64","관리자","3등급","20250218","M","168.1","56.2","18.6","76.5","82","148","23.6","27.2",,,"7",,,,,,"19.9","26",,"13.83",,,,,,,"48.4",,,,,,,,"150","33.3",,,,,,,,,,
"4","보은","어르신","일반","68","관리자","참가","20250218","F","161.3","55.7","32.7",,"72","144","20.9","25.1",,,"7.1",,,,,,"21.4",,,,,"17",,"120","5.78","25.25","45.1",,,,,,,,,,,,,,,,,,,"25.1"
"5","양평","성인","일반","63","관리자","참가","20250218","M","163.6","67.00","25.1","84.7","65","143","33.7","31.4",,,"5",,,,,,"25","25","14",,"154",,,,,,"50.3",,"33.6",,,,,,,,,,"0.416",,,,,,,
"1","양평","어르신","일반","72","관리자","3등급","20250218","F","151.3","70","42.9",,"83","158","18.6","25.3",,,"12.8",,,,,,"30.6",,,,,"19",,"104","5.88","21.59","36.1",,,,,,,,,,,,,,,,,,,"25.3"
"3","스포원(금정)","어르신","일반","67","관리자","참가","20250218","M","165.3","77.7","33.4",,"101","166","37.5","42.6",,,"0.6",,,,,,"28.4",,,,,"24",,"127","4.3","19.2","54.8",,,,,,,,,,,,,,,,,,,"42.6"
"1","춘천","성인","일반","64","관리자","참가","20250218","M","162.5","83.1","34.9","100.7","75","155","44.5","42.4",,,"2.5",,,,,,"31.5","21",,,"144",,,,,,"53.5",,,,,,,,"133","29.4",,,"0.337",,,,,,,
"3","스포원(금정)","성인","일반","20","관리자","3등급","20250218","M","170.9","73.9","23.6",,"81","122","46.9","42.7",,,"7",,,,,,"25.3","42","45",,"185",,,,,,"63.5",,"43.1",,,,,,,,,,"0.322",,,,,,,
"1","오산","어르신","일반","72","관리자","참가","20250218","M","166.2","59.7","25.1","74.2","74","147","31.3","32.1",,,"-12.7",,,,,,"21.6",,,,,"19",,"121","5.10","18.51","53.8",,,,,,,,,,,,,,,,,,,"32.1"
"1","스포원(금정)","성인","일반","56","관리자","참가","20250218","M","174","79.4","29.5",,"79","142","49.2","53",,,"6",,,,,,"26.2","17","17","13.6","160",,,,,,"66.8",,"32.8",,,,,,,,,,,,,,,,,
"1","오산","어르신","일반","81","관리자","1등급","20250218","F","142.3","42.7","28.1","69.2","81","151","15.4","19.8",,,"16.5",,,,,,"21.1",,,,,"22",,"115","7.56","26.75","46.4",,,,,,,,,,,,,,,,,,,"19.8"
"1","광주","성인","일반","43","관리자","참가","20250218","F","168.7","57.4","24.1",,"71","120","30.7","28.9",,,"3",,,,,,"20.2","24",,,"180",,,,,,"53.5",,,"80","111","130",,"37.5",,,,,"0.453",,,,,,,
"4","서구(광주)","성인","출장","33","관리자","3등급","20250218","M","174.2","74.2","21.5","85","90","140","46.8","52.7",,,"5",,,,,,"24.5","56","40",,,,,,,,"71.0",,"40.8",,,,,,,,,,"0.335","0.512",,,,,,
"5","서초","어르신","일반","80","관리자","2등급","20250218","M","166.8","68.6","29.0","80.0","73","128","39.7","39",,,"4.7",,,,,,"24.7",,,,,"26",,"122","5.16","22.10","57.9",,,,,,,,,,,,,,,,,,,"39.7"
"2","안산","성인","일반","22","관리자","참가","20250218","F","168.9","70.4","38.7","75","83","119","33.5","38.5",,,"6.2",,,,,,"24.7","28",,,"161",,,,,,"54.7",,,,,,,,"154","30.5",,,"0.333",,,,,,,
"6","광주","성인","일반","54","관리자","참가","20250218","F","152.4","63.2","36.9",,"74","155","24.7","24.1",,,"16.5",,,,,,"27.2","10",,,"153",,,,,,"39.1",,,"88","101","122",,"32.8",,,,,"0.454",,,,,,,
"1","세종","성인","일반","22","관리자","2등급","20250218","F","171.9","60.3","21.7","76.5","66","111","27.6","26.8",,,"15.8",,,,,,"20.4","34",,,"156",,,,,,"45.8",,,,,,,,"119","37.6",,,"0.387",,,,,,,
"1","부천","성인","일반","26","관리자","2등급","20250218","F","166.2","57.4","23.8",,"62","113","26.4","24.8",,,"15.6",,,,,,"20.8","37",,,"113",,,,,,"46.0",,,,,,,,"102","39.1",,,"0.372",,,,,,,
"11","중구(서울)","어르신","일반","68","관리자","1등급","20250218","M","162.9","57.4","16.3","82","72","157","34.4","34.3",,,"13.8",,,,,,"21.6",,,,,"38",,"147","4.1","16.3","59.9",,,,,,,,,,,,,,,,,,,"34.4"
"1","안산","청소년","일반","18","관리자","참가","20250218","M","178.4","71.2","22.0","75.4","66","119","40.9","39",,"44","-7.5","19.28","0.520","49.473","8","49.841","22.4",,"40",,,,,,,,"57.4",,"42.6",,,,,,,,,,,,,,,,,
"1","중구(서울)","어르신","일반","74","관리자","참가","20250218","M","156.7","67.9","30.6","109.8","78","140","27.6","27.3",,,"4.5",,,,,,"27.7",,,,,"30",,"85","5","21.7","40.6",,,,,,,,,,,,,,,,,,,"27.6"
"1","동작","성인","일반","48","관리자","참가","20250218","F","162.7","70.1","34.4","84","97","156","26.8","27",,,"24.7",,,,,,"26.5","16",,,,,,,,,"38.5",,,"81","116","144",,"30.6",,,,,"0.549","0.366",,,,,,
"1","부천","성인","일반","24","관리자","3등급","20250218","F","162.2","54.3","27.9",,"63","103","22","24.4",,,"15.8",,,,,,"20.6","26",,,"154",,,,,,"44.9",,,"98","110","126",,"41.0",,,,,"0.386",,,,,,,
"1","KSPO송파","성인","일반","29","관리자","3등급","20250218","M","164","65.1","13.9","78.2","68","110","41.2","40.6",,,"12",,,,,,"24.2","41",,,,,,,,,"63.3",,,"84","94","110","134","49.2",,,,,"0.307","0.532",,,,,,
"5","KSPO송파별관(어르신)","어르신","일반","69","관리자","1등급","20250218","M","167.7","69","25.9",,"97","151","38.3","41.9",,,"13.9",,,,,,"24.5",,,,,"29",,"129","4.09","17.26","60.7",,,,,,,,,,,,,,,,,,,"41.9"
"7","구미","성인","일반","46","관리자","2등급","20250218","M","177.1","76.8","20.8","87.6","95","144","52.4","52.2",,,"10.3",,,,,,"24.5","55","52",,"231",,,,,,"68.2",,"42.1",,,,,,,,,,"0.326",,,,,,,
"2","포천","성인","일반","54","관리자","참가","20250218","F","162.1","63.3","33","78","77","125","27.2","29.7",,,"14",,,,,,"24.1","8",,"13.34","133",,,,,,"46.9",,,"80","104","125",,"33.7",,,,,,,,,,,,
"1","창원","성인","일반","23","관리자","3등급","20250218","F","162.8","52.5","31.8","71","63","110","21","23.7",,,"16.8",,,,,,"19.8","24",,,,,,,,,"45.1",,,"84","111","138",,"40.1",,,,,"0.324","0.427",,,,,,
"2","동작","성인","일반","64","관리자","1등급","20250218","F","155.4","58.3","28.9","78","83","138","31","32.8",,,"23.5",,,,,,"24.1","29",,,,,,,,,"56.3",,,"73","109","135",,"31.4",,,,,"0.317","0.39",,,,,,
"2","KSPO송파별관(어르신)","어르신","일반","68","관리자","3등급","20250218","M","164.4","65.4","28.3",,"89","155","31.8","31.8",,,"10.3",,,,,,"24.2",,,,,"28",,"135","4.16","17.13","48.6",,,,,,,,,,,,,,,,,,,"31.8"
"1","KSPO송파","성인","일반","24","관리자","3등급","20250218","F","161.5","48.3","28.2","66.5","60","94","16.7","18.8",,,"20.9",,,,,,"18.5","36",,,"155",,,,,,"38.9",,,"81","114","129",,"42.9",,,,,"0.387",,,,,,,
"4","오산","청소년","일반","18","관리자","참가","20250218","M","176.1","72.8","19.5","84.6","89","144","44.5","56","28",,"5.6","17.13","0.614","39.366","11","39.872","23.5",,"41",,,,,,,,"76.9",,"42.3",,,,,,,,,,,,,,,,,
"1","남구(울산)","성인","일반","64","관리자","3등급","20250218","M","164.1","62","16.8","75.7","82","136","51.6","51.1",,,"21.2",,,,,,"23.0","23",,,,,,,,,"83.2",,,,,,,,"130","34.6",,,"0.424","0.412",,,,,,
"1","남구(울산)","어르신","일반","68","관리자","3등급","20250218","M","166.1","61.5","23.7","84.7","69","158","39.6","42.2",,,"2.7",,,,,,"22.3",,,,,"25",,"104","4.38","20.16","68.6",,,,,,,,,,,,,,,,,,,"42.2"
"1","남구(울산)","어르신","일반","68","관리자","3등급","20250218","M","164.5","73.8","24.9","87.4","81","158","40.9","43.6",,,"22.2",,,,,,"27.3",,,,,"32",,"97","4.44","19.35","59.1",,,,,,,,,,,,,,,,,,,"43.6"
"1","구미","성인","일반","27","관리자","참가","20250218","M","160.1","82.1","42.3","101.9","72","111","27.8","30.4",,,"-3.5",,,,,,"32.0","5",,,"112",,,,,,"37.0",,,,,,,,"127","39.4",,,"0.366",,,,,,,
"4","화성","어르신","일반","67","관리자","3등급","20250218","F","152.3","51.9","32",,"74","159","27.2","25.9",,,"14.4",,,,,,"22.4",,,,,"24",,"115","5.03","21.88","52.4",,,,,,,,,,,,,,,,,,,"27.2"
"2","사상","성인","일반","64","관리자","참가","20250218","M","165.2","85.1","34.9","100.5","85","161","43.6","48.1",,,"13.2",,,,,,"31.2","18",,,"161",,,,,,"56.5",,,,,,,,"95","34.7",,,"0.420",,,,,,,
"2","사상","성인","일반","62","관리자","3등급","20250218","M","160.1","57.7","28.8","77.8","67","118","34","40.9",,,"3.2",,,,,,"22.5","19",,,"152",,,,,,"70.9",,,,,,,,"97","40.6",,,"0.319",,,,,,,
"1","동구(인천)","성인","일반","24","관리자","3등급","20250218","F","153.9","53","27.1",,"74","126","26.9","25.1",,,"17.1",,,,,,"22.4","38","20","13.37","142",,,,,,"50.8",,"33.7",,,,,,,,,,,,,,,,,
"1","청주","성인","일반","19","관리자","참가","20250218","M","175","56.8","17","77.1","88","138","37.2","46.3",,,"10.2",,,,,,"18.5","36","33","11.4","218",,,,,,"81.5",,"42.8",,,,,,,,,,,,,,,,,
"1","남구(울산)","어르신","일반","66","관리자","2등급","20250218","M","159.7","61.6","31.9","87.4","90","150","41.5","40.6",,,"8.3",,,,,,"24.2",,,,,"22",,"109","4.75","20.84","67.4",,,,,,,,,,,,,,,,,,,"41.5"
"1","동작","성인","일반","29","관리자","1등급","20250218","F","160.3","62.5","28.6","69","61","104","35","36.8",,,"19.2",,,,,,"24.3","34",,,"176",,,,,,"58.9",,,,,,,,"102","36.7",,,"0.299",,,,,,,
"7","의정부","어르신","일반","77","관리자","2등급","20250218","M","162.4","60.7","33.8","87.9","84","159","24.9","29.9",,,"12.1",,,,,,"23.0",,,,,"20",,"98","6.53","26.89","49.3",,,,,,,,,,,,,,,,,,,"29.9"
"2","서구(광주)","성인","출장","48","관리자","3등급","20250218","M","168.5","61.4","13.6","74.5","72","149","43.5","43",,,"8.7",,,,,,"21.6","50","60","10.62","223",,,,,,"70.8",,"46.2",,,,,,,,,,,,,,,,,
"7","천안","어르신","일반","79","관리자","3등급","20250218","M","161.7","66.8","33.1",,"71","151","25.4","28.8",,,"5.6",,,,,,"25.5",,,,,"19",,"106","5.91","27.75","43.1",,,,,,,,,,,,,,,,,,,"28.8"
"1","안산","성인","일반","64","관리자","참가","20250218","M","166","90.2","34.8","102","93","142","33","42",,,"-9.1",,,,,,"32.7","20","15","13.4","148",,,,,,"46.6",,"30.3",,,,,,,,,,,,,,,,,
"1","전주","성인","일반","25","관리자","3등급","20250218","M","182","77.4","21","87.4","91","144","40.3","41.6",,,"6.4",,,,,,"23.4","53","34","11.25","219",,,,,,"53.7",,"39.4",,,,,,,,,,,,,,,,,
"3","창원","성인","일반","58","관리자","2등급","20250218","M","164.6","63.8","21.2","79","98","155","35.5","42",,,"19.5",,,,,,"23.5","54",,"10.85","197",,,,,,"65.8",,,,,,,,"117","37.6",,,,,,,,,,
"3","KSPO송파별관(어르신)","어르신","일반","67","관리자","1등급","20250218","F","153.1","53.2","29.4",,"82","147","23.2","22.6",,,"21.0",,,,,,"22.7",,,,,"25",,"130","5.35","17.68","43.6",,,,,,,,,,,,,,,,,,,"23.2"
"4","남구(울산)","어르신","일반","69","관리자","3등급","20250218","M","170.3","56.7","24.3","79.3","80","149","37.8","41.4",,,"2.3",,,,,,"19.6",,,,,"30",,"131","3.9","16.03","73.0",,,,,,,,,,,,,,,,,,,"41.4"
"4","동구(인천)","성인","일반","63","관리자","2등급","20250218","M","169.1","68.8","24.7",,"81","141","43.4","42.5",,,"8.8",,,,,,"24.1","35",,,,,,,,,"63.1",,,,,,,,"110","36.7",,,"0.404","0.543",,,,,,
"6","KSPO송파별관(어르신)","어르신","일반","74","관리자","3등급","20250218","F","150.9","55.3","40.8",,"65","130","21.5","24.8",,,"11",,,,,,"24.3",,,,,"24",,"113","5.75","22.45","44.8",,,,,,,,,,,,,,,,,,,"24.8"
"2","보은","어르신","일반","66","관리자","3등급","20250218","F","148","52.9","37.6",,"76","149","20.9","23.2",,,"14.7",,,,,,"24.2",,,,,"25",,"114","5","20.94","43.9",,,,,,,,,,,,,,,,,,,"23.2"
"1","포항","성인","일반","20","관리자","참가","20250218","M","173.1","81.6","31",,"76","122","46.8","44.1",,,"7",,,,,,"27.2","7",,,"178",,,,,,"57.4",,,,,,,,"143","39.9",,,"0.348",,,,,,,
"1","춘천","성인","일반","19","관리자","2등급","20250218","M","177.2","63.8","8.6","72.9","67","114","44","51.4",,,"14.2",,,,,,"20.3","52","62","10.69","227",,,,,,"80.6",,"48.5",,,,,,,,,,,,,,,,,
"1","천안","성인","일반","24","관리자","참가","20250218","M","173.3","95.1","32.6",,"67","119","35.6","38",,,"10.4",,,,,,"31.7","46",,,"191",,,,,,"40.0",,,"85","117","136","167","38.9",,,,,"0.332",,,,,,,
"1","사상","성인","일반","62","관리자","참가","20250218","M","173.3","76.2","31.1","90.3","99","157","39.9","41.9",,,"-1.1",,,,,,"25.4","9",,,"171",,,,,,"55.0",,,,,,,,"131","32.5",,,"0.405",,,,,,,
"1","사상","성인","일반","57","관리자","3등급","20250218","M","176.5","75.9","23.7","91.6","117","180","46.6","52.2",,,"10.1",,,,,,"24.4","28",,,"180",,,,,,"68.8",,,,,,,,"107","37.6",,,"0.364",,,,,,,
"4","서구(광주)","성인","출장","26","관리자","1등급","20250218","M","173.4","74.1","13.6","77","76","137","48.1","51.9",,,"18.6",,,,,,"24.6","53",,,"231",,,,,,"70.0",,,,,,,,"98","46.7",,,"0.299",,,,,,,
"1","동해","성인","일반","47","관리자","참가","20250218","M","166.6","71.6","27",,"85","131","35.4","41.9",,,"10.4",,,,,,"25.8","34",,,"189",,,,,,"58.5",,,,,,,,"114","39.2",,,"0.352",,,,,,,
"1","성동","어르신","일반","87","관리자","참가","20250218","M","159.5","57.4","29.9",,"64","154","26.6","28.4",,,"-14.1",,,,,,"22.6",,,,,"18",,"98","6.48","30.54","49.5",,,,,,,,,,,,,,,,,,,"28.4"
"1","성동","어르신","일반","85","관리자","3등급","20250218","F","151.3","56","37.1",,"69","134","18.3","17.5",,,"6.3",,,,,,"24.5",,,,,"14",,"95","6.75","33.93","32.7",,,,,,,,,,,,,,,,,,,"18.3"
"6","청주","성인","일반","60","관리자","2등급","20250218","F","162.","58.3","31.2","83.5","77","154","25","24.5",,,"17.6",,,,,,"22.2","16",,,"135",,,,,,"42.9",,,,,,,,"93","33.3",,,"0.298",,,,,,,
"1","성동","어르신","일반","87","관리자","3등급","20250218","F","138.1","49.7","43.1",,"74","150","16.1","18",,,"9",,,,,,"26.1",,,,,"11",,"63","7.50","38.41","36.2",,,,,,,,,,,,,,,,,,,"18.0"
"3","창원","성인","일반","30","관리자","참가","20250218","M","169.7","77.2","25","86","84","148","46.5","56.5",,,"13.3",,,,,,"26.8","55",,"10.10","226",,,,,,"73.2",,,,,,,,"133","39.6",,,,,,,,,,
"1","서구(대전)","성인","일반","22","관리자","참가","20250218","M","171","73.4","19.4",,"74","132","40.5","43.9",,,"3.8",,,,,,"25.1","58",,,,,,,,,"59.8",,,"89","99","123","134","48.4",,,,,"0.282","0.663",,,,,,
"1","서구(대전)","성인","일반","39","관리자","참가","20250218","M","176.7","84.5","28.9",,"96","150","37.6","42.3",,,"13.9",,,,,,"27.1","17",,,"210",,,,,,"50.1",,,,,,,,"115","38.9",,,"0.360",,,,,,,
"1","부천","성인","일반","24","관리자","참가","20250218","M","172.3","72.2","25.6",,"85","146","42","46.2",,,"12.1",,,,,,"24.3","37",,,"196",,,,,,"64.0",,,"80","116","131","174","44.6",,,,,"0.336",,,,,,,
"3","부천","성인","일반","60","관리자","참가","20250218","F","165.7","66.7","34.6",,"73","131","22.1","23.5",,,"2.7",,,,,,"24.3","11",,,"129",,,,,,"35.2",,,,,,,,"105","30.1",,,"0.422",,,,,,,
"1","스포원(금정)","성인","일반","29","관리자","2등급","20250218","M","175.4","75.7","19.2",,"69","127","48.8","48.2",,,"21",,,,,,"24.6","47",,,"232",,,,,,"64.5",,,,,,,,"113","43.6",,,"0.281",,,,,,,
"1","진천","성인","일반","31","관리자","3등급","20250218","M","163","55.4","11.7","72.9","85","129","38.4","38.9",,,"8.2",,,,,,"20.9","42",,,,,,,,,"70.2",,,,,,,,"137","43.1",,,"0.342","0.558",,,,,,
"2","스포원(금정)","성인","일반","29","관리자","참가","20250218","M","165.9","59.2","19.2",,"66","129","39","43.4",,,"9.5",,,,,,"21.5","36",,"9.4","215",,,,,,"73.3",,,,,,,,"128","44.3",,,,,,,,,,
"1","KSPO송파","성인","일반","26","관리자","참가","20250218","M","174","73.5","23.3","90.7","82","130","38.8","40.2",,,"12.2",,,,,,"24.3","51","28","10.88","194",,,,,,"54.7",,"38.6",,,,,,,,,,,,,,,,,
"2","KSPO송파","성인","일반","62","관리자","3등급","20250218","M","176.5","74.4","24.5","87.8","85","123","47.4","48.8",,,"9.9",,,,,,"23.9","32","18","12.31","185",,,,,,"65.6",,"33.2",,,,,,,,,,,,,,,,,
"1","KSPO송파별관(어르신)","어르신","일반","65","관리자","2등급","20250218","M","173.1","72.4","26.6",,"92","158","37.2","41.2",,,"10.3",,,,,,"24.2",,,,,"27",,"130","4.72","17.85","56.9",,,,,,,,,,,,,,,,,,,"41.2"
"1","강북","어르신","일반","72","관리자","3등급","20250218","M","166.3","74.70","30.1","93.8","111","196","33.9","34.7",,,"19.2",,,,,,"27.0",,,,,"17",,"110","5.7","26.7","46.5",,,,,,,,,,,,,,,,,,,"34.7"
"6","강북","성인","일반","59","관리자","참가","20250218","M","159.9","62.30","22.7","78.1","95","144","39.1","41.8",,,"1.2",,,,,,"24.4","30",,,"163",,,,,,"67.1",,,,,,,,"96","40.5",,,"0.365",,,,,,,
"4","중구(서울)","성인","일반","41","관리자","참가","20250218","F","160.9","54.5","28.3","76","59","117","24.1","28.7",,,,,,,,,"21.1","29",,,,,,,,,"52.7",,,,,,,,"105","36.1",,,"0.485","0.409",,,,,,
"1","광주","청소년","일반","18","관리자","3등급","20250218","M","165.6","62.4","19.3",,"60","126","44.6","45.4","39",,"19","20.9","0.561","42.357","15","43.047","22.8",,"52",,,,,,,,"72.8",,"44.8",,,,,,,,,,,,,,,,,
"1","중구(서울)","성인","일반","19","관리자","참가","20250218","M","182.4","94","24.9","90.7","81","158","44.9","54",,,"0.3",,,,,,"28.3","24",,,"206",,,,,,"57.4",,,,,,,,"131","39.8",,,"0.395",,,,,,,
"1","KSPO송파별관(어르신)","어르신","일반","65","관리자","참가","20250218","F","147","54.9","37.8",,"70","127","15.6","15.9",,,"12.5",,,,,,"25.4",,,,,"20",,"121","5.42","24.94","29.0",,,,,,,,,,,,,,,,,,,"15.9"
"1","오산","성인","일반","44","관리자","참가","20250218","F","159.7","57.9","32.4","78.8","53","88","29.7","29.8",,,"13.7",,,,,,"22.7","15",,,"130",,,,,,"51.5",,,,,,,,"87","36.8",,,"0.399",,,,,,,
"1","광주","청소년","일반","17","관리자","참가","20250218","M","171.8","69.5","16.7",,"61","123","44.1","42.4",,"56","-2.4","20.71","0.559","41.936","9","42.350","23.5",,"52",,,,,,,,"63.5",,"44.3",,,,,,,,,,,,,,,,,
"1","서대문","청소년","일반","16","관리자","1등급","20250218","F","158.3","60.4","25.1",,"73","116","28.9","32.8",,"45","35","19.96","0.519","46.385","25","47.535","24.1",,"35",,,,,,,,"54.3",,"35.7",,,,,,,,,,,,,,,,,
"1","서구(광주)","성인","출장","46","관리자","참가","20250218","M","170","61.1","26.1","82.9","92","129","39.7","40.9",,,"-8.4",,,,,,"21.1","27",,"12.77",,,,,,,"66.9",,,,,,,,"147","37.2",,,,"0.488",,,,,,
"1","오산","성인","일반","48","관리자","참가","20250218","M","166.8","61.7","15.8","79.3","88","147","36.3","41.9",,,"1.2",,,,,,"22.2","39",,"10.44","206",,,,,,"67.9",,,"90","111","129","160","41.1",,,,,,,,,,,,
"1","광주","청소년","일반","18","관리자","3등급","20250218","M","165.9","62.1","13.2",,"63","116","44.6","42.4","34",,"15.9","21.55","0.540","39.080","28","40.368","22.6",,"52",,,,,,,,"71.8",,"44.9",,,,,,,,,,,,,,,,,
"1","서대문","청소년","일반","18","관리자","2등급","20250218","M","169.7","79.8","26.8",,"64","123","50","53.8","52",,"15.2","19.32","0.595","38.936","8","39.304","27.7",,"51",,,,,,,,"67.4",,"42.0",,,,,,,,,,,,,,,,,
"1","포천","성인","일반","53","관리자","참가","20250218","F","158","69.6","45.7","94","94","158","19.7","19.9",,,"6.2",,,,,,"27.9","0",,,"111",,,,,,"28.6",,,,,,,,"138","25.9",,,"0.411",,,,,,,
"1","사천","성인","일반","57","관리자","참가","20250218","F","153.3","56","29","77.8","90","130","27.9","31",,,"8.5",,,,,,"23.8","20",,,,,,,,,"55.4",,,,,,,,"115","30.9",,,"0.473","0.390",,,,,,
"6","동구(광주)","성인","일반","42","관리자","3등급","20250218","M","173.7","64.5","16.2","81","62","133","41.1","42.8",,,"7.7",,,,,,"21.4","51",,,,,,,,,"66.4",,,,,,,,"112","42.9",,,"0.341","0.490",,,,,,
"1","동작","어르신","일반","66","관리자","1등급","20250218","M","158.7","54.8","19.4","74","71","130","30.2","31.8",,,"13.2",,,,,,"21.8",,,,,"34",,"134","3.98","17.87","58.0",,,,,,,,,,,,,,,,,,,"31.8"
"1","동작","어르신","일반","69","관리자","2등급","20250218","M","169.4","58.6","15.4","84","64","123","33.1","35.8",,,"17.6",,,,,,"20.4",,,,,"22",,"125","4.6","20.29","61.1",,,,,,,,,,,,,,,,,,,"35.8"
"1","성남","어르신","일반","65","관리자","참가","20250218","F","150.4","54.0","38.3",,"92","148","21.7","25.1",,,"9.1",,,,,,"23.9",,,,,"21",,"91","5.55","22.19","46.5",,,,,,,,,,,,,,,,,,,"25.1"
"2","마포","성인","일반","24","관리자","1등급","20250218","F","161.1","48.8","25.3","60","49","97","28","28",,,"21.8",,,,,,"18.8","39",,,,,,,,,"57.4",,,,,,,,"105","40.7",,,"0.342","0.496",,,,,,
"8","마포","성인","일반","62","관리자","참가","20250218","F","143.5","57.6","42.9",,"98","156","24.2","28.1",,,"20.1",,,,,,"28.0","26",,,"124",,,,,,"48.8",,,,,,,,"113","28.8",,,"0.289",,,,,,,
"2","사천","성인","일반","55","관리자","참가","20250218","F","158.7","60.7","37.5","82.7","80","125","26.5","28.7",,,"19.5",,,,,,"24.1","4","18",,,,,,,,"47.3",,"30.7",,,,,,,,,,"0.492","0.353",,,,,,
"1","중구(서울)","어르신","일반","69","관리자","참가","20250218","M","161.1","66.7","30.9","95","70","140","22.9","24",,,"0.7",,,,,,"25.7",,,,,"24",,"95","5.8","24.5","36.0",,,,,,,,,,,,,,,,,,,"24.0"
"1","시흥","성인","일반","61","관리자","참가","20250218","M","170","83.9","31.4","95","105","170","36.5","34.6",,,"4.4",,,,,,"29.0","21","13",,"159",,,,,,"43.5",,"30.9",,,,,,,,,,"0.312",,,,,,,
"3","서구(광주)","성인","출장","24","관리자","참가","20250218","M","172.1","83.5","23.8","87","85","134","40.5","53.1",,,"15.6",,,,,,"28.2","31",,"9.89","214",,,,,,"63.6",,,,,,,,"131","40.2",,,,,,,,,,
"1","청주","성인","일반","19","관리자","참가","20250218","M","172.7","64.3","11.5","73.5","45","116","44.9","45.3",,,"2.8",,,,,,"21.6","40","54",,,,,,,,"70.5",,"46.7",,,,,,,,,,"0.364","0.576",,,,,,
"1","사상","성인","일반","54","관리자","3등급","20250218","M","173","65.5","16.9","86.2","85","132","44.6","46.1",,,"17.5",,,,,,"21.9","27",,,"176",,,,,,"70.4",,,,,,,,"102","41.1",,,"0.288",,,,,,,
"1","사상","성인","일반","64","관리자","3등급","20250218","M","163.9","59.3","27","86.3","91","156","40.3","42.7",,,"16.3",,,,,,"22.1","22",,,"153",,,,,,"72.0",,,,,,,,"115","37.4",,,"0.372",,,,,,,
"8","오산","어르신","일반","79","관리자","3등급","20250218","F","148","60.1","51.5","92.1","80","152","20.5","19.9",,,"12.5",,,,,,"27.4",,,,,"14",,"80","8.32","32.97","34.1",,,,,,,,,,,,,,,,,,,"20.5"
"2","오산","어르신","일반","69","관리자","참가","20250218","F","155.2","63.6","39.9","90.9","74","156","25","26.4",,,"10.3",,,,,,"26.4",,,,,"21",,"109","6.41","23.28","41.5",,,,,,,,,,,,,,,,,,,"26.4"
"1","양평","성인","일반","56","관리자","참가","20250218","M","166.9","67.60","23.0","85.0","85","155","37.6","41.0",,,"5.4",,,,,,"24.3","21",,,"193",,,,,,"60.7",,,"74","103","119","152","39.8",,,,,"0.346",,,,,,,
"1","성남","성인","일반","38","관리자","2등급","20250218","M","175.5","89.4","27.6",,"96","136","46.8","53.8",,,"19.3",,,,,,"29.0","55","38","10.22","217",,,,,,"60.2",,"37.7",,,,,,,,,,,,,,,,,
"1","안산","성인","일반","19","관리자","참가","20250218","M","170.2","69.1","15.4","69","79","131","44.8","47.4",,,"12",,,,,,"23.9","35","52","10.1","222",,,,,,"68.6",,"45.5",,,,,,,,,,,,,,,,,
"1","서구(대전)","성인","일반","24","관리자","참가","20250218","M","176.3","92.9","25.5",,"77","134","47.6","54.7",,,"-6.1",,,,,,"29.9","35",,,,,,,,,"58.9",,,,,,,,"106","42.1",,,"0.343","0.638",,,,,,
"1","서구(대전)","성인","일반","24","관리자","참가","20250218","M","182.8","70","15.1",,"67","132","41.3","40.9",,,"-6.4",,,,,,"20.9","44",,,,,,,,,"59.0",,,,,,,,"103","48.1",,,"0.311","0.601",,,,,,
"1","남구(울산)","성인","일반","64","관리자","참가","20250218","M","170.4","76.5","32.8","100","90","150","42","42.5",,,"-7.6",,,,,,"26.3","24",,,"174",,,,,,"55.6",,,,,,,,"133","31.4",,,"0.329",,,,,,,
"1","사상","성인","일반","64","관리자","2등급","20250218","M","168.8","53.2","12.4","70.5","79","134","35.6","37.9",,,"17.1",,,,,,"18.7","26",,,"184",,,,,,"71.2",,,,,,,,"104","40.8",,,"0.388",,,,,,,
"1","안산","성인","일반","56","관리자","3등급","20250218","M","175","76.9","20.2","85","97","153","47.8","51.4",,,"6.1",,,,,,"25.1","46","30","11.1","194",,,,,,"66.8",,"36.2",,,,,,,,,,,,,,,,,
"1","KSPO송파","성인","일반","50","관리자","3등급","20250218","M","173","74.8","23.3",,"83","148","47.6","45",,,"7.8",,,,,,"25.0","36",,,"196",,,,,,"63.6",,,,,,,,"124","36.8",,,"0.355",,,,,,,
"1","KSPO송파","성인","일반","28","관리자","참가","20250218","M","185.3","108.9","26.8",,"87","132","69.4","68",,,"8.4",,,,,,"31.7","56",,"12.15",,,,,,,"63.7",,,"119","137","150","183","32.2",,,,,,"0.619",,,,,,
"1","의정부","어르신","일반","65","관리자","3등급","20250218","M","158.2","61.1","22.9","80.2","54","100","32.3","35.7",,,"8.9",,,,,,"24.4",,,,,"19",,"110","6.02","26.10","58.4",,,,,,,,,,,,,,,,,,,"35.7"
"18","청주","성인","일반","31","관리자","3등급","20250218","M","178.5","72","16.1","84.7","76","136","46.2","47.4",,,"14.7",,,,,,"22.6","52","39","13.2","214",,,,,,"65.8",,"40.9",,,,,,,,,,,,,,,,,
"2","천안","어르신","일반","81","관리자","3등급","20250218","M","169","67.5","26.2",,"80","135","31","31.8",,,"1.6",,,,,,"23.6",,,,,"14",,"102","7.28","29.87","47.1",,,,,,,,,,,,,,,,,,,"31.8"
"1","천안","어르신","일반","69","관리자","3등급","20250218","M","174.5","76.2","24.5",,"94","156","43.6","47.8",,,"18.3",,,,,,"25.0",,,,,"20",,"102","5.41","24.35","62.7",,,,,,,,,,,,,,,,,,,"47.8"
"1","연제","성인","일반","19","관리자","참가","20250218","M","175.1","61.4","14.3",,"81","132","34.2","41.5",,,"14.2",,,,,,"20.0","26","19",,"192",,,,,,"67.6",,"38.8",,,,,,,,,,"0.370",,,,,,,
"1","강북","어르신","일반","80","관리자","3등급","20250218","M","160.3","70.90","36.2","97","99","148","27.7","24.9",,,"-0.7",,,,,,"27.6",,,,,"16",,"91","5.3","23.8","39.1",,,,,,,,,,,,,,,,,,,"27.7"
"3","동작","성인","일반","26","관리자","2등급","20250218","F","166.6","61","31.6","68","79","128","28.3","26.9",,,"18.5",,,,,,"22.0","46",,,,,,,,,"46.4",,,,,,,,"114","36.8",,,"0.382","0.415",,,,,,
"1","중구(서울)","성인","일반","62","관리자","참가","20250218","M","169.2","74","31.5","96.6","85","142","35.1","37.4",,,"6.8",,,,,,"25.8","15",,,,,,,,,"50.5",,,"103","131","154",,"31.1",,,,,"0.37","0.286",,,,,,
"1","청주","성인","일반","19","관리자","참가","20250218","M","177.4","90.8","26.2","98.4","89","152","48.9","57.5",,,"3",,,,,,"28.9","35",,,"230",,,,,,"63.3",,,,,,,,"121","41.6",,,"0.321",,,,,,,
"1","포항","어르신","일반","66","관리자","2등급","20250218","M","171.1","64.1","17.4",,"82","154","42.1","44.1",,,"18.3",,,,,,"21.9",,,,,"25",,"135","5.07","23.39","68.8",,,,,,,,,,,,,,,,,,,"44.1"
"7","전주","성인","일반","23","관리자","참가","20250218","M","185.4","74.6","13.3","78.3","93","126","37.5","49.3",,,"18.8",,,,,,"21.7","42","26","12.38","208",,,,,,"66.1",,"38.0",,,,,,,,,,,,,,,,,
"1","서구(광주)","성인","출장","28","관리자","참가","20250218","M","173.2","65.5","21.5","78","89","132","40.3","42",,,"10.9",,,,,,"21.8","32","26","10.95","212",,,,,,"64.1",,"39.2",,,,,,,,,,,,,,,,,
"6","포천","어르신","일반","72","관리자","2등급","20250218","F","155.5","65","43.2","90","92","153","20","24.9",,,"14.7",,,,,,"26.9",,,,,"29",,"116","4.68","18.09","38.3",,,,,,,,,,,,,,,,,,,"24.9"
"2","세종","성인","일반","24","관리자","참가","20250218","M","172","71.4","27.8","89.6","84","148","36.9","42.2",,,"11.2",,,,,,"24.1","40",,,"206",,,,,,"59.1",,,,,,,,"120","44.4",,,"0.404",,,,,,,
"1","서대문","성인","일반","25","관리자","참가","20250218","M","179.7","68.0","22.0",,"68","111","31.3","41.7",,,"2.0",,,,,,"21.1","44",,,,,,,,,"61.3",,,,,,,,"102","48.2",,,"0.274","0.552",,,,,,
"1","성동","어르신","일반","88","관리자","3등급","20250218","F","137.9","51.8","44.3",,"62","128","11.2","13.7",,,"8.3",,,,,,"27.2",,,,,"19",,"56","8.32","39.9","26.4",,,,,,,,,,,,,,,,,,,"13.7"
"1","성동","어르신","일반","83","관리자","참가","20250218","F","139.6","47","44.2",,"63","115","11.8","14.3",,,"-2.1",,,,,,"24.1",,,,,"11",,"36","8.8","51.38","30.4",,,,,,,,,,,,,,,,,,,"14.3"
"1","서대문","성인","일반","62","관리자","3등급","20250218","M","174.7","67.4","28.5",,"82","152","40.9","46.3",,,"15.2",,,,,,"22.1","23",,,,,,,,,"68.7",,,,,,,,"128","35.0",,,"0.339","0.423",,,,,,
"1","창원","청소년","일반","18","관리자","2등급","20250218","M","181.6","85.6","22.8","81","80","140","45.9","55.4","54",,"14.4","18.09","0.539","53.229","17","54.011","26.0",,,,,,,,,,"64.7",,,"96","114","128",,"46.8",,,,,,,,,,,,
"1","성동","어르신","일반","83","관리자","참가","20250218","F","156.6","63","38.2",,"60","130","9.7","21.9",,,"-4.2",,,,,,"25.7",,,,,"10",,"110","7.96","47.92","34.8",,,,,,,,,,,,,,,,,,,"21.9"
"1","창원","청소년","일반","18","관리자","1등급","20250218","M","177","79.3","22.4","82","63","138","51.8","43.5","65",,"17.8","18.9","0.564","44.400","12","44.952","25.3",,,,,,,,,,"65.3",,,"78","108","119",,"48.6",,,,,,,,,,,,
"1","동작","성인","일반","63","관리자","3등급","20250218","M","177.5","80.2","20.4","89","94","152","41.7","46.3",,,"9.6",,,,,,"25.5","32",,"13.96","187",,,,,,"57.7",,,,,,,,"116","33.9",,,,,,,,,,
"3","의정부","성인","일반","23","관리자","2등급","20250218","F","171.6","56.2","27.3","76.9","88","147","28.7","28",,,"22.4",,,,,,"19.1","34",,,"158",,,,,,"51.1",,,"118","147","169",,"36.4",,,,,"0.342",,,,,,,
"3","부천","어르신","일반","74","관리자","참가","20250218","M","171.5","60.8","18.5",,"84","150","28.8","31.7",,,"-5.3",,,,,,"20.7",,,,,"20",,"115","5.29","26.14","52.1",,,,,,,,,,,,,,,,,,,"31.7"
"1","서구(대전)","성인","일반","52","관리자","1등급","20250218","F","160.1","52.6","23.2",,"71","135","26","28.6",,,"21",,,,,,"20.5","37",,,,,,,,,"54.4",,,"78","99","128",,"35.6",,,,,"0.317","0.427",,,,,,
"1","부천","어르신","일반","66","관리자","참가","20250218","M","170.5","64.4","22.5",,"71","137","31.8","32.2",,,"0.9",,,,,,"22.2",,,,,"30",,"126","4.93","21.32","50.0",,,,,,,,,,,,,,,,,,,"32.2"
"3","KSPO송파별관(어르신)","어르신","일반","66","관리자","2등급","20250218","F","144.4","47.7","34.1",,"82","127","21.4","24.9",,,"15.4",,,,,,"22.9",,,,,"27",,"125","4.73","19.51","52.2",,,,,,,,,,,,,,,,,,,"24.9"
"1","KSPO송파별관(어르신)","어르신","일반","65","관리자","1등급","20250218","M","157.3","63.6","24.8",,"86","156","37.2","39.9",,,"12.8",,,,,,"25.7",,,,,"28",,"143","4.32","19.02","62.7",,,,,,,,,,,,,,,,,,,"39.9"
"1","춘천","성인","일반","20","관리자","3등급","20250218","M","176.5","69.3","20.6","87.2","70","121","45.5","46.6",,,"14.6",,,,,,"22.2","45",,,"217",,,,,,"67.2",,,"71","91","119","161","47.1",,,,,"0.356",,,,,,,
"2","수원","성인","일반","22","관리자","2등급","20250218","F","167","52.4","26.6","73","68","119","27.4","27.4",,,"16.2",,,,,,"18.8","37",,,"162",,,,,,"52.3",,,"84","141","175",,"36.7",,,,,"0.366",,,,,,,
"1","포항","성인","일반","28","관리자","참가","20250218","M","171.5","89.6","25.6",,"95","137","40.1","44.4",,,"7",,,,,,"30.5","44",,,"224",,,,,,"49.6",,,,,,,,"108","41.1",,,"0.289",,,,,,,
"4","수원","성인","일반","22","관리자","1등급","20250218","F","160.1","51.3","23.7","62","66","109","32.9","33.5",,,"20.3",,,,,,"20.0","37",,,,,,,,,"65.3",,,,,,,,"97","41.3",,,"0.26","0.507",,,,,,
"3","중구(서울)","성인","일반","24","관리자","3등급","20250218","F","165.1","48.1","24.9","82","65","101","24.9","28.1",,,"18.6",,,,,,"17.6","24",,,,,,,,,"58.4",,,,,,,,"98","42.1",,,"0.387","0.441",,,,,,
"9","보은","성인","일반","39","관리자","참가","20250218","M","168.7","74.9","35.5",,"97","159","31.4","31.1",,,"13.4",,,,,,"26.3","37",,,,,,,,,"41.9",,,,,,,,"91","44.0",,,"0.376","0.403",,,,,,
"1","KSPO송파별관(어르신)","어르신","일반","67","관리자","3등급","20250218","M","170.4","61.9","21.5",,"85","155","39.5","41.1",,,"6.5",,,,,,"21.3",,,,,"27",,"150","4.47","17.63","66.4",,,,,,,,,,,,,,,,,,,"41.1"
"4","오산","어르신","일반","67","관리자","3등급","20250218","F","149.1","45.2","28.3","73.2","78","134","20.8","21.7",,,"15",,,,,,"20.3",,,,,"23",,"94","5.62","21.91","48.0",,,,,,,,,,,,,,,,,,,"21.7"
"5","오산","어르신","일반","73","관리자","참가","20250218","F","161.7","69.2","38.8","95.4","75","152","20.1","26.1",,,"8.6",,,,,,"26.5",,,,,"16",,"103","5.28","23","37.7",,,,,,,,,,,,,,,,,,,"26.1"
"2","창원마산회원","성인","일반","64","관리자","참가","20250218","M","174.3","74.5","21.6","92.5","77","120","42.5","50",,,"-4.0",,,,,,"24.5","16",,,,,,,,,"67.1",,,,,,,,"93","38.1",,,"0.315","0.460",,,,,,
"2","KSPO송파","성인","일반","24","관리자","3등급","20250218","F","168.2","49.7","28","72.5","73","128","21.6","21.4",,,"13.8",,,,,,"17.6","39",,,,,,,,,"43.5",,,"99","124","139",,"41.7",,,,,"0.403","0.471",,,,,,
"2","스포원(금정)","성인","일반","27","관리자","참가","20250218","M","181.6","64.5","15.9",,"79","123","42.4","51.2",,,"1.2",,,,,,"19.6","41",,"10.2",,,,,,,"79.4",,,,,,,,"98","49.2",,,,"0.611",,,,,,
"1","KSPO송파별관(어르신)","어르신","일반","72","관리자","1등급","20250218","M","164","58.2","19.7",,"85","142","41.3","42.4",,,"11",,,,,,"21.6",,,,,"29",,"133","4.97","21.04","72.9",,,,,,,,,,,,,,,,,,,"42.4"
"1","KSPO송파","성인","일반","26","관리자","참가","20250218","M","171.1","76.8","26.9","91.9","71","121","40.1","40.5",,,"9.8",,,,,,"26.2","44",,"10.31",,,,,,,"52.7",,,,,,,,"126","41.8",,,,"0.578",,,,,,
"2","스포원(금정)","성인","일반","40","관리자","3등급","20250218","M","182.3","79.8","20.4",,"96","152","49.6","52.4",,,"10.3",,,,,,"24.0","34",,"10.7","220",,,,,,"65.7",,,,,,,,"104","41.8",,,,,,,,,,
"1","스포원(금정)","성인","일반","39","관리자","참가","20250218","M","171.5","72.3","21.6",,"99","146","45.5","45.1",,,"8.9",,,,,,"24.6","31",,,"216",,,,,,"62.9",,,,,,,,"138","37.9",,,"0.510",,,,,,,
"2","강북","성인","일반","62","관리자","2등급","20250218","M","171","58.2","14.4","77","77","127","37.3","42",,,"10.1",,,,,,"19.9","30",,,"186",,,,,,"72.2",,,,,,,,"124","37.4",,,"0.318",,,,,,,
"2","서구(대전)","성인","일반","19","관리자","2등급","20250218","M","174.6","69.4","18.1",,"60","114","42.3","48",,,"15.1",,,,,,"22.8","48",,,"230",,,,,,"69.2",,,,,,,,"126","45.4",,,"0.264",,,,,,,
"2","스포원(금정)","성인","일반","34","관리자","참가","20250218","M","181.1","78.6","20.3",,"66","127","57.6","58.6",,,"-0.4",,,,,,"24.0","42","47","10.4","220",,,,,,"74.6",,"41.5",,,,,,,,,,,,,,,,,
"1","창원마산회원","성인","일반","25","관리자","3등급","20250218","F","161","53.2","29.0","60.5","78","113","26.2","27.5",,,"21.3",,,,,,"20.5","22",,,,,,,,,"51.7",,,,,,,,"124","37.1",,,"0.448","0.434",,,,,,
"1","춘천","청소년","일반","17","관리자","2등급","20250218","M","175","66.5","16.6","79.9","68","130","49.1","55.1",,"48","18.6","19.35","0.565","42.462","2","42.554","21.7",,"52",,,,,,,,"82.9",,"45.3",,,,,,,,,,,,,,,,,
"1","중구(서울)","어르신","일반","70","관리자","3등급","20250218","M","172.2","82.5","23.8","97.5","88","152","37.7","39.4",,,"6.9",,,,,,"27.8",,,,,"20",,"118","6.4","27.0","47.8",,,,,,,,,,,,,,,,,,,"39.4"
"1","시흥","성인","일반","24","관리자","참가","20250218","F","173.1","50.9","17.4","63","75","107","20.6","29.2",,,"11.6",,,,,,"17.0","15",,,"139",,,,,,"57.4",,,,,,,,"93","42.8",,,"0.348",,,,,,,
"1","창원","성인","일반","27","관리자","참가","20250218","F","169.1","57.3","34.6","69","85","140","24.3","24.4",,,"-18.7",,,,,,"20.0","21",,,"164",,,,,,"42.6",,,,,,,,"155","32.7",,,"0.320",,,,,,,
"1","KSPO송파","성인","일반","22","관리자","참가","20250218","F","168.7","46.7","18.8",,"78","108","26.4","27.9",,,"26.1",,,,,,"16.4","19","15","15.16",,,,,,,"59.7",,"33.5",,,,,,,,,,,"0.502",,,,,,
"1","KSPO송파","성인","일반","59","관리자","참가","20250218","F","154.1","56.6","38.7",,"73","130","22.4","21.7",,,"19",,,,,,"23.8","0",,"18.29","113",,,,,,"39.6",,,"93","138","158",,"30.4",,,,,,,,,,,,
"1","연제","성인","일반","19","관리자","3등급","20250218","M","174.2","63.0","11.3",,"77","117","39.6","41.1",,,"15.3",,,,,,"20.8","46",,"9.9","238",,,,,,"65.2",,,,,,,,"130","46.2",,,,,,,,,,
"1","창원","성인","일반","55","관리자","2등급","20250218","F","153.7","55.3","32.5","74","88","159","31.6","36.1",,,"16.1",,,,,,"23.4","27",,"13.16","128",,,,,,"65.3",,,,,,,,"125","30.2",,,,,,,,,,
"1","천안","성인","일반","25","관리자","3등급","20250218","F","162.4","49.8","31.1",,"79","113","24.4","26.7",,,"12.6",,,,,,"18.9","33",,,,,,,,,"53.6",,,,,,,,"112","39.5",,,"0.422","0.415",,,,,,
"2","마포","성인","일반","60","관리자","참가","20250218","F","156.7","59.2","36.5","85","88","127","28.6","30.9",,,"12.5",,,,,,"24.1","13",,,"120",,,,,,"52.2",,,,,,,,"156","24.8",,,"0.383",,,,,,,
"1","마포","성인","일반","58","관리자","1등급","20250218","F","154.3","54.2","30.6","71","83","151","27.5","29.1",,,"20.3",,,,,,"22.8","39",,,"145",,,,,,"53.7",,,,,,,,"93","33.9",,,"0.301",,,,,,,
"2","성동","성인","일반","48","관리자","1등급","20250218","F","163.7","66.5","22.3",,"79","129","36.5","37.6",,,"22",,,,,,"24.8","44",,"11.74","180",,,,,,"56.5",,,"60","90","116",,"35.1",,,,,,,,,,,,
"3","세종","성인","일반","51","관리자","2등급","20250218","M","178.9","79.2","16.8","88.4","85","135","50.4","51.2",,,"15.8",,,,,,"24.7","35",,,"183",,,,,,"64.6",,,,,,,,"108","38.4",,,"0.324",,,,,,,
"1","사상","어르신","일반","70","관리자","2등급","20250218","M","165","61.9","15.8","83","79","156","44.9","45",,,"13.3",,,,,,"22.7",,,,,"32",,"106","5.2","20.6","72.7",,,,,,,,,,,,,,,,,,,"45.0"
"2","KSPO대구","성인","일반","31","관리자","3등급","20250218","M","167.8","72.4","21.8","89","73","136","46.1","47.4",,,"16.9",,,,,,"25.7","35",,"11.1","213",,,,,,"65.5",,,"99","121","136","164","42.4",,,,,,,,,,,,
"2","사하","어르신","일반","71","관리자","3등급","20250218","F","159.3","68.1","36.9","90","86","146","25.3","25.3",,,"12.2",,,,,,"26.8",,,,,"18",,"108","4.77","25.54","37.2",,,,,,,,,,,,,,,,,,,"25.3"
"1","KSPO송파(출장A)","어르신","출장","91","관리자","3등급","20250218","F","148","52","38",,"44","147","18.1","16.9",,,"5.0",,,,,,"23.7",,,,,"10",,"55","9.9","40.7","34.8",,,,,,,,,,,,,,,,,,,"18.1"
"7","광주","어르신","일반","69","관리자","참가","20250218","M","176.9","81.5","29.5",,"79","156","35.1","35.6",,,"17.3",,,,,,"26.0",,,,,"30",,"103","5.24","19.34","43.7",,,,,,,,,,,,,,,,,,,"35.6"
"1","KSPO송파(출장A)","어르신","출장","79","관리자","2등급","20250218","F","155","59.7","28.4",,"57","142","22.6","25.1",,,"16.5",,,,,,"24.8",,,,,"20",,"108","6.5","30.38","42.0",,,,,,,,,,,,,,,,,,,"25.1"
"1","서대문","성인","일반","24","관리자","2등급","20250218","F","168.4","58.6","31.3",,"65","103","24.6","27.9",,,"24.2",,,,,,"20.7","30",,,,,,,,,"47.6",,,,,,,,"103","39.3",,,"0.375","0.515",,,,,,
"5","서대문","성인","일반","28","관리자","3등급","20250218","M","173.3","69.3","23.3",,"83","121","38.3","44.1",,,"13.1",,,,,,"23.1","41",,,,,,,,,"63.6",,,,,,,,"102","46.7",,,"0.343","0.596",,,,,,
"1","진천","성인","일반","48","관리자","2등급","20250218","F","170.8","53.7","17.3","61.4","77","122","22.9","25.7",,,"21.2",,,,,,"18.4","31",,"14.26","143",,,,,,"47.9",,,,,,,,"92","37.6",,,,,,,,,,
"1","부천","성인","일반","61","관리자","참가","20250218","F","152.8","61.8","38.4",,"91","143","25.7","28.6",,,"16.3",,,,,,"26.5","21",,,"109",,,,,,"46.3",,,,,,,,"120","28.0",,,"0.459",,,,,,,
"1","KSPO송파(출장A)","어르신","출장","81","관리자","참가","20250218","F","156","66","36.2",,"73","139","12.2","13.9",,,"13.7",,,,,,"27.1",,,,,"14",,"100","7.96","29.4","21.1",,,,,,,,,,,,,,,,,,,"13.9"
"1","부천","성인","일반","54","관리자","참가","20250218","F","150.3","53.2","36.4",,"81","147","22.1","24.2",,,"4.9",,,,,,"23.6","27",,,"131",,,,,,"45.5",,,,,,,,"106","32.9",,,"0.337",,,,,,,
"2","중구(서울)","성인","일반","64","관리자","참가","20250218","F","150.7","66.6","37.2","90.6","91","155","28.1","31.9",,,"12.4",,,,,,"29.3","12",,,,,,,,,"47.9",,,"89","112","129",,"29.7",,,,,"0.435","0.387",,,,,,
"1","오산","어르신","일반","65","관리자","3등급","20250218","F","145.9","46.9","19.8","50.1","95","137","23.7","19.8",,,"24.6",,,,,,"22.0",,,,,"18",,"103","5.75","21.56","50.5",,,,,,,,,,,,,,,,,,,"23.7"
"1","오산","어르신","일반","68","관리자","2등급","20250218","F","152.8","56.2","37.6","79.4","85","136","19.6","22.8",,,"29.5",,,,,,"24.1",,,,,"22",,"110","5.53","20.34","40.6",,,,,,,,,,,,,,,,,,,"22.8"
"8","오산","어르신","일반","79","관리자","3등급","20250218","M","160.2","61.3","28.6","82.1","88","150","28.7","30.6",,,"-0.8",,,,,,"23.9",,,,,"24",,"109","5.59","24.75","49.9",,,,,,,,,,,,,,,,,,,"30.6"
"1","오산","어르신","일반","67","관리자","참가","20250218","M","172.7","74.9","28","91.6","86","145","32.9","39.3",,,"1.7",,,,,,"25.1",,,,,"24",,"104","4.41","21.94","52.5",,,,,,,,,,,,,,,,,,,"39.3"
"1","사천","성인","일반","46","관리자","참가","20250218","M","174.4","86.4","29.6","101","80","130","35.9","42.7",,,"9.4",,,,,,"28.4","31","46",,,,,,,,"49.4",,"39.4",,,,,,,,,,"0.360","0.464",,,,,,
"1","KSPO광주","성인","일반","46","관리자","3등급","20250218","F","159.8","49.3","22.5","67.2","40","107","20.3","22.9",,,"11.8",,,,,,"19.3","32",,,,,,,,,"46.5",,,"78","96","123",,"38.1",,,,,"0.426","0.393",,,,,,
"1","사상","어르신","일반","71","관리자","참가","20250218","M","167.5","67.8","28.4","85","87","159","33.6",,,,"1",,,,,,"24.2",,,,,"20",,"77","6.3","26.9","49.6",,,,,,,,,,,,,,,,,,,
"5","강릉","어르신","일반","71","관리자","2등급","20250218","M","175.7","94.2","31.2","106.3","87","139","45.8","45.9",,,"9.4",,,,,,"30.5",,,,,"26",,"142","4.19","18.81","48.7",,,,,,,,,,,,,,,,,,,"45.9"
"2","전주","성인","일반","45","관리자","참가","20250219","M","175.7","76.1","21.7","89","85","158","47.5","44.6",,,"-1.8",,,,,,"24.7","47",,"11.79","167",,,,,,"62.4",,,,,,,,"132","36.8",,,,,,,,,,
"1","서구(대전)","어르신","일반","70","관리자","3등급","20250219","F","156.8","61.5","38.9",,"65","133","22","23.8",,,"12.4",,,,,,"25.0",,,,,"28",,"115","5.48","21.55","38.7",,,,,,,,,,,,,,,,,,,"23.8"
"3","사상","성인","일반","64","관리자","3등급","20250219","M","165.1","63.6","31.7","81","86","157","39.3","41.3",,,"16.8",,,,,,"23.3","20",,,"129",,,,,,"64.9",,,,,,,,"123","35.4",,,"0.349",,,,,,,
"21","청주","성인","일반","60","관리자","참가","20250219","F","153.4","41.9","27.7","70.4","74","138","21.3","24.3",,,"10.4",,,,,,"17.8","13",,,"114",,,,,,"58.0",,,,,,,,"115","33.8",,,"0.260",,,,,,,
"1","안산","어르신","일반","68","관리자","참가","20250219","M","175.8","73.3","28.3","94","80","138","37.2","38.8",,,"5.4",,,,,,"23.7",,,,,"23",,"96","4.9","25.4","52.9",,,,,,,,,,,,,,,,,,,"38.8"
"1","KSPO송파별관(어르신)","어르신","일반","75","관리자","3등급","20250219","M","160.5","67.6","35.4",,"75","158","31.8","37.5",,,"-0.1",,,,,,"26.2",,,,,"24",,"127","5.96","23.41","55.5",,,,,,,,,,,,,,,,,,,"37.5"
"1","나주","성인","일반","62","관리자","참가","20250219","F","153.8","53.2","31.8","77.2","90","143","20.8","22.6",,,"13.9",,,,,,"22.5","0","7",,"78",,,,,,"42.5",,"28.2",,,,,,,,,,"0.601",,,,,,,
"1","서구(대전)","성인","일반","26","관리자","3등급","20250219","M","178","70.2","20.1",,"66","119","38.9","39.9",,,"11.2",,,,,,"22.2","46",,"9.94",,,,,,,"56.8",,,,,,,,"107","46.6",,,,"0.502",,,,,,
"1","화성","어르신","일반","71","관리자","2등급","20250219","M","168.7","77.2","31.3",,"86","150","35.9","41.8",,,"12.5",,,,,,"27.1",,,,,"23",,"113","5.2","23.2","54.1",,,,,,,,,,,,,,,,,,,"41.8"
"1","동구(광주)","성인","일반","27","관리자","참가","20250219","M","167","51.3","12.6","63","78","119","37.3","36.9",,,"-1.3",,,,,,"18.4","32",,,,,,,,,"72.7",,,"89","108","124","154","50.7",,,,,"0.398","0.602",,,,,,
"4","양평","성인","일반","23","관리자","참가","20250219","F","161.8","44.8","27.1",,"76","125","19.6","21.9",,,"14.7",,,,,,"17.1","20",,,"136",,,,,,"48.9",,,"73","101","130",,"42.9",,,,,"0.425",,,,,,,
"4","KSPO송파별관(어르신)","어르신","일반","65","관리자","1등급","20250219","F","148.6","51.6","36.5",,"85","149","24.3","25.5",,,"24.6",,,,,,"23.4",,,,,"30",,"117","4.98","21.05","49.4",,,,,,,,,,,,,,,,,,,"25.5"
"1","성동","성인","일반","52","관리자","3등급","20250219","F","169.3","66.3","28.2",,"87","148","32.4","32.3",,,"19",,,,,,"23.1","13",,,"156",,,,,,"48.9",,,,,,,,"77","35.4",,,"0.352",,,,,,,
"1","군산","성인","일반","46","관리자","참가","20250219","F","160.6","68.1","29.3","85","76","143","17.8","16",,,"-11.1",,,,,,"26.4","5",,,"93",,,,,,"26.1",,,"94","125","151",,"30.4",,,,,"0.553",,,,,,,
"5","강북","성인","일반","23","관리자","2등급","20250219","F","169.4","55.80","23.7","73","90","123","25.8","28.5",,,"16.7",,,,,,"19.4","35",,"12.2","166",,,,,,"51.1",,,,,,,,"137","36.1",,,,,,,,,,
"3","원주","성인","일반","20","관리자","2등급","20250219","M","174.8","73.8","19","82","76","146","41.3","43.9",,,"19.4",,,,,,"24.2","56","52","9.10","242",,,,,,"59.5",,"44.7",,,,,,,,,,,,,,,,,
"2","광주","성인","일반","60","관리자","참가","20250219","F","156.3","56.9","28.1",,"96","153","24.6","31.4",,,"4.1",,,,,,"23.3","20",,,"136",,,,,,"55.2",,,,,,,,"133","28.2",,,"0.397",,,,,,,
"5","강북","어르신","일반","84","관리자","3등급","20250219","M","156.8","56.40","22.6","87.6","90","154","32.9","35.2",,,"0.3",,,,,,"22.9",,,,,"26",,"100","6","24.5","62.4",,,,,,,,,,,,,,,,,,,"35.2"
"7","광주","성인","일반","54","관리자","참가","20250219","F","153.5","63.6","36.2",,"74","148","24.6","29.4",,,"11.9",,,,,,"27.0","7",,,"131",,,,,,"46.2",,,,,,,,"101","31.3",,,"0.467",,,,,,,
"3","부천","성인","일반","64","관리자","1등급","20250219","M","169.6","57.1","14.7",,"80","137","38.3","43.6",,,"11.8",,,,,,"19.9","35",,"12.75","166",,,,,,"76.4",,,"83","97","111","129","43.6",,,,,,,,,,,,
"1","양평","성인","일반","42","관리자","3등급","20250219","M","176.6","79.8","23.8",,"98","150","47.8","51.6",,,"11.0",,,,,,"25.6","33",,,"234",,,,,,"64.7",,,"89","107","130","160","38.4",,,,,"0.352",,,,,,,
"1","부천","성인","일반","58","관리자","참가","20250219","F","151.2","59.1","38.6",,"71","143","18.6","20",,,"16.2",,,,,,"25.9","7",,,"112",,,,,,"33.8",,,"99","121","145",,"30.2",,,,,"0.291",,,,,,,
"1","연제","성인","일반","60","관리자","참가","20250219","M","168.7","64.3","22.1",,"84","138","35.4","35",,,"1",,,,,,"22.6","28",,,"181",,,,,,"55.1",,,,,,,,"114","37.8",,,"0.413",,,,,,,
"1","KSPO대구","성인","일반","19","관리자","3등급","20250219","F","166.9","67.2","27","72","77","133","26.9","31.4",,,"16.2",,,,,,"24.1","23",,,"198",,,,,,"46.7",,,,,,,,"138","33.6",,,"0.381",,,,,,,
"2","연제","어르신","일반","66","관리자","2등급","20250219","F","164.9","61.8","33.3",,"88","136","30.1","26.7",,,"15.6",,,,,,"22.7",,,,,"26",,"113","5.6","20.8","48.7",,,,,,,,,,,,,,,,,,,"30.1"
"1","KSPO대구","성인","일반","19","관리자","참가","20250219","F","174","90.7","45.8","93","87","137","25.4","23.7",,,"5.1",,,,,,"30.0","0",,,"155",,,,,,"28.0",,,,,,,,"124","30.3",,,"0.320",,,,,,,
"1","창원","성인","일반","26","관리자","참가","20250219","M","175.1","69.2","16.8","77","75","125","43.5","44.4",,,"-4.0",,,,,,"22.6","46","34","10.37","224",,,,,,"64.2",,"40.6",,,,,,,,,,,,,,,,,
"1","창원","성인","일반","26","관리자","참가","20250219","M","175.6","72.6","17.7","73","75","136","45.9","49.4",,,"2.1",,,,,,"23.5","47","35","10.04","222",,,,,,"68.0",,"40.4",,,,,,,,,,,,,,,,,
"2","사천","성인","일반","57","관리자","3등급","20250219","F","153.2","55.4","30.4","78.3","69","145","27.3","29",,,"14.3",,,,,,"23.6","16",,,,,,,,,"52.3",,,,,,,,"102","32.6",,,"0.339","0.415",,,,,,
"1","KSPO아산","성인","일반","43","관리자","참가","20250219","F","158.3","46.3","21.1","70","66","111","22.5","25.7",,,"10.6",,,,,,"18.5","18",,,"160",,,,,,"55.5",,,"85","125","158",,"35.3",,,,,"0.349",,,,,,,
"1","KSPO송파","성인","일반","40","관리자","2등급","20250219","M","171.5","61.4","6.3","68.8","76","121","38.4","38.4",,,"17.3",,,,,,"20.9","44",,"11.77","193",,,,,,"62.5",,,"68","93","110","143","47.7",,,,,,,,,,,,
"1","KSPO송파","성인","일반","21","관리자","참가","20250219","M","175.6","70.6","23.8","86.8","71","116","28","32.8",,,"11",,,,,,"22.9","41",,,"168",,,,,,"46.5",,,"84","108","129","179","44.2",,,,,"0.346",,,,,,,
"1","KSPO아산","성인","일반","43","관리자","참가","20250219","F","152.7","45.4","28.1","68","65","107","21.6","20.7",,,"18.7",,,,,,"19.5","14",,,"110",,,,,,"47.6",,,"80","106","145",,"35.8",,,,,"0.408",,,,,,,
"2","광주","성인","일반","48","관리자","참가","20250219","F","169.4","70.5","33.3",,"90","146","29.4","29.7",,,"4.1",,,,,,"24.6","19",,,"166",,,,,,"42.1",,,"89","106","133",,"31.9",,,,,"0.406",,,,,,,
"2","시흥","어르신","일반","72","관리자","참가","20250219","M","156.6","56.9","29.2","84","88","148","22.8","23.7",,,"-6.7",,,,,,"23.2",,,,,"23",,"115","5.22","23.03","41.7",,,,,,,,,,,,,,,,,,,"23.7"
"2","광주","성인","일반","44","관리자","참가","20250219","F","162.1","61.7","29.5",,"99","145","30.9","27.7",,,"10",,,,,,"23.5","31",,,"151",,,,,,"50.1",,,,,,,,"148","28.7",,,"0.409",,,,,,,
"6","마포","어르신","일반","73","관리자","2등급","20250219","M","163.9","54","18.6","76","66","131","32.1","32.4",,,"7.6",,,,,,"20.1",,,,,"24",,"136","3.97","17.14","60.0",,,,,,,,,,,,,,,,,,,"32.4"
"1","서대문","성인","일반","53","관리자","2등급","20250219","M","174.8","68.7","16.2",,"87","115","34.9","43.7",,,"16.4",,,,,,"22.5","42","33","12.11",,,,,,,"63.6",,"38.3",,,,,,,,,,,"0.596",,,,,,
"1","마포","어르신","일반","82","관리자","3등급","20250219","M","164","77","31.3","103","57","144","25.9","33.1",,,"-2.0",,,,,,"28.6",,,,,"16",,"86","7.04","34.07","43.0",,,,,,,,,,,,,,,,,,,"33.1"
"7","충주","어르신","일반","82","관리자","2등급","20250219","M","171.8","75.3","28.6","99","72","135","39.2","43.6",,,"5.6",,,,,,"25.5",,,,,"25",,"96","6.11","26.16","57.9",,,,,,,,,,,,,,,,,,,"43.6"
"1","북구(광주)","성인","일반","51","관리자","1등급","20250219","F","158.8","47.6","22.5","66.7","55","95","23.7","27.3",,,"21.4",,,,,,"18.9","37","26","13.09","139",,,,,,"57.4",,"35.4",,,,,,,,,,,,,,,,,
"1","서대문","성인","일반","31","관리자","1등급","20250219","M","173.6","71.3","21.4",,"96","154","50.9","51.6",,,"22.0",,,,,,"23.7","61","58","9.58",,,,,,,"72.4",,"45.6",,,,,,,,,,,"0.591",,,,,,
"1","북구(광주)","성인","일반","56","관리자","3등급","20250219","M","167.3","61.5","23.4","80.5","75","123","42.1","39.9",,,"12.3",,,,,,"22.0","23","26","14.0","167",,,,,,"68.5",,"37.7",,,,,,,,,,,,,,,,,
"5","서대문","성인","일반","36","관리자","참가","20250219","M","169.6","78.9","29.1",,"94","159","52.9","51.6",,,"9.7",,,,,,"27.4","34","34","12.41",,,,,,,"67.0",,"38.5",,,,,,,,,,,"0.594",,,,,,
"1","사상","성인","일반","63","관리자","참가","20250219","M","168.3","68.9","26.3","89","81","155","40.9","34.6",,,"1.5",,,,,,"24.3","17",,,"164",,,,,,"59.4",,,,,,,,"128","33.9",,,"0.374",,,,,,,
"1","사상","성인","일반","62","관리자","참가","20250219","M","173.2","72","25","91.4","83","129","49.6","50.6",,,"-6.8",,,,,,"24.0","34",,,"164",,,,,,"70.3",,,,,,,,"137","32.6",,,"0.367",,,,,,,
"1","강릉","성인","일반","29","관리자","3등급","20250219","M","183.7","74.8","29.9","96.8","94","143","42.3","45.3",,,"7.9",,,,,,"22.2","40",,,"198",,,,,,"60.6",,,,,,,,"140","40.4",,,"0.311",,,,,,,
"1","KSPO송파","성인","일반","19","관리자","참가","20250219","M","171.2","65.5","16.7","79.3","78","112","43","36.1",,,"8",,,,,,"22.3","68","39",,,,,,,,"65.6",,"43.0",,,,,,,,,,"0.341","0.564",,,,,,
"5","KSPO송파별관(어르신)","어르신","일반","67","관리자","1등급","20250219","M","169","57","16.1",,"68","116","35.1","31.8",,,"17.1",,,,,,"20.0",,,,,"29",,"130","4.7","18.09","61.6",,,,,,,,,,,,,,,,,,,"35.1"
"1","KSPO송파별관(어르신)","어르신","일반","71","관리자","2등급","20250219","M","166","70.1","33.5",,"81","131","32.4","36.3",,,"4.5",,,,,,"25.4",,,,,"24",,"124","4.45","19.08","51.8",,,,,,,,,,,,,,,,,,,"36.3"
"7","부천","어르신","일반","72","관리자","3등급","20250219","M","154","51.8","22.4",,"50","120","27.2","26.6",,,"1.2",,,,,,"21.8",,,,,"31",,"110","5.25","23.15","52.5",,,,,,,,,,,,,,,,,,,"27.2"
"3","영암","성인","일반","60","관리자","3등급","20250219","F","157.9","57.3","32.4",,"81","141","25.4","30.9",,,"13.6",,,,,,"23.0","19","18",,"132",,,,,,"53.9",,"31.1",,,,,,,,,,"0.359",,,,,,,
"5","보은","어르신","일반","69","관리자","참가","20250219","F","153.6","62.7","37.7",,"63","113","14.4","20.3",,,"4.2",,,,,,"26.6",,,,,"18",,"114","5.44","24.06","32.4",,,,,,,,,,,,,,,,,,,"20.3"
"4","부천","어르신","일반","67","관리자","3등급","20250219","F","156.3","70.0","36",,"88","148","28.8","29",,,"14.9",,,,,,"28.7",,,,,"30",,"110","4.38","16.85","41.4",,,,,,,,,,,,,,,,,,,"29.0"
"11","보은","어르신","일반","65","관리자","2등급","20250219","F","160.8","70.5","34.3",,"76","124","28.2","32.3",,,"25.7",,,,,,"27.3",,,,,"20",,"138","5.40","24.03","45.8",,,,,,,,,,,,,,,,,,,"32.3"
"1","북구(광주)","성인","일반","64","관리자","1등급","20250219","F","155.0","49.6","25.0","69.7","83","144","23.3","32",,,"31.6",,,,,,"20.6","19",,,,,,,,,"64.5",,,"63","96","114",,"36.6",,,,,"0.352","0.472",,,,,,
"1","서대문","성인","일반","34","관리자","3등급","20250219","M","173.6","88.9","23.2",,"91","157","64.6","54.7",,,"10.2",,,,,,"29.5","36","41","9.86",,,,,,,"72.7",,"38.8",,,,,,,,,,,"0.593",,,,,,
"3","충주","청소년","일반","18","관리자","3등급","20250219","M","169.7","55.4","15.2","65","70","128","39.7","36.6","67",,"7.5","18.79","0.538","42.261","16","42.997","19.2",,"61",,,,,,,,"71.7",,"48.4",,,,,,,,,,,,,,,,,
"2","서대문","성인","일반","31","관리자","3등급","20250219","M","163.6","55.0","14.3",,"83","127","43.8","42.9",,,"7.3",,,,,,"20.5","55","59","10.81",,,,,,,"79.6",,"48.4",,,,,,,,,,,"0.602",,,,,,
"2","강북","어르신","일반","68","관리자","3등급","20250219","M","169.1","68.20","20.1","76.5","93","156","38.9","41.8",,,"5.6",,,,,,"23.9",,,,,"23",,"113","4.9","21.5","61.3",,,,,,,,,,,,,,,,,,,"41.8"
"1","원주","성인","일반","25","관리자","참가","20250219","M","176.6","83.7","28.3","90","92","151","41.5","47.1",,,"-5.3",,,,,,"26.8","29","25",,"188",,,,,,"56.3",,"36.5",,,,,,,,,,"0.398",,,,,,,
"1","서대문","성인","일반","34","관리자","참가","20250219","M","178.2","95.7","32.4",,"94","159","42.4","46.4",,,"14.0",,,,,,"30.1","25","41","12.45",,,,,,,"48.5",,"37.7",,,,,,,,,,,"0.540",,,,,,
"8","서대문","성인","일반","36","관리자","참가","20250219","M","167.5","60.6","26.3",,"82","117","41.8","40",,,"11.0",,,,,,"21.6","31","52","10.57",,,,,,,"69.0",,"45.5",,,,,,,,,,,"0.574",,,,,,
"2","춘천","어르신","일반","80","관리자","2등급","20250219","M","162.9","66.2","30.7","86.1","64","145","30.5","31.2",,,"3.4",,,,,,"24.9",,,,,"22",,"120","6.54","28.25","47.1",,,,,,,,,,,,,,,,,,,"31.2"
"1","포천","성인","일반","60","관리자","참가","20250219","F","149.5","54.6","38","77","86","148","19.7","17.5",,,"11.6",,,,,,"24.4","3",,,,,,,,,"36.1",,,,,,,,"116","30.2",,,"0.447","0.287",,,,,,
"1","화성","성인","일반","62","관리자","2등급","20250219","F","154.9","63.7","36.7",,"75","145","24.7","27.5",,,"16",,,,,,"26.5","14",,,"114",,,,,,"43.2",,,"72","100","120",,"32.3",,,,,"0.471",,,,,,,
"2","KSPO대구","성인","일반","38","관리자","3등급","20250219","M","173.1","73.9","17.3","81","83","130","48.2","49.4",,,"8.6",,,,,,"24.7","49",,"10.2","249",,,,,,"66.8",,,"78","105","128",,"41.7",,,,,,,,,,,,
"2","KSPO대구","성인","일반","25","관리자","2등급","20250219","F","156.7","53.1","31.7","66","79","129","21.1","23.5",,,"23.1",,,,,,"21.6","49",,,"165",,,,,,"44.3",,,,,,,,"125","36.6",,,"0.351",,,,,,,
"1","KSPO아산","어르신","일반","70","관리자","3등급","20250219","M","159.4","55.6","23.1","78","79","147","35.8","37.1",,,"0.4",,,,,,"21.9",,,,,"34",,"137","3.954","17.449","66.7",,,,,,,,,,,,,,,,,,,"37.1"
"1","서대문","성인","일반","35","관리자","참가","20250219","M","186.9","76.9","17.6",,"74","106","40.1","47.8",,,"8.0",,,,,,"22.0","30","0","11.61",,,,,,,"62.2",,"30.6",,,,,,,,,,,"0.603",,,,,,
"1","KSPO아산","어르신","일반","66","관리자","1등급","20250219","M","169.9","50.8","11.2","69","77","143","37.4","41.5",,,"12.9",,,,,,"17.6",,,,,"29",,"141","3.805","15.038","81.7",,,,,,,,,,,,,,,,,,,"41.5"
"1","계룡","성인","일반","28","관리자","2등급","20250219","F","168.8","54.4","25.8",,"64","133","29.6","28.8",,,"24.9",,,,,,"19.1","35",,,"187",,,,,,"54.4",,,,,,,,"135","35.7",,,"0.318",,,,,,,
"2","시흥","어르신","일반","85","관리자","3등급","20250219","M","155.6","52.3","22.6","76.3","62","155","25.2","24.6",,,"-4.4",,,,,,"21.6",,,,,"19",,"110","6.59","26.06","48.2",,,,,,,,,,,,,,,,,,,"25.2"
"1","강북","어르신","일반","70","관리자","2등급","20250219","M","164.3","64.90","23.7","84.5","90","155","37.7","39.5",,,"8.1",,,,,,"24.0",,,,,"29",,"117","4.8","19.8","60.9",,,,,,,,,,,,,,,,,,,"39.5"
"1","사천","성인","일반","48","관리자","참가","20250219","M","185.4","104.1","31.1","111.7","84","145","48.4","52.2",,,"13",,,,,,"30.3","40",,,,,,,,,"50.1",,,,,,,,"134","30.3",,,"0.342","0.502",,,,,,
"3","의정부","어르신","일반","77","관리자","2등급","20250219","M","159","74.7","38.3","97","88","156","30.9","34.2",,,"16.4",,,,,,"29.5",,,,,"25",,"125","5.81","23.21","45.8",,,,,,,,,,,,,,,,,,,"34.2"
"6","보은","성인","일반","62","관리자","참가","20250219","F","154.5","60.5","37.4",,"71","118","23.1","24.9",,,"14.7",,,,,,"25.3","4",,,"138",,,,,,"41.2",,,"85","129","158",,"28.3",,,,,"0.434",,,,,,,
"1","포천","어르신","일반","75","관리자","1등급","20250219","M","170.6","75.4","26.3","88","99","149","41.4","34",,,"11.3",,,,,,"25.9",,,,,"27",,"127","5.18","22.53","54.9",,,,,,,,,,,,,,,,,,,"41.4"
"1","창원","성인","일반","44","관리자","2등급","20250219","M","166.5","71.8","27.7","82","98","156","39.3","44.4",,,"16.7",,,,,,"25.9","39",,"10.78","199",,,,,,"61.8",,,,,,,,"105","41.2",,,,,,,,,,
"6","서구(대전)","성인","일반","36","관리자","참가","20250219","M","177.5","92.6","29.2",,"90","144","42.1","46.8",,,"7.7",,,,,,"29.4","48","22",,"187",,,,,,"50.5",,"33.6",,,,,,,,,,"0.359",,,,,,,
"2","KSPO아산","성인","일반","53","관리자","3등급","20250219","M","176.1","72.2","30.1","86","84","146","45.3","43",,,"7.0",,,,,,"23.3","29",,,"186",,,,,,"62.7",,,,,,,,"124","36.9",,,"0.346",,,,,,,
"3","청주","어르신","일반","67","관리자","2등급","20250219","F","164","58.8","26.7","81.8","65","113","26.5","26.9",,,"18.5",,,,,,"21.9",,,,,"26",,"131","4.8","19.1","45.7",,,,,,,,,,,,,,,,,,,"26.9"
"1","사상","성인","일반","62","관리자","참가","20250219","M","169.2","70.5","22","86","81","134","39","47.6",,,"-1.8",,,,,,"24.6","34",,,"172",,,,,,"67.5",,,,,,,,"131","33.5",,,"0.354",,,,,,,
"2","사상","성인","일반","61","관리자","참가","20250219","M","172.3","87.3","30.6","104.3","83","133","49","50",,,"7.0",,,,,,"29.4","16",,,"177",,,,,,"57.3",,,,,,,,"142","28.6",,,"0.327",,,,,,,
"7","안산","어르신","일반","81","관리자","3등급","20250219","M","163.4","70.9","26.0","84","70","136","38.1","32.2",,,"-2.5",,,,,,"26.6",,,,,"27",,"109","5.5","24.8","53.7",,,,,,,,,,,,,,,,,,,"38.1"
"6","KSPO대구","성인","일반","33","관리자","3등급","20250219","M","171.4","76.5","24.2","87","92","142","54.8","50.5",,,"19.4",,,,,,"26.0","59","37","10.6","224",,,,,,"71.6",,"39.8",,,,,,,,,,,,,,,,,
"1","보은","성인","일반","63","관리자","참가","20250219","F","152.2","60.3","40.1",,"83","140","21.6","20.9",,,"19.1",,,,,,"26.0","4",,,"110",,,,,,"35.8",,,"89","128","160",,"27.4",,,,,"0.501",,,,,,,
"2","KSPO대구","성인","일반","22","관리자","참가","20250219","F","165","55.9","31.6","63","79","112","24.6","27.3",,,"19.6",,,,,,"20.5","21",,,,,,,,,"48.8",,,,,,,,"140","35.4",,,"0.471","0.388",,,,,,
"5","KSPO송파별관(어르신)","어르신","일반","66","관리자","2등급","20250219","F","158.1","49.5","33.6",,"71","133","24.2","25.9",,,"18.4",,,,,,"19.8",,,,,"27",,"122","4.66","19.26","52.3",,,,,,,,,,,,,,,,,,,"25.9"
"3","KSPO송파별관(어르신)","어르신","일반","65","관리자","2등급","20250219","M","165","66.8","31.3",,"78","128","37.1","30.4",,,"8.3",,,,,,"24.5",,,,,"31",,"119","4.88","17.88","55.5",,,,,,,,,,,,,,,,,,,"37.1"
"1","서구(대전)","청소년","일반","18","관리자","3등급","20250219","M","177.2","63.7","18.5",,"71","121","34.9","33.7",,"56","6.5","17.68","0.539","47.676","7","47.998","20.3",,,,,,,,,,"54.8",,,"77","104","126",,"50.3",,,,,,,,,,,,
"1","사천","성인","일반","58","관리자","참가","20250219","F","153.2","59.4","36.6","85.8","86","137","29.6","29.6",,,"22.5",,,,,,"25.3","21",,,,,,,,,"49.8",,,,,,,,"124","28.7",,,"0.608","0.402",,,,,,
"1","KSPO송파","성인","일반","21","관리자","참가","20250219","F","168.2","71.1","32","89.7","69","126","27.7","34.8",,,"16.3",,,,,,"25.1","24",,,"148",,,,,,"48.9",,,"81","107","136",,"36.3",,,,,"0.471",,,,,,,
"7","보은","어르신","일반","67","관리자","1등급","20250219","F","160.4","57.5","26.1",,"55","103","28.6","29.7",,,"27.8",,,,,,"22.3",,,,,"25",,"132","4.87","18.81","51.7",,,,,,,,,,,,,,,,,,,"29.7"
"1","광주","어르신","일반","70","관리자","2등급","20250219","F","148.1","62.1","40.7",,"68","147","24.9","28",,,"16.3",,,,,,"28.3",,,,,"35",,"126","5.27","22.19","45.1",,,,,,,,,,,,,,,,,,,"28.0"
"1","서구(광주)","성인","일반","59","관리자","3등급","20250219","F","159.8","52.2","23.2","68.1","72","128","21.7","22.1",,,"13.1",,,,,,"20.4","9",,,,,,,,,"42.3",,,,,,,,"129","30.3",,,"0.527","0.324",,,,,,
"7","광주","어르신","일반","78","관리자","참가","20250219","M","157.7","55.8","26.1",,"73","146","31.1","31.3",,,"13",,,,,,"22.4",,,,,"24",,"77","8.22","29.15","56.1",,,,,,,,,,,,,,,,,,,"31.3"
"2","성동","어르신","일반","67","관리자","2등급","20250219","M","163.9","46.7","11.2",,"75","129","31.5","37",,,"8.2",,,,,,"17.4",,,,,"21",,"124","4.49","20.58","79.2",,,,,,,,,,,,,,,,,,,"37.0"
"1","성동","어르신","일반","66","관리자","2등급","20250219","M","166.6","61.4","17.4",,"75","111","31.7","31.9",,,"7.5",,,,,,"22.1",,,,,"25",,"130","4.30","16.98","52.0",,,,,,,,,,,,,,,,,,,"31.9"
"5","광주","어르신","일반","75","관리자","3등급","20250219","F","159.5","77.1","37.5",,"69","140","32.6","31.9",,,"11.1",,,,,,"30.3",,,,,"29",,"100","6.01","22.2","42.3",,,,,,,,,,,,,,,,,,,"32.6"
"3","강북","성인","일반","63","관리자","3등급","20250219","M","174.4","81.80","22.2","88.6","88","148","39.1","39.4",,,"16",,,,,,"26.9","36",,,,,,,,,"48.2",,,,,,,,"103","35.2",,,"0.355","0.528",,,,,,
"2","계룡","청소년","일반","18","관리자","3등급","20250219","M","170.5","57.1","14.6",,"60","106","35.6","40.2",,"60","9.6","18.1","0.648","45.392","10","45.852","19.6",,"50",,,,,,,,"70.4",,"46.1",,,,,,,,,,,,,,,,,
"1","스포원(금정)","성인","출장","58","관리자","참가","20250219","F","155.8","57.7","20.4",,"83","147","23.9","27",,,"9.3",,,,,,"23.8","0","12",,,,,,,,"46.8",,"29.2",,,,,,,,,,"0.54","0.344",,,,,,
"5","스포원(금정)","성인","출장","64","관리자","2등급","20250219","M","165.6","64.3","12.1",,"82","140","42.8","38.8",,,"11.5",,,,,,"23.4","38","26",,,,,,,,"66.6",,"36.6",,,,,,,,,,"0.354","0.55",,,,,,
"1","강북","성인","일반","61","관리자","3등급","20250219","M","163.7","60.40","21.3","83.1","93","148","33.2","32",,,"4.5",,,,,,"22.5","27","17",,,,,,,,"55.0",,"35.4",,,,,,,,,,"0.344","0.552",,,,,,
"3","달서","성인","일반","61","관리자","참가","20250219","M","170.7","75.5","23.6","85.3","69","151","30.3","34.1",,,"-3.2",,,,,,"25.9","17",,,"162",,,,,,"45.2",,,,,,,,"72","41.4",,,"0.427",,,,,,,
"2","달서","성인","일반","58","관리자","참가","20250219","F","155.5","60.6","31.5","83.7","76","102","21.4","24.4",,,"19.5",,,,,,"25.1","5",,,"149",,,,,,"40.3",,,,,,,,"104","31.1",,,"0.354",,,,,,,
"1","스포원(금정)","성인","출장","61","관리자","참가","20250219","M","173.2","82.2","17.6",,"67","144","43.1","42.9",,,"1.5",,,,,,"27.4","30","20",,,,,,,,"52.4",,"32.7",,,,,,,,,,"0.405","0.486",,,,,,
"2","양평","어르신","일반","65","관리자","3등급","20250219","M","164.5","68.10","19.6","83.6","83","174","38.9","39.7",,,"5.8",,,,,,"25.2",,,,,"28",,"134","4.31","16.65","58.3",,,,,,,,,,,,,,,,,,,"39.7"
"7","부천","어르신","일반","79","관리자","3등급","20250219","M","165.4","83.2","35.7",,"76","157","43","41.7",,,"-1.4",,,,,,"30.4",,,,,"31",,"110","4.57","20.82","51.7",,,,,,,,,,,,,,,,,,,"43.0"
"1","구미","성인","일반","63","관리자","참가","20250219","M","171.4","75.3","22.1","89.2","79","135","44.1","33.1",,,"8.1",,,,,,"25.6","25",,,"183",,,,,,"58.6",,,,,,,,"130","32.5",,,"0.331",,,,,,,
"1","스포원(금정)","성인","출장","60","관리자","참가","20250219","M","176.6","76.3","24.3",,"98","150","30.5","46.1",,,"1.1",,,,,,"24.5","13","13",,,,,,,,"60.4",,"31.9",,,,,,,,,,"0.4","0.407",,,,,,
"1","북구(광주)","성인","일반","26","관리자","참가","20250219","F","157.4","54.0","34.3","74.5","81","140","27.8","28.2",,,"20.9",,,,,,"21.8","23",,"13.9","159",,,,,,"52.2",,,,,,,,"165","31.4",,,,,,,,,,
"7","부천","어르신","일반","80","관리자","3등급","20250219","M","169.2","73.7","28.0",,"76","153","27.4","27.6",,,"3.7",,,,,,"25.7",,,,,"25",,"87","5.60","22.17","37.4",,,,,,,,,,,,,,,,,,,"27.6"
"1","남구(부산)","성인","일반","43","관리자","3등급","20250219","M","170.5","67.7","18.5",,"89","145","39.4","41.5",,,"14.9",,,,,,"23.3","56",,,"194",,,,,,"61.3",,,,,,,,"91","44.7",,,"0.371",,,,,,,
"27","성동","성인","일반","46","관리자","2등급","20250219","M","176.7","65.3","16.3",,"72","125","42.8","42.7",,,"9.3",,,,,,"20.9","44","76","10.1","224",,,,,,"65.5",,"49.4",,,,,,,,,,,,,,,,,
"1","남구(부산)","성인","일반","28","관리자","참가","20250219","F","165.9","67.5","34.3",,"71","122","25.6","26.9",,,"7.8",,,,,,"24.5","26",,,"133",,,,,,"39.9",,,"85","119","144",,"35.3",,,,,"0.399",,,,,,,
"1","사상","성인","일반","61","관리자","참가","20250219","M","167.7","56.7","17.8","79.2","93","146","35.4","39.3",,,"6.7",,,,,,"20.2","16",,,"176",,,,,,"69.3",,,,,,,,"122","38.0",,,"0.294",,,,,,,
"1","사상","성인","일반","61","관리자","2등급","20250219","M","174.4","65.8","18.2","74.3","92","156","41.9","40",,,"7.1",,,,,,"21.6","33",,,"189",,,,,,"63.7",,,,,,,,"120","36.8",,,"0.330",,,,,,,
"2","남구(부산)","성인","일반","27","관리자","참가","20250219","M","186.1","103","33.9",,"92","136","47","52.5",,,"-5.5",,,,,,"29.7","22",,,"165",,,,,,"51.0",,,,,,,,"144","34.3",,,"0.311",,,,,,,
"1","중구(서울)","성인","일반","63","관리자","참가","20250219","M","163.2","82.5","32.6","100.8","81","137","36.5","39",,,"4.1",,,,,,"31.0","18",,,,,,,,,"47.3",,,"89","115","135",,"31.4",,,,,"0.396","0.380",,,,,,
"1","KSPO아산","성인","일반","19","관리자","참가","20250219","M","180.4","108.9","35.6","116","95","147","35.4","34.2",,,,,,,,,"33.5","19",,,,,,,,,"32.5",,,"76","111","150","177","33.7",,,,,"0.417","0.433",,,,,,
"2","스포원(금정)","어르신","출장","67","관리자","3등급","20250219","M","176","90.2","29.1",,"78","153","50.6","45.1",,,"2.9",,,,,,"29.1",,,,,"31",,"131","4.8","19.5","56.1",,,,,,,,,,,,,,,,,,,"50.6"
"1","군산","유소년","일반","12","관리자","참가","20250219","F","166.7","63",,"72",,,"16.5","23","45",,"-3.3",,,,,,"22.7",,"16",,"74",,,,,,"36.5",,,,,,,,,,,,,,"0.43","26","0",,,
"2","스포원(금정)","어르신","출장","73","관리자","참가","20250219","M","169.9","61.3","17.9",,"50","149","32","33.5",,,"-1.1",,,,,,"21.2",,,,,"15",,"90","6.8","26.1","54.6",,,,,,,,,,,,,,,,,,,"33.5"
"1","스포원(금정)","어르신","출장","67","관리자","3등급","20250219","M","174.6","72.5","19.6",,"88","158","30.2","35.2",,,"11.6",,,,,,"23.8",,,,,"17",,"108","5.1","23.2","48.6",,,,,,,,,,,,,,,,,,,"35.2"
"1","사상","성인","일반","61","관리자","참가","20250219","M","167.8","79.9","35.6","93.3","88","137","39.1","41.6",,,"16.9",,,,,,"28.4","12",,,"192",,,,,,"52.1",,,,,,,,"136","30.8",,,"0.347",,,,,,,
"1","사천","성인","일반","22","관리자","참가","20250219","M","170.9","80.7","21.1","87.8","92","148","33.9","37.5",,,"12",,,,,,"27.6","46","52",,"227",,,,,,"46.5",,"43.6",,,,,,,,,,"0.300",,,,,,,
"1","수원","어르신","일반","72","관리자","참가","20250219","M","171.1","67.2","19.9","86","78","142","41.5","43.5",,,"11.6",,,,,,"23.0",,,,,"21",,"101","5.3",,"64.7",,,,,,,,,,,,,,,,,,,"43.5"
"4","서구(대전)","성인","일반","23","관리자","1등급","20250219","F","162.5","46.2","16.4",,"67","100","22.9","25.6",,,"21.4",,,,,,"17.5","40",,,,,,,,,"55.4",,,"74","106","134",,"42.3",,,,,"0.307","0.489",,,,,,
"1","수원","어르신","일반","78","관리자","3등급","20250219","M","158.8","55.4","21.3","82","73","143","23","24.5",,,"10.7",,,,,,"22.0",,,,,"25",,"98","7.2","28.4","44.2",,,,,,,,,,,,,,,,,,,"24.5"
"1","안산","성인","일반","61","관리자","참가","20250219","F","161.8","73.8","39.8","83","83","146","29.9","33.6",,,"9.3",,,,,,"28.2","0",,,"115",,,,,,"45.5",,,"67","111","133",,"29.3",,,,,"0.506",,,,,,,
"1","수원","성인","일반","22","관리자","참가","20250219","M","182.3","72.9","9","73","70","126","46.3","56.2",,,"2.7",,,,,,"21.9","52",,,"257",,,,,,"77.1",,,"75","81","101",,"50.0",,,,,"0.379",,,,,,,
"2","중구(서울)","어르신","일반","69","관리자","참가","20250219","M","159.6","77.7","31.5","99.7","75","138","29.1","22",,,"-0.7",,,,,,"30.5",,,,,"21",,"100","5.3","21.5","37.5",,,,,,,,,,,,,,,,,,,"29.1"
"1","수원","성인","일반","20","관리자","2등급","20250219","M","165.4","63.2","11.9","73","79","131","39.7","44.9",,,"17.3",,,,,,"23.1","50",,,,,,,,,"71.0",,,"97","118","136",,"47.0",,,,,"0.345","0.684",,,,,,
"4","스포원(금정)","어르신","출장","67","관리자","참가","20250219","M","165.1","76.9","35.5",,"86","146","37.7","39.8",,,"-20",,,,,,"28.2",,,,,,,,,,"51.8",,,,,,,,,,,,,,,,,,,"39.8"
"1","KSPO대구","성인","일반","25","관리자","참가","20250219","M","176.5","113.3","42.7","108.5","85","127","40.3","45.6",,,"0",,,,,,"36.4","15","19","12.8",,,,,,,"40.2",,"30.7",,,,,,,,,,,"0.42",,,,,,
"1","의정부","성인","일반","27","관리자","참가","20250219","M","176.2","98.4","38.8","117.7","90","150","38.8","45.1",,,"-5.5",,,,,,"31.7","26",,,"188",,,,,,"45.8",,,,,,,,"145","34.4",,,"0.322",,,,,,,
"1","포천","성인","일반","64","관리자","참가","20250219","F","159.1","75.4","46.7","96","93","159","21.2","22.5",,,"-0.6",,,,,,"29.8","0",,,,,,,,,"29.8",,,,,,,,"119","24.9",,,"0.500","0.266",,,,,,
"1","KSPO광주","성인","일반","42","관리자","참가","20250219","F","163","54.5","25.9","73.5","92","148","27.1","22.3",,,"19.1",,,,,,"20.5","16",,,,,,,,,"49.7",,,,,,,,"120","34.3",,,"0.337","0.347",,,,,,
"1","스포원(금정)","성인","출장","63","관리자","3등급","20250219","M","173.2","70","19.3",,"80","153","44","49.4",,,"11.3",,,,,,"23.3","19","28",,,,,,,,"70.6",,"36.2",,,,,,,,,,"0.391","0.401",,,,,,
"6","양평","어르신","일반","65","관리자","3등급","20250219","M","165","63.5","21.4",,"74","152","35.2","36.9",,,"11.2",,,,,,"23.3",,,,,"26",,"115","6.5","24.47","58.1",,,,,,,,,,,,,,,,,,,"36.9"
"1","안동","성인","일반","31","관리자","참가","20250219","F","166.8","57.3","32.4","79","80","125","28.5","29.8",,,"7.2",,,,,,"20.6","16",,"14.85",,,,,,,"52.0",,,,,,,,"127","35.2",,,,"0.400",,,,,,
"2","안동","성인","일반","28","관리자","참가","20250219","M","171.2","75.7","29.5","89","66","113","44.1","47",,,"6.2",,,,,,"25.8","24",,,,,,,,,"62.1",,,,,,,,"98","45.7",,,"0.306","0.517",,,,,,
"1","오산","어르신","일반","69","관리자","3등급","20250219","M","170.6","72.9","29.9","91.5","86","151","35.3","21.4",,,"11.1",,,,,,"25.0",,,,,"25",,"117","4.20","17.22","48.4",,,,,,,,,,,,,,,,,,,"35.3"
"1","남원","성인","일반","53","관리자","참가","20250219","M","175.1","96.5","33.5","108.5","80","140","50.4","51.1",,,"-1.2",,,,,,"31.5","26",,,,,,,,,"53.0",,,,,,,,"79","38.0",,,"0.335","0.539",,,,,,
"1","창원","성인","일반","24","관리자","3등급","20250219","M","170.9","70.2","14.8","80","99","159","36.5","36.7",,,"11.7",,,,,,"24.0","49",,,"181",,,,,,"52.3",,,"81","109","110","123","54.4",,,,,"0.408",,,,,,,
"10","서대문","성인","일반","29","관리자","참가","20250219","M","180.8","71.1","20.1",,"72","138","47.7","45.1",,,"17.2",,,,,,"21.8","30","34","11.08",,,,,,,"67.1",,"40.0",,,,,,,,,,,"0.598",,,,,,
"1","서대문","성인","일반","29","관리자","2등급","20250219","M","174.4","76.8","25.7",,"69","130","45.3","49.6",,,"18.4",,,,,,"25.3","46","46","10.39",,,,,,,"64.6",,"42.1",,,,,,,,,,,"0.583",,,,,,
"3","오산","어르신","일반","65","관리자","2등급","20250219","M","168.3","70.4","21.4","82.7","71","113","33.9","35.4",,,"15.7",,,,,,"24.9",,,,,"30",,"123","4.50","17.10","50.3",,,,,,,,,,,,,,,,,,,"35.4"
"1","오산","성인","일반","25","관리자","참가","20250219","M","182.8","73.5","18.1","80.7","90","150","37.6","39.1",,,"-9.8",,,,,,"22.0","39","39","12.41","212",,,,,,"53.2",,"41.1",,,,,,,,,,,,,,,,,
"2","서대문","성인","일반","30","관리자","1등급","20250219","M","179.4","68.5","17.5",,"87","120","51","50.9",,,"14.2",,,,,,"21.3","61","70","9.68",,,,,,,"74.5",,"48.8",,,,,,,,,,,"0.621",,,,,,
"2","오산","어르신","일반","66","관리자","3등급","20250219","F","148.6","54.2","44.5","85.9","77","137","18.7","21.8",,,"12",,,,,,"24.5",,,,,"35",,"125","5.60","20.59","40.2",,,,,,,,,,,,,,,,,,,"21.8"
"2","서대문","성인","일반","30","관리자","3등급","20250219","M","181.7","83.5","21.5",,"82","120","41.7","56.2",,,"14.5",,,,,,"25.3","57","42","13.82",,,,,,,"67.3",,"40.0",,,,,,,,,,,"0.489",,,,,,
"1","서대문","성인","일반","29","관리자","2등급","20250219","M","179.2","78.6","21.6",,"78","132","53.6","54.6",,,"16.5",,,,,,"24.5","55","46","11.28",,,,,,,"69.5",,"41.8",,,,,,,,,,,"0.617",,,,,,
"2","서대문","성인","일반","43","관리자","2등급","20250219","M","177.9","77.4","23.0",,"72","118","48.1","55.2",,,"10.4",,,,,,"24.5","53","56","12.19",,,,,,,"71.3",,"43.2",,,,,,,,,,,"0.645",,,,,,
"1","서대문","성인","일반","33","관리자","2등급","20250219","M","182.0","78.8","22.2",,"88","112","50.3","50.7",,,"17.4",,,,,,"23.8","55","44","9.39",,,,,,,"64.3",,"40.9",,,,,,,,,,,"0.599",,,,,,
"2","서대문","성인","일반","37","관리자","2등급","20250219","M","179.8","76.3","14.7",,"72","120","46.8","51.3",,,"11.9",,,,,,"23.6","53","58","9.86",,,,,,,"67.2",,"44.2",,,,,,,,,,,"0.680",,,,,,
"1","충주","성인","일반","29","관리자","참가","20250219","F","157.9","53.3","32.3","79","85","114","21.9","23.8",,,"6.2",,,,,,"21.4","18",,"13.62",,,,,,,"44.7",,,"84","106","136",,"38.3",,,,,,"0.418",,,,,,
"1","충주","성인","일반","25","관리자","참가","20250219","F","165.2","69.3","33","91","75","123","33.7","38",,,"21.1",,,,,,"25.4","31",,,"177",,,,,,"54.8",,,"89","117","149",,"34.0",,,,,"0.33",,,,,,,
"1","마포","성인","일반","25","관리자","2등급","20250219","F","171","60.7","32","80","92","125","31","31.4",,,"15",,,,,,"20.8","36",,,"179",,,,,,"51.7",,,,,,,,"122","36.5",,,"0.420",,,,,,,
"3","마포","성인","일반","27","관리자","1등급","20250219","F","161.2","54.4","25.5","68","89","137","29.8","32.7",,,"21.4",,,,,,"20.9","44",,,"188",,,,,,"60.1",,,,,,,,"114","37.7",,,"0.397",,,,,,,
"1","포항","성인","일반","20","관리자","참가","20250219","M","167.6","65.1","13.7",,"93","158","45.4","48.4",,,"2.8",,,,,,"23.2","53",,,"236",,,,,,"74.3",,,"81","127","149","142","51.0",,,,,"0.306",,,,,,,
"1","포항","성인","일반","23","관리자","참가","20250219","M","179","78.1","22",,"63","113","50.3","53.6",,,"-20.0",,,,,,"24.4","47",,,"196",,,,,,"68.6",,,"71","77","71","151","50.3",,,,,"0.315",,,,,,,
"2","광주","성인","일반","30","관리자","참가","20250219","M","173.6","70.1","21.7",,"99","157","44.7","45.9",,,"0.6",,,,,,"23.3","34",,,"190",,,,,,"65.5",,,"95","103","113",,"47.4",,,,,"0.459",,,,,,,
"2","광주","성인","일반","25","관리자","2등급","20250219","F","163","61.6","26.1",,"71","108","34.6","38.1",,,"16.2",,,,,,"23.2","48",,,"183",,,,,,"61.9",,,,,,,,"120","35.7",,,"0.358",,,,,,,
"2","광주","성인","일반","24","관리자","참가","20250219","F","158","46.9","24.9",,"52","99","21.2","19.8",,,"-3.7",,,,,,"18.8","18",,,,,,,,,"45.2",,,,,,,,"118","39.3",,,"0.576","0.341",,,,,,
"2","오산","성인","일반","30","관리자","2등급","20250219","F","166.3","49.7","28.7","72.4","86","121","23.5","26",,,"22.5",,,,,,"18.0","36",,,"149",,,,,,"52.3",,,,,,,,"98","40.7",,,"0.367",,,,,,,
"1","창원","성인","일반","25","관리자","3등급","20250219","M","177.2","87.3","19.7","84","96","151","48.6","55.6",,,"21.9",,,,,,"27.8","45",,"10.62","219",,,,,,"63.7",,,,,,,,"127","40.0",,,,,,,,,,
"1","오산","어르신","일반","67","관리자","3등급","20250219","F","156.2","64","42.4","90.6","87","159","21.9","24.9",,,"12.6",,,,,,"26.2",,,,,"20",,"94","5.87","23.28","38.9",,,,,,,,,,,,,,,,,,,"24.9"
"1","KSPO송파","성인","일반","31","관리자","참가","20250219","M","168.2","60.2","12.5",,"78","137","29.2","30",,,"5.5",,,,,,"21.3","24","32",,"165",,,,,,"49.8",,"41.2",,,,,,,,,,"0.415",,,,,,,
"2","강릉","성인","일반","32","관리자","2등급","20250219","M","166.1","64.2","26.1","83.7","93","144","41.3","42",,,"12.5",,,,,,"23.3","54",,,,,,,,,"65.4",,,,,,,,"125","42.9",,,"0.270","0.576",,,,,,
"1","KSPO송파별관(어르신)","어르신","일반","69","관리자","3등급","20250219","M","162","55.3","24",,"99","159","26","28.4",,,"5",,,,,,"21.1",,,,,"26",,"118","5.3","20.58","51.4",,,,,,,,,,,,,,,,,,,"28.4"
"1","오산","어르신","일반","67","관리자","3등급","20250219","F","147.6","47.9","29.7","72.5","83","149","18.9","19.8",,,"14.9",,,,,,"22.0",,,,,"22",,"96","6.50","23.54","41.3",,,,,,,,,,,,,,,,,,,"19.8"
"22","오산","어르신","일반","76","관리자","1등급","20250219","M","161.7","77.1","33.1","95.8","89","148","40.6","41.7",,,"10.4",,,,,,"29.5",,,,,"31",,"131","4.81","17.69","54.1",,,,,,,,,,,,,,,,,,,"41.7"
"2","사상","성인","일반","26","관리자","참가","20250219","M","176.7","80.2","26.9","86","85","134","48.1","46.3",,,"12.1",,,,,,"25.7","28",,,"221",,,,,,"60.0",,,,,,,,"135","40.2",,,"0.421",,,,,,,
"1","사상","성인","일반","60","관리자","참가","20250219","M","171.6","67","26.1","78.5","83","140","32.2","38.7",,,"-11.8",,,,,,"22.8","20",,,"175",,,,,,"57.8",,,,,,,,"86","41.5",,,"0.374",,,,,,,
"23","남원","성인","일반","39","관리자","3등급","20250219","M","173.5","71.2","23.4","85.6","75","125","44.4","43.5",,,"10.4",,,,,,"23.7","44",,,"217",,,,,,"62.4",,,"80","130","159","188","37.2",,,,,"0.258",,,,,,,
"1","강북","성인","일반","28","관리자","2등급","20250219","M","183.3","88.00","16.2","82.5","83","133","61.5","59.6",,,"14.1",,,,,,"26.2","54",,"10.5","239",,,,,,"69.9",,,"82","108","125","154","43.1",,,,,,,,,,,,
"3","창원마산회원","어르신","일반","71","관리자","2등급","20250219","M","167","64.2","23.6","83","77","133","41.6","44.2",,,"9.0",,,,,,"23.0",,,,,"30",,"128","4.13","16.59","68.8",,,,,,,,,,,,,,,,,,,"44.2"
"5","강북","어르신","일반","65","관리자","2등급","20250219","M","166.7","69.40","22.1","83.5","95","158","39.4","39.4",,,"9.5",,,,,,"25.0",,,,,"23",,"113","4.6","21","56.8",,,,,,,,,,,,,,,,,,,"39.4"
"2","나주","성인","일반","61","관리자","3등급","20250219","M","172.1","71.6","22.8","88","77","149","41.6","41.5",,,"13.4",,,,,,"24.2","20","16","12.34","165",,,,,,"58.1",,"33.3",,,,,,,,,,,,,,,,,
"1","화성","어르신","일반","68","관리자","3등급","20250219","F","150.7","55.8","33",,"99","182","28.9","30.4",,,"19.5",,,,,,"24.6",,,,,"19",,"97","5","25.3","54.5",,,,,,,,,,,,,,,,,,,"30.4"
"8","화성","어르신","일반","70","관리자","3등급","20250219","F","154.6","76.3","43.2",,"79","179","33.4","36.5",,,"13",,,,,,"31.9",,,,,"25",,"109","4.8","19.2","47.8",,,,,,,,,,,,,,,,,,,"36.5"
"8","성남","성인","일반","60","관리자","2등급","20250219","F","166.7","58.1","32.2",,"72","122","24.1","25.9",,,"22.5",,,,,,"20.9","14",,,"131",,,,,,"44.6",,,"70","106","136",,"32.9",,,,,"0.395",,,,,,,
"6","무안","성인","일반","49","관리자","참가","20250219","F","156.3","70.7","38.2","77","72","145","25.3","28.7",,,"21.2",,,,,,"28.9","13","7",,,,,,,,"40.6",,"26.0",,,,,,,,,,"0.414","0.354",,,,,,
"4","양평","어르신","일반","74","관리자","3등급","20250219","M","166.6","85.7","37.6",,"95","177","40.6","41.9",,,"10.6",,,,,,"30.9",,,,,"18",,"109","5.97","25.93","48.9",,,,,,,,,,,,,,,,,,,"41.9"
"1","사상","성인","일반","64","관리자","2등급","20250219","M","153.1","57","29","78.5","68","130","31.3","32.7",,,"11.2",,,,,,"24.3","35",,,"157",,,,,,"57.4",,,,,,,,"68","44.0",,,"0.329",,,,,,,
"3","사상","성인","일반","47","관리자","참가","20250219","M","175.9","63","15.6","72.5","85","133","42","43.9",,,"-2.4",,,,,,"20.4","27",,,"179",,,,,,"69.7",,,,,,,,"107","42.9",,,"0.346",,,,,,,
"1","성남","성인","일반","23","관리자","참가","20250219","F","163.8","50.3","27.7",,"78","116","22.2","20.6",,,"12.3",,,,,,"18.7","0",,,"142",,,,,,"44.1",,,,,,,,"136","37.0",,,"0.367",,,,,,,
"7","창원마산회원","성인","일반","60","관리자","참가","20250219","M","167.4","81.1","32.9","98","78","136","47.9","47.8",,,"1.6",,,,,,"28.9","35","15",,"195",,,,,,"59.1",,"31.9",,,,,,,,,,"0.347",,,,,,,
"3","서초","성인","일반","28","관리자","3등급","20250219","F","165.5","57.1","30.1","65.5","89","134","31.4","32.8",,,"26.0",,,,,,"20.8","24",,,,,,,,,"57.4",,,,,,,,"115","37.1",,,"0.372","0.465",,,,,,
"6","천안","어르신","일반","78","관리자","3등급","20250219","M","170.7","77","27.7",,"80","150","34.4","37.6",,,"16",,,,,,"26.4",,,,,"22",,"96","6.37","30.94","48.8",,,,,,,,,,,,,,,,,,,"37.6"
"4","군산","어르신","일반","74","관리자","참가","20250219","F","163.4","61.6","37.3","82","64","130","18.4","19",,,"5.8",,,,,,"23.1",,,,,"19",,"96","5.15","25","30.8",,,,,,,,,,,,,,,,,,,"19.0"
"1","서초","성인","일반","19","관리자","참가","20250219","M","175.5","88.0","28.7","90.3","77","130","42.6","43",,,"-5.9",,,,,,"28.6","32",,,,,,,,,"48.9",,,,,,,,"103","44.8",,,"0.452","0.477",,,,,,
"1","서초","성인","일반","51","관리자","참가","20250219","M","171.7","85.1","28.4","95.3","80","112","50.1","48",,,"-0.7",,,,,,"28.9","24",,,,,,,,,"58.9",,,,,,,,"93","38.7",,,"0.365","0.465",,,,,,
"1","청주","성인","일반","31","관리자","2등급","20250219","M","171.5","71.9","22.1","86.5","90","134","44.1","49.5",,,"16.2",,,,,,"24.4","47",,,,,,,,,"68.8",,,"76","107","119","170","43.8",,,,,"0.350","0.564",,,,,,
"2","서대문","성인","일반","26","관리자","3등급","20250219","M","174.5","71.7","21.5",,"92","158","43.6","50.6",,,"20.3",,,,,,"23.5","57","38","10.48",,,,,,,"70.6",,"41.2",,,,,,,,,,,"0.607",,,,,,
"2","서대문","성인","일반","31","관리자","참가","20250219","M","180.7","68.8","25.1",,"76","117","42.6","41.8",,,"16.6",,,,,,"21.1","31","33","11.66",,,,,,,"61.9",,"40.0",,,,,,,,,,,"0.575",,,,,,
"2","서대문","성인","일반","26","관리자","3등급","20250219","M","180.8","63.5","13.3",,"80","120","40.1","42.3",,,"17.3",,,,,,"19.4","52","43","9.76",,,,,,,"66.6",,"43.5",,,,,,,,,,,"0.715",,,,,,
"2","서대문","성인","일반","33","관리자","2등급","20250219","M","169.8","77.7","29.2",,"80","120","48.6","56.7",,,"26.5",,,,,,"26.9","47","52","10.82",,,,,,,"73.0",,"43.2",,,,,,,,,,,"0.572",,,,,,
"1","수원","성인","일반","22","관리자","3등급","20250219","F","162.8","49.3","20.7",,"63","125","30.9","33.3",,,"31",,,,,,"18.6","29",,,"188",,,,,,"67.5",,,,,,,,"104","41.2",,,"0.373",,,,,,,
"1","서대문","성인","일반","35","관리자","2등급","20250219","M","175.9","81.9","23.3",,"72","118","50.1","48.9",,,"11.0",,,,,,"26.5","43","51","11.52",,,,,,,"61.2",,"42.0",,,,,,,,,,,"0.597",,,,,,
"1","천안","성인","일반","24","관리자","참가","20250219","F","149.8","53.3","42.7",,"69","106","20.4","19.7",,,"19.3",,,,,,"23.8","34","10",,"130",,,,,,"38.3",,"30.5",,,,,,,,,,"0.309",,,,,,,
"1","동해","청소년","일반","13","관리자","3등급","20250219","F","162.2","54.7","31.8",,"59","100","20.3","21","41",,"18.1","23.82","0.439","50.469","9","50.883","20.8",,,,,,,,,,"38.4",,,"104","135","163",,"35.2",,,,,,,,,,,,
"1","서대문","성인","일반","21","관리자","3등급","20250219","M","188.9","77.4","12.7",,"72","110","46.6","43",,,"10.5",,,,,,"21.7","53","55","9.96",,,,,,,"60.2",,"44.5",,,,,,,,,,,"0.647",,,,,,
"1","서대문","성인","일반","31","관리자","3등급","20250219","M","163.7","66.9","23.6",,"82","118","36.9","37.4",,,"10.6",,,,,,"25.0","54","38","12.62",,,,,,,"55.9",,"41.8",,,,,,,,,,,"0.556",,,,,,
"1","서대문","성인","일반","31","관리자","참가","20250219","M","174.0","78.4","25.2",,"72","117","46.4","45.7",,,"12.5",,,,,,"25.9","37","42","11.35",,,,,,,"59.2",,"40.8",,,,,,,,,,,"0.554",,,,,,
"2","KSPO송파별관(어르신)","어르신","일반","69","관리자","2등급","20250219","M","167.5","76.2","37.5",,"88","155","39.7","44.8",,,"8.4",,,,,,"27.2",,,,,"26",,"128","4.71","17.80","58.8",,,,,,,,,,,,,,,,,,,"44.8"
"1","서대문","성인","일반","29","관리자","2등급","20250219","M","177.7","78.2","16.9",,"68","112","53.9","55.8",,,"12.4",,,,,,"24.8","51","65","11.1",,,,,,,"71.4",,"46.3",,,,,,,,,,,"0.608",,,,,,
"1","서대문","성인","일반","25","관리자","2등급","20250219","M","174.3","78.6","14.6",,"77","112","45.1","49.7",,,"11.7",,,,,,"25.9","51","51","10.08",,,,,,,"63.2",,"43.3",,,,,,,,,,,"0.671",,,,,,
"1","동해","유소년","일반","11","관리자","참가","20250219","F","151.8","56",,"76",,,"18.8","20","22",,"17.5",,,,,,"24.3",,"12",,"114",,,,,,"35.7",,,,,,,,,,,,,,"0.50","25","8",,,
"1","서대문","성인","일반","28","관리자","3등급","20250219","M","170.8","65.9","17.8",,"88","112","35.9","31.9",,,"8.6",,,,,,"22.6","54","44","11.16",,,,,,,"54.5",,"43.4",,,,,,,,,,,"0.559",,,,,,
"1","서대문","성인","일반","34","관리자","참가","20250219","M","179.8","79.3","19.7",,"82","120","46.6","54.7",,,"4.5",,,,,,"24.5","54","35","11.55",,,,,,,"69.0",,"38.7",,,,,,,,,,,"0.589",,,,,,
"1","KSPO대구","성인","일반","32","관리자","참가","20250219","M","184.4","77.9","19.5","91","92","138","44","47.4",,,"-4.9",,,,,,"22.9","28","21","12.8","169",,,,,,"60.8",,"35.7",,,,,,,,,,,,,,,,,
"1","달서","성인","일반","23","관리자","참가","20250219","M","184.9","106.4","27","109.2","85","149","53.9","43.1",,,"-1",,,,,,"31.1","30",,,"179",,,,,,"50.7",,,,,,,,"157","32.5",,,"0.401",,,,,,,
"1","고양","성인","일반","54","관리자","참가","20250219","F","161.9","55","31.9",,"64","118","19.7","23.1",,,"19.1",,,,,,"21.0","18","9","15.67","114",,,,,,"42.0",,"29.0",,,,,,,,,,,,,,,,,
"3","고양","성인","일반","19","관리자","참가","20250219","M","178.1","82.8","19.4",,"66","136","47.3","52",,,"-20",,,,,,"26.1","31","13","11.61","158",,,,,,"62.8",,"34.2",,,,,,,,,,,,,,,,,
"1","사상","성인","일반","64","관리자","참가","20250219","M","164.6","72.5","25.3","87.4","90","146","45.7","50.1",,,"13.1",,,,,,"26.8","23",,,"180",,,,,,"69.1",,,,,,,,"124","33.2",,,"0.372",,,,,,,
"1","마포","어르신","일반","67","관리자","2등급","20250219","M","176.8","79.8","21.7","89","77","156","42.5","45.4",,,"13.5",,,,,,"25.5",,,,,"22",,"131","4.33","16.40","56.9",,,,,,,,,,,,,,,,,,,"45.4"
"2","포천","어르신","일반","65","관리자","참가","20250219","M","156","38.8","11","67","103","147","27.1","28.5",,,"4",,,,,,"15.9",,,,,"26",,"95","5.53","24.72","73.5",,,,,,,,,,,,,,,,,,,"28.5"
"1","사상","성인","일반","59","관리자","2등급","20250219","M","174.7","71.8","28.7","85.1","85","153","44.4","46.9",,,"13.5",,,,,,"23.5","30",,,"177",,,,,,"65.3",,,,,,,,"112","37.1",,,"0.345",,,,,,,
"1","포천","어르신","일반","73","관리자","3등급","20250219","M","171.6","63.7","23.7","84","65","140","27.5","30",,,"3.5",,,,,,"21.6",,,,,"27",,"109","4.56","20.09","47.1",,,,,,,,,,,,,,,,,,,"30.0"
"1","마포","어르신","일반","66","관리자","1등급","20250219","M","175.6","75.7","20.8","87","83","159","45.4","47.2",,,"13.6",,,,,,"24.5",,,,,"25",,"124","4.03","16.21","62.4",,,,,,,,,,,,,,,,,,,"47.2"
"7","서초","성인","일반","25","관리자","참가","20250219","F","166.6","48.1","27.1","67.0","82","113","22.8","23.8",,,"15.5",,,,,,"17.3","10",,,,,,,,,"49.5",,,,,,,,"122","39.2",,,"0.307","0.502",,,,,,
"1","서구(대전)","성인","일반","33","관리자","참가","20250219","F","155.3","60.3","40.4",,"64","114","27.1","26.9",,,"15.5",,,,,,"25.0","14",,"12.5",,,,,,,"44.9",,,"84","130","159",,"33.5",,,,,,"0.440",,,,,,
"2","제주","성인","일반","19","관리자","3등급","20250219","F","167.5","54.5","26.7","72.2","86","133","22.6","20.6",,,"22.3",,,,,,"19.4","33",,"12.5","167",,,,,,"41.5",,,"77","109","133",,"41.7",,,,,,,,,,,,
"1","KSPO송파","성인","일반","46","관리자","참가","20250219","M","169.8","75.8","26.2","93","90","152","40.5","39.5",,,"15.5",,,,,,"26.3","54",,"10.24","217",,,,,,"53.4",,,,,,,,"117","38.3",,,,,,,,,,
"1","경산","성인","일반","30","관리자","3등급","20250219","F","164","57.3","27.8","78","94","137","30.1","30.6",,,"12.5",,,,,,"21.3","43","26","12.1","173",,,,,,"53.4",,"34.8",,,,,,,,,,,,,,,,,
"7","KSPO아산","어르신","일반","80","관리자","2등급","20250219","M","163.3","57.3","20.6","85","77","154","29.7","28.2",,,"1.5",,,,,,"21.5",,,,,"28",,"111","6.66","24.07","51.8",,,,,,,,,,,,,,,,,,,"29.7"
"3","강북","성인","일반","53","관리자","2등급","20250219","F","163.9","61.20","26.3","76.9","79","120","27.5","31.2",,,"17.9",,,,,,"22.8","30",,,"160",,,,,,"51.0",,,"97","118","145",,"31.5",,,,,"0.347",,,,,,,
"2","순천","성인","일반","60","관리자","참가","20250219","F","158.7","60.5","36.4","88.2","87","126","24.6","27.1",,,"15",,,,,,"24.0","11",,,,,,,,,"44.8",,,,,,,,"150","25.4",,,"0.443","0.378",,,,,,
"1","시흥","성인","일반","60","관리자","1등급","20250219","M","173.8","71","17.7","82.4","79","149","44.4","44.8",,,"12.2",,,,,,"23.5","42",,"12.61","188",,,,,,"63.1",,,,,,,,"90","40.2",,,,,,,,,,
"1","서구(광주)","성인","일반","64","관리자","2등급","20250219","F","154.6","55.2","23.5","80.3","94","120","28.4","30.4",,,"20.8",,,,,,"23.1","15",,,,,,,,,"55.1",,,"97","118","129",,"33.2",,,,,"0.446","0.450",,,,,,
"1","순천","성인","일반","58","관리자","참가","20250219","F","155.5","53.8","34.4","79.2","96","141","25.9","28",,,"9.6",,,,,,"22.2","4",,,,,,,,,"52.0",,,,,,,,"105","32.6",,,"0.399","0.366",,,,,,
"5","서초","성인","일반","26","관리자","2등급","20250219","F","167.5","55.8","26.0","67.6","87","120","26.7","29.3",,,"26.2",,,,,,"19.9","36",,,,,,,,,"52.5",,,,,,,,"143","34.6",,,"0.465","0.514",,,,,,
"3","부천","성인","일반","26","관리자","참가","20250219","M","164.6","66.7","25.1",,"75","124","32.4","33.8",,,"-20.0",,,,,,"24.6","26","37","10.88","199",,,,,,"50.7",,"41.9",,,,,,,,,,,,,,,,,
"3","KSPO송파","성인","일반","25","관리자","2등급","20250219","F","165","47.5","23.3","71","76","130","25","22.5",,,"14",,,,,,"17.4","31","23",,"163",,,,,,"52.6",,"35.7",,,,,,,,,,"0.397",,,,,,,
"1","부천","성인","일반","51","관리자","2등급","20250219","M","162.1","58.2","19.5",,"82","133","33.5","39.7",,,"20.8",,,,,,"22.1","32","42","12.44","193",,,,,,"68.2",,"42.4",,,,,,,,,,,,,,,,,
"1","순천","성인","일반","57","관리자","참가","20250219","M","173.5","81.8","32.2","97.6","94","148","29.4","23.1",,,"18.6",,,,,,"27.2","28",,,,,,,,,"35.9",,,,,,,,"100","37.1",,,"0.388","0.390",,,,,,
"7","성동","성인","일반","26","관리자","1등급","20250219","F","159.2","50.4","33.5",,"76","111","22.9","24.1",,,"24.3",,,,,,"19.9","39",,,,,,,,,"47.8",,,"96","124","150",,"38.3",,,,,"0.263","0.49",,,,,,
"1","전주","성인","일반","51","관리자","참가","20250219","F","168.5","65.1","29.8","82.2","64","114","22.7","22.8",,,"14.7",,,,,,"22.9","24",,,,,,,,,"35.0",,,,,,,,"78","35.7",,,"0.424","0.438",,,,,,
"2","원주","성인","일반","22","관리자","참가","20250219","M","171.4","78.7","20.5","82.2","80","129","43","44",,,"12.3",,,,,,"26.8","48","24",,,,,,,,"55.9",,"37.3",,,,,,,,,,"0.339","0.526",,,,,,
"1","동구(인천)","성인","일반","28","관리자","참가","20250219","M","173.2","84.2","20.6",,"79","134","51","57.1",,,"10.3",,,,,,"28.1","38","25","10.53",,,,,,,"67.8",,"36.2",,,,,,,,,,,"0.597",,,,,,
"1","서초","성인","일반","24","관리자","2등급","20250219","F","164.6","63.4","25.5","78.0","77","131","31","31.4",,,"35.0",,,,,,"23.4","42",,,,,,,,,"49.5",,,,,,,,"126","34.9",,,"0.300","0.476",,,,,,
"1","전주","성인","일반","50","관리자","1등급","20250219","F","151.1","49.9","27.3","73.5","81","143","22.7","24.3",,,"25.1",,,,,,"21.9","29",,,,,,,,,"48.7",,,,,,,,"93","36.1",,,"0.400","0.421",,,,,,
"1","동구(인천)","성인","일반","20","관리자","참가","20250219","F","160.7","49.3","24.7",,"77","117","22.8","21.2",,,"-0.5",,,,,,"19.1","24",,,"138",,,,,,"46.2",,,,,,,,"135","37.6",,,"0.506",,,,,,,
"1","청주","어르신","일반","67","관리자","1등급","20250219","F","153.4","59.7","35.3","79.7","65","117","23.9","28.1",,,"21.9",,,,,,"25.4",,,,,"27",,"118","5.1","21.9","47.1",,,,,,,,,,,,,,,,,,,"28.1"
"3","성동","성인","일반","20","관리자","1등급","20250219","F","167.4","51.5","22.7",,"77","116","26.1","30.6",,,"26.1",,,,,,"18.4","42",,,"187",,,,,,"59.4",,,,,,,,"136","37.6",,,"0.283",,,,,,,
"32","청주","어르신","일반","66","관리자","참가","20250219","F","153.3","44.1","19.8","68.1","92","159","22.4","26.8",,,"10.1",,,,,,"18.8",,,,,"23",,"115","5.3","19.4","60.8",,,,,,,,,,,,,,,,,,,"26.8"
"2","사상","어르신","일반","69","관리자","3등급","20250219","M","160.9","63.4","31.6","80","92","156","32.9","32.6",,,"3.2",,,,,,"24.5",,,,,"22",,"102","5.4","21","51.9",,,,,,,,,,,,,,,,,,,"32.9"
"6","포항","성인","일반","63","관리자","2등급","20250219","M","174.6","70.2","22",,"86","145","46.8","44.3",,,"9.5",,,,,,"23.0","27",,,"207",,,,,,"66.7",,,,,,,,"93","39.3",,,"0.342",,,,,,,
"1","전주","성인","일반","34","관리자","3등급","20250219","M","186.7","78","19.6","89.6","93","144","42.6","39.8",,,"16.4",,,,,,"22.4","46",,"12.20","220",,,,,,"54.6",,,"70","130","159","165","42.5",,,,,,,,,,,,
"1","사상","어르신","일반","67","관리자","2등급","20250219","M","170.6","77.4","21","88","75","137","46.7","54.3",,,"20.6",,,,,,"26.6",,,,,"30",,"119","4.3","22.9","70.2",,,,,,,,,,,,,,,,,,,"54.3"
"4","춘천","어르신","일반","82","관리자","2등급","20250219","M","155.5","60.5","30.2","83.9","71","139","36.1","31.2",,,"2.2",,,,,,"25.0",,,,,"24",,"118","6.72","28.25","59.7",,,,,,,,,,,,,,,,,,,"36.1"
"1","고양","성인","일반","23","관리자","3등급","20250219","F","167.2","47.7","24.9",,"77","128","19.6","21.4",,,"11.6",,,,,,"17.1","23","22","12.31","146",,,,,,"44.9",,"35.4",,,,,,,,,,,,,,,,,
"47","화성","성인","일반","55","관리자","2등급","20250219","F","156","48.1","22.4",,"49","95","23.5","22.3",,,"18.1",,,,,,"19.8","19",,,"146",,,,,,"48.9",,,"95","105","126",,"36.2",,,,,"0.336",,,,,,,
"1","고양","청소년","일반","18","관리자","3등급","20250219","M","177.3","60","4.6",,"84","146","36.4","37.1",,"50","14.8","17.48","0.744","60.282","8","60.650","19.1",,"38",,,,,,,,"61.8",,"44.0",,,,,,,,,,,,,,,,,
"7","광주","어르신","일반","73","관리자","참가","20250219","F","152.3","64.7","43.8",,"77","126","26.4","29.4",,,"8.3",,,,,,"27.9",,,,,"16",,"92","7.58","29.53","45.4",,,,,,,,,,,,,,,,,,,"29.4"
"2","연제","성인","일반","54","관리자","참가","20250219","M","172.2","73.3","25.4",,"94","167","44.2","46.1",,,"14.3",,,,,,"24.7","22",,,"172",,,,,,"62.9",,,,,,,,"104","39.0",,,"0.317",,,,,,,
"3","KSPO송파별관(어르신)","어르신","일반","75","관리자","1등급","20250219","M","154","60.8","28",,"92","154","30","31.4",,,"12",,,,,,"25.6",,,,,"25",,"130","4.58","20.15","51.6",,,,,,,,,,,,,,,,,,,"31.4"
"2","사상","어르신","일반","71","관리자","3등급","20250219","M","163.4","63.3","22.4","84.2","107","108","38.1","38",,,"1",,,,,,"23.7",,,,,"16",,"99","4.9","24.2","60.2",,,,,,,,,,,,,,,,,,,"38.1"
"2","광주","어르신","일반","81","관리자","2등급","20250219","M","164.2","78.8","36.4",,"58","140","37.2","33.2",,,"10.1",,,,,,"29.2",,,,,"21",,"110","6.64","23.48","47.2",,,,,,,,,,,,,,,,,,,"37.2"
"1","광주","어르신","일반","73","관리자","3등급","20250219","F","143.1","52.8","29.6",,"80","149","22.5","23.2",,,"12",,,,,,"25.8",,,,,"27",,"110","6.41","23.61","43.9",,,,,,,,,,,,,,,,,,,"23.2"
"2","의정부","어르신","일반","78","관리자","2등급","20250219","F","156.3","60.4","33.6","79.6","85","171","26.5","29.8",,,"19.7",,,,,,"24.7",,,,,"23",,"95","7.27","20.75","49.3",,,,,,,,,,,,,,,,,,,"29.8"
"1","사상","어르신","일반","69","관리자","참가","20250219","M","169.3","83.3","35.7","99","105","158","43.3","49",,,"3",,,,,,"29.1",,,,,"16",,"83","5.9","24.2","58.8",,,,,,,,,,,,,,,,,,,"49.0"
"1","남구(울산)","어르신","일반","65","관리자","참가","20250219","M","166.5","70.9","23.9","87.7","69","135","48.2","43",,,"2.9",,,,,,"25.6",,,,,"21",,"90","4.91","22.60","68.0",,,,,,,,,,,,,,,,,,,"48.2"
"1","남구(울산)","어르신","일반","69","관리자","참가","20250219","M","170.4","76.5","38.5","98.8","73","146","27.6","28.3",,,"4.1",,,,,,"26.3",,,,,"19",,"69","7.88","27.38","37.0",,,,,,,,,,,,,,,,,,,"28.3"
"1","동작","성인","일반","53","관리자","3등급","20250219","F","159.7","60.5","25.9","80","58","116","28.6","30.6",,,"12.6",,,,,,"23.7","22",,,"162",,,,,,"50.6",,,,,,,,"76","35.9",,,"0.325",,,,,,,
"1","남구(울산)","어르신","일반","66","관리자","2등급","20250219","M","164.6","55","19.7","74.3","81","130","37.4","39.4",,,"15.7",,,,,,"20.3",,,,,"28",,"109","5.15","21.06","71.6",,,,,,,,,,,,,,,,,,,"39.4"
"2","KSPO광주","성인","일반","61","관리자","참가","20250219","M","169.9","76","28.2","91.9","71","114","35.7","38.5",,,"3.7",,,,,,"26.3","30",,"14.45","182",,,,,,"50.7",,,,,,,,"99","37.2",,,,,,,,,,
"1","전주","성인","일반","32","관리자","3등급","20250219","F","158.1","54.6","28.3","74.3","74","116","20.1","24.2",,,"17.4",,,,,,"21.8","27",,,"128",,,,,,"44.3",,,,,,,,"82","40.3",,,"0.326",,,,,,,
"4","보은","어르신","일반","69","관리자","2등급","20250219","F","150.9","54","33.6",,"69","135","17.1","21.8",,,"19.3",,,,,,"23.7",,,,,"25",,"110","5.47","22.46","40.4",,,,,,,,,,,,,,,,,,,"21.8"
"1","사상","어르신","일반","65","관리자","2등급","20250219","M","168.2","72.6","30.2","88","91","144","39.1","43",,,"18.6",,,,,,"25.7",,,,,"28",,"110","5","22.5","59.2",,,,,,,,,,,,,,,,,,,"43.0"
"1","전주","성인","일반","57","관리자","참가","20250219","F","151.7","47.8","20.1","70.2","82","133","19.7","21",,,"6.6",,,,,,"20.8","10",,,"113",,,,,,"43.9",,,,,,,,"108","33.6",,,"0.382",,,,,,,
"2","사천","성인","일반","36","관리자","2등급","20250219","M","169.5","71.6","19","84.9","80","120","47.5","46.4",,,"17",,,,,,"24.9","47","47",,,,,,,,"66.3",,"42.7",,,,,,,,,,"0.330","0.539",,,,,,
"2","사상","어르신","일반","65","관리자","참가","20250219","M","168.1","67.4","35.8","80","86","149","25.7","27.6",,,"21.1",,,,,,"23.9",,,,,"22",,"112","4.5","20.8","40.9",,,,,,,,,,,,,,,,,,,"27.6"
"5","천안","성인","일반","33","관리자","2등급","20250219","M","175.3","80.9","21.3",,"61","128","52","52",,,"26.5",,,,,,"26.3","61","44","10.12","230",,,,,,"64.3",,"40.7",,,,,,,,,,,,,,,,,
"1","강북","성인","일반","56","관리자","참가","20250219","M","165.9","94","37.5","107.5","83","131","28.9","31.8",,,"12.3",,,,,,"34.2","19",,,"153",,,,,,"33.8",,,,,,,,"134","29.0",,,"0.378",,,,,,,
"3","포항","성인","일반","45","관리자","2등급","20250219","M","164.5","70.3","23.8",,"87","143","45.4","45.3",,,"16.3",,,,,,"26.0","39","42",,"202",,,,,,"64.6",,"41.1",,,,,,,,,,"0.296",,,,,,,
"1","천안","성인","일반","30","관리자","참가","20250219","M","171.8","83","24.9",,"64","126","37.1","36.2",,,"19.3",,,,,,"28.1","51","60","10.72","200",,,,,,"44.7",,"44.5",,,,,,,,,,,,,,,,,
"1","서초","성인","일반","51","관리자","참가","20250219","F","153.8","65.3","38.5","89.3","83","130","20.4","21.3",,,"6.6",,,,,,"27.6","15",,,,,,,,,"32.6",,,,,,,,"139","26.8",,,"0.406","0.378",,,,,,
"5","동작","성인","일반","28","관리자","3등급","20250219","F","176.3","55.8","22.5","75","97","133","26.7","31.3",,,"14.8",,,,,,"18.0","27","19",,"158",,,,,,"56.1",,"33.2",,,,,,,,,,"0.329",,,,,,,
"1","강릉","성인","일반","34","관리자","2등급","20250219","M","173.0","68.5","24.3","85.4","95","139","45.3","49",,,"11.3",,,,,,"22.9","49",,,"199",,,,,,"71.5",,,"78","103","121","160","44.5",,,,,"0.337",,,,,,,
"1","포천","성인","일반","62","관리자","참가","20250219","M","163.3","78.3","29.6","93","100","188","36.7","40.7",,,"14.5",,,,,,"29.4","33",,"12.72",,,,,,,"52.0",,,,,,,,"124","32.3",,,,"0.493",,,,,,
"6","세종","어르신","일반","76","관리자","1등급","20250219","F","159.9","52.1","20.5","73.4","82","132","21.4","24.4",,,"18.9",,,,,,"20.4",,,,,"20",,"114","5.89","26.26","46.8",,,,,,,,,,,,,,,,,,,"24.4"
"1","진천","성인","일반","59","관리자","3등급","20250219","F","158.4","57.4","35.5","84.2","57","115","22.8","24.5",,,"15.5",,,,,,"22.9","13",,,"135",,,,,,"42.7",,,"58","110","120",,"36.2",,,,,"0.453",,,,,,,
"1","안산","성인","일반","52","관리자","참가","20250219","M","175.7","93.2","31.1","100","90","154","41.4","46.2",,,"2.0",,,,,,"30.2","36","20","11.84","205",,,,,,"49.6",,"31.8",,,,,,,,,,,,,,,,,
"1","화성","어르신","일반","75","관리자","1등급","20250219","M","164","66","28.2",,"66","149","39.9","43.6",,,"12.6",,,,,,"24.5",,,,,"30",,"127","4.3","17.6","66.1",,,,,,,,,,,,,,,,,,,"43.6"
"1","안산","청소년","일반","17","관리자","참가","20250219","M","175.8","99.5","30.9","90","76","139","37","44.5",,"23","-4.6","19.5","0.562","37.997","19","38.871","32.2",,"22",,,,,,,,"44.7",,"33.9",,,,,,,,,,,,,,,,,
"1","안산","성인","일반","20","관리자","참가","20250219","M","181.9","107.3","30.9","99.8","79","154","46.8","60.4",,,"-17.1",,,,,,"32.4","37","42","10.98","174",,,,,,"56.3",,"37.3",,,,,,,,,,,,,,,,,
"1","안산","청소년","일반","18","관리자","참가","20250219","M","172.8","71.5","28.6","84","67","122","30.5","40.3",,"30","-2.6","20.13","0.492","45.326","9","45.740","23.9",,"42",,,,,,,,"56.4",,"42.2",,,,,,,,,,,,,,,,,
"10","청주","성인","일반","63","관리자","1등급","20250219","F","152.2","49","25.4","70","69","112","24.1","30.3",,,"20.4",,,,,,"21.2","33",,,"141",,,,,,"61.8",,,,,,,,"118","31.0",,,"0.334",,,,,,,
"1","동작","성인","일반","52","관리자","3등급","20250219","F","160.7","62.8","39.7","81.8","71","121","23.6","24",,,"12.3",,,,,,"24.3","19",,"14.78","135",,,,,,"38.2",,,"74","108","133",,"33.1",,,,,,,,,,,,
"1","안산","청소년","일반","16","관리자","참가","20250219","M","181","85.5","29","83","63","114","33","37.2",,"33","-7.4","23.75","0.437","72.536","16","73.272","26.1",,"26",,,,,,,,"43.5",,"37.8",,,,,,,,,,,,,,,,,
"3","청주","성인","일반","56","관리자","참가","20250219","F","158.4","58.3","37.9","84.6","73","138","28.2","27.8",,,"5.8",,,,,,"23.2","4",,,"134",,,,,,"48.4",,,,,,,,"105","32.2",,,"0.293",,,,,,,
"1","안산","청소년","일반","18","관리자","참가","20250219","M","181","91.1","23.7","91","70","135","44.9","52.3",,"35","7.5","20.77","0.506","48.066","14","48.710","27.8",,"38",,,,,,,,"57.4",,"39.4",,,,,,,,,,,,,,,,,
"1","순천","성인","일반","48","관리자","참가","20250219","M","165.4","85.5","33.3","101","98","155","45.4","44",,,"-20",,,,,,"31.3","23",,,,,,,,,"53.1",,,,,,,,"138","32.3",,,"0.351","0.465",,,,,,
"1","안산","청소년","일반","16","관리자","참가","20250219","M","165.7","78.6","35.6","86","67","111","32.7","36.4",,"36","11.6","20.4","0.502","41.143","20","42.063","28.6",,"20",,,,,,,,"46.3",,"35.3",,,,,,,,,,,,,,,,,
"1","안산","청소년","일반","16","관리자","참가","20250219","M","167.6","54.2","10.4","65","69","114","31.3","37",,"45","-3.2","18.68","0.576","51.252","5","51.482","19.3",,"57",,,,,,,,"68.3",,"47.5",,,,,,,,,,,,,,,,,
"1","사상","어르신","일반","73","관리자","3등급","20250219","M","162","55","19.2","78.5","94","159","29","38.1",,,"13.1",,,,,,"21.0",,,,,"20",,"98","6.3","27.8","69.3",,,,,,,,,,,,,,,,,,,"38.1"
"1","사상","어르신","일반","67","관리자","2등급","20250219","F","157.9","68.5","39.7","86.7","100","172","31.7","29",,,"21.5",,,,,,"27.5",,,,,"19",,"117","4.9","22.1","46.3",,,,,,,,,,,,,,,,,,,"31.7"
"1","화성","어르신","일반","66","관리자","3등급","20250219","M","171.5","74.4","28.5",,"78","151","36.6","33.4",,,"10.7",,,,,,"25.3",,,,,"19",,"102","5.2","17.3","49.2",,,,,,,,,,,,,,,,,,,"36.6"
"1","사상","어르신","일반","66","관리자","2등급","20250219","M","166.7","70.7","33.8","85.5","98","169","41.7","43.9",,,"14.6",,,,,,"25.4",,,,,"24",,"113","4.8","21.1","62.1",,,,,,,,,,,,,,,,,,,"43.9"
"1","부천","어르신","일반","70","관리자","3등급","20250219","F","150.0","56.0","37.2",,"58","143","28.5","25.6",,,"9.6",,,,,,"24.9",,,,,"17",,"116","6.14","28.70","50.9",,,,,,,,,,,,,,,,,,,"28.5"
"20","서초","어르신","일반","72","관리자","1등급","20250219","F","154.0","55.7","39.2","79.0","67","137","21.7","22.1",,,"18.0",,,,,,"23.5",,,,,"28",,"116","5.03","23.06","39.7",,,,,,,,,,,,,,,,,,,"22.1"
"1","고양","성인","일반","56","관리자","3등급","20250219","F","155.2","58.4","32",,"75","128","20.5","21.7",,,"14.9",,,,,,"24.2","14","11","14.61","116",,,,,,"37.2",,"28.9",,,,,,,,,,,,,,,,,
"1","강북","어르신","일반","66","관리자","2등급","20250219","M","167.9","71.6","26.3","90.8","96","146","37.2","35.6",,,"18.7",,,,,,"25.4",,,,,"22",,"116","5.3","22.2","52.0",,,,,,,,,,,,,,,,,,,"37.2"
"1","동구(인천)","어르신","일반","66","관리자","2등급","20250219","F","158.2","67.2","35",,"78","156","25.6","28.4",,,"22.3",,,,,,"26.9",,,,,"23",,"136","5.63","20.5","42.3",,,,,,,,,,,,,,,,,,,"28.4"
"1","고양","성인","일반","22","관리자","참가","20250219","M","174.9","91","22.5",,"89","135","58.9","59.9",,,"8.8",,,,,,"29.7","36","42","10.41","200",,,,,,"65.8",,"39.7",,,,,,,,,,,,,,,,,
"5","창원마산회원","성인","일반","22","관리자","참가","20250219","M","187.3","80.8","17.9","83","86","145","49.7","52.2",,,"22.1",,,,,,"23.0","40",,,"239",,,,,,"64.6",,,,,,,,"116","44.6",,,"0.326",,,,,,,
"2","동구(광주)","성인","일반","30","관리자","참가","20250219","M","179.4","60.4","16.9","73","68","108","30.8","33.7",,,"-4.4",,,,,,"18.8","30",,,"191",,,,,,"55.8",,,,,,,,"101","48.8",,,"0.411",,,,,,,
"2","화성","어르신","일반","74","관리자","1등급","20250219","M","172.7","83.5","34.7",,"81","123","47.9","46.6",,,"11.2",,,,,,"28.0",,,,,"24",,"116","5.2","20.8","57.4",,,,,,,,,,,,,,,,,,,"47.9"
"1","사천","성인","일반","52","관리자","2등급","20250219","M","176.1","70.2","15.5","83.2","92","154","45.1","44.9",,,"15",,,,,,"22.6","35",,,"220",,,,,,"64.2",,,,,,,,"96","41.7",,,"0.398",,,,,,,
"1","양평","성인","일반","19","관리자","3등급","20250219","M","166","51.5","10.4",,"60","127","36.3","40.1",,,"8.5",,,,,,"18.7","55",,"10.87",,,,,,,"77.9",,,"78","114","136","165","51.1",,,,,,"0.549",,,,,,
"4","제주","성인","일반","23","관리자","참가","20250219","M","168.1","60.5","18","79.9","89","143","31.6","30.9",,,"2.8",,,,,,"21.4","43","44","11.5","223",,,,,,"52.2",,"44.6",,,,,,,,,,,,,,,,,
"1","남구(부산)","어르신","일반","69","관리자","2등급","20250219","M","174.4","72.2","24.6",,"93","154","44.7","42.7",,,"9.8",,,,,,"23.7",,,,,"30",,"147","4.48","17.26","61.9",,,,,,,,,,,,,,,,,,,"44.7"
"3","동구(인천)","어르신","일반","70","관리자","3등급","20250219","M","181.1","94.8","34.9",,"80","155","32.8","44.6",,,"2.6",,,,,,"28.9",,,,,"23",,"146","4.82","19.06","47.0",,,,,,,,,,,,,,,,,,,"44.6"
"4","달서","성인","일반","30","관리자","참가","20250219","M","174.9","69.9","25.4","91.3","91","134","37.9","37.9",,,"-6.6",,,,,,"22.9","33",,,"185",,,,,,"54.2",,,,,,,,"141","40.4",,,"0.326",,,,,,,
"1","강북","성인","일반","33","관리자","3등급","20250219","M","175.8","70.80","14.7","77.8","78","132","39.2","42",,,"10.4",,,,,,"22.9","35",,,"212",,,,,,"59.3",,,"83","103","123","156","44.4",,,,,"0.320",,,,,,,
"4","스포원(금정)","어르신","출장","69","관리자","참가","20250219","M","167.5","61.1","26.6",,"100","165","40.7","33.6",,,"-20",,,,,,"21.8",,,,,"28",,"123","4.4","20.8","66.6",,,,,,,,,,,,,,,,,,,"40.7"
"3","남구(부산)","성인","일반","19","관리자","3등급","20250219","M","172.6","61.3","13.9",,"89","134","45.7","41.5",,,"12.5",,,,,,"20.6","47",,"10.66","213",,,,,,"74.6",,,,,,,,"102","50.6",,,,,,,,,,
"6","KSPO송파별관(어르신)","어르신","일반","76","관리자","참가","20250219","F","149","58","36.1",,"61","149","24.2","24.6",,,"6.7",,,,,,"26.1",,,,,"30",,"133","5.45","18.35","42.4",,,,,,,,,,,,,,,,,,,"24.6"
"1","부천","성인","일반","63","관리자","참가","20250219","M","164.7","69.4","29.9",,"87","151","31.8","35.8",,,"-12.1",,,,,,"25.6","25",,,"117",,,,,,"51.6",,,,,,,,"133","32.8",,,"0.336",,,,,,,
"1","KSPO송파","성인","일반","19","관리자","참가","20250219","M","179.3","59.4","6.1","71.8","87","153","31.6","36.7",,,"-4.9",,,,,,"18.5","39",,,,,,,,,"61.8",,,"110","138","159","177","47.2",,,,,"0.352","0.571",,,,,,
"1","천안","청소년","일반","18","관리자","참가","20250219","M","169.9","53.9","12.9",,"79","138","45.3","44.8","15",,"1.2","18.32","0.601","45.501","8","45.869","18.7",,"34",,,,,,,,"84.0",,"43.4",,,,,,,,,,,,,,,,,
"1","서구(대전)","성인","일반","30","관리자","참가","20250219","M","179.3","90.4","26.6",,"76","127","41.5","44.9",,,"7.5",,,,,,"28.1","42","42","11.50",,,,,,,"49.7",,"39.0",,,,,,,,,,,"0.552",,,,,,
"1","KSPO송파별관(어르신)","어르신","일반","78","관리자","1등급","20250219","M","154.2","51.4","24",,"72","142","29.6","28.2",,,"8",,,,,,"21.6",,,,,"25",,"130","4.40","20.40","57.6",,,,,,,,,,,,,,,,,,,"29.6"
"1","양평","성인","일반","28","관리자","2등급","20250219","M","178.1","72.4","13.2",,"64","129","39.9","44.6",,,"14",,,,,,"22.8","45",,"10.91","207",,,,,,"61.6",,,,,,,,"115","44.4",,,,,,,,,,
"1","서구(대전)","성인","일반","19","관리자","참가","20250219","M","178.8","72.4","12.9",,"64","122","50.4","53.7",,,"7",,,,,,"22.6","33","37",,"216",,,,,,"74.2",,"41.4",,,,,,,,,,"0.371",,,,,,,
"2","강릉","성인","일반","29","관리자","참가","20250219","M","173.5","89.1","34.4","105.9","89","137","37.9","40",,,"14.5",,,,,,"29.6","49","17",,"173",,,,,,"44.9",,"33.6",,,,,,,,,,"0.388",,,,,,,
"3","청주","어르신","일반","67","관리자","2등급","20250219","F","157.7","59.2","29.4","76.1","75","139","24.7","28.2",,,"17",,,,,,"23.8",,,,,"23",,"137","4.1","16.7","47.6",,,,,,,,,,,,,,,,,,,"28.2"
"14","청주","어르신","일반","67","관리자","2등급","20250219","F","151.6","51.8","40.4","53.1","83","145","26.2","25",,,"18.1",,,,,,"22.5",,,,,"29",,"126","4.7","18.3","50.6",,,,,,,,,,,,,,,,,,,"26.2"
"1","서초","어르신","일반","76","관리자","참가","20250219","M","160.3","69.3","27.1","93.4","58","120","36.1","33.3",,,"-16.7",,,,,,"27.0",,,,,"17",,"96","5.77","24.26","52.1",,,,,,,,,,,,,,,,,,,"36.1"
"1","수원","성인","일반","46","관리자","참가","20250219","M","173.9","61.7","16.6","81","83","119","31.3","43.8",,,"6.2",,,,,,"20.4","23",,"12.1",,,,,,,"71.0",,,"75","110","131",,"43.2",,,,,,"0.547",,,,,,
"1","수원","성인","일반","45","관리자","3등급","20250219","F","157.9","47.7","18.2","66","60","111","24.2","28.1",,,"20.4",,,,,,"19.1","20",,"13","153",,,,,,"58.9",,,,,,,,"91","38.5",,,,,,,,,,
"3","수원","성인","일반","24","관리자","참가","20250219","F","166","53.1","29.3","68","73","115","29.1","29.3",,,"28.7",,,,,,"19.3","16",,,"126",,,,,,"55.2",,,,,,,,"148","34.9",,,"0.413",,,,,,,
"3","포천","어르신","일반","69","관리자","3등급","20250219","M","179.2","80.8","23.2","93","115","172","37","41",,,"4",,,,,,"25.2",,,,,"20",,"124","5.35","21.94","50.7",,,,,,,,,,,,,,,,,,,"41.0"
"5","포항","성인","일반","37","관리자","3등급","20250219","M","170.4","70.5","19.1",,"83","149","37.5","39.3",,,"13.7",,,,,,"24.3","45",,,,,,,,,"55.7",,,,,,,,"78","47.5",,,"0.242","0.601",,,,,,
"10","창원마산회원","성인","일반","48","관리자","1등급","20250219","M","175.3","68.5","13.1","72","89","148","51","48.7",,,"18.6",,,,,,"22.3","50",,"10.16","206",,,,,,"74.5",,,,,,,,"96","43.0",,,,,,,,,,
"4","창원","성인","일반","30","관리자","3등급","20250219","M","169.7","76.9","24.9","83","87","147","40.6","52.8",,,"16.4",,,,,,"26.7","59",,"9.91","230",,,,,,"68.7",,,,,,,,"132","39.8",,,,,,,,,,
"1","시흥","성인","일반","25","관리자","참가","20250219","M","181.5","77","23.6","76","88","139","38.9","45.3",,,"6.9",,,,,,"23.4","31","34","12.37",,,,,,,"58.8",,"39.5",,,,,,,,,,,"0.489",,,,,,
"2","원주","성인","일반","21","관리자","3등급","20250219","F","167.4","65.6","34","75.5","84","128","29.8","31.7",,,"19.2",,,,,,"23.4","33",,,"144",,,,,,"48.3",,,,,,,,"109","37.3",,,"0.452",,,,,,,
"1","사상","성인","일반","64","관리자","참가","20250219","M","171.6","99","38.1","102.3","78","139","51.9","53.2",,,"15.1",,,,,,"33.6","10",,,"167",,,,,,"53.7",,,,,,,,"111","29.8",,,"0.373",,,,,,,
"1","사상","성인","일반","56","관리자","참가","20250219","M","168.2","55.3","19.7","82.6","96","171","39.6","44.7",,,"10.1",,,,,,"19.5","20",,,"190",,,,,,"80.8",,,,,,,,"136","37.5",,,"0.354",,,,,,,
"1","고양","성인","일반","19","관리자","참가","20250219","M","183.7","68.6","16",,"76","146","34.1","36.2",,,"-6.7",,,,,,"20.3","17","26","10.26","192",,,,,,"52.8",,"39.2",,,,,,,,,,,,,,,,,
"6","고양","성인","일반","22","관리자","2등급","20250219","F","160.9","50.3","29.6",,"65","144","22.7","26.7",,,"16.8",,,,,,"19.4","35",,"12.60","139",,,,,,"53.1",,,,,,,,"133","37.3",,,,,,,,,,
"4","남구(울산)","성인","일반","27","관리자","참가","20250219","M","169.3","71.8","25.2","88.2","63","126","44.3","45.8",,,"17.1",,,,,,"25.1","47",,,"181",,,,,,"63.8",,,,,,,,"135","41.2",,,"0.400",,,,,,,
"6","남구(울산)","성인","일반","31","관리자","2등급","20250219","M","178.4","92.1","27.5","101.8","69","121","51.7","60.2",,,"10.8",,,,,,"28.9","54",,,"232",,,,,,"65.4",,,,,,,,"97","42.0",,,"0.340",,,,,,,
"1","KSPO송파별관(어르신)","어르신","일반","72","관리자","1등급","20250219","M","173.4","68.6","19.2",,"78","145","33.4","40.8",,,"14.5",,,,,,"22.8",,,,,"35",,"135","4.97","19.13","59.5",,,,,,,,,,,,,,,,,,,"40.8"
"1","화성","성인","일반","62","관리자","참가","20250219","F","158.6","68.6","38.9",,"77","150","23.9","24.4",,,"7.8",,,,,,"27.3","8",,,"109",,,,,,"35.6",,,"73","103","131",,"29.6",,,,,"0.397",,,,,,,
"6","사하","성인","일반","30","관리자","1등급","20250219","M","176","74.5","21","87","75","126","43.4","47.6",,,"14.5",,,,,,"24.1","57","56","10.3","204",,,,,,"63.9",,"44.7",,,,,,,,,,,,,,,,,
"7","KSPO송파별관(어르신)","어르신","일반","79","관리자","2등급","20250219","M","159","63.9","28.5",,"81","129","30.8","32",,,"14.3",,,,,,"25.3",,,,,"32",,"122","4.73","20.29","50.1",,,,,,,,,,,,,,,,,,,"32.0"
"2","부천","성인","일반","19","관리자","참가","20250219","M","178.6","70.3","17.9",,"49","118","39","37.7",,,"14.7",,,,,,"22.0","40",,,,,,,,,"55.5",,,"67","95","116","165","48.1",,,,,"0.341","0.551",,,,,,
"1","동작","성인","일반","60","관리자","3등급","20250219","F","163.4","66.3","31.5","89","92","140","25.8","26.8",,,"19.7",,,,,,"24.8","9","12",,"106",,,,,,"40.4",,"27.9",,,,,,,,,,"0.459",,,,,,,
"4","화성","어르신","일반","79","관리자","2등급","20250219","M","160.1","66.5","34.7",,"91","166","35.2","37.6",,,"10.1",,,,,,"25.9",,,,,"35",,"104","4.73","21.33","56.5",,,,,,,,,,,,,,,,,,,"37.6"
"5","KSPO대구","성인","일반","43","관리자","참가","20250219","M","161.6","70.8","26.2","80","77","122","44.2","48.9",,,"19.5",,,,,,"27.1","33","30","11.9","188",,,,,,"69.1",,"38.4",,,,,,,,,,,,,,,,,
"2","마포","성인","일반","25","관리자","2등급","20250219","F","165.5","58.3","32.1",,"52","96","27.5","26.4",,,"25.1",,,,,,"21.3","32",,,,,,,,,"47.2",,,,,,,,"121","36.7",,,"0.395","0.444",,,,,,
"2","마포","성인","일반","24","관리자","1등급","20250219","F","166.6","58.8","28.8",,"73","116","29.8","34.8",,,"23.8",,,,,,"21.2","42",,,"165",,,,,,"59.2",,,,,,,,"99","39.5",,,"0.353",,,,,,,
"1","중구(서울)","성인","일반","25","관리자","참가","20250219","M","173.9","71.5","24.4","89.8","89","143","44.7","46.1",,,"4.6",,,,,,"23.6","32",,,,,,,,,"64.5",,,,,,,,"142","41.1",,,"0.403",,,,,,,
"2","광주","성인","일반","50","관리자","참가","20250219","F","165.3","52.5","25.5",,"60","118","21.1","23.5",,,"15.4",,,,,,"19.2","2",,,"139",,,,,,"44.8",,,"78","112","135",,"36.4",,,,,"0.344",,,,,,,
"2","KSPO송파","성인","일반","53","관리자","참가","20250219","F","156.6","62.4","35.9","85","81","142","27.3","23.4",,,"14.2",,,,,,"25.4","37",,,"152",,,,,,"43.8",,,"84","101","129",,"32.4",,,,,"0.339",,,,,,,
"3","천안","어르신","일반","66","관리자","참가","20250219","F","146","54.7","36.6",,"63","147","22.9","21.6",,,"7.6",,,,,,"25.7",,,,,"16",,"67","6.88","29.09","41.9",,,,,,,,,,,,,,,,,,,"22.9"
"1","광주","성인","일반","30","관리자","2등급","20250219","F","160.9","57.3","25.9",,"66","118","29.1","27.8",,,"15.7",,,,,,"22.1","43",,,"143",,,,,,"50.8",,,,,,,,"77","40.9",,,"0.482",,,,,,,
"2","KSPO대구","성인","일반","22","관리자","3등급","20250219","F","170.8","51.6","21.8","60.8","77","113","26.6","30.3",,,"15.3",,,,,,"17.7","28",,,"155",,,,,,"58.7",,,"108","149","172",,"37.7",,,,,"0.368",,,,,,,
"2","광주","성인","일반","31","관리자","참가","20250219","M","182.8","71.9","9.5",,"67","126","50.7","52.8",,,"-0.7",,,,,,"21.5","30",,,"222",,,,,,"73.4",,,,,,,,"93","47.4",,,"0.347",,,,,,,
"1","사상","성인","일반","63","관리자","2등급","20250219","M","167.9","70.1","20.8","82.5","90","172","40.3","51.3",,,"16.1",,,,,,"24.9","28",,,"192",,,,,,"73.2",,,,,,,,"113","35.9",,,"0.303",,,,,,,
"1","사상","성인","일반","54","관리자","참가","20250219","M","162.5","76.4","34.2","96.2","87","157","37.3","39",,,"-6.5",,,,,,"28.9","17",,,"164",,,,,,"51.0",,,,,,,,"141","32.1",,,"0.406",,,,,,,
"1","화성","성인","일반","29","관리자","참가","20250219","M","178","80.1","19.6",,"74","144","53","52.9",,,"13.7",,,,,,"25.3","61","32","10.8","239",,,,,,"66.2",,"38.3",,,,,,,,,,,,,,,,,
"1","세종","성인","일반","46","관리자","2등급","20250219","M","178.5","86.9","21.3","90.1","78","122","45.2","49.5",,,"10.8",,,,,,"27.3","37",,,,,,,,,"57.0",,,,,,,,"89","40.7",,,"0.264","0.501",,,,,,
"2","강북","성인","일반","24","관리자","참가","20250219","F","163.6","56.90","35.0","77.5","80","123","20.6","22.2",,,"0",,,,,,"21.3","16",,,"124",,,,,,"39.0",,,,,,,,"153","33.1",,,"0.351",,,,,,,
"6","오산","어르신","일반","75","관리자","2등급","20250219","M","161.3","62.4","26.6","84.7","72","130","35.2","31.6",,,"6.6",,,,,,"24.0",,,,,"24",,"106","6.82","27.78","56.4",,,,,,,,,,,,,,,,,,,"35.2"
"1","포항","성인","일반","32","관리자","참가","20250219","M","171.1","91.2","36.2",,"98","156","41.4","52.1",,,"16",,,,,,"31.2","33",,,,,,,,,"57.1",,,,,,,,"135","35.8",,,"0.284","0.552",,,,,,
"1","성동","성인","일반","60","관리자","참가","20250219","M","174.2","87.3","31.4",,"94","141","48.8","48.8",,,"16.6",,,,,,"28.8","25",,"11.8","205",,,,,,"55.9",,,,,,,,"125","31.5",,,,,,,,,,
"1","강북","성인","일반","55","관리자","참가","20250219","M","181.5","73.80","17.4","84.5","84","145","35.4","45.2",,,"-0.6",,,,,,"22.4","42",,,"173",,,,,,"61.2",,,,,,,,"87","41.9",,,"0.379",,,,,,,
"1","청주","성인","일반","34","관리자","참가","20250219","M","176.4","67.2","13","76.6","69","125","57.1","56.4",,,"2",,,,,,"21.6","39",,"10.9","233",,,,,,"85.0",,,"90","106","120","143","47.5",,,,,,,,,,,,
"1","성동","성인","일반","61","관리자","참가","20250219","F","159.7","61.9","35.9",,"62","138","22.5","26",,,"10.6",,,,,,"24.3","8",,"14.7",,,,,,,"42.0",,,,,,,,"113","29.5",,,,"0.415",,,,,,
"1","사상","성인","일반","63","관리자","참가","20250219","M","172.6","66.5","23.6","85","95","179","33.6","44.7",,,"6.8",,,,,,"22.3","10",,,"153",,,,,,"67.2",,,,,,,,"151","31.4",,,"0.365",,,,,,,
"1","부천","성인","일반","21","관리자","3등급","20250219","M","182.8","74.2","11.5",,"79","133","50.4","49.7",,,"26.7",,,,,,"22.2","45","60","10.40","226",,,,,,"67.9",,"46.2",,,,,,,,,,,,,,,,,
"4","중구(서울)","성인","일반","56","관리자","1등급","20250219","F","156.2","48","21.5","69.6","79","134","24.7","29.7",,,"20.9",,,,,,"19.7","20",,,"125",,,,,,"61.9",,,"88","112","142",,"34.0",,,,,"0.34",,,,,,,
"7","KSPO광주","성인","일반","38","관리자","참가","20250219","M","170.9","68.3","21.7","87.2","86","134","43.4","43.9",,,"16.6",,,,,,"23.4","44","14","10.71","216",,,,,,"64.3",,"35.2",,,,,,,,,,,,,,,,,
"1","성동","성인","일반","60","관리자","참가","20250219","F","154.2","57.5","34.7",,"94","154","27.1","27.6",,,"10.2",,,,,,"24.2","5",,,,,,,,,"48.0",,,,,,,,"124","28.9",,,"0.324","0.390",,,,,,
"1","성동","성인","일반","47","관리자","참가","20250219","F","158.8","78.1","40.6",,"81","139","33","33.6",,,"2",,,,,,"31.0","3",,"14.6","122",,,,,,"43.0",,,,,,,,"118","27.4",,,,,,,,,,
"2","동작","어르신","일반","71","관리자","3등급","20250219","M","161.2","58.7","20.6","82.3","61","118","34.3","37.1",,,"1.4",,,,,,"22.6",,,,,"24",,"108","5.53","22.79","63.2",,,,,,,,,,,,,,,,,,,"37.1"
"2","고양","청소년","일반","18","관리자","2등급","20250219","M","171.6","62.5","15.2",,"69","140","37.9","39",,"52","10.6","17.37","0.550","53.827","7","54.149","21.2",,"51",,,,,,,,"62.4",,"45.4",,,,,,,,,,,,,,,,,
"1","양평","성인","일반","60","관리자","참가","20250219","M","175.9","65.3","17.6",,"71","123","36.3","39.9",,,"13.2",,,,,,"21.1","18",,"12.56","198",,,,,,"61.1",,,"105","108","119","141","40.6",,,,,,,,,,,,
"1","동구(인천)","어르신","일반","67","관리자","3등급","20250219","F","151","61.2","35.8",,"76","159","21.6","19",,,"13.7",,,,,,"26.8",,,,,"18",,"105","5.25","22.43","35.3",,,,,,,,,,,,,,,,,,,"21.6"
"3","창원","성인","일반","64","관리자","3등급","20250219","M","163.5","63.4","16.6","83","75","173","38.4","38.4",,,"3.8",,,,,,"23.7","30",,"15.54","149",,,,,,"60.6",,,"75","83","100","120","42.5",,,,,,,,,,,,
"2","포항","성인","일반","29","관리자","참가","20250219","F","163.8","60.2","32.4",,"84","141","29","33",,,"23.3",,,,,,"22.4","36",,,"178",,,,,,"54.8",,,,,,,,"159","30.7",,,"0.319",,,,,,,
"1","동구(광주)","성인","일반","49","관리자","2등급","20250219","M","164.8","63.7","20.5","76","81","129","35.8","37.3",,,"14",,,,,,"23.5","41",,"10.69","194",,,,,,"58.6",,,,,,,,"129","38.1",,,,,,,,,,
"1","동구(인천)","어르신","일반","65","관리자","참가","20250219","M","169.9","70.8","27.6",,"71","131","30.4","28.8",,,"4.3",,,,,,"24.5",,,,,"27",,"114","5.63","24.66","42.9",,,,,,,,,,,,,,,,,,,"30.4"
"1","양평","어르신","일반","81","관리자","2등급","20250219","M","167.5","71.8","25.8",,"91","162","38.5","37.7",,,"7.9",,,,,,"25.6",,,,,"20",,"92","6.44","27.8","53.6",,,,,,,,,,,,,,,,,,,"38.5"
"3","서대문","성인","일반","23","관리자","2등급","20250219","M","182.6","93.8","20.0",,"80","120","54.3","65.3",,,"13.3",,,,,,"28.1","62","65","9.76",,,,,,,"69.6",,"44.4",,,,,,,,,,,"0.695",,,,,,
"4","서대문","성인","일반","26","관리자","3등급","20250219","M","180.1","66.6","17.8",,"80","120","31","35",,,"11.4",,,,,,"20.5","54","38","11.78",,,,,,,"52.6",,"41.9",,,,,,,,,,,"0.534",,,,,,
"4","KSPO송파별관(어르신)","어르신","일반","67","관리자","2등급","20250219","M","168.3","54.4","19.6",,"76","119","33.3","34.1",,,"8.7",,,,,,"19.2",,,,,"31",,"139","3.94","16.75","62.7",,,,,,,,,,,,,,,,,,,"34.1"
"1","서대문","성인","일반","24","관리자","참가","20250219","M","180.2","75.6","24.5",,"80","120","37.4","50.9",,,"-11.5",,,,,,"23.3","41","31","10.79",,,,,,,"67.3",,"39.1",,,,,,,,,,,"0.494",,,,,,
"1","서대문","성인","일반","27","관리자","3등급","20250219","M","175.0","69.4","23.6",,"80","120","44.2","37.9",,,"13.0",,,,,,"22.7","48","34","11.16",,,,,,,"63.7",,"40.5",,,,,,,,,,,"0.561",,,,,,
"1","남구(부산)","성인","일반","27","관리자","참가","20250219","F","165.6","71.4","36.3",,"82","126","34.6","36.8",,,"13.3",,,,,,"26.0","42",,"12.04","175",,,,,,"51.5",,,"91","115","140",,"34.5",,,,,,,,,,,,
"1","남구(울산)","어르신","일반","67","관리자","참가","20250219","M","172.6","80","31.8","95.8","80","152","43.5","40.3",,,"-0.4",,,,,,"26.9",,,,,"17",,"86","6.03","25.19","54.4",,,,,,,,,,,,,,,,,,,"43.5"
"1","남구(부산)","성인","일반","26","관리자","참가","20250219","F","168.6","54.4","26.4",,"70","120","23","24.7",,,"5.3",,,,,,"19.1","22",,"13.86","155",,,,,,"45.4",,,"89","110","133",,"40.3",,,,,,,,,,,,
"1","서대문","성인","일반","32","관리자","3등급","20250219","M","177.5","74.8","25.8",,"82","110","44.2","48.6",,,"11.4",,,,,,"23.7","44","32","11.85",,,,,,,"65.0",,"38.8",,,,,,,,,,,"0.522",,,,,,
"1","남구(부산)","성인","일반","25","관리자","2등급","20250219","F","159.9","71.2","37.2",,"88","132","34.3","41.9",,,"23.1",,,,,,"27.8","41",,"11.85","184",,,,,,"58.8",,,"100","126","145",,"34.2",,,,,,,,,,,,
"4","부천","성인","일반","24","관리자","1등급","20250219","F","164.1","44.0","25.9",,"52","118","20.7","24.3",,,"22.4",,,,,,"16.3","37",,,"165",,,,,,"55.2",,,,,,,,"130","39.1",,,"0.342",,,,,,,
"2","익산","성인","일반","22","관리자","참가","20250219","M","173.2","134.1","40",,"74","133","45.7","50.7",,,"-7.7",,,,,,"44.7","25",,"12.06",,,,,,,"37.8",,,,,,,,"150","26.7",,,,"0.570",,,,,,
"1","남구(부산)","성인","일반","25","관리자","3등급","20250219","F","160.6","59.2","29.6",,"82","133","32.2","34.8",,,"18.7",,,,,,"23.0","21",,"13.47","153",,,,,,"58.8",,,"96","118","140",,"37.7",,,,,,,,,,,,
"1","서대문","성인","일반","33","관리자","3등급","20250219","M","169.2","56.2","13.9",,"82","110","40.6","44.4",,,"11.1",,,,,,"19.6","36","36","11.4",,,,,,,"79.0",,"42.6",,,,,,,,,,,"0.558",,,,,,
"8","KSPO송파별관(어르신)","어르신","일반","69","관리자","3등급","20250219","M","176.3","79.8","30.3",,"77","159","10","35.9",,,"19.5",,,,,,"25.7",,,,,"30",,"124","4.30","16.950","45.0",,,,,,,,,,,,,,,,,,,"35.9"
"1","서대문","성인","일반","27","관리자","1등급","20250219","F","165.1","60.7","15.5",,"80","120","41","47.9",,,"25.5",,,,,,"22.3","71","48","11.36",,,,,,,"78.9",,"41.1",,,,,,,,,,,"0.634",,,,,,
"1","오산","청소년","일반","18","관리자","참가","20250219","M","177.1","69.5","12.3","83.5","62","136","41.9","51","40",,"1.4","19.88","0.625","45.203","18","46.031","22.2",,"42",,,,,,,,"73.4",,"43.1",,,,,,,,,,,,,,,,,
"1","남구(부산)","성인","일반","46","관리자","참가","20250219","M","173.9","79.7","26",,"85","131","38.3","33",,,"4.3",,,,,,"26.4","32",,,"179",,,,,,"48.1",,,,,,,,"134","35.3",,,"0.401",,,,,,,
"8","서대문","성인","일반","34","관리자","2등급","20250219","M","174.8","94.4","19.2",,"80","120","59","60.3",,,"19.2",,,,,,"30.9","56","42","9.81",,,,,,,"63.9",,"38.2",,,,,,,,,,,"0.648",,,,,,
"2","부천","성인","일반","54","관리자","3등급","20250219","F","151","51.7","35.6",,"72","147","22.3","25.3",,,"14.8",,,,,,"22.7","24",,,"136",,,,,,"48.9",,,,,,,,"120","31.6",,,"0.346",,,,,,,
"1","달서","어르신","일반","66","관리자","2등급","20250219","M","157.2","56.7","26","80","96","153","33.9","34",,,"9.5",,,,,,"22.9",,,,,"27",,"137","5.12","20.21","60.0",,,,,,,,,,,,,,,,,,,"34.0"
"4","KSPO대구","성인","일반","41","관리자","3등급","20250219","M","160.2","64","30","82.4","73","117","35","35.2",,,"8.4",,,,,,"24.9","43",,"12.2",,,,,,,"55.0",,,"98","122","142","175","38.8",,,,,,"0.553",,,,,,
"1","남구(부산)","성인","일반","59","관리자","참가","20250219","M","178.4","88.4","31.8",,"80","139","40.7","47.5",,,"2.2",,,,,,"27.8","21",,,"173",,,,,,"53.7",,,,,,,,"142","29.3",,,"0.342",,,,,,,
"2","서대문","성인","일반","34","관리자","2등급","20250219","M","178.0","94.4","19.2",,"80","120","59","60.3",,,"19.2",,,,,,"29.8","56","44","9.81",,,,,,,"63.9",,"38.6",,,,,,,,,,,"0.648",,,,,,
"1","서대문","성인","일반","31","관리자","2등급","20250219","M","180.3","80.3","18.6",,"80","120","50.9","45.4",,,"17.7",,,,,,"24.7","55","47","10.28",,,,,,,"63.4",,"41.6",,,,,,,,,,,"0.644",,,,,,
"1","천안","성인","일반","25","관리자","참가","20250219","M","170.6","83.2","35.7",,"77","127","29.6","35.3",,,"1.7",,,,,,"28.6","41","23",,"188",,,,,,"42.4",,"36.2",,,,,,,,,,"0.249",,,,,,,
"1","제주","성인","일반","54","관리자","참가","20250219","F","162","55.7","32","77.1","62","104","19.9","21.1",,,"8.9",,,,,,"21.2","11",,"17.1",,,,,,,"37.9",,,"96","120","150",,"31.9",,,,,,"0.352",,,,,,
"1","천안","성인","일반","25","관리자","참가","20250219","M","179.6","80.9","19.8",,"85","142","37.3","46.7",,,"1",,,,,,"25.1","47","31",,"229",,,,,,"57.7",,"38.2",,,,,,,,,,"0.235",,,,,,,
"1","서대문","성인","일반","36","관리자","2등급","20250219","M","179.4","79.8","21.3",,"80","120","38.6","55.4",,,"19.9",,,,,,"24.8","44","52","11.4",,,,,,,"69.4",,"42.4",,,,,,,,,,,"0.625",,,,,,
"1","서대문","성인","일반","28","관리자","참가","20250219","M","177.3","63.8","25.4",,"80","120","33.2","44",,,"8.8",,,,,,"20.3","41","33","12.17",,,,,,,"69.0",,"41.0",,,,,,,,,,,"0.550",,,,,,
"3","보은","어르신","일반","68","관리자","2등급","20250219","F","145.8","54.7","34.2",,"83","146","19.5","20.9",,,"25",,,,,,"25.7",,,,,"26",,"120","4.53","20.63","38.2",,,,,,,,,,,,,,,,,,,"20.9"
"1","청주","성인","일반","19","관리자","참가","20250219","M","172.9","74.8","16.8","82.2","47","114","41.8","51.3",,,"16.9",,,,,,"25.0","41",,,,,,,,,"68.6",,,"84","109","123","166","46.3",,,,,"0.310","0.651",,,,,,
"1","서대문","성인","일반","34","관리자","2등급","20250219","M","171.0","65.3","16.1",,"80","120","37.9","38.3",,,"10.7",,,,,,"22.3","61","52","11.46",,,,,,,"58.7",,"44.9",,,,,,,,,,,"0.559",,,,,,
"1","서대문","성인","일반","24","관리자","참가","20250219","M","181.5","79.3","22.9",,"80","120","47.6","49.2",,,"13.9",,,,,,"24.1","37","0","11.08",,,,,,,"62.0",,"31.2",,,,,,,,,,,"0.549",,,,,,
"2","춘천","어르신","일반","65","관리자","3등급","20250219","F","159.6","61.2","37.2","83.4","81","126","24.2","24",,,"14.2",,,,,,"24.0",,,,,"29",,"120","4.97","20.29","39.5",,,,,,,,,,,,,,,,,,,"24.2"
"1","KSPO송파","성인","일반","28","관리자","참가","20250219","M","173.7","82.4","24.6","93.1","82","134","41.9","46.9",,,"4.5",,,,,,"27.3","43",,,"203",,,,,,"56.9",,,"100","115","134","160","41.1",,,,,"0.336",,,,,,,
"3","정읍","성인","일반","27","관리자","참가","20250219","M","172.9","78.4","26.5",,"80","140","45.9","44.6",,,"9.5",,,,,,"26.2","39",,,,,,,,,"58.5",,,,,,,,"108","44.0",,,"0.354","0.601",,,,,,
"1","KSPO송파","성인","일반","21","관리자","1등급","20250219","F","159.8","57.5","25","77.3","37","87","25.9","28",,,"31.3",,,,,,"22.5","48",,,"196",,,,,,"48.7",,,"94","111","124",,"41.1",,,,,"0.337",,,,,,,
"1","삼척","성인","일반","43","관리자","3등급","20250219","F","156.6","54.6","33.9",,"83","115","23.5","30.3",,,"15.5",,,,,,"22.3","29",,,,,,,,,"55.5",,,,,,,,"142","30.8",,,"0.453","0.399",,,,,,
"2","성남","어르신","일반","65","관리자","참가","20250219","M","162.5","61.8","20.7",,"75","143","26.5","34.6",,,"-8.7",,,,,,"23.4",,,,,"18",,"36","5.43","23.23","56.0",,,,,,,,,,,,,,,,,,,"34.6"
"1","남구(울산)","성인","일반","30","관리자","참가","20250219","M","182.7","87.9","26.4","104","83","121","39.4","45.4",,,"1.8",,,,,,"26.3","40",,,"181",,,,,,"51.6",,,,,,,,"125","39.4",,,"0.376",,,,,,,
"1","남구(울산)","성인","일반","38","관리자","1등급","20250219","F","158.5","51.9","26.6","74.5","69","114","28.8","30.5",,,"23.5",,,,,,"20.7","31",,,"172",,,,,,"58.8",,,,,,,,"96","38.2",,,"0.268",,,,,,,
"1","춘천","성인","일반","19","관리자","참가","20250219","M","176","80.0","25.9","97.1","50","119","35.2","36.2",,,"6.4",,,,,,"25.8","47",,"11.88",,,,,,,"45.3",,,"95","123","147",,"42.1",,,,,,"0.531",,,,,,
"1","북구(광주)","성인","일반","20","관리자","참가","20250219","M","174.6","70.7","13.6","77.2","74","136","40.4","37",,,"3.4",,,,,,"23.2","71","66","10.38","247",,,,,,"57.1",,"48.4",,,,,,,,,,,,,,,,,
"6","성남","성인","일반","23","관리자","3등급","20250219","F","167.7","54.9","24.4",,"74","113","20.2","26.5",,,"27.5",,,,,,"19.5","28",,,"165",,,,,,"48.3",,,,,,,,"102","40.4",,,"0.383",,,,,,,
"1","북구(광주)","성인","일반","36","관리자","2등급","20250219","M","169.7","68.8","22.0","84.1","78","136","35.4","40.1",,,"17.2",,,,,,"23.9","45","61",,"217",,,,,,"58.3",,"46.3",,,,,,,,,,"0.322",,,,,,,
"5","청주","성인","일반","55","관리자","3등급","20250219","F","155.7","56.6","38","85","80","146","25.5","28.2",,,"13.4",,,,,,"23.3","20",,,"130",,,,,,"49.8",,,,,,,,"116","31.2",,,"0.372",,,,,,,
"1","청주","성인","일반","62","관리자","참가","20250219","F","164.5","68.6","41","95","67","126","24","24.2",,,"1.5",,,,,,"25.4","0",,,"78",,,,,,"35.3",,,,,,,,,,,,,,,,,,,
"2","부천","어르신","일반","76","관리자","2등급","20250219","M","168.1","75.3","30.7",,"73","137","36.6","37.1",,,"4.5",,,,,,"26.6",,,,,"23",,"120","5.34","21.85","49.3",,,,,,,,,,,,,,,,,,,"37.0"
"1","오산","어르신","일반","68","관리자","3등급","20250219","M","166.6","65","23.3","80.7","79","144","32","37.9",,,"5.8",,,,,,"23.4",,,,,"25",,"134","4.28","20.71","58.3",,,,,,,,,,,,,,,,,,,"37.9"
"1","KSPO송파별관(어르신)","어르신","일반","65","관리자","3등급","20250219","M","170.8","76.2","28",,"99","158","34.8","34.5",,,"17.5",,,,,,"26.1",,,,,"27",,"141","4.2","16.2","45.7",,,,,,,,,,,,,,,,,,,"34.8"
"2","KSPO아산","성인","일반","61","관리자","참가","20250219","F","155.3","52.7","35.9","86.5","93","169","24","26",,,"11.8",,,,,,"21.9","20",,,"141",,,,,,"49.3",,,,,,,,"150","26.9",,,"0.390",,,,,,,
"1","강릉","성인","일반","61","관리자","참가","20250219","M","167.8","75.5","30.9","96.8","94","141","39.4","40.4",,,"2.7",,,,,,"26.8","25",,,"168",,,,,,"53.5",,,,,,,,"112","35.3",,,"0.315",,,,,,,
"4","오산","어르신","일반","76","관리자","2등급","20250219","M","166.9","72.9","33.2","93.3","92","155","35.7","33.5",,,"3.2",,,,,,"26.2",,,,,"22",,"119","5.85","24.03","49.0",,,,,,,,,,,,,,,,,,,"35.7"
"1","광주","성인","일반","19","관리자","참가","20250219","M","173.5","63.7","12.6",,"57","117","49","49.4",,,"5.8",,,,,,"21.2","58",,,"273",,,,,,"77.6",,,"99","109","128",,"48.2",,,,,"0.271",,,,,,,
"1","부천","성인","일반","25","관리자","2등급","20250219","M","192.6","72.0","15.9",,"58","129","46.8","47.8",,,"10.9",,,,,,"19.4","48",,,"246",,,,,,"66.4",,,,,,,,"117","46.1",,,"0.324",,,,,,,
"3","KSPO송파별관(어르신)","어르신","일반","66","관리자","2등급","20250219","M","175.2","80.4","32.3",,"72","155","37.1","40.5",,,"14.3",,,,,,"26.2",,,,,"32",,"139","4.7","19","50.4",,,,,,,,,,,,,,,,,,,"40.5"
"2","광주","성인","일반","52","관리자","2등급","20250219","F","152.3","66.5","37.3",,"65","119","34.4","33.6",,,"18.3",,,,,,"28.7","28",,,"153",,,,,,"51.7",,,"87","111","135",,"30.8",,,,,"0.362",,,,,,,
"1","화성","성인","일반","27","관리자","2등급","20250219","M","175.6","79.1","16.4",,"77","130","54","57.1",,,"16.4",,,,,,"25.7","55",,"10.81",,,,,,,"72.2",,,"88","108","124",,"44.5",,,,,,"0.576",,,,,,
"1","KSPO대구","성인","일반","26","관리자","3등급","20250219","M","176.5","69.3","18.1","80","92","136","37.7","41.8",,,"8.2",,,,,,"22.2","43",,,"184",,,,,,"60.3",,,,,,,,"119","44.9",,,"0.316",,,,,,,
"1","동작","성인","일반","25","관리자","1등급","20250219","F","167.1","54.5","23.8","60","76","111","31.6","31.1",,,"19.9",,,,,,"19.5","35",,,"174",,,,,,"58.0",,,,,,,,"119","38.0",,,"0.283",,,,,,,
"3","오산","성인","일반","20","관리자","2등급","20250219","M","164.5","56.8","13.7","75.2","85","148","39.5","41.1",,,"15.4",,,,,,"21.0","58","63",,,,,,,,"72.4",,"49.9",,,,,,,,,,"0.324","0.465",,,,,,
"1","동작","성인","일반","39","관리자","3등급","20250219","F","161.5","56.5","29.4","79","78","109","23.9","22.4",,,"23.9",,,,,,"21.7","25",,,"136",,,,,,"42.3",,,,,,,,"122","34.0",,,"0.384",,,,,,,
"2","KSPO대구","성인","일반","20","관리자","2등급","20250219","M","167.8","60.3","18.5","72","59","117","40.3","38.8",,,"15.9",,,,,,"21.4","57",,"9.9","219",,,,,,"66.8",,,,,,,,"125","46.8",,,,,,,,,,
"1","안동","성인","일반","40","관리자","참가","20250219","M","167.9","74.9","31.5","92","96","133","40.9","44.4",,,"-6.9",,,,,,"26.6","32","20",,"185",,,,,,"59.3",,"35.6",,,,,,,,,,"0.348",,,,,,,
"3","오산","성인","일반","24","관리자","3등급","20250219","F","156.3","49.8","33","74.5","64","131","23.3","23.6",,,"27.3",,,,,,"20.4","28",,"13.19",,,,,,,"47.4",,,"93","110","141",,"39.0",,,,,,"0.440",,,,,,
"1","KSPO대구(출장A)","어르신","출장","76","관리자","참가","20250219","F","149.5","67.1","48.4","98","79","156","17.9","18",,,"6.3",,,,,,"30.0",,,,,"14",,"77","8.25","37.8","26.8",,,,,,,,,,,,,,,,,,,"18.0"
"1","강북","어르신","일반","72","관리자","참가","20250219","M","157.4","63.80","33.3","89.7","104","155","30.5","28.6",,,"-9.4",,,,,,"25.8",,,,,"17",,"107","4.9","22.7","47.8",,,,,,,,,,,,,,,,,,,"30.5"
"1","KSPO대구(출장A)","어르신","출장","77","관리자","참가","20250219","M","169.8","73.4","35.6","98","89","134","22.8","24.2",,,"-10.5",,,,,,"25.5",,,,,"15",,"111","6.88","30.3","33.0",,,,,,,,,,,,,,,,,,,"24.2"
"1","KSPO대구(출장A)","어르신","출장","77","관리자","3등급","20250219","F","146.6","51.1","36.2","85","84","155","19.4","22.8",,,"15.4",,,,,,"23.8",,,,,"14",,"106","8.7","32.2","44.6",,,,,,,,,,,,,,,,,,,"22.8"
"1","KSPO대구(출장A)","어르신","출장","77","관리자","3등급","20250219","F","156.7","55.3","39.3","81","89","159","12.7","18.9",,,"17",,,,,,"22.5",,,,,"16",,"102","8.2","32.7","34.2",,,,,,,,,,,,,,,,,,,"18.9"
"1","KSPO대구(출장A)","어르신","출장","76","관리자","참가","20250219","F","155.4","61.6","42.5","83","70","151","16.7","22.1",,,"4",,,,,,"25.5",,,,,"20",,"93","11.26","40.55","35.9",,,,,,,,,,,,,,,,,,,"22.1"
"7","마포","어르신","일반","68","관리자","3등급","20250219","M","175.7","79.6","35.8","90","91","150","38.2","41.9",,,"2.1",,,,,,"25.8",,,,,"23",,"110","4.36","20.01","52.6",,,,,,,,,,,,,,,,,,,"41.9"
"1","전주","성인","일반","64","관리자","참가","20250219","F","151.5","61.1","43.2","88","81","131","15.2","15.9",,,"17.5",,,,,,"26.6","5",,,,,,,,,"26.0",,,,,,,,"102","29.7",,,"0.497","0.335",,,,,,
"1","마포","어르신","일반","68","관리자","3등급","20250219","F","153","68","42.8","90","107","198","28.4","29.1",,,"11.8",,,,,,"29.0",,,,,"26",,"115","4.64","20.46","42.8",,,,,,,,,,,,,,,,,,,"29.1"
"4","안산","어르신","일반","74","관리자","2등급","20250219","F","155.6","60.2","35.9","83","101","188","26.6","30",,,"20.2",,,,,,"24.9",,,,,"29",,"109","5.97","24.32","49.8",,,,,,,,,,,,,,,,,,,"30.0"
"2","천안","성인","일반","24","관리자","참가","20250219","F","166","59.3","34.5",,"74","128","24.2","27.9",,,"22.3",,,,,,"21.5","22",,,"156",,,,,,"47.0",,,,,,,,"134","35.1",,,"0.332",,,,,,,
"1","전주","성인","일반","35","관리자","참가","20250219","F","168.9","76.6","40.2","95.9","77","118","21.2","24.5",,,"-9.1",,,,,,"26.9","25",,,,,,,,,"32.0",,,,,,,,"123","30.4",,,"0.438","0.357",,,,,,
"1","KSPO대구(출장A)","어르신","출장","78","관리자","참가","20250219","M","158.2","65.9","37.8","100","80","134","18.9","20.7",,,"3",,,,,,"26.3",,,,,"7",,"106","10.73","38.041","31.4",,,,,,,,,,,,,,,,,,,"20.7"
"1","KSPO대구(출장A)","어르신","출장","69","관리자","참가","20250219","F","155.7","74.9","39.3","100","93","157","28.8","29.4",,,"9",,,,,,"30.9",,,,,"16",,"116","7.48","25.8","39.3",,,,,,,,,,,,,,,,,,,"29.4"
"1","KSPO대구(출장A)","어르신","출장","75","관리자","2등급","20250219","F","156","60.9","36.7","90","81","158","19.8","19.1",,,"16",,,,,,"25.0",,,,,"26",,"106","6.85","25.84","32.5",,,,,,,,,,,,,,,,,,,"19.8"
"1","KSPO대구(출장A)","어르신","출장","73","관리자","참가","20250219","F","151.5","48.2","36.1","85","84","145","12.1","17.7",,,"20",,,,,,"21.0",,,,,"17",,"62","8.12","32.82","36.7",,,,,,,,,,,,,,,,,,,"17.7"
"1","안산","청소년","일반","18","관리자","참가","20250219","M","172.1","56.1","16.8","73","96","137","44.9","37.9",,"58","13.7","17.44","0.611","51.394","7","51.716","18.9",,"25",,,,,,,,"80.0",,"41.5",,,,,,,,,,,,,,,,,
"1","KSPO송파","성인","일반","63","관리자","2등급","20250219","M","167.8","70.2","25.6","87.6","80","153","37.4","35.6",,,"10.1",,,,,,"24.9","28",,,"185",,,,,,"53.3",,,"69","95","117","147","37.4",,,,,"0.434",,,,,,,
"1","KSPO대구(출장A)","어르신","출장","76","관리자","3등급","20250219","F","151.7","64.8","42.5","98","61","153","18.6","20",,,"8",,,,,,"28.2",,,,,"19",,"103","7","27.85","30.9",,,,,,,,,,,,,,,,,,,"20.0"
"1","KSPO대구(출장A)","어르신","출장","83","관리자","참가","20250219","F","146.6","59.7","39.8","98","81","123","14.1","17",,,"7",,,,,,"27.8",,,,,"18",,"54","6.85","29.87","28.5",,,,,,,,,,,,,,,,,,,"17.0"
"1","KSPO대구(출장A)","어르신","출장","71","관리자","참가","20250219","F","155.1","61.2","40.7","91","86","158","19.8","22",,,"-8",,,,,,"25.4",,,,,"17",,"113","8.62","28.14","35.9",,,,,,,,,,,,,,,,,,,"22.0"
"5","화성","어르신","일반","66","관리자","3등급","20250219","F","160.9","69.7","34.8",,"93","162","32.8","32",,,"12.4",,,,,,"26.9",,,,,"21",,"103","4.8","19.8","47.1",,,,,,,,,,,,,,,,,,,"32.8"
"2","중구(서울)","어르신","일반","65","관리자","참가","20250219","F","151.3","70.6","38","107.8","91","151","25.8","27.3",,,"10.1",,,,,,"30.8",,,,,"21",,"102","5.0","21.3","38.7",,,,,,,,,,,,,,,,,,,"27.3"
"1","KSPO대구(출장A)","어르신","출장","72","관리자","참가","20250219","F","154","86.6","52.1","114","80","147","23.7","23.7",,,"8.5",,,,,,"36.5",,,,,"10",,"62","11.4","45.38","27.4",,,,,,,,,,,,,,,,,,,"23.7"
"1","중구(서울)","어르신","일반","65","관리자","1등급","20250219","M","169.4","65.9","20.1","84.5","91","159","41.3","41.2",,,"19.5",,,,,,"23.0",,,,,"27",,"122","4.2","17.6","62.7",,,,,,,,,,,,,,,,,,,"41.3"
"1","KSPO대구(출장A)","어르신","출장","80","관리자","참가","20250219","F","140","64.4","52.9","92","88","159","11.2","10",,,"17",,,,,,"32.9",,,,,"15",,"74","12.4","41.03","17.4",,,,,,,,,,,,,,,,,,,"11.2"
"1","KSPO대구(출장A)","어르신","출장","76","관리자","참가","20250219","F","159.3","49.6","25.2","73","66","110","21.8","20.9",,,"19",,,,,,"19.5",,,,,"14",,"71","10.67","40.16","44.0",,,,,,,,,,,,,,,,,,,"21.8"
"1","KSPO대구(출장A)","어르신","출장","82","관리자","2등급","20250219","F","141.7","43.7","29.5","78","87","158","20.4","19.5",,,"16.8",,,,,,"21.8",,,,,"29",,"130","7.63","24.8","46.7",,,,,,,,,,,,,,,,,,,"20.4"
"2","화성","성인","일반","54","관리자","3등급","20250219","M","173.3","61.7","22",,"100","167","36.8","39.6",,,"13",,,,,,"20.5","28",,,,,,,,,"64.2",,,,,,,,"98","42.6",,,"0.432","0.452",,,,,,
"1","KSPO대구(출장A)","어르신","출장","78","관리자","참가","20250219","F","146.6","72.4","52.4","104","61","147","14.2","16.8",,,"13",,,,,,"33.7",,,,,"19",,"106","10.65","38.68","23.2",,,,,,,,,,,,,,,,,,,"16.8"
"2","포천","성인","일반","28","관리자","참가","20250219","M","177.5","88.6","23.6","90","93","141","36","46.7",,,"3.3",,,,,,"28.1","58",,"9.44","237",,,,,,"52.7",,,,,,,,"95","43.7",,,,,,,,,,
"1","KSPO대구(출장A)","어르신","출장","78","관리자","참가","20250219","F","144.6","40.2","32.8","83","86","150","14.7","16.7",,,"9.1",,,,,,"19.2",,,,,"17",,"91","7.9","35.81","41.5",,,,,,,,,,,,,,,,,,,"16.7"
"1","KSPO대구(출장A)","어르신","출장","71","관리자","3등급","20250219","F","158.7","54.5","28.7","82","60","130","17","19.4",,,"17",,,,,,"21.6",,,,,"15",,"113","7.69","31.3","35.6",,,,,,,,,,,,,,,,,,,"19.4"
"1","춘천","성인","일반","38","관리자","1등급","20250219","F","164.1","59.8","24.8","76.1","63","121","35.1","40.6",,,"20.7",,,,,,"22.2","35",,,"179",,,,,,"67.9",,,,,,,,"96","36.8",,,"0.430",,,,,,,
"4","KSPO송파별관(어르신)","어르신","일반","69","관리자","1등급","20250219","M","169","64.5","23.1",,"99","159","39.2","43.2",,,"15.5",,,,,,"22.6",,,,,"33",,"150","4.09","16.35","67.0",,,,,,,,,,,,,,,,,,,"43.2"
"1","청주","청소년","일반","18","관리자","참가","20250219","M","171.8","73.1","19.8","86.4","85","152","45.9","47.8",,"23","4.1","16.62","0.526","55.923","11","56.429","24.8",,,,,,,,,,"65.4",,,"82","112","121",,"49.0",,,,,,,,,,,,
"2","동작","어르신","일반","66","관리자","1등급","20250219","M","160.4","60.8","19.1","80.4","76","155","40.1","40.7",,,"14.8",,,,,,"23.6",,,,,"29",,"133","4.20","19.10","66.9",,,,,,,,,,,,,,,,,,,"40.7"
"1","KSPO송파별관(어르신)","어르신","일반","66","관리자","3등급","20250219","M","161","70","34.4",,"86","150","33.9","30",,,"11.5",,,,,,"27.0",,,,,"26",,"125","5.07","20.26","48.4",,,,,,,,,,,,,,,,,,,"33.9"
"4","무안","성인","일반","21","관리자","2등급","20250219","M","176.3","76.2","19.9","84","99","147","50.8","56",,,"21.4",,,,,,"24.5","50",,,"238",,,,,,"73.5",,,,,,,,"117","44.9",,,"0.366",,,,,,,
"1","안산","어르신","일반","66","관리자","2등급","20250219","M","160.8","58.1","29.4","80","86","159","35.4","39.6",,,"11.5",,,,,,"22.5",,,,,"31",,"115","5.6","21.5","68.2",,,,,,,,,,,,,,,,,,,"39.6"
"3","부천","성인","일반","20","관리자","3등급","20250219","F","167.3","48.5","26.9",,"62","104","23.7","26",,,"10.3",,,,,,"17.1","26",,,"168",,,,,,"53.6",,,,,,,,"127","39.4",,,"0.345",,,,,,,
"1","중구(서울)","성인","일반","52","관리자","참가","20250219","F","155.8","66.4","40.2","87.7","72","116","21.6","23.3",,,"4.7",,,,,,"27.4","17",,,,,,,,,"35.1",,,"98","121","148",,"29.3",,,,,"0.391","0.369",,,,,,
"1","춘천","유소년","일반","11","관리자","참가","20250219","M","147.1","47.8",,"71.8",,,"23.5","22","8",,"6.6",,,,,,"22.1",,"49",,"143",,,,,,"49.2",,,,,,,,,,,,,,"0.49","35","5",,,
"1","달서","청소년","일반","18","관리자","2등급","20250219","M","179.1","67.5","15.9","75.9","52","111","34.3","39.1",,"55","10.8","18","0.566","42.789","6","43.065","21.0",,,,,,,,,,"57.9",,,"63","124","136",,"49.6",,,,,,,,,,,,
"1","안산","어르신","일반","73","관리자","2등급","20250219","M","165.1","47.0","22.9","85","63","141","33.8","36.1",,,"5.3",,,,,,"17.2",,,,,"31",,"114","5.2","20.9","76.8",,,,,,,,,,,,,,,,,,,"36.1"
"3","의정부","성인","일반","54","관리자","참가","20250219","F","160.9","63.3","35.6","85.3","68","120","25.1","28",,,"10.9",,,,,,"24.5","8","9",,"137",,,,,,"44.2",,"27.6",,,,,,,,,,"0.429",,,,,,,
"1","포항","어르신","일반","69","관리자","참가","20250219","M","169.6","70.9","21.5",,"87","157","30.4","36.1",,,"1.2",,,,,,"24.6",,,,,"28",,"124","4.09","20.84","50.9",,,,,,,,,,,,,,,,,,,"36.1"
"1","KSPO송파","성인","일반","24","관리자","참가","20250219","F","164.1","55","25.3","73.2","58","124","19.6","20.4",,,"23.6",,,,,,"20.4","19","23",,"124",,,,,,"37.1",,"34.5",,,,,,,,,,"0.342",,,,,,,
"1","포항","성인","일반","64","관리자","참가","20250219","F","162.5","47.8","26.6",,"49","107","21.7","21.4",,,"11.8",,,,,,"18.1","5",,,"143",,,,,,"45.4",,,,,,,,"114","32.6",,,"0.292",,,,,,,
"1","제주","성인","일반","29","관리자","참가","20250219","F","157.2","53.4","28.4","72.2","73","123","19.1","22",,,"-4.3",,,,,,"21.6","14",,,"138",,,,,,"41.2",,,,,,,,"89","40.2",,,"0.406",,,,,,,
"1","KSPO송파","성인","일반","25","관리자","참가","20250219","M","173.4","69.3","16.5","79.7","69","118","39.1","39.4",,,"16.5",,,,,,"23.0","32","32",,"200",,,,,,"56.9",,"40.3",,,,,,,,,,"0.359",,,,,,,
"3","계룡","성인","일반","32","관리자","3등급","20250219","M","183.1","82","16.9",,"70","131","53.5","52.4",,,"5.9",,,,,,"24.5","55",,,"236",,,,,,"65.2",,,,,,,,"109","42.6",,,"0.289",,,,,,,
"1","부천","성인","일반","45","관리자","참가","20250219","F","156.0","68.5","39.7",,"67","116","27.3","22.1",,,"17.4",,,,,,"28.1","23","12","13.47","130",,,,,,"39.9",,"28.0",,,,,,,,,,,,,,,,,
"1","수원","성인","일반","24","관리자","참가","20250219","M","189","88.8","16.7","86","81","130","63.1","75.7",,,"8",,,,,,"24.9","58",,"10","278",,,,,,"85.2",,,"100","125","143",,"41.3",,,,,,,,,,,,
"2","천안","어르신","일반","72","관리자","참가","20250219","M","172.9","70.2","25.8",,"71","158","35.9","35.1",,,"12",,,,,,"23.5",,,,,"27",,"87","5.19","21.53","51.1",,,,,,,,,,,,,,,,,,,"35.9"
"1","의정부","성인","일반","35","관리자","참가","20250219","F","169.9","66.2","33.9","89.3","87","136","22.3","21.4",,,"1.5",,,,,,"22.9","21",,,,,,,,,"33.7",,,"94","122","147",,"34.1",,,,,"0.389","0.392",,,,,,
"1","KSPO대구","성인","일반","57","관리자","3등급","20250219","F","161.2","53.8","31.3","75","92","175","21.2","23.4",,,"12.4",,,,,,"20.7","17",,,"129",,,,,,"43.5",,,,,,,,"140","29.1",,,"0.515",,,,,,,
"1","수원","성인","일반","20","관리자","참가","20250219","M","179.9","73.4","18.3","87","92","134","40.3","44.2",,,"-13.7",,,,,,"22.7","41","43","11.5",,,,,,,"60.2",,"42.5",,,,,,,,,,,"0.506",,,,,,
"2","수원","성인","일반","19","관리자","2등급","20250219","M","176.9","76.2","14.9","82","84","136","51.5","60.1",,,"18.5",,,,,,"24.4","53","52","9.7","258",,,,,,"78.9",,"44.4",,,,,,,,,,,,,,,,,
"4","중구(서울)","어르신","일반","70","관리자","2등급","20250219","M","167.4","55.4","16.5","76.2","90","140","37.3","37",,,"8.5",,,,,,"19.8",,,,,"34",,"126","4.2","18","67.3",,,,,,,,,,,,,,,,,,,"37.3"
"1","오산","성인","일반","28","관리자","2등급","20250219","F","156.1","56.3","28.4","80","69","112","26.4","24.4",,,"20.4",,,,,,"23.1","48","28",,,,,,,,"46.9",,"35.5",,,,,,,,,,"0.324","0.464",,,,,,
"6","오산","성인","일반","42","관리자","참가","20250219","M","173.8","85.9","29.8","103.6","80","134","41.1","51.5",,,"5.9",,,,,,"28.4","37","28",,"180",,,,,,"60.0",,"35.6",,,,,,,,,,"0.280",,,,,,,
"1","안동","성인","일반","53","관리자","참가","20250219","F","158.6","61.5","33.3","80.5","95","124","23.8","27.9",,,"11.4",,,,,,"24.4","25",,,"140",,,,,,"45.4",,,"69","88","109",,"35.8",,,,,"0.443",,,,,,,
"2","부천","어르신","일반","66","관리자","3등급","20250219","M","164.8","67.3","30.5",,"75","128","39.7","37.3",,,"2.7",,,,,,"24.8",,,,,"33",,"125","4.62","19.66","59.0",,,,,,,,,,,,,,,,,,,"39.7"
"1","서구(대전)","성인","일반","31","관리자","참가","20250219","M","174","68.1","24.6",,"91","129","35.1","37.5",,,"6",,,,,,"22.5","34",,,,,,,,,"55.1",,,"95","122","148","194","38.5",,,,,"0.351","0.552",,,,,,
"2","안동","성인","일반","24","관리자","3등급","20250219","M","181.8","89.8","24.7","87","79","126","49.5","50.9",,,"19",,,,,,"27.2","48","51",,"218",,,,,,"56.7",,"41.6",,,,,,,,,,"0.361",,,,,,,
"14","KSPO송파별관(어르신)","어르신","일반","73","관리자","3등급","20250219","M","166.6","79.3","35",,"89","155","34.8","37.8",,,"1.1",,,,,,"28.6",,,,,"24",,"109","5.3","23.02","47.7",,,,,,,,,,,,,,,,,,,"37.8"
"1","천안","성인","일반","60","관리자","참가","20250219","F","160.1","67.3","38.6",,"55","112","27.2","28.5",,,"14",,,,,,"26.3","7",,,,,,,,,"42.3",,,"93","117","147",,"28.1",,,,,"0.474","0.341",,,,,,
"2","KSPO송파","성인","일반","59","관리자","참가","20250219","F","166.5","72.5","39","90.5","95","166","23.1","23.7",,,"16.7",,,,,,"26.2","13",,,"133",,,,,,"32.7",,,"118","161","160",,"28.4",,,,,"0.425",,,,,,,
"1","KSPO송파","성인","일반","35","관리자","3등급","20250219","F","159","51.3","18.6","67.9","65","97","27.9","27.6",,,"11.1",,,,,,"20.3","26",,,,,,,,,"54.4",,,"110","123","144",,"37.0",,,,,"0.363","0.476",,,,,,
"1","양평","성인","일반","63","관리자","2등급","20250219","M","166.6","67.5","21.9",,"108","161","45.5","35.4",,,"7.6",,,,,,"24.3","32",,,"158",,,,,,"67.4",,,,,,,,"119","35.4",,,"0.320",,,,,,,
"5","중구(서울)","성인","일반","23","관리자","2등급","20250219","F","161.6","46.8","20.6","67.3","76","115","23.9","23.4",,,"31.6",,,,,,"17.9","35",,,,,,,,,"51.1",,,,,,,,"140","37.2",,,"0.373","0.457",,,,,,
"1","동작","성인","일반","62","관리자","참가","20250219","F","158.4","64.5","39.8","84","80","132","24.9","26.1",,,"3.9",,,,,,"25.7","2",,,"117",,,,,,"40.5",,,,,,,,"130","26.5",,,"0.702",,,,,,,
"4","동구(인천)","성인","일반","24","관리자","2등급","20250219","F","160","53.6","30.2",,"61","123","21.8","26.6",,,"21",,,,,,"20.9","30",,,,,,,,,"49.6",,,"82","114","143",,"38.8",,,,,"0.386","0.453",,,,,,
"4","동작","성인","일반","26","관리자","3등급","20250219","F","165.8","63.3","32.2","71","73","115","24.9","26",,,"16.1",,,,,,"23.0","26",,,,,,,,,"41.1",,,"84","99","125",,"38.3",,,,,"0.395","0.390",,,,,,
"3","중구(서울)","성인","일반","23","관리자","1등급","20250219","F","167.7","54.9","18.6","72.7","65","94","32.7","35.3",,,"22.7",,,,,,"19.5","39",,,"183",,,,,,"64.3",,,,,,,,"131","36.9",,,"0.389",,,,,,,
"1","서구(광주)","성인","일반","57","관리자","3등급","20250219","M","173.9","71.1","18.2","84.4","77","130","41.7","43",,,"13",,,,,,"23.5","24","23","14.67",,,,,,,"60.5",,"35.3",,,,,,,,,,,"0.469",,,,,,
"5","청주","성인","일반","57","관리자","참가","20250219","F","148.2","57.7","40.4","84.9","90","140","25.5","26.8",,,"8.2",,,,,,"26.3","25",,,"119",,,,,,"46.4",,,,,,,,"83","33.8",,,"0.423",,,,,,,
"14","청주","성인","일반","59","관리자","참가","20250219","F","152.3","55.1","36.2","78.3","55","131","30.3","31.7",,,"14.3",,,,,,"23.8",,,,"132",,,,,,"57.5",,,,,,,,"89","33.8",,,"0.388",,,,,,,
"7","청주","성인","일반","58","관리자","참가","20250219","F","151.4","73.8","50","97.6","74","139","29.7","27.3",,,"21.3",,,,,,"32.2",,,,"115",,,,,,"40.2",,,,,,,,"115","26.1",,,"0.282",,,,,,,
"3","서구(광주)","성인","일반","47","관리자","참가","20250219","F","156.2","66.3","45.3","89.5","85","132","24.9","23.7",,,"14.4",,,,,,"27.2","5","8","16.05",,,,,,,"37.6",,"27.0",,,,,,,,,,,"0.344",,,,,,
"3","동작","성인","일반","23","관리자","3등급","20250219","F","156.1","50.3","22.7","66","86","136","25.6","26.6",,,"22.4",,,,,,"20.6","23",,,,,,,,,"52.9",,,,,,,,"136","36.3",,,"0.412","0.352",,,,,,
"1","중구(서울)","성인","일반","26","관리자","3등급","20250219","M","174.6","64","12.0","74.4","61","134","37.5","42.3",,,"13.3",,,,,,"21.0","42",,,"228",,,,,,"66.1",,,,,,,,"113","46.8",,,"0.317",,,,,,,
"1","서구(광주)","성인","일반","50","관리자","참가","20250219","F","156.8","50.1","27.5","72","62","106","16.3","15.4",,,"5.5",,,,,,"20.4","13","15","15.43",,,,,,,"32.5",,"31.7",,,,,,,,,,,"0.414",,,,,,
"2","동구(인천)","성인","일반","60","관리자","참가","20250219","F","155.7","55.5","34.6",,"81","150","28","29.9",,,"19.6",,,,,,"22.9","7",,,"133",,,,,,"53.9",,,,,,,,"149","26.5",,,"0.311",,,,,,,
"5","동구(인천)","성인","일반","23","관리자","3등급","20250219","F","164.1","53.2","22.5",,"58","108","25.7","28",,,"16.7",,,,,,"19.8","27",,,"142",,,,,,"52.6",,,,,,,,"91","41.8",,,"0.355",,,,,,,
"1","정읍","성인","출장","45","관리자","참가","20250219","F","159.2","54","34.1",,"81","127","23.7","26.9",,,"8.3",,,,,,"21.3","26","22","13.02","146",,,,,,"49.8",,"33.4",,,,,,,,,,,,,,,,,
"1","정읍","성인","출장","35","관리자","참가","20250219","M","171.7","110.8","44.4",,"84","144","46","48.5",,,"-0.7",,,,,,"37.6","38","24","12.38","176",,,,,,"43.8",,"31.6",,,,,,,,,,,,,,,,,
"1","정읍","성인","출장","47","관리자","참가","20250219","M","160.3","64.4","22.5",,"62","126","43.8","44.4",,,"-1.5",,,,,,"25.1","34","56","12.05","192",,,,,,"68.9",,"45.1",,,,,,,,,,,,,,,,,
"3","정읍","성인","출장","54","관리자","참가","20250219","F","155.7","57.5","32.8",,"71","132","23.4","27.4",,,"6.1",,,,,,"23.7","23","26","13.95","156",,,,,,"47.7",,"33.7",,,,,,,,,,,,,,,,,
"2","정읍","성인","출장","51","관리자","1등급","20250219","M","168.4","70.3","21.8",,"75","129","44.4","46.9",,,"15",,,,,,"24.8","41","44","11.4","193",,,,,,"66.7",,"41.0",,,,,,,,,,,,,,,,,
"1","정읍","성인","출장","58","관리자","2등급","20250219","M","174.2","82.5","24",,"67","128","48.1","52.6",,,"8.9",,,,,,"27.2","50","46","11.96","206",,,,,,"63.8",,"39.0",,,,,,,,,,,,,,,,,
"1","정읍","성인","출장","53","관리자","2등급","20250219","M","166.7","68.6","20.7",,"71","127","39.9","41.2",,,"12.3",,,,,,"24.7","49","36","12.98","182",,,,,,"60.1",,"39.2",,,,,,,,,,,,,,,,,
"1","정읍","성인","출장","57","관리자","참가","20250219","M","174.5","69.6","20.7",,"61","116","33.1","39.9",,,"-2.1",,,,,,"22.9","28","40","13.06","190",,,,,,"57.3",,"36.2",,,,,,,,,,,,,,,,,
"1","정읍","성인","출장","46","관리자","참가","20250219","M","171.7","71.6","26.5",,"79","138","33","35.4",,,"-8.1",,,,,,"24.3","32","36","11.56","163",,,,,,"49.4",,"39.2",,,,,,,,,,,,,,,,,
"1","정읍","성인","출장","31","관리자","참가","20250219","F","155","54.6","36.2",,"60","123","22.7","30",,,"17.5",,,,,,"22.7","17","19","13.13","150",,,,,,"54.9",,"32.9",,,,,,,,,,,,,,,,,
"1","동구(인천)","성인","일반","64","관리자","참가","20250219","M","165","74","29",,"95","152","42.1","42.5",,,"6.3",,,,,,"27.2","32","16",,"175",,,,,,"57.4",,"32.9",,,,,,,,,,"0.412",,,,,,,
"1","정읍","성인","출장","50","관리자","1등급","20250219","M","170","66.4","19.9",,"71","121","43.2","42.8",,,"21.6",,,,,,"23.0","38","42","12.28","224",,,,,,"65.1",,"41.1",,,,,,,,,,,,,,,,,
"1","정읍","성인","출장","40","관리자","참가","20250219","M","165.7","68.1","25",,"70","119","38.4","39",,,"-2.7",,,,,,"24.8","31","24","12.35","203",,,,,,"57.3",,"32.1",,,,,,,,,,,,,,,,,
"2","정읍","성인","출장","45","관리자","참가","20250219","M","171.5","71.1","25.8",,"65","129","37.9","40.8",,,"-0.8",,,,,,"24.2","31","54","12.28","182",,,,,,"57.4",,"43.6",,,,,,,,,,,,,,,,,
"1","정읍","성인","출장","32","관리자","참가","20250219","M","177","87.2","27.8",,"88","130","38.1","41.2",,,"4.9",,,,,,"27.8","41","52","11.7","206",,,,,,"47.2",,"41.7",,,,,,,,,,,,,,,,,
"1","정읍","성인","출장","64","관리자","1등급","20250219","M","162.2","66.6","21.7",,"65","118","40","44.6",,,"15.6",,,,,,"25.3","37","32","12.48","156",,,,,,"67.0",,"37.8",,,,,,,,,,,,,,,,,
"1","서구(광주)","성인","일반","27","관리자","참가","20250219","M","178.5","98.2","23.3","99","97","141","38.2","41.8",,,"21.4",,,,,,"30.8","42","34","10.69",,,,,,,"42.6",,"36.3",,,,,,,,,,,"0.569",,,,,,
"1","서구(광주)","성인","일반","33","관리자","참가","20250219","M","173.8","87.2","32.1","95.5","99","139","46.5","47.3",,,"1.6",,,,,,"28.9","49",,,,,,,,,"54.2",,,,,,,,"103","41.4",,,"0.394","0.489",,,,,,
"1","미추홀","어르신","출장","85","관리자","참가","20250219","F","151","61.8","40.1","89","78","130","17.3","19.7",,,"14.5",,,,,,"27.1",,,,,"9",,"42","19.65","80.15","31.9",,,,,,,,,,,,,,,,,,,"19.7"
"1","미추홀","어르신","출장","86","관리자","참가","20250219","F","148.1","77.4","46.8","103","88","140","18.1","25.7",,,"-2",,,,,,"35.3",,,,,"15",,"65","10.60","47.29","33.2",,,,,,,,,,,,,,,,,,,"25.7"
"1","미추홀","어르신","출장","81","관리자","2등급","20250219","F","157","52.4","30.8","79","89","150","15.9","18",,,"19.7",,,,,,"21.3",,,,,"14",,"83","7.2","30.1","34.4",,,,,,,,,,,,,,,,,,,"18.0"
"1","미추홀","어르신","출장","83","관리자","2등급","20250219","M","177.2","70.7","21.1","79","89","156","35.8","32.3",,,"15",,,,,,"22.5",,,,,"23",,"102","6.22","25.94","50.6",,,,,,,,,,,,,,,,,,,"35.8"
"1","미추홀","어르신","출장","83","관리자","1등급","20250219","F","151","50.6","29.3","71","85","153","14.2","17.7",,,"16",,,,,,"22.2",,,,,"22",,"119","5.63","22.84","35.0",,,,,,,,,,,,,,,,,,,"17.7"
"2","미추홀","어르신","출장","73","관리자","1등급","20250219","F","152.2","55.8","31.4","77","78","148","28.2","28",,,"19",,,,,,"24.1",,,,,"25",,"127","5.35","23.04","50.5",,,,,,,,,,,,,,,,,,,"28.2"
"1","미추홀","어르신","출장","85","관리자","2등급","20250219","F","149.1","64.4","40.4","95","77","149","17.9","20.9",,,"7.7",,,,,,"29.0",,,,,"19",,"117","6.6","33.9","32.5",,,,,,,,,,,,,,,,,,,"20.9"
"1","미추홀","어르신","출장","86","관리자","2등급","20250219","M","156.7","59.7","28.1","83","86","154","24.7","25.9",,,"3.5",,,,,,"24.3",,,,,"18",,"121","6.6","28.7","43.4",,,,,,,,,,,,,,,,,,,"25.9"
"2","미추홀","어르신","출장","87","관리자","1등급","20250219","M","161.7","59","19.3","79","87","144","26.8","27.4",,,"24",,,,,,"22.6",,,,,"22",,"114","5.84","24.94","46.4",,,,,,,,,,,,,,,,,,,"27.4"
"4","미추홀","어르신","출장","83","관리자","1등급","20250219","F","151.8","55.3","37.6","87","76","133","18","20.3",,,"15",,,,,,"24.0",,,,,"24",,"117","5.57","24.65","36.7",,,,,,,,,,,,,,,,,,,"20.3"
"1","미추홀","어르신","출장","84","관리자","2등급","20250219","F","158.5","60.6","34.7","84","75","134","20.1","21.2",,,"14.5",,,,,,"24.1",,,,,"13",,"101","7.88","31.44","35.0",,,,,,,,,,,,,,,,,,,"21.2"
"1","미추홀","어르신","출장","78","관리자","3등급","20250219","F","152.6","53.4","34.8","78","76","143","20.1","18.6",,,"15.5",,,,,,"22.9",,,,,"17",,"101","7.19","31.81","37.6",,,,,,,,,,,,,,,,,,,"20.1"
"2","미추홀","어르신","출장","74","관리자","참가","20250219","F","150","48.4","35","78","87","143","21.2","20.7",,,"2.5",,,,,,"21.5",,,,,"19",,"113","6.62","27.13","43.8",,,,,,,,,,,,,,,,,,,"21.2"
"3","미추홀","어르신","출장","89","관리자","3등급","20250219","F","145","55","40","81","85","145","14.6","19.3",,,"6",,,,,,"26.2",,,,,"23",,"112","7.25","29.56","35.1",,,,,,,,,,,,,,,,,,,"19.3"
"1","미추홀","어르신","출장","83","관리자","참가","20250219","F","154.8","60.6","29.4","86","88","155","11.9","15.3",,,"0",,,,,,"25.3",,,,,"12",,"7","10.2","40.7","25.2",,,,,,,,,,,,,,,,,,,"15.3"
"2","미추홀","어르신","출장","78","관리자","참가","20250219","F","155.7","52.8","26.8","80","74","134","14.6","14.1",,,"-27",,,,,,"21.8",,,,,"8",,"35","8.8","39.9","27.7",,,,,,,,,,,,,,,,,,,"14.6"
"2","미추홀","어르신","출장","88","관리자","참가","20250219","F","149","51.8","25.8","86","88","149","19.4","21.4",,,"-1.5",,,,,,"23.3",,,,,"12",,"107","9.09","40.84","41.3",,,,,,,,,,,,,,,,,,,"21.4"
"1","미추홀","어르신","출장","79","관리자","참가","20250219","M","174.3","82.3","32.7","99","75","142","37.1","31.9",,,"-3",,,,,,"27.1",,,,,"15",,"98","6.82","33.31","45.1",,,,,,,,,,,,,,,,,,,"37.1"
"3","미추홀","어르신","출장","76","관리자","3등급","20250219","F","162.2","57.2","33.4","78","72","132","27.2","27.9",,,"11",,,,,,"21.7",,,,,"24",,"126","6.09","25.44","48.8",,,,,,,,,,,,,,,,,,,"27.9"
"1","미추홀","어르신","출장","74","관리자","3등급","20250219","F","152.5","66.7","40.3","89","67","123","21.3","25.4",,,"11",,,,,,"28.7",,,,,"22",,"120","6.32","25.37","38.1",,,,,,,,,,,,,,,,,,,"25.4"
"1","미추홀","어르신","출장","88","관리자","참가","20250219","F","150.2","64","42.5","100","66","123","15.5","22",,,"-3",,,,,,"28.4",,,,,"15",,"80","7.19","33.40","34.4",,,,,,,,,,,,,,,,,,,"22.0"
"6","신안","어르신","출장","70","관리자","참가","20250219","M","171.6","76.5","30.2",,"93","137","30.9","28.5",,,"24.4",,,,,,"26.0",,,,,"15",,"107","5.72","21.34","40.4",,,,,,,,,,,,,,,,,,,"30.9"
"7","신안","어르신","출장","74","관리자","3등급","20250219","M","163.8","64","27.5",,"92","153","27.6","28.1",,,"6.6",,,,,,"23.9",,,,,"20",,"107","4.34","24.04","43.9",,,,,,,,,,,,,,,,,,,"28.1"
"7","신안","어르신","출장","65","관리자","참가","20250219","M","167.5","55.6","13",,"73","147","20.4","23.1",,,"9.2",,,,,,"19.8",,,,,"20",,"104","4.81","26.41","41.5",,,,,,,,,,,,,,,,,,,"23.1"
"5","신안","어르신","출장","70","관리자","참가","20250219","M","164.7","60.7","30.4",,"58","123","13","17.2",,,"10",,,,,,"22.4",,,,,"13",,"77","8.65","38.53","28.3",,,,,,,,,,,,,,,,,,,"17.2"
"7","신안","어르신","출장","68","관리자","참가","20250219","M","159","52.4","7.2",,"82","153","30.5","32.4",,,"-4.5",,,,,,"20.7",,,,,"17",,"109","4.94","24.53","61.8",,,,,,,,,,,,,,,,,,,"32.4"
"5","신안","어르신","출장","66","관리자","참가","20250219","M","152.5","69.3","41.6",,"93","157","24","38.7",,,"4",,,,,,"29.8",,,,,"16",,"108","6.04","28.2","55.8",,,,,,,,,,,,,,,,,,,"38.7"
"7","신안","어르신","출장","71","관리자","3등급","20250219","M","159.2","57.2","31.7",,"68","147","25","24.1",,,"2.2",,,,,,"22.6",,,,,"15",,"108","6.9","24.8","43.7",,,,,,,,,,,,,,,,,,,"25.0"
"6","신안","어르신","출장","72","관리자","참가","20250219","M","153.7","66.2","42.2",,"91","143","16.1","12.1",,,"8.1",,,,,,"28.0",,,,,"15",,"108","6.47","33.7","24.3",,,,,,,,,,,,,,,,,,,"16.1"
"4","신안","어르신","출장","82","관리자","참가","20250219","M","169.5","87.1","36.1",,"91","137","18.9","17.1",,,"-13.8",,,,,,"30.3",,,,,"20",,"122","6.5","28.4","21.7",,,,,,,,,,,,,,,,,,,"18.9"
"3","신안","어르신","출장","67","관리자","참가","20250219","M","163.3","73.4","33",,"71","143","23.9","24.8",,,"28.1",,,,,,"27.5",,,,,"25",,"123","5.2","20.1","33.8",,,,,,,,,,,,,,,,,,,"24.8"
"3","신안","어르신","출장","80","관리자","참가","20250219","M","154.4","71.2","31.9",,"63","157","9","10.8",,,"-2.7",,,,,,"29.9",,,,,"11",,"59","7.5","42.1","15.2",,,,,,,,,,,,,,,,,,,"10.8"
"6","신안","어르신","출장","70","관리자","참가","20250219","M","156","64.9","30.4",,"73","141","25.8","29.1",,,"12.1",,,,,,"26.7",,,,,"19",,"69","5.3","24.2","44.8",,,,,,,,,,,,,,,,,,,"29.1"
"7","신안","어르신","출장","65","관리자","참가","20250219","M","168.6","62.6","30.7",,"69","132","18.5","16.1",,,"0.8",,,,,,"22.0",,,,,"17",,"100","5.5","25.22","29.6",,,,,,,,,,,,,,,,,,,"18.5"
"6","신안","어르신","출장","66","관리자","참가","20250219","M","168.5","76.6","34.8",,"68","130","24.8","25.5",,,"3.4",,,,,,"27.0",,,,,"17",,"100","5.75","24.21","33.3",,,,,,,,,,,,,,,,,,,"25.5"
"5","신안","어르신","출장","66","관리자","참가","20250219","F","156","60.5","28.5",,"86","117","19.8","24.8",,,"27",,,,,,"24.9",,,,,"18",,"82","6.63","24.4","41.0",,,,,,,,,,,,,,,,,,,"24.8"
"7","신안","어르신","출장","66","관리자","참가","20250219","F","153.5","75.8","47.6",,"64","112","20.9","19.2",,,"8.6",,,,,,"32.2",,,,,"19",,"96","6.09","25.5","27.6",,,,,,,,,,,,,,,,,,,"20.9"
"7","신안","어르신","출장","69","관리자","3등급","20250219","F","152.6","49.4","34.4",,"72","164","12.9","16.8",,,"12.6",,,,,,"21.2",,,,,"24",,"108","4.97","21.15","34.0",,,,,,,,,,,,,,,,,,,"16.8"
"6","신안","어르신","출장","67","관리자","참가","20250219","F","155","56.4","38.2",,"91","132","13","14.7",,,"-0.8",,,,,,"23.5",,,,,"24",,"104","5.13","22.85","26.1",,,,,,,,,,,,,,,,,,,"14.7"
"6","신안","어르신","출장","78","관리자","참가","20250219","M","157","66.9","35.9",,"94","143","20.7","24.5",,,"15",,,,,,"27.1",,,,,"14",,"50","8.25","35.60","36.6",,,,,,,,,,,,,,,,,,,"24.5"
"6","신안","어르신","출장","75","관리자","참가","20250219","F","142.2","61","49.2",,"72","127","9.7","7.3",,,"16",,,,,,"30.2",,,,,"11",,"60","8.25","35.27","15.9",,,,,,,,,,,,,,,,,,,"9.7"
"7","신안","어르신","출장","68","관리자","참가","20250219","M","161","83","35.1",,"92","157","30","31.4",,,"6",,,,,,"32.0",,,,,"17",,"120","5.38","22.04","37.8",,,,,,,,,,,,,,,,,,,"31.4"
"7","신안","어르신","출장","69","관리자","3등급","20250219","M","175.3","71.8","24.1",,"69","132","33.3","29.3",,,"2",,,,,,"23.4",,,,,"17",,"120","5.14","25.20","46.4",,,,,,,,,,,,,,,,,,,"33.3"
"6","신안","어르신","출장","67","관리자","3등급","20250219","M","159","75.5","38.9",,"91","142","41.2","37.6",,,"23.5",,,,,,"29.9",,,,,"20",,"120","5.00","20.93","54.6",,,,,,,,,,,,,,,,,,,"41.2"
"3","성남","어르신","일반","66","관리자","1등급","20250219","M","160.4","59.5","24.0",,"75","128","34.7","34.6",,,"17.7",,,,,,"23.1",,,,,"32",,"129","5.00","20.05","58.3",,,,,,,,,,,,,,,,,,,"34.7"
"5","포천","어르신","일반","70","관리자","2등급","20250219","F","152.8","58","40.4","77","84","134","18.5","21.6",,,"14.8",,,,,,"24.8",,,,,"22",,"118","4.72","19.47","37.2",,,,,,,,,,,,,,,,,,,"21.6"
"1","원주","어르신","일반","73","관리자","3등급","20250219","M","164.1","73.7","34.5","96.5","82","157","35.6","39.7",,,"-0.3",,,,,,"27.4",,,,,"21",,"110","5.34","24","53.9",,,,,,,,,,,,,,,,,,,"39.7"
"1","화성","성인","일반","63","관리자","참가","20250219","F","161.1","56.8","27.3",,"80","132","29.4","29.7",,,"7.9",,,,,,"21.9","11","7",,"106",,,,,,"52.3",,"27.7",,,,,,,,,,"0.443",,,,,,,
"6","신안","어르신","출장","65","관리자","참가","20250219","M","146.3","69.9","40.4",,"72","123","30.6","19.8",,,"7",,,,,,"32.7",,,,,"11",,"50","8.25","33.60","43.8",,,,,,,,,,,,,,,,,,,"30.6"
"1","화성","성인","일반","62","관리자","참가","20250219","M","181.3","118","40.2",,"99","150","53.8","51.8",,,"-4.5",,,,,,"35.9","0","7",,"104",,,,,,"45.6",,"24.2",,,,,,,,,,"0.494",,,,,,,
"5","화성","어르신","일반","86","관리자","3등급","20250219","M","158.8","68.5","28.8",,"85","153","32.5","30.2",,,"-1.4",,,,,,"27.2",,,,,"28",,"105","6.5","24.94","47.4",,,,,,,,,,,,,,,,,,,"32.5"
"2","보은","성인","일반","63","관리자","참가","20250219","F","150.2","45.3","33",,"82","123","15.2","18.5",,,"19.7",,,,,,"20.1","0",,"19.21","85",,,,,,"40.8",,,"99","136","168",,"29.9",,,,,,,,,,,,
"7","신안","어르신","출장","67","관리자","참가","20250219","M","163.7","46.6","17",,"78","139","26.6","26.9",,,"4.3",,,,,,"17.4",,,,,"13",,"120","5.21","25.46","57.7",,,,,,,,,,,,,,,,,,,"26.9"
"8","보은","어르신","일반","68","관리자","3등급","20250219","F","158.3","66.9","35.7",,"79","123","21.9","24.5",,,"17.8",,,,,,"26.7",,,,,"17",,"94","6.12","27.32","36.6",,,,,,,,,,,,,,,,,,,"24.5"
"1","강북","성인","일반","46","관리자","참가","20250219","M","179.8","84.30","28.2","87.8","97","143","42","43.9",,,"8.7",,,,,,"26.1","31",,"11.5","198",,,,,,"52.1",,,"91","99","120","152","37.6",,,,,,,,,,,,
"30","청주","성인","일반","63","관리자","3등급","20250219","F","155","51.2","38.9","78.5","74","138","21.6","24.3",,,"12.1",,,,,,"21.3","17",,,"117",,,,,,"47.5",,,,,,,,"90","34.1",,,"0.346",,,,,,,
"5","성남","어르신","일반","65","관리자","3등급","20250219","M","174.1","67.1","21.3",,"65","126","32.8","37.6",,,"8.4",,,,,,"22.1",,,,,"20",,"114","4.88","21.10","56.0",,,,,,,,,,,,,,,,,,,"37.6"
"1","사상","성인","일반","64","관리자","3등급","20250219","M","169.3","56.5","22","80.8","99","154","35.1","35.1",,,"8.1",,,,,,"19.7","26",,,"156",,,,,,"62.1",,,,,,,,"143","34.3",,,"0.388",,,,,,,
"1","사상","성인","일반","62","관리자","참가","20250219","M","170.6","77.5","35.7","95.2","93","148","38.9","42.7",,,"-12.5",,,,,,"26.6","16",,,,,,,,,"55.1",,,,,,,,"139","30.8",,,"0.392",,,,,,,
"1","포천","청소년","출장","13","관리자","참가","20250220","F","154.2","64.6","37.4","77","76","120","23.5","23.2",,"0","10.8","25.04","0.379","76.968","6","77.244","27.2",,"10",,,,,,,,"36.4",,"28.9",,,,,,,,,,,,,,,,,
"1","포천","청소년","출장","13","관리자","참가","20250220","M","162.3","74.8","38.5","94","59","132","20.7","22.5",,"14","-2.6","22.65","0.425","65.837","4","66.021","28.4",,"12",,,,,,,,"30.1",,"33.6",,,,,,,,,,,,,,,,,
"1","포천","유소년","출장","12","관리자","2등급","20250220","F","157.2","50.6",,"62",,,"22.6","23.7","30",,"18.1",,,,,,"20.5",,"62",,"154.5",,,,,,"46.8",,,,,,,,,,,,,,"0.39","35","3",,,
"6","신안","성인","출장","57","관리자","참가","20250220","F","158.5","83","38.3",,"78","132","18","20.4",,,"10",,,,,,"33.0","0",,,,,,,,,"24.6",,,,,,,,"124","23.6",,,"0.537","0.243",,,,,,
"1","포천","청소년","출장","13","관리자","참가","20250220","F","160.3","41.6","20.9","58","72","122","15.5","18.4",,"24","6.2","22.22","0.491","71.244","7","71.566","16.2",,"17",,,,,,,,"44.2",,"36.1",,,,,,,,,,,,,,,,,
"7","신안","성인","출장","59","관리자","참가","20250220","F","155.1","68","42.5",,"89","148","17.9","20.2",,,"5.5",,,,,,"28.3","0",,,,,,,,,"29.7",,,,,,,,"121","27.0",,,"0.392","0.308",,,,,,
"1","포천","유소년","출장","12","관리자","참가","20250220","M","142.5","45.5",,"76",,,"15.7","19.9","0",,"0.5",,,,,,"22.4",,"61",,"158",,,,,,"43.7",,,,,,,,,,,,,,"0.53","26","12",,,
"1","포천","청소년","출장","13","관리자","참가","20250220","F","156.4","61.3","38.9","69","90","132","19.3","20.6",,"14","-2.3","25.25","0.404","73.926","15","74.616","25.1",,"11",,,,,,,,"33.6",,"30.2",,,,,,,,,,,,,,,,,
"1","포천","청소년","출장","13","관리자","참가","20250220","F","157.1","43.7","24.7","62","78","121","17.1","16.8",,"28","-5.4","20.78","0.492","55.857","11","56.363","17.7",,"17",,,,,,,,"39.1",,"35.3",,,,,,,,,,,,,,,,,
"6","신안","성인","출장","59","관리자","참가","20250220","M","170","75","25.9",,"77","132","25.4","20",,,"1.2",,,,,,"26.0","18",,,,,,,,,"33.9",,,,,,,,"126","34.0",,,"0.444","0.31",,,,,,
"1","포천","청소년","출장","13","관리자","참가","20250220","F","163.3","57.6","34.4","62","69","135","25.1","27.2",,"16","-14.8","23.43","0.409","63.670","4","63.854","21.6",,"9",,,,,,,,"47.2",,"31.7",,,,,,,,,,,,,,,,,
"3","포천","청소년","출장","13","관리자","참가","20250220","F","134.9","26.5","16.2","47","68","117","14.9","17.2",,"26","6.4","21.96","0.464","68.970","4","69.154","14.6",,"16",,,,,,,,"64.9",,"36.7",,,,,,,,,,,,,,,,,
"1","신안","성인","출장","58","관리자","참가","20250220","M","169.5","74.9","30",,"99","157","26.9","25.9",,,"-1",,,,,,"26.1","19",,,,,,,,,"35.9",,,,,,,,"132","33.3",,,"0.422","0.459",,,,,,
"7","신안","성인","출장","61","관리자","참가","20250220","F","153.8","58.8","41.1",,"86","135","12.6","14.7",,,"6.5",,,,,,"24.9","0",,,,,,,,,"25.0",,,,,,,,"114","29.6",,,"0.775","0.247",,,,,,
"1","포천","청소년","출장","13","관리자","참가","20250220","F","155.2","63.6","37.8","73","75","135","26","28.2",,"20","18.1","21.97","0.404","56.989","10","57.449","26.4",,"21",,,,,,,,"44.3",,"31.5",,,,,,,,,,,,,,,,,
"7","신안","성인","출장","59","관리자","참가","20250220","F","161.6","72.2","35.6",,"69","157","16.7","18.9",,,"8.2",,,,,,"27.6","0",,,,,,,,,"26.2",,,,,,,,"126","26.0",,,"0.738","0.243",,,,,,
"1","포천","청소년","출장","13","관리자","참가","20250220","M","159.2","77.7","44.2","91","75","122","24.9","16.1",,"15","13.8","23.71","0.391","67.167","6","67.443","30.7",,"12",,,,,,,,"32.0",,"32.4",,,,,,,,,,,,,,,,,
"1","포천","유소년","출장","12","관리자","3등급","20250220","F","168.4","60.4",,"70",,,"25.9","31.3","26",,"5.1",,,,,,"21.3",,"62",,"170",,,,,,"51.8",,,,,,,,,,,,,,"0.42","40","3",,,
"5","신안","성인","출장","60","관리자","참가","20250220","F","147","63.1","45.2",,"72","134","12.9","12.7",,,"8.8",,,,,,"29.2","0",,,,,,,,,"20.4",,,,,,,,"122","27.1",,,"0.671","0.241",,,,,,
"6","신안","성인","출장","55","관리자","참가","20250220","F","158.6","66.9","39",,"68","152","12.6","15.8",,,"9",,,,,,"26.6","0",,,,,,,,,"23.6",,,,,,,,"119","28.6",,,"0.493","0.243",,,,,,
"1","태백","성인","출장","20","관리자","2등급","20250220","M","181.2","63.8","7.1","61","72","129","46","46.2",,,"11.4",,,,,,"19.4","60","71",,"264",,,,,,"72.4",,"50.4",,,,,,,,,,,,,,,,,
"25","곡성","어르신","일반","72","관리자","참가","20250220","F","153.4","62.5","31.8","82.4","57","110","24","22.6",,,"14.9",,,,,,"26.6",,,,,"26",,"59","5.31","22.14","38.4",,,,,,,,,,,,,,,,,,,"24.0"
"1","KSPO송파별관(어르신)","어르신","일반","68","관리자","1등급","20250220","M","160","69","30.3",,"54","121","40.8","44.1",,,"20.5",,,,,,"27.0",,,,,"34",,"130","4.7","18.43","63.9",,,,,,,,,,,,,,,,,,,"44.1"
"4","화성","성인","일반","24","관리자","1등급","20250220","F","164.9","55.2","25.5",,"75","112","28.2","26.4",,,"20",,,,,,"20.3","37",,"12.04","177",,,,,,"51.1",,,,,,,,"97","40.5",,,,,,,,,,
"1","KSPO송파별관(어르신)","어르신","일반","67","관리자","2등급","20250220","M","150","59.7","30.3",,"80","141","33.4","30.8",,,"15",,,,,,"26.5",,,,,"29",,"111","5.02","20.78","55.9",,,,,,,,,,,,,,,,,,,"33.4"
"10","성남","어르신","일반","73","관리자","참가","20250220","M","171.8","94.3","38.0",,"91","146","35.1","38.8",,,"7.4",,,,,,"31.9",,,,,"27",,"110","4.55","18.25","41.1",,,,,,,,,,,,,,,,,,,"38.8"
"1","화성","성인","일반","23","관리자","참가","20250220","F","161.3","49.1","25.6",,"77","119","27.8","28.2",,,"26.3",,,,,,"18.9","13",,,"182",,,,,,"57.4",,,,,,,,"99","41.6",,,"0.290",,,,,,,
"2","고양","청소년","일반","18","관리자","3등급","20250220","F","163.7","61.6","28.4",,"61","128","28.4","34.6",,"45","12.1","19.15","0.577","49.093","4","49.277","23.0",,,,,,,,,,"56.2",,,,,,,,"153","37.4",,,,,,,,,,
"3","성남","어르신","일반","67","관리자","3등급","20250220","F","142.2","51.6","40.2",,"82","159","16.4","18.6",,,"17.6",,,,,,"25.5",,,,,"28",,"115","5.40","21.44","36.0",,,,,,,,,,,,,,,,,,,"18.6"
"1","고양","청소년","일반","17","관리자","참가","20250220","F","169.8","50.9","25.9",,"59","103","25.5","30.6",,"18","14.3","21.93","0.466","61.040","8","61.408","17.7",,,,,,,,,,"60.1",,,,,,,,,,,,,,,,,,,
"2","북구(광주)","성인","일반","33","관리자","참가","20250220","M","172.8","88.0","34.3","98.4","99","143","50.7","49.3",,,"2.3",,,,,,"29.5","42",,"10.84","214",,,,,,"57.6",,,,,,,,"112","39.8",,,,,,,,,,
"1","광주","청소년","일반","18","관리자","참가","20250220","M","170.7","56.6","17.5",,"68","113","29.1","31.1",,"51","-1.8","19.36","0.558","44.851","11","45.357","19.4",,,,,,,,,,"54.9",,,"97","119","129",,"51.8",,,,,,,,,,,,
"1","진천","성인","일반","49","관리자","3등급","20250220","F","160.3","67.36","30.6","81.5","79","123","22.9","26.1",,,"22.2",,,,,,"26.2","20",,,"121",,,,,,"38.7",,,,,,,,"107","31.2",,,"0.466",,,,,,,
"1","천안","청소년","일반","18","관리자","참가","20250220","M","171.6","88.3","33",,"74","134","42.9","50.8",,"50","7.3","18.22","0.551","46.134","18","46.962","30.0",,,,,,,,,,"57.5",,,"100","119","135",,"42.9",,,,,,,,,,,,
"5","KSPO송파","성인","일반","63","관리자","참가","20250220","M","165.7","85.3","32.6",,"91","157","46.3","48.6",,,"10.2",,,,,,"31.1","29",,,"185",,,,,,"57.0",,,"77","99","115","151","33.0",,,,,"0.369",,,,,,,
"1","KSPO송파","성인","일반","28","관리자","참가","20250220","M","168.7","67.9","27.5",,"89","145","40.5","40.3",,,"6.1",,,,,,"23.9","22",,,,,,,,,"59.6",,,"119","145","175","192","37.3",,,,,"0.356","0.487",,,,,,
"2","나주","성인","일반","49","관리자","3등급","20250220","M","170.2","73.7","22.4","80","96","142","40.5","41.7",,,"11.3",,,,,,"25.4","37",,,"214",,,,,,"56.6",,,,,,,,"75","44.3",,,"0.314",,,,,,,
"1","성동","어르신","일반","91","관리자","참가","20250220","F","135.5","46.3","43.1",,"70","158","5.3","7",,,"-7.1",,,,,,"25.2",,,,,"14",,"15","11.92","44.01","15.1",,,,,,,,,,,,,,,,,,,"7.0"
"1","성동","어르신","일반","76","관리자","참가","20250220","F","146.9","51.1","40.7",,"65","119","10.3","14",,,"-2.2",,,,,,"23.7",,,,,"8",,"36","13.19","54.18","27.4",,,,,,,,,,,,,,,,,,,"14.0"
"5","부천","어르신","출장","67","관리자","2등급","20250220","F","154.2","60.0","31.1",,"85","143","22.4","29.7",,,"25.0",,,,,,"25.2",,,,,"30",,"108","5.02","20.04","49.5",,,,,,,,,,,,,,,,,,,"29.7"
"4","부천","어르신","출장","68","관리자","2등급","20250220","F","152.4","52.9","26.9",,"91","148","26.3","28.1",,,"22.0",,,,,,"22.8",,,,,"24",,"115","4.70","19.90","53.1",,,,,,,,,,,,,,,,,,,"28.1"
"5","부천","어르신","출장","65","관리자","3등급","20250220","F","148.2","48.9","34.1",,"73","120","20.4","23",,,"13.0",,,,,,"22.3",,,,,"22",,"125","5.39","25.40","47.0",,,,,,,,,,,,,,,,,,,"23.0"
"1","강북","어르신","일반","68","관리자","참가","20250220","M","158.4","60.90","26.2","86.5","79","156","20.8","17.7",,,"-4",,,,,,"24.3",,,,,"19",,"104","5.2","21.5","34.2",,,,,,,,,,,,,,,,,,,"20.8"
"1","세종","성인","일반","24","관리자","2등급","20250220","F","163.4","50.2","19.5","70.1","83","123","27.8","30.7",,,"20.4",,,,,,"18.8","35","26",,"169",,,,,,"61.2",,"36.2",,,,,,,,,,"0.284",,,,,,,
"3","부천","어르신","출장","87","관리자","3등급","20250220","F","149.2","52.3","32.2",,"96","157","16.9","21.4",,,"5.0",,,,,,"23.5",,,,,"23",,"120","6.25","28.88","40.9",,,,,,,,,,,,,,,,,,,"21.4"
"1","안산","성인","일반","60","관리자","참가","20250220","M","157.8","72.1","35.4","102","92","138","38.1","39.6",,,"10.8",,,,,,"29.0","23","8","12.9","152",,,,,,"54.9",,"31.8",,,,,,,,,,,,,,,,,
"2","부천","어르신","출장","68","관리자","3등급","20250220","F","151.9","49.1","31.5",,"66","115","20.1","17.5",,,"20.3",,,,,,"21.3",,,,,"26",,"116","6.21","25.25","40.9",,,,,,,,,,,,,,,,,,,"20.1"
"1","강북","성인","일반","25","관리자","3등급","20250220","F","167.9","59.40","29.4","70","80","131","31.2","32.6",,,"11.6",,,,,,"21.1","29",,,,,,,,,"54.9",,,,,,,,"121","36.6",,,"0.365","0.410",,,,,,
"7","동구(광주)","성인","일반","34","관리자","참가","20250220","M","186.5","104.4","27.7","106","72","120","46.4","50.9",,,"7.9",,,,,,"30.0","19",,,"176",,,,,,"48.8",,,,,,,,"97","39.2",,,"0.515",,,,,,,
"5","중구(서울)","어르신","일반","72","관리자","2등급","20250220","M","174.1","73.9","25.7","96.7","79","158","39.2","43.2",,,"13.5",,,,,,"24.4",,,,,"27",,"114","5.0","18.5","58.5",,,,,,,,,,,,,,,,,,,"43.2"
"4","부천","어르신","출장","72","관리자","3등급","20250220","F","149.0","52.3","39.1",,"75","129","19.6","21.6",,,"21.0",,,,,,"23.6",,,,,"23",,"90","5.79","23.96","41.3",,,,,,,,,,,,,,,,,,,"21.6"
"3","부천","성인","출장","62","관리자","2등급","20250220","F","151.2","55.8","24.0",,"71","120","26","29.3",,,"19.3",,,,,,"24.4","26",,,"160",,,,,,"52.5",,,,,,,,"80","34.0",,,"0.303",,,,,,,
"1","부천","성인","출장","63","관리자","3등급","20250220","F","153.7","56.5","38.1",,"77","117","25.3","27.6",,,"22.1",,,,,,"23.9","11",,,"105",,,,,,"48.8",,,,,,,,"99","31.6",,,"0.383",,,,,,,
"1","KSPO아산","어르신","일반","66","관리자","참가","20250220","M","168.2","69.1","28.7","98.8","99","155","26.4","29.6",,,"1.9",,,,,,"24.4",,,,,"20","604",,"5.7","24.4","42.8",,,,,,,,,,,,,,,,,,,"29.6"
"1","태백","성인","출장","20","관리자","참가","20250220","M","176.9","66.2","14.3","74","84","119","45.6","41.9",,,"-0.8",,,,,,"21.2","38",,,"212",,,,,,"68.9",,,,,,,,,,,,,,,,,,,
"2","부천","어르신","출장","65","관리자","2등급","20250220","F","144.9","45.3","27.8",,"67","135","20.7","24.6",,,"16.3",,,,,,"21.6",,,,,"24",,"122","4.92","19.61","54.3",,,,,,,,,,,,,,,,,,,"24.6"
"3","부천","어르신","출장","77","관리자","2등급","20250220","F","149.0","51.4","31.5",,"91","156","18.2","21",,,"13.5",,,,,,"23.2",,,,,"17",,"107","7.70","27.79","40.9",,,,,,,,,,,,,,,,,,,"21.0"
"1","고양","어르신","일반","66","관리자","2등급","20250220","F","144.9","45.3","31.5",,"77","154","16.6","19",,,"17.3",,,,,,"21.6",,,,,"25",,"110","5.90","23.89","41.9",,,,,,,,,,,,,,,,,,,"19.0"
"3","부천","어르신","출장","65","관리자","2등급","20250220","F","153.4","58.7","31.4",,"81","142","24.4","23.9",,,"19.0",,,,,,"24.9",,,,,"21",,"118","5.48","20.17","41.6",,,,,,,,,,,,,,,,,,,"24.4"
"8","KSPO송파별관(어르신)","어르신","일반","73","관리자","3등급","20250220","F","151.6","63.1","45.3",,"84","150","23.3","24.9",,,"11",,,,,,"27.5",,,,,"21",,"105","6.03","25.08","39.5",,,,,,,,,,,,,,,,,,,"24.9"
"1","화성","성인","일반","26","관리자","참가","20250220","M","170.4","73","27.2",,"71","127","37","39.8",,,"-6.4",,,,,,"25.1","30",,,"172",,,,,,"54.5",,,"93","105","118","151","46.2",,,,,"0.359",,,,,,,
"1","태백","성인","출장","19","관리자","참가","20250220","M","171.9","75.9","20.0","81","74","137","42.9","42.4",,,"2.5",,,,,,"25.7","59","50","10.22","228",,,,,,"56.5",,"44.0",,,,,,,,,,,,,,,,,
"6","서대문","어르신","일반","73","관리자","1등급","20250220","M","168.4","61.3","19.2",,"83","138","31.9","36.3",,,"11.5",,,,,,"21.6",,,,,"29",,"118","4.73","17.53","59.2",,,,,,,,,,,,,,,,,,,"36.3"
"1","서구(대전)","성인","일반","21","관리자","참가","20250220","M","188.9","111.9","28.9",,"62","116","41.6","46.4",,,"17.9",,,,,,"31.4","32","33",,"218",,,,,,"41.5",,"34.3",,,,,,,,,,"0.280",,,,,,,
"1","서구(대전)","성인","일반","20","관리자","참가","20250220","M","183.5","85.9","26.6",,"94","150","35.5","38.5",,,"-11.2",,,,,,"25.5","46","27",,"231",,,,,,"44.8",,"36.9",,,,,,,,,,"0.322",,,,,,,
"1","KSPO송파","성인","일반","31","관리자","3등급","20250220","F","165.9","54.5","30.8","76.5","84","123","27.7","29.4",,,"22.5",,,,,,"19.8","23",,,"162",,,,,,"53.9",,,"97","115","130",,"39.9",,,,,"0.364",,,,,,,
"3","서대문","성인","일반","31","관리자","1등급","20250220","F","170.6","57.3","33.7",,"72","115","28.7","28.2",,,"21.0",,,,,,"19.7","31",,,"163",,,,,,"50.1",,,"92","125","155",,"36.1",,,,,"0.372",,,,,,,
"2","KSPO송파","성인","일반","24","관리자","2등급","20250220","F","165.1","52.6","24.4","72.4","78","112","30.4","28.7",,,"30.2",,,,,,"19.3","39",,,,,,,,,"57.8",,,,,,,,"138","36.1",,,"0.371","0.465",,,,,,
"5","수원","어르신","일반","72","관리자","참가","20250220","M","163","72.3","28.8","96","71","159","30.5","33.9",,,"2.1",,,,,,"27.2",,,,,"22",,"93","6.3",,"46.9",,,,,,,,,,,,,,,,,,,"33.9"
"1","고양","성인","일반","40","관리자","참가","20250220","F","164.4","58.8","31.5",,"73","112","24.9","24.1",,,"8.6",,,,,,"21.8","31","11","13.26","142",,,,,,"42.3",,"29.6",,,,,,,,,,,,,,,,,
"3","중구(서울)","성인","일반","27","관리자","2등급","20250220","F","164.8","52.2","26.1","73.2","56","113","23.3","27.7",,,"14.1",,,,,,"19.2","30",,,,,,,,,"53.1",,,,,,,,"119","38.0",,,"0.371","0.44",,,,,,
"1","동작","성인","일반","21","관리자","참가","20250220","F","167.8","47.5","25.2","63","79","112","18.2","22.6",,,"34.4",,,,,,"16.9","20",,,"170",,,,,,"47.6",,,"55","114","140",,"43.2",,,,,"0.338",,,,,,,
"3","제주","성인","일반","20","관리자","2등급","20250220","M","176.3","68.7","10.8","81.5","82","146","45.1","51.7",,,"23.1",,,,,,"22.1","50","62","9.8","262",,,,,,"75.3",,"47.7",,,,,,,,,,,,,,,,,
"1","마포","성인","일반","63","관리자","2등급","20250220","M","162.2","58.9","22.9","72","87","136","35.7","38.3",,,"13.9",,,,,,"22.4","37",,,"166",,,,,,"65.0",,,,,,,,"122","36.6",,,"0.368",,,,,,,
"1","태백","성인","출장","26","관리자","2등급","20250220","M","160","70.1","22.2","83","78","130","38","42.8",,,"12.8",,,,,,"27.4","55","63","11.0","180",,,,,,"61.1",,"47.6",,,,,,,,,,,,,,,,,
"1","마포","성인","일반","33","관리자","3등급","20250220","M","179.8","73.5","14.2","72","69","152","47.9","47.2",,,"13.4",,,,,,"22.7","53",,,"191",,,,,,"65.2",,,,,,,,"70","49.7",,,"0.381",,,,,,,
"1","오산","성인","일반","25","관리자","3등급","20250220","F","169","68.9","36.1","86.6","72","108","27.4","29",,,"15.4",,,,,,"24.1","23",,,,,,,,,"42.1",,,"99","131","156",,"34.1",,,,,"0.376","0.427",,,,,,
"4","의정부","어르신","일반","66","관리자","3등급","20250220","F","153.3","62","43.2","92.6","94","147","24.6","25.1",,,"15.2",,,,,,"26.4",,,,,"22",,"111","6.53","25.63","40.5",,,,,,,,,,,,,,,,,,,"25.1"
"1","고양","청소년","일반","18","관리자","참가","20250220","M","178.7","98.8","39",,"102","161","33.5","36.8",,"24","2.2","21.15","0.622","50.327","9","50.741","30.9",,"13",,,,,,,,"37.2",,"32.9",,,,,,,,,,,,,,,,,
"2","의정부","성인","일반","62","관리자","참가","20250220","M","163.6","67.4","31.4","90.4","89","155","37.7","40.1",,,"11",,,,,,"25.2","16",,,"161",,,,,,"59.5",,,,,,,,"150","30.9",,,"0.340",,,,,,,
"1","영동","성인","일반","50","관리자","3등급","20250220","F","166.7","63.7","30.8",,"80","153","27.8","29.3",,,"12.2",,,,,,"22.9","21",,"14.18","144",,,,,,"46.0",,,"99","119","142",,"32.3",,,,,,,,,,,,
"6","천안","어르신","일반","70","관리자","3등급","20250220","F","150.5","51.6","36.1",,"59","102","17","23.1",,,"17",,,,,,"22.8",,,,,"17",,"93","5.5","23.78","44.8",,,,,,,,,,,,,,,,,,,"23.1"
"1","양평","성인","일반","36","관리자","참가","20250220","M","188.1","111.9","34.9",,"87","153","49.9","57.5",,,"-3.8",,,,,,"31.6","31",,,"200",,,,,,"51.4",,,"80","112","136",,"33.3",,,,,"0.307",,,,,,,
"1","전주","청소년","일반","13","관리자","3등급","20250220","M","161.8","56.7","22.7","76.3","74","137","25.5","24.5",,"49","14.5","18.19","0.518","39.932","11","40.438","21.7",,,,,,,,,,"45.0",,,"94","130","148",,"45.3",,,,,,,,,,,,
"1","KSPO송파별관(어르신)","어르신","일반","71","관리자","1등급","20250220","M","160.2","67.1","27.8",,"98","155","39.8","40.7",,,"18",,,,,,"26.1",,,,,"35",,"150","3.92","16.27","60.7",,,,,,,,,,,,,,,,,,,"40.7"
"1","성남","성인","일반","20","관리자","참가","20250220","M","173.1","70.2","11.6",,"63","118","45.5","50.3",,,"14.4",,,,,,"23.4","35",,"10.53","208",,,,,,"71.7",,,,,,,,"106","47.8",,,,,,,,,,
"1","KSPO송파별관(어르신)","어르신","일반","67","관리자","참가","20250220","M","169","64.2","17.2",,"71","114","40.6","10",,,"1.2",,,,,,"22.5",,,,,"23",,"130","4.50","17.98","63.2",,,,,,,,,,,,,,,,,,,"40.6"
"1","오산","청소년","일반","18","관리자","참가","20250220","M","164.2","64.1","20.8","77.5","83","135","34","36.9",,"42","2.3","19.81","0.650","55.783","7","56.105","23.8",,,,,,,,,,"57.6",,,"82","109","133",,"46.8",,,,,,,,,,,,
"3","화성","성인","일반","27","관리자","3등급","20250220","F","172.5","64.4","32.2",,"75","128","25.9","31.7",,,"9.7",,,,,,"21.6","21",,,,,,,,,"49.2",,,"109","125","159",,"33.8",,,,,"0.300","0.415",,,,,,
"2","KSPO송파","성인","일반","24","관리자","2등급","20250220","F","164.2","53.6","32",,"54","97","25.6","21.9",,,"21.3",,,,,,"19.9","32",,,,,,,,,"47.8",,,"80","99","125",,"41.2",,,,,"0.364","0.431",,,,,,
"1","KSPO송파","성인","일반","33","관리자","참가","20250220","M","187.3","91.4","26",,"82","132","40.1","44.1",,,"5.7",,,,,,"26.1","37",,,,,,,,,"48.2",,,"73","94","114","153","41.3",,,,,"0.361","0.564",,,,,,
"1","증평","성인","일반","23","관리자","3등급","20250220","F","166.8","55.0","30.8","78.7","73","138","27","33.3",,,"23.1",,,,,,"19.8","26",,"12.0","161",,,,,,"60.5",,,"85","128","155",,"38.2",,,,,,,,,,,,
"1","중구(서울)","어르신","일반","77","관리자","참가","20250220","M","150.8","53.7","31.3","88.8","59","129","22.5","22.5",,,"11.2",,,,,,"23.6",,,,,"12",,"48","10.1",,"41.9",,,,,,,,,,,,,,,,,,,"22.5"
"1","시흥","성인","일반","63","관리자","참가","20250220","M","179.9","76.3","9.7","79.5","80","155","36","40.6",,,"25.7",,,,,,"23.6","7",,,"158",,,,,,"53.2",,,"82","107","128","158","35.1",,,,,"0.393",,,,,,,
"1","성남","성인","일반","24","관리자","참가","20250220","F","158","47.5","33.6",,"67","109","14.5","17.9",,,"5.1",,,,,,"19.0","15",,,,,,,,,"37.7",,,,,,,,"145","35.8",,,"0.360","0.365",,,,,,
"1","성남","성인","일반","26","관리자","3등급","20250220","M","174.0","52.5","14.7",,"93","129","36","37.9",,,"11.9",,,,,,"17.3","41",,,,,,,,,"72.2",,,,,,,,"134","46.2",,,"0.314","0.549",,,,,,
"1","성남","성인","일반","20","관리자","참가","20250220","M","174.9","72.6","18.1",,"76","127","39.2","39.3",,,"17.5",,,,,,"23.7","53","27","10.22","212",,,,,,"54.1",,"39.0",,,,,,,,,,,,,,,,,
"3","동작","성인","일반","24","관리자","3등급","20250220","F","174","61.5","23.9","77","97","143","25.2","25.8",,,"14.3",,,,,,"20.3","23",,,"177",,,,,,"42.0",,,,,,,,"127","36.2",,,"0.308",,,,,,,
"5","성남","성인","일반","26","관리자","3등급","20250220","F","166.8","56.0","26.1",,"82","123","26.2","31",,,"12.9",,,,,,"20.1","31",,"11.93",,,,,,,"55.4",,,,,,,,"143","34.5",,,,"0.469",,,,,,
"3","성남","성인","일반","26","관리자","3등급","20250220","F","171.3","50.2","21.9",,"75","118","22.6","21.3",,,"12.6",,,,,,"17.1","38",,,"176",,,,,,"45.0",,,,,,,,"111","40.3",,,"0.354",,,,,,,
"3","동작","성인","일반","24","관리자","3등급","20250220","F","163.7","60.5","27","69","74","120","26.8","30",,,"20",,,,,,"22.6","29",,,"160",,,,,,"49.6",,,,,,,,"108","37.7",,,"0.32",,,,,,,
"1","시흥","어르신","일반","72","관리자","3등급","20250220","M","167.6","83.9","29.2","95","92","131","35.2","36.4",,,"14.2",,,,,,"29.9",,,,,"30",,"113","5.93","19","43.4",,,,,,,,,,,,,,,,,,,"36.4"
"1","증평","성인","일반","61","관리자","참가","20250220","F","157.0","52.5","26.2","75.2","69","131","21.1","27",,,"11.0",,,,,,"21.3","26",,"13.9",,,,,,,"51.4",,,"91","123","146",,"32.2",,,,,,"0.381",,,,,,
"1","시흥","어르신","일반","78","관리자","3등급","20250220","M","169.4","70.9","31.7","91","69","139","40.3","43.4",,,"-0.3",,,,,,"24.7",,,,,"20","581",,"5.38","20.10","61.2",,,,,,,,,,,,,,,,,,,"43.4"
"4","고양","성인","일반","46","관리자","2등급","20250220","M","168.3","74","19.3",,"68","131","45.1","50.1",,,"21.5",,,,,,"26.1","36","32","10.17","222",,,,,,"67.7",,"38.0",,,,,,,,,,,,,,,,,
"2","고양","성인","일반","31","관리자","참가","20250220","M","167.1","95.4","39.3",,"93","136","39.7","41.6",,,"5.1",,,,,,"34.2","27","8","13.56","162",,,,,,"43.6",,"30.5",,,,,,,,,,,,,,,,,
"1","영동","성인","일반","52","관리자","참가","20250220","F","168.4","73.6","34.4",,"93","135","34.4","38.9",,,"15.2",,,,,,"26.0","28",,,"153",,,,,,"52.9",,,"89","138","165",,"27.4",,,,,"0.343",,,,,,,
"1","동구(인천)","성인","일반","26","관리자","참가","20250220","M","182","77.8","16.6",,"71","128","33.7","39.9",,,"4.5",,,,,,"23.5","39",,"11.97",,,,,,,"51.3",,,,,,,,"104","45.7",,,,"0.552",,,,,,
"1","북구(광주)","성인","일반","49","관리자","2등급","20250220","M","181.7","77.1","18.5","89.2","80","141","45.2","42.2",,,"14.1",,,,,,"23.4","39",,,,,,,,,"58.6",,,,,,,,"105","40.0",,,"0.371","0.629",,,,,,
"1","서대문","어르신","일반","65","관리자","1등급","20250220","M","166.8","66.4","16.7",,"82","148","42.8","42",,,"14.0",,,,,,"23.9",,,,,"30",,"135","4.40","19.72","64.5",,,,,,,,,,,,,,,,,,,"42.8"
"1","서대문","어르신","일반","78","관리자","2등급","20250220","M","168.1","68.2","26.4",,"66","158","44.9","48.1",,,"3.2",,,,,,"24.1",,,,,"31",,"129","4.20","19.88","70.5",,,,,,,,,,,,,,,,,,,"48.1"
"2","양평","어르신","일반","65","관리자","3등급","20250220","F","152.1","55.3","35.3",,"78","153","26","26.2",,,"12.6",,,,,,"23.9",,,,,"23",,"113","6.2","22.3","47.4",,,,,,,,,,,,,,,,,,,"26.2"
"1","수원","어르신","일반","83","관리자","2등급","20250220","M","166.2","68.9","30.7","93","78","158","37","39",,,"0.9",,,,,,"24.9",,,,,"19",,"93","4.6","23.4","56.6",,,,,,,,,,,,,,,,,,,"39.0"
"6","수원","어르신","일반","70","관리자","2등급","20250220","F","154.2","59.6","33.8","84","86","158","23.3","25.6",,,"27",,,,,,"25.1",,,,,"22",,"105","5.4","25.2","43.0",,,,,,,,,,,,,,,,,,,"25.6"
"4","수원","어르신","일반","71","관리자","2등급","20250220","M","162","59.9","21.3","83","84","154","38.3","38.3",,,"5.5",,,,,,"22.8",,,,,"23",,"105","4.7","21.7","63.9",,,,,,,,,,,,,,,,,,,"38.3"
"5","중구(서울)","성인","일반","25","관리자","참가","20250220","F","167.1","51.9","23.8","70.2","73","119","25.6","26.4",,,"18.1",,,,,,"18.6","15",,,"152",,,,,,"50.9",,,,,,,,"115","39.1",,,"0.457",,,,,,,
"1","고양","성인","일반","27","관리자","참가","20250220","M","180","90.3","24.1",,"96","147","54.2","46.9",,,"11.3",,,,,,"27.9","28","30","11.12","198",,,,,,"60.0",,"36.4",,,,,,,,,,,,,,,,,
"3","영동","성인","일반","45","관리자","2등급","20250220","M","175","78.7","23.3",,"94","152","42.2","44.8",,,"18.6",,,,,,"25.7","52",,,,,,,,,"56.9",,,"65","99","124","156","39.5",,,,,"0.365","0.563",,,,,,
"4","고양","성인","일반","22","관리자","참가","20250220","F","163.8","48.4","23.4",,"70","114","24.3","25.7",,,"20.5",,,,,,"18.0","12","19","13.26","158",,,,,,"53.1",,"34.4",,,,,,,,,,,,,,,,,
"2","광주","성인","일반","19","관리자","3등급","20250220","M","171.5","65.6","13.2",,"78","131","50.1","52.6",,,"7.5",,,,,,"22.3","61",,,"231",,,,,,"80.2",,,"95","103","132",,"45.3",,,,,"0.351",,,,,,,
"1","광주","성인","일반","61","관리자","참가","20250220","F","157.1","62.1","35.9",,"68","119","21.6","22.2",,,"-0.6",,,,,,"25.2","0",,,"96",,,,,,"35.7",,,"86","134","153",,"29.7",,,,,"0.450",,,,,,,
"1","서구(대전)","성인","일반","43","관리자","참가","20250220","F","165","72","36.8",,"95","133","26.3","28.7",,,"13.2",,,,,,"26.4","15",,,,,,,,,"39.9",,,"93","111","143",,"30.5",,,,,"0.449","0.353",,,,,,
"1","KSPO송파","성인","일반","25","관리자","3등급","20250220","M","173.5","68.9","20.1","82.8","75","121","38","38.4",,,"13.5",,,,,,"22.9","42",,,"198",,,,,,"55.7",,,,,,,,"108","46.6",,,"0.291",,,,,,,
"1","화성","성인","일반","31","관리자","참가","20250220","F","162.9","60.5","33.3",,"86","122","28.1","30.6",,,"1.5",,,,,,"22.8","5",,"14.6","147",,,,,,"50.6",,,"66","124","159",,"34.6",,,,,,,,,,,,
"1","성남","어르신","일반","78","관리자","3등급","20250220","M","167.4","81.3","40.1",,"82","149","37.8","42",,,"18.0",,,,,,"29.0",,,,,"16",,"108","5.73","25.61","51.7",,,,,,,,,,,,,,,,,,,"42.0"
"1","성동","성인","일반","40","관리자","참가","20250220","M","168.2","69.5","27.9",,"93","133","33.7","34.3",,,"10.1",,,,,,"24.6","47",,,,,,,,,"49.4",,,"83","105","129","166","40.0",,,,,"0.327","0.576",,,,,,
"2","KSPO송파별관(어르신)","어르신","일반","67","관리자","1등급","20250220","M","171","60.7","19.9",,"77","130","36.7","39.9",,,"11.5",,,,,,"20.8",,,,,"29",,"130","4.1","17.2","65.7",,,,,,,,,,,,,,,,,,,"39.9"
"1","계룡","성인","일반","47","관리자","참가","20250220","M","180.4","103.9","30.5",,"89","144","42.6","45",,,"-3.3",,,,,,"31.9","24","13","12.72","125",,,,,,"43.3",,"28.9",,,,,,,,,,,,,,,,,
"8","동구(광주)","어르신","일반","70","관리자","2등급","20250220","F","156.3","58.3","32.3","82.3","66","118","21.1","23.1",,,"13.5",,,,,,"23.9",,,,,"24",,"97","5.82","23.23","39.6",,,,,,,,,,,,,,,,,,,"23.1"
"1","동작","성인","일반","25","관리자","3등급","20250220","F","162","50.4","27.2","64","55","99","26.4","25.6",,,"9.2",,,,,,"19.2","34",,,"153",,,,,,"52.4",,,,,,,,"113","39.2",,,"0.400",,,,,,,
"1","원주","어르신","일반","65","관리자","1등급","20250220","M","171.8","72.5","22","87","67","117","47.9","50.4",,,"19.6",,,,,,"24.6",,,,,"27",,"170","4.6","18","69.5",,,,,,,,,,,,,,,,,,,"50.4"
"2","중구(서울)","어르신","일반","77","관리자","참가","20250220","M","151.7","55.1","25.4","88.2","94","160","25.9","31.1",,,"-18.7",,,,,,"23.9",,,,,"22",,"117","7.1","25.7","56.4",,,,,,,,,,,,,,,,,,,"31.1"
"4","수원","어르신","일반","75","관리자","2등급","20250220","M","181.9","90","30.6","102","95","155","45.1","49.1",,,"13.1",,,,,,"27.2",,,,,"17",,"115","6.1","23.6","54.6",,,,,,,,,,,,,,,,,,,"49.1"
"1","계룡","성인","일반","42","관리자","참가","20250220","M","172.2","71.8","29.4",,"59","113","39.5","47.4",,,"-9.4",,,,,,"24.2","38","21","11.50","178",,,,,,"66.0",,"36.0",,,,,,,,,,,,,,,,,
"1","동작","성인","일반","64","관리자","3등급","20250220","M","174.7","75.8","19.5","84.2","76","136","47","48.9",,,"10.9",,,,,,"24.8","19",,,"172",,,,,,"64.5",,,,,,,,"97","37.2",,,"0.326",,,,,,,
"1","계룡","성인","일반","43","관리자","참가","20250220","F","157.1","78.4","41.6",,"59","133","31.8","32.2",,,"9.9",,,,,,"31.8","21",,,,,,,,,"41.1",,,,,,,,,,,,,,,,,,,
"2","군산","청소년","일반","14","관리자","2등급","20250220","F","159.1","58.6","31.3","63.5","67","112","23.9","25.5",,"42","31.1","19.47","0.466","47.427","6","47.703","23.2",,"43",,,,,,,,"43.5",,"37.6",,,,,,,,,,,,,,,,,
"58","곡성","어르신","일반","70","관리자","참가","20250220","F","155.9","55.4","37.1","81.5","63","124","21.8","21.6",,,"8.5",,,,,,"22.8",,,,,"19",,"135","5.94","25.26","39.4",,,,,,,,,,,,,,,,,,,"21.8"
"3","수원","어르신","일반","73","관리자","참가","20250220","F","148.1","59.9","36.7","85","89","152","22.7","22.8",,,"16.2",,,,,,"27.3",,,,,"22",,"79","7.7","28.2","38.1",,,,,,,,,,,,,,,,,,,"22.8"
"2","성남","어르신","일반","70","관리자","2등급","20250220","M","172.3","53.5","12.5",,"86","136","36.8","39.9",,,"6.2",,,,,,"18.0",,,,,"22",,"109","4.72","20.20","74.6",,,,,,,,,,,,,,,,,,,"39.9"
"2","군산","청소년","일반","14","관리자","1등급","20250220","F","164.6","55.9","20.6","64","67","111","27.2","29.2",,"47","19","19.72","0.501","55.152","21","56.118","20.6",,"41",,,,,,,,"52.2",,"38.6",,,,,,,,,,,,,,,,,
"3","동구(인천)","성인","일반","24","관리자","2등급","20250220","F","167","59.9","29.2",,"49","93","28.8","32.8",,,"19.1",,,,,,"21.5","30",,,"162",,,,,,"54.8",,,"73","97","131",,"38.8",,,,,"0.359",,,,,,,
"1","계룡","성인","일반","44","관리자","참가","20250220","F","161.4","55.7","35.4",,"69","124","18.1","22.6",,,"-11.3",,,,,,"21.4","19","11","15.91","111",,,,,,"40.6",,"29.9",,,,,,,,,,,,,,,,,
"1","강북","어르신","일반","73","관리자","참가","20250220","M","178.3","80.80","24.2","100","87","133","39.4","33.8",,,"1.9",,,,,,"25.4",,,,,"17",,"42","6.2","27.6","48.8",,,,,,,,,,,,,,,,,,,"39.4"
"2","군산","청소년","일반","17","관리자","참가","20250220","M","166.9","64.3","16.3","73","68","125","29.3","29.6",,"52","14.4","18.28","0.646","52.219","13","52.817","23.1",,"65",,,,,,,,"46.0",,"47.1",,,,,,,,,,,,,,,,,
"3","화성","성인","일반","55","관리자","3등급","20250220","F","162","64.9","36.5",,"97","152","28.9","28.6",,,"15.1",,,,,,"24.7","12","11",,,,,,,,"44.5",,"28.0",,,,,,,,,,"0.424",,,,,,,
"1","계룡","성인","일반","47","관리자","참가","20250220","F","165.5","66.4","36.2",,"86","129","33.5","36.8",,,"10.4",,,,,,"24.2","23","11",,"153",,,,,,"55.4",,"28.1",,,,,,,,,,,,,,,,,
"2","화성","성인","일반","25","관리자","참가","20250220","F","171","60.8","26.6",,"62","96","36.1","25.6",,,"6.4",,,,,,"20.8","10","25",,,,,,,,"59.4",,"34.2",,,,,,,,,,"0.323","0.464",,,,,,
"5","화성","성인","일반","53","관리자","참가","20250220","M","169","89.1","28.8",,"72","127","47","46",,,"9.1",,,,,,"31.2","54","34",,"190",,,,,,"52.7",,"35.7",,,,,,,,,,"0.302",,,,,,,
"1","서구(대전)","성인","일반","19","관리자","참가","20250220","M","172.7","66.2","18.4",,"78","115","37","39.8",,,"5.5",,,,,,"22.2","27",,,,,,,,,"60.1",,,"83","115","147","167","46.0",,,,,"0.371","0.502",,,,,,
"5","미추홀","어르신","출장","69","관리자","3등급","20250220","M","171.5","70.4","25.7","86","70.4","171.5","28.4","32.1",,,"3",,,,,,"23.9",,,,,"20",,"117","5.22","23.57","45.6",,,,,,,,,,,,,,,,,,,"32.1"
"1","계룡","성인","일반","47","관리자","3등급","20250220","M","171.3","70.7","19.9",,"87","135","39.5","48.3",,,"8.9",,,,,,"24.1","54","53","10.75","206",,,,,,"68.3",,"43.3",,,,,,,,,,,,,,,,,
"3","미추홀","어르신","출장","67","관리자","참가","20250220","F","157","54.5","33.2","72","80","120","20.4","23.1",,,"4.3",,,,,,"22.1",,,,,"25",,"112","4.91","22.65","42.4",,,,,,,,,,,,,,,,,,,"23.1"
"2","군산","유소년","일반","12","관리자","참가","20250220","F","161","55",,"70",,,"16.5","17.9","61",,"14.1",,,,,,"21.2",,"32",,"190",,,,,,"32.5",,,,,,,,,,,,,,"0.43","34","9",,,
"1","미추홀","어르신","출장","83","관리자","참가","20250220","M","165.7","72.3","33.8","89","80","120","30.4","29.6",,,"-15",,,,,,"26.3",,,,,"15",,"102","8.5","39.1","42.0",,,,,,,,,,,,,,,,,,,"30.4"
"3","미추홀","어르신","출장","77","관리자","3등급","20250220","F","161.7","67.1","32.5","82","80","120","22.8","25.8",,,"14.1",,,,,,"25.7",,,,,"16",,"95","6.5","31.6","38.5",,,,,,,,,,,,,,,,,,,"25.8"
"52","곡성","어르신","일반","77","관리자","1등급","20250220","F","149.9","64.4","37.5","89.4","62","113","21.8","23.3",,,"20.6",,,,,,"28.7",,,,,"20",,"136","5.82","25.74","36.2",,,,,,,,,,,,,,,,,,,"23.3"
"1","미추홀","어르신","출장","74","관리자","참가","20250220","M","157.6","60.8","32.6","85","80","120","23.4","22.8",,,"8.8",,,,,,"24.5",,,,,"25",,"121","5.4","21","38.5",,,,,,,,,,,,,,,,,,,"23.4"
"1","미추홀","어르신","출장","67","관리자","3등급","20250220","F","151.7","64.8","39.7","79","80","120","19.7","23.4",,,"14",,,,,,"28.2",,,,,"21",,"104","6.2","26.4","36.1",,,,,,,,,,,,,,,,,,,"23.4"
"1","군산","청소년","일반","14","관리자","참가","20250220","F","164.8","79.4","39.1","84","72","113","19","21.4",,"26","23.3","22.39","0.447","58.762","9","59.176","29.2",,"47",,,,,,,,"27.0",,"35.2",,,,,,,,,,,,,,,,,
"1","미추홀","어르신","출장","76","관리자","참가","20250220","F","155.7","55.9","34.8","81","80","120","20.6","22.1",,,"4",,,,,,"23.1",,,,,"22",,"124","6.75","24.22","39.5",,,,,,,,,,,,,,,,,,,"22.1"
"1","미추홀","어르신","출장","84","관리자","3등급","20250220","M","165.3","58.2","20.3","85","80","120","23.8","26.1",,,"-3",,,,,,"21.3",,,,,"20",,"107","8.53","32.78","44.8",,,,,,,,,,,,,,,,,,,"26.1"
"3","미추홀","어르신","출장","87","관리자","참가","20250220","M","164.8","69.3","31.5","89","80","120","25","26.8",,,"-10",,,,,,"25.5",,,,,"12",,"102","6.88","33.09","38.7",,,,,,,,,,,,,,,,,,,"26.8"
"5","미추홀","어르신","출장","85","관리자","2등급","20250220","F","147.2","44.9","29.7","71","80","120","14.4","11.9",,,"16.5",,,,,,"20.7",,,,,"25",,"116","5.19","24.44","32.1",,,,,,,,,,,,,,,,,,,"14.4"
"2","미추홀","어르신","출장","78","관리자","참가","20250220","F","152.1","58.6","42.4","88","80","120","20.3","23",,,"4",,,,,,"25.3",,,,,"18",,"96","5.91","26.34","39.2",,,,,,,,,,,,,,,,,,,"23.0"
"1","미추홀","어르신","출장","85","관리자","3등급","20250220","M","164","59","31.4","83","80","120","29.4","34.1",,,"-2",,,,,,"21.9",,,,,"16",,"105","8.75","32.4","57.8",,,,,,,,,,,,,,,,,,,"34.1"
"3","미추홀","어르신","출장","83","관리자","참가","20250220","F","157","55.9","19.1","72","80","120","12.9","17.1",,,"18.9",,,,,,"22.7",,,,,"15",,"48","7.75","34.34","30.6",,,,,,,,,,,,,,,,,,,"17.1"
"3","미추홀","어르신","출장","83","관리자","참가","20250220","F","144.5","46.1","25.4","75","80","120","14.3","14.1",,,"-3",,,,,,"22.1",,,,,"16",,"107","8.44","35.56","31.0",,,,,,,,,,,,,,,,,,,"14.3"
"1","미추홀","어르신","출장","81","관리자","참가","20250220","F","145.8","65","42.6","95","80","120","17.6","22.2",,,"10.5",,,,,,"30.6",,,,,"20",,"50","7.28","31.34","34.2",,,,,,,,,,,,,,,,,,,"22.2"
"2","미추홀","어르신","출장","86","관리자","참가","20250220","F","151","48.9","35.9","80","80","120","15","15.9",,,"3.5",,,,,,"21.4",,,,,"11",,"70","10.69","47.06","32.5",,,,,,,,,,,,,,,,,,,"15.9"
"1","미추홀","어르신","출장","84","관리자","3등급","20250220","F","153.4","51.2","30.2","85","80","120","16.9","18.7",,,"5",,,,,,"21.8",,,,,"13",,"105","7.97","38.35","36.5",,,,,,,,,,,,,,,,,,,"18.7"
"1","미추홀","어르신","출장","86","관리자","참가","20250220","M","157.3","60","26.5","85","80","120","25.4","23",,,"-15",,,,,,"24.2",,,,,"13",,"97","9","38","42.3",,,,,,,,,,,,,,,,,,,"25.4"
"1","미추홀","어르신","출장","83","관리자","참가","20250220","F","146.2","40.5","30","62","80","120","7.9","10",,,"1",,,,,,"18.9",,,,,"13",,"66","7.8","32.2","24.7",,,,,,,,,,,,,,,,,,,"10.0"
"3","미추홀","어르신","출장","82","관리자","참가","20250220","F","141","55.3","39.6","94","80","120","18.4","19.3",,,"11",,,,,,"27.8",,,,,"17",,"0","7.3","34.6","34.9",,,,,,,,,,,,,,,,,,,"19.3"
"2","군산","청소년","일반","14","관리자","참가","20250220","F","166.5","72.4","32.6","83","50","116","20.6","22.5",,"45","15.1","19.97","0.490","48.251","8","48.619","26.1",,"41",,,,,,,,"31.1",,"35.7",,,,,,,,,,,,,,,,,
"2","군산","청소년","일반","13","관리자","2등급","20250220","M","164.4","47.6","11.6","63","66","106","18.5","22.7",,"46","6.3","18.19","0.547","57.544","3","57.682","17.6",,"57",,,,,,,,"47.7",,"48.1",,,,,,,,,,,,,,,,,
"5","부천","어르신","일반","68","관리자","1등급","20250220","M","170.8","64.6","19.9",,"75","145","32.8","35.7",,,"15.9",,,,,,"22.1",,,,,"35",,"142","3.91","16.90","55.3",,,,,,,,,,,,,,,,,,,"35.7"
"5","부천","어르신","일반","66","관리자","1등급","20250220","M","164.6","74.3","29.9",,"90","150","40.5","41.4",,,"16.7",,,,,,"27.4",,,,,"32",,"124","4.03","17.91","55.7",,,,,,,,,,,,,,,,,,,"41.0"
"3","포천","청소년","출장","14","관리자","참가","20250220","F","150.7","49.3","31.9","66","76","125","18.1","15.7",,"23","22.5","20.97","0.425","60.634","10","61.094","21.7",,"12",,,,,,,,"36.7",,"32.3",,,,,,,,,,,,,,,,,
"1","포천","청소년","출장","14","관리자","참가","20250220","F","160.3","53","35.7","66","71","122","17.5","14.9",,"15","10.1","25.03","0.355","65.693","5","65.923","20.6",,"10",,,,,,,,"33.0",,"32.5",,,,,,,,,,,,,,,,,
"1","포천","청소년","출장","13","관리자","참가","20250220","F","156.6","44.7","29.2","71","90","130","18.1","16.1",,"12","-0.5","20.97","0.463","53.265","10","53.725","18.2",,"32",,,,,,,,"40.5",,"38.0",,,,,,,,,,,,,,,,,
"1","포천","청소년","출장","13","관리자","참가","20250220","F","160.5","66.5","41.9","76","65","110","27.2","29.9",,"24","21.5","21.35","0.416","48.142","5","48.372","25.8",,"16",,,,,,,,"45.0",,"30.9",,,,,,,,,,,,,,,,,
"7","신안","성인","출장","61","관리자","참가","20250220","M","170.2","64.9","21.6",,"98","141","30.2","22.2",,,"8.7",,,,,,"22.4","28",,,,,,,,,"46.5",,,,,,,,"121","36.5",,,"0.462","0.363",,,,,,
"6","신안","성인","출장","47","관리자","참가","20250220","M","165.6","61.6","22.7",,"69","141","27.6","26.7",,,"0",,,,,,"22.5","29",,,,,,,,,"44.8",,,,,,,,"121","40.3",,,"0.617","0.325",,,,,,
"1","포천","청소년","출장","13","관리자","참가","20250220","F","154.6","44.9","28.7","69","75","115","20.3","24",,,"-1.1","33.34","0.273","58.251","8","58.619","18.8",,"6",,,,,,,,"53.5",,"32.6",,,,,,,,,,,,,,,,,
"4","신안","성인","출장","60","관리자","참가","20250220","M","175.7","99.7","39.3",,"69","124","25.5","23.6",,,"7",,,,,,"32.3","0",,,,,,,,,"25.6",,,,,,,,"94","33.4",,,"0.807","0.287",,,,,,
"7","신안","성인","출장","59","관리자","참가","20250220","M","158.2","71.6","35.7",,"91","147","30.9","25.1",,,"-1.5",,,,,,"28.6","19",,,,,,,,,"43.2",,,,,,,,"95","38.4",,,"0.618","0.275",,,,,,
"1","포천","청소년","출장","14","관리자","참가","20250220","F","159.8","55.5","41.7","62","84","125","21.3","26.8",,"18","11.9","22.06","0.414","55.768","6","56.044","21.7",,"12",,,,,,,,"48.3",,"32.3",,,,,,,,,,,,,,,,,
"7","신안","성인","출장","50","관리자","참가","20250220","M","172.5","63.5","17.2",,"61","129","26.9","24.2",,,"10.7",,,,,,"21.3","25",,,,,,,,,"42.4",,,,,,,,"129","38.5",,,"1.176","0.478",,,,,,
"4","신안","성인","출장","50","관리자","참가","20250220","M","173.1","49.2","41.8",,"79","152","20.6","30.9",,,"-17.5",,,,,,"16.4","0",,,,,,,,,"62.8",,,,,,,,"135","40.9",,,"1.372","0.306",,,,,,
"1","포천","청소년","출장","14","관리자","참가","20250220","F","150.7","42.6","33.9","56","67","110","9.7","11.7",,"2","1.7","24.29","0.411","61.745","10","62.205","18.8",,"6",,,,,,,,"27.5",,"32.6",,,,,,,,,,,,,,,,,
"5","신안","성인","출장","62","관리자","참가","20250220","M","172.6","66.1","23.5",,"74","147","23.7","27.8",,,"10",,,,,,"22.2","15",,,,,,,,,"42.1",,,,,,,,"119","36.5",,,"0.558","0.392",,,,,,
"5","신안","성인","출장","64","관리자","참가","20250220","M","166","77.4","22.8",,"91","137","30.9","28.4",,,"13",,,,,,"28.1","5",,,,,,,,,"39.9",,,,,,,,"117","33.3",,,"0.654","0.342",,,,,,
"3","신안","성인","출장","39","관리자","참가","20250220","M","171.5","77","34.6",,"67","129","31.5","37.1",,,"0.7",,,,,,"26.2","3",,,,,,,,,"48.2",,,,,,,,"118","39.8",,,"0.726","0.346",,,,,,
"1","서구(대전)","성인","일반","23","관리자","참가","20250220","F","168.8","63","32.4",,"72","112","25.5","27.8",,,"24",,,,,,"22.1","6",,,,,,,,,"44.1",,,"92","120","150",,"36.3",,,,,"0.353","0.415",,,,,,
"5","신안","성인","출장","59","관리자","참가","20250220","M","161","63.2","27.3",,"71","147","24.8","27.2",,,"-14.8",,,,,,"24.4","14",,,,,,,,,"43.0",,,,,,,,"123","36.4",,,"0.49","0.241",,,,,,
"1","포천","청소년","출장","15","관리자","참가","20250220","F","144","42.1","29","61","72","110","12.2","13.5",,"14","-12.7","26.87","0.432","78.961","9","79.375","20.3",,"10",,,,,,,,"32.1",,"32.7",,,,,,,,,,,,,,,,,
"6","신안","성인","출장","39","관리자","참가","20250220","M","156.3","74.3","41",,"68","129","21.6","18.8",,,"3.8",,,,,,"30.4","20",,,,,,,,,"29.1",,,,,,,,"129","37.6",,,"0.426","0.346",,,,,,
"6","광주","어르신","일반","79","관리자","2등급","20250220","M","163.9","68.6","26.4",,"78","152","40.9","39.4",,,"19.8",,,,,,"25.5",,,,,"40",,"106","5.51","21.16","59.6",,,,,,,,,,,,,,,,,,,"40.9"
"3","포천","청소년","출장","14","관리자","참가","20250220","F","161.1","52.9","33.2","61.5","72","115","14.1","14.2",,"4","18.9","26.34","0.414","61.326","11","61.832","20.4",,"11",,,,,,,,"26.8",,"32.8",,,,,,,,,,,,,,,,,
"6","신안","성인","출장","50","관리자","참가","20250220","M","166","51.7","19.8",,"82","139","23.9","17",,,"5.4",,,,,,"18.8","20",,,,,,,,,"46.2",,,,,,,,"112","43.1",,,"0.392","0.443",,,,,,
"5","신안","성인","출장","48","관리자","참가","20250220","M","168.3","82.4","28.6",,"67","149","40.3","33.5",,,"21",,,,,,"29.1","10",,,,,,,,,"48.9",,,,,,,,"112","37.0",,,"0.502","0.382",,,,,,
"1","광주","어르신","일반","65","관리자","2등급","20250220","M","159.9","61.7","23.7",,"86","159","39.1","39",,,"8.9",,,,,,"24.1",,,,,"33",,"128","5.01","20.89","63.4",,,,,,,,,,,,,,,,,,,"39.1"
"4","신안","성인","출장","64","관리자","참가","20250220","M","168.2","77.9","32.6",,"81","142","28.8","36.4",,,"7",,,,,,"27.5","20",,,,,,,,,"46.7",,,,,,,,"142","29.6",,,"0.631","0.424",,,,,,
"2","포천","청소년","출장","14","관리자","참가","20250220","M","173.3","67.4","17.5","71.5","65","110","37.6","36.4",,"24","8.3","17.68","0.560","48.371","6","48.647","22.4",,"41",,,,,,,,"55.8",,"42.6",,,,,,,,,,,,,,,,,
"8","광주","어르신","일반","74","관리자","참가","20250220","F","146.3","43.2","31.5",,"80","120","10","12.7",,,"10.6",,,,,,"20.2",,,,,"25",,"101","6.12","24.56","29.4",,,,,,,,,,,,,,,,,,,"12.7"
"7","신안","성인","출장","53","관리자","1등급","20250220","M","165","61.7","14.7",,"81","146","53.7","53.6",,,"20",,,,,,"22.7","40",,,,,,,,,"87.0",,,,,,,,"121","38.8",,,"0.315","0.504",,,,,,
"7","신안","성인","출장","55","관리자","참가","20250220","M","178","80.3","30.4",,"91","146","27.4","28.8",,,"6",,,,,,"25.3","13",,,,,,,,,"35.9",,,,,,,,"132","33.5",,,"0.547","0.360",,,,,,
"2","포천","청소년","출장","14","관리자","참가","20250220","M","155.8","49.9","17.7","66","61","109","24.1","25.3",,"39","-0.7","18.53","0.576","46.540","14","47.184","20.6",,"41",,,,,,,,"50.7",,"43.5",,,,,,,,,,,,,,,,,
"2","KSPO송파별관(어르신)","어르신","일반","69","관리자","2등급","20250220","M","164","58.4","24.2",,"79","138","36","38.7",,,"23",,,,,,"21.7",,,,,"30",,"122","4.89","21.2","66.3",,,,,,,,,,,,,,,,,,,"38.7"
"5","신안","성인","출장","58","관리자","참가","20250220","M","172.3","90.7","34.5",,"77","139","41.9","46.1",,,"2",,,,,,"30.6","18",,,,,,,,,"50.8",,,,,,,,"140","28.9",,,"0.417","0.5",,,,,,
"1","마포","어르신","일반","65","관리자","3등급","20250220","M","165.6","55.4","19.7",,"84","135","36","40.9",,,"2.0",,,,,,"20.2",,,,,"22",,"116","4.08","18.30","73.8",,,,,,,,,,,,,,,,,,,"40.9"
"6","신안","성인","출장","51","관리자","참가","20250220","M","172.5","92.2","32.6",,"72","124","28.7","37.6",,,"18.2",,,,,,"31.0","20",,,,,,,,,"40.8",,,,,,,,"102","35.9",,,"0.574","0.38",,,,,,
"2","강북","성인","일반","64","관리자","2등급","20250220","M","163.2","69.70","20.2","85.9","88","154","40.3","40.5",,,"13.7",,,,,,"26.2","26",,"12.9","177",,,,,,"58.1",,,,,,,,"91","38.6",,,,,,,,,,
"5","춘천","어르신","일반","78","관리자","3등급","20250220","M","162.0","51.5","22.4","77.2","64","143","31.3","36",,,"1.6",,,,,,"19.6",,,,,"22",,"95","7.1","29.12","69.9",,,,,,,,,,,,,,,,,,,"36.0"
"6","신안","성인","출장","55","관리자","참가","20250220","M","176.5","70.1","26",,"78","132","15","22.2",,,"8.1",,,,,,"22.5","0",,,,,,,,,"31.7",,,,,,,,"127","36.4",,,"0.536","0.311",,,,,,
"5","신안","성인","출장","57","관리자","참가","20250220","M","167.6","52.2","12.6",,"83","142","25.5","33.3",,,"10.9",,,,,,"18.6","18",,,,,,,,,"63.8",,,,,,,,"121","40.1",,,"0.431","0.442",,,,,,
"5","성동","성인","일반","41","관리자","2등급","20250220","M","175.1","86.5","25.9",,"79","120","51.5","50",,,"17.7",,,,,,"28.2","61","38",,"201",,,,,,"59.5",,"37.9",,,,,,,,,,"0.278",,,,,,,
"2","원주","성인","일반","36","관리자","참가","20250220","F","157.5","60.6","29.7","70.7","60","122","30.8","31",,,"16",,,,,,"24.4","16",,,"164",,,,,,"51.2",,,,,,,,"97","36.2",,,"0.296",,,,,,,
"2","포천","청소년","출장","15","관리자","참가","20250220","M","166.6","68.6","22.6","76","80","122","31.3","30.5",,"24","8.5","19.41","0.543","47.487","11","47.993","24.7",,"32",,,,,,,,"45.6",,"39.7",,,,,,,,,,,,,,,,,
"3","포천","청소년","출장","13","관리자","참가","20250220","M","162.7","39.6","5.3","58","71","116","22.8","22.2",,"44","-9.7","21.04","0.595","60.294","7","60.616","15.0",,"24",,,,,,,,"57.6",,"43.0",,,,,,,,,,,,,,,,,
"1","고양","어르신","일반","65","관리자","참가","20250220","F","151.5","59.5","35.5",,"93","141","25.9","28.4",,,"19.9",,,,,,"25.9",,,,,"26",,"86","6.59","26.66","47.7",,,,,,,,,,,,,,,,,,,"28.4"
"6","신안","성인","출장","62","관리자","참가","20250220","M","171.1","74.4","27.2",,"89","139","11.5","12.3",,,"-2",,,,,,"25.4","5",,,,,,,,,"16.5",,,,,,,,"117","34.8",,,"0.625","0.245",,,,,,
"7","강북","어르신","일반","68","관리자","2등급","20250220","F","158.3","60.70","31.8","86.3","73","106","24","23.7",,,"19.4",,,,,,"24.2",,,,,"25",,"110","4.8","21.4","39.5",,,,,,,,,,,,,,,,,,,"24.0"
"1","포천","유소년","출장","12","관리자","3등급","20250220","F","152.8","36.6",,"53",,,"13.6","14.6","38",,"5.8",,,,,,"15.7",,"51",,"159",,,,,,"39.9",,,,,,,,,,,,,,"0.35","33","1",,,
"5","신안","성인","출장","63","관리자","참가","20250220","M","169.5","80.3","8.3",,"72","128","20.6","33.5",,,"-5",,,,,,"27.9","17",,,,,,,,,"41.7",,,,,,,,"117","33.1",,,"0.549","0.291",,,,,,
"9","KSPO송파","성인","일반","54","관리자","2등급","20250220","M","167.6","70.3","19.9","77.5","86","139","42.3","45.9",,,"15.7",,,,,,"25.0","36","28","11.59","213",,,,,,"65.3",,"37.0",,,,,,,,,,,,,,,,,
"6","신안","성인","출장","55","관리자","참가","20250220","M","178.5","95.5","35.6",,"82","136","25.1","20",,,"6.2",,,,,,"30.0","0",,,,,,,,,"26.3",,,,,,,,"129","30.6",,,"0.504","0.34",,,,,,
"1","포천","유소년","출장","12","관리자","참가","20250220","M","161.6","53.7",,"66",,,"27.5","31","26",,"2.7",,,,,,"20.6",,"91",,"168",,,,,,"57.7",,,,,,,,,,,,,,"0.41","40","12",,,
"2","신안","성인","출장","61","관리자","참가","20250220","M","167.6","61.4","19.4",,"78","152","12.4","15.9",,,"-11.2",,,,,,"21.9","0",,,,,,,,,"25.9",,,,,,,,"127","36.2",,,"0.91","0.278",,,,,,
"3","포천","유소년","출장","12","관리자","참가","20250220","M","162.4","67",,"81",,,"21.4","26.2","26",,"-4.5",,,,,,"25.4",,"43",,"134",,,,,,"39.1",,,,,,,,,,,,,,"0.50","32","10",,,
"4","신안","성인","출장","43","관리자","참가","20250220","F","154.1","64.5","43.2",,"87","136","21.7","20.4",,,"12.4",,,,,,"27.2","15",,,,,,,,,"33.6",,,,,,,,"108","32.3",,,"0.81","0.314",,,,,,
"1","KSPO송파","성인","일반","19","관리자","참가","20250220","M","176.9","63.5","20.4","73.5","82","141","31","35.6",,,"10",,,,,,"20.3","35",,,"208",,,,,,"56.1",,,"95","121","137","160","49.8",,,,,"0.338",,,,,,,
"7","신안","성인","출장","39","관리자","참가","20250220","F","164.2","98.6","48.7",,"97","141","17.4","18.3",,,"-16",,,,,,"36.6","0",,,,,,,,,"18.6",,,,,,,,"127","23.3",,,"0.476","0.243",,,,,,
"1","포천","유소년","출장","12","관리자","참가","20250220","M","150.7","57.2",,"82",,,"18.1","17.8","30",,"0.7",,,,,,"25.2",,"36",,"141",,,,,,"31.6",,,,,,,,,,,,,,"0.54","28","6",,,
"1","제주","어르신","일반","69","관리자","2등급","20250220","M","165.8","70.8","26.1","88.9","97","158","34.9","38.1",,,"15.5",,,,,,"25.8",,,,,"29",,"119","4.51","19.31","53.8",,,,,,,,,,,,,,,,,,,"38.1"
"7","신안","성인","출장","62","관리자","참가","20250220","F","166.5","77","45.7",,"87","136","17.9","19.2",,,"9.7",,,,,,"27.8","0",,,,,,,,,"24.9",,,,,,,,"120","25.4",,,"0.753","0.243",,,,,,
"5","신안","성인","출장","54","관리자","참가","20250220","F","160.6","58.8","32.4",,"87","140","15.5","12.6",,,"1.7",,,,,,"22.8","0",,,,,,,,,"26.4",,,,,,,,"127","30.0",,,"0.586","0.283",,,,,,
"2","화성","성인","일반","62","관리자","2등급","20250220","M","169","78.1","25.9",,"94","156","41.4","43",,,"9.3",,,,,,"27.3","30",,,"175",,,,,,"55.1",,,,,,,,"109","35.0",,,"0.386",,,,,,,
"4","신안","성인","출장","54","관리자","참가","20250220","F","165.2","62.5","34.7",,"86","137","21.3","22.4",,,"19.5",,,,,,"22.9","0",,,,,,,,,"35.8",,,,,,,,"109","31.7",,,"0.572","0.286",,,,,,
"1","포천","유소년","출장","12","관리자","참가","20250220","F","152.6","39.2",,"60",,,"11.6","13.9","0",,"-10.3",,,,,,"16.8",,"44",,"140",,,,,,"35.5",,,,,,,,,,,,,,"0.39","15","0",,,
"4","KSPO송파별관(어르신)","어르신","일반","75","관리자","2등급","20250220","M","164.2","55.7","22.9",,"71","125","27.6","26.6",,,"16.8",,,,,,"20.7",,,,,"25",,"120","4.32","17.61","49.6",,,,,,,,,,,,,,,,,,,"27.6"
"1","KSPO송파별관(어르신)","어르신","일반","75","관리자","3등급","20250220","M","162.7","76.8","39",,"89","158","33.5","28",,,"13.5",,,,,,"29.0",,,,,"21",,"107","5.32","22.75","43.6",,,,,,,,,,,,,,,,,,,"33.5"
"7","신안","성인","출장","62","관리자","참가","20250220","F","159","56.6","35.1",,"91","129","14.2","13.9",,,"21.5",,,,,,"22.4","0",,,,,,,,,"25.1",,,,,,,,"120","29.7",,,"0.733","0.254",,,,,,
"1","포천","유소년","출장","12","관리자","참가","20250220","M","145","36.9",,"68",,,"13.9","15.7","13",,"1.2",,,,,,"17.6",,"91",,"187",,,,,,"42.5",,,,,,,,,,,,,,"0.47","40","11",,,
"1","마포","성인","일반","26","관리자","2등급","20250220","F","168.9","51","24.4",,"78","112","31.6","33.3",,,"24.8",,,,,,"17.9","28",,,"162",,,,,,"65.3",,,,,,,,"127","37.9",,,"0.345",,,,,,,
"5","신안","성인","출장","60","관리자","참가","20250220","F","160","64.4","37.8",,"82","136","20.4","22.5",,,"10.6",,,,,,"25.2","0",,,,,,,,,"34.9",,,,,,,,"119","28.4",,,"1.066","0.241",,,,,,
"4","신안","성인","출장","54","관리자","참가","20250220","F","161.2","73.7","39.6",,"74","152","23.3","25.5",,,"15.5",,,,,,"28.4","5",,,,,,,,,"34.6",,,,,,,,"132","25.7",,,"0.27","0.598",,,,,,
"5","신안","성인","출장","63","관리자","참가","20250220","F","159","63.9","42.6",,"89","147","12.6","11.8",,,"2.5",,,,,,"25.3","0",,,,,,,,,"19.7",,,,,,,,"131","26.4",,,"0.974","0.242",,,,,,
"4","부천","어르신","일반","68","관리자","2등급","20250220","M","163.5","60.3","20.8",,"70","135","33.6","35.6",,,"12.1",,,,,,"22.6",,,,,"29",,"115","4.97","18.40","59.0",,,,,,,,,,,,,,,,,,,"35.6"
"6","신안","성인","출장","61","관리자","참가","20250220","F","159","55.9","31.2",,"69","126","21.3","21.6",,,"8.6",,,,,,"22.1","4",,,,,,,,,"38.6",,,,,,,,"119","30.2",,,"0.864","0.249",,,,,,
"2","부천","어르신","일반","72","관리자","3등급","20250220","M","175.3","77.7","23.2",,"67","126","40.4","40",,,"3",,,,,,"25.3",,,,,"28",,"111","5.72","23.22","52.0",,,,,,,,,,,,,,,,,,,"40.4"
"7","신안","성인","출장","63","관리자","참가","20250220","F","152.4","61","15.1",,"78","132","17.9","18.2",,,"12.5",,,,,,"26.3","7",,,,,,,,,"29.8",,,,,,,,"131","26.5",,,"0.72","0.242",,,,,,
"51","곡성","어르신","일반","75","관리자","참가","20250220","F","149.2","50.3","36.1","76.5","53","105","11.9","14.5",,,"14.7",,,,,,"22.6",,,,,"13",,"70","8.97","45.92","28.8",,,,,,,,,,,,,,,,,,,"14.5"
"2","신안","성인","출장","60","관리자","참가","20250220","F","152.6","54.3","42.2",,"84","135","7.1","12.8",,,"10.5",,,,,,"23.3","0",,,,,,,,,"23.6",,,,,,,,"94","33.2",,,"1.117","0.279",,,,,,
"7","신안","성인","출장","64","관리자","참가","20250220","F","158.5","49.7","29.1",,"81","138","11.8","13.8",,,"6",,,,,,"19.8","0",,,,,,,,,"27.8",,,,,,,,"105","32.8",,,"0.995","0.241",,,,,,
"2","동작","성인","일반","25","관리자","2등급","20250220","F","172.4","59","24.4","71","76","144","26.3","27.6",,,"24.1",,,,,,"19.9","45",,"11.54","175",,,,,,"46.8",,,,,,,,"135","35.5",,,,,,,,,,
"1","포천","유소년","출장","12","관리자","참가","20250220","M","167","86.5",,"100",,,"27.5","23.8","12",,"12.8",,,,,,"31.0",,"25",,"140",,,,,,"31.8",,,,,,,,,,,,,,"0.60","14","0",,,
"1","계룡","성인","일반","39","관리자","참가","20250220","M","172.1","70.5","28.4",,"94","146","25.2","23.3",,,"-9.4",,,,,,"23.8","8","0","19.41","104",,,,,,"35.7",,"31.5",,,,,,,,,,,,,,,,,
"2","군산","청소년","일반","14","관리자","1등급","20250220","M","165.3","53.1","10","66","64","123","26.1","31.6",,"55","23.3","18","0.590","45.012","9","45.426","19.4",,"67",,,,,,,,"59.5",,"49.2",,,,,,,,,,,,,,,,,
"1","계룡","성인","일반","53","관리자","참가","20250220","M","178.8","87.9","32.3",,"90","140","37.3","41.6",,,"2.3",,,,,,"27.5","22","19","12.43","195",,,,,,"47.3",,"32.2",,,,,,,,,,,,,,,,,
"1","계룡","성인","일반","48","관리자","참가","20250220","M","169.9","71.7","26.1",,"89","144","33.2","36.6",,,"15.2",,,,,,"24.8","34","29","11.63","216",,,,,,"51.0",,"37.5",,,,,,,,,,,,,,,,,
"1","계룡","성인","일반","47","관리자","참가","20250220","F","153.4","43.8","25.9",,"71","129","25.8","27.4",,,"15.4",,,,,,"18.6","11","11","15.89","139",,,,,,"62.6",,"31.5",,,,,,,,,,,,,,,,,
"1","계룡","성인","일반","31","관리자","3등급","20250220","M","169.7","72.2","23.7",,"89","155","37.9","39.6",,,"4.6",,,,,,"25.1","40","39","11.87","198",,,,,,"54.8",,"41.1",,,,,,,,,,,,,,,,,
"1","계룡","성인","일반","48","관리자","참가","20250220","M","167.4","74.5","29.4",,"95","140","38.2","33",,,"-5.4",,,,,,"26.6","33","25","16.13","163",,,,,,"51.3",,"36.2",,,,,,,,,,,,,,,,,
"1","포천","성인","일반","24","관리자","참가","20250220","M","173.6","74.4","20","78","62","131","45.6","47.1",,,"15",,,,,,"24.7","40",,,,,,,,,"63.3",,,,,,,,"151","39.3",,,"0.377","0.523",,,,,,
"1","계룡","성인","일반","46","관리자","참가","20250220","M","170.7","77.2","33.4",,"99","143","41.9","40.4",,,"2.4",,,,,,"26.5","24","25","11.81","165",,,,,,"54.3",,"35.9",,,,,,,,,,,,,,,,,
"1","계룡","성인","일반","34","관리자","참가","20250220","M","170.7","67.9","21.3",,"73","133","31.1","39.8",,,"1.1",,,,,,"23.3","52","51","10.16","233",,,,,,"58.6",,"44.3",,,,,,,,,,,,,,,,,
"1","계룡","성인","일반","50","관리자","참가","20250220","M","169.8","60.8","18.4",,"61","116","38.3","42.6",,,"-3.3",,,,,,"21.1","21","35","11.97","187",,,,,,"70.1",,"40.3",,,,,,,,,,,,,,,,,
"1","계룡","성인","일반","36","관리자","참가","20250220","M","165.6","77.6","30.6",,"95.0","140","41.3","41.1",,,"-3.3",,,,,,"28.3","27","21","11.44","203",,,,,,"53.2",,"35.8",,,,,,,,,,,,,,,,,
"1","계룡","성인","일반","46","관리자","참가","20250220","F","160","57.1","33.8",,"82","155","24.6","26.5",,,"20.9",,,,,,"22.3","15","13","14.12","147",,,,,,"46.4",,"30.2",,,,,,,,,,,,,,,,,
"1","계룡","성인","일반","44","관리자","참가","20250220","M","172.2","76.3","27.3",,"97","147","29.7","30.8",,,"-9.3",,,,,,"25.7","19","21","12.94","168",,,,,,"40.4",,"35.2",,,,,,,,,,,,,,,,,
"1","계룡","성인","일반","51","관리자","참가","20250220","M","163.4","79.8","27.7",,"99","154","43.1","45",,,"14.9",,,,,,"29.9","36","9","12.07","203",,,,,,"56.4",,"31.5",,,,,,,,,,,,,,,,,
"1","서대문","성인","일반","32","관리자","3등급","20250220","F","166.9","47.7","19.9",,"82","121","27.7","32.7",,,"11.5",,,,,,"17.1","27","21",,,,,,,,"68.6",,"34.8",,,,,,,,,,"0.399","0.471",,,,,,
"1","계룡","성인","일반","45","관리자","참가","20250220","F","160.9","51.1","27.9",,"70","116","26","29.4",,,"3.6",,,,,,"19.7","19","10","12.87","153",,,,,,"57.5",,"30.3",,,,,,,,,,,,,,,,,
"1","계룡","성인","일반","36","관리자","참가","20250220","M","171.4","76.6","24.7",,"72","150","41.8","47.7",,,"3.4",,,,,,"26.1","36","41","10.72","177",,,,,,"62.3",,"40.5",,,,,,,,,,,,,,,,,
"1","계룡","성인","일반","53","관리자","참가","20250220","F","153.8","60.3","39.1",,"84","144","28.9","29.7",,,"23",,,,,,"25.5","23","9","15.35","131",,,,,,"49.3",,"28.0",,,,,,,,,,,,,,,,,
"1","계룡","성인","일반","43","관리자","참가","20250220","M","171.6","75.4","28.8",,"90","120","42.2","39.9",,,"7.6",,,,,,"25.6","29","19","11.25","213",,,,,,"56.0",,"34.9",,,,,,,,,,,,,,,,,
"1","서대문","성인","일반","45","관리자","2등급","20250220","M","181.3","71.2","14.2","59.2","82","121","51.5","59.2",,,"15.6",,,,,,"21.7","53",,,,,,,,,"83.1",,,"96","105","129",,"39.6",,,,,"0.338","0.560",,,,,,
"1","계룡","성인","일반","47","관리자","참가","20250220","M","173.8","83.6","31.8",,"74","123","40.1","38.5",,,"1.1",,,,,,"27.7","28","23","13.69","155",,,,,,"48.0",,"34.3",,,,,,,,,,,,,,,,,
"1","계룡","성인","일반","45","관리자","참가","20250220","F","160.1","57.2","30.5",,"56","104","20.1","20.9",,,"19.2",,,,,,"22.3","20","11","15.06","129",,,,,,"36.5",,"29.6",,,,,,,,,,,,,,,,,
"1","계룡","성인","일반","46","관리자","참가","20250220","M","174.8","78.9","23.3",,"95","144","45.6","43.6",,,"4.1",,,,,,"25.8","22","19","14.03","154",,,,,,"57.8",,"34.1",,,,,,,,,,,,,,,,,
"1","계룡","성인","일반","41","관리자","참가","20250220","F","162.9","49.6","23.5",,"83","143","27","32.5",,,"-4.6",,,,,,"18.7","26","17","13.56","161",,,,,,"65.5",,"32.8",,,,,,,,,,,,,,,,,
"1","계룡","성인","일반","44","관리자","참가","20250220","F","165.6","53.9","32.3",,"81","131","23.7","29.4",,,"-2.5",,,,,,"19.7","3","9","14.44","131",,,,,,"54.5",,"29.6",,,,,,,,,,,,,,,,,
"1","삼척","성인","일반","41","관리자","참가","20250220","F","165.4","60.2","31.5",,"94","141","17.8","21.5",,,"13.5",,,,,,"22.0","19",,,"158",,,,,,"35.7",,,"70","117","163",,"31.6",,,,,"0.521",,,,,,,
"1","계룡","성인","일반","33","관리자","참가","20250220","M","174.1","83.9","26.2",,"84","134","32.5","36.3",,,"-10.1",,,,,,"27.7","23","16","13.32","151",,,,,,"43.3",,"33.7",,,,,,,,,,,,,,,,,
"1","계룡","성인","일반","46","관리자","참가","20250220","F","167","52.4","32.5",,"74","128","22.4","21.6",,,"9",,,,,,"18.8","33","11","14.16","128",,,,,,"42.7",,"30.4",,,,,,,,,,,,,,,,,
"1","계룡","성인","일반","47","관리자","참가","20250220","M","175.3","73.6","18.9",,"85","142","39.8","43",,,"-1.2",,,,,,"24.0","35","33","12.69","191",,,,,,"58.4",,"38.1",,,,,,,,,,,,,,,,,
"1","계룡","성인","일반","45","관리자","참가","20250220","M","174.3","65.3","17.1",,"78","137","38","43.6",,,"1.3",,,,,,"21.5","41","31","10.37","220",,,,,,"66.8",,"39.0",,,,,,,,,,,,,,,,,
"1","계룡","성인","일반","48","관리자","참가","20250220","F","159.7","55.3","26.4",,"72","119","24.2","24.2",,,"1.8",,,,,,"21.7","18","13","13.69","139",,,,,,"43.8",,"30.4",,,,,,,,,,,,,,,,,
"1","계룡","성인","일반","47","관리자","참가","20250220","F","156.3","58.9","40.4",,"90","130","24.5","25.7",,,"15.9",,,,,,"24.1","0","9","14.50","142",,,,,,"43.6",,"28.5",,,,,,,,,,,,,,,,,
"9","마포","성인","일반","62","관리자","2등급","20250220","F","143.7","57","42.9","83","78","143","24.8","28.4",,,"22.1",,,,,,"27.6","20",,,"127",,,,,,"49.8",,,,,,,,"111","29.2",,,"0.319",,,,,,,
"1","계룡","성인","일반","45","관리자","참가","20250220","F","161.6","62.7","37.7",,"70","125","26.7","24.9",,,"-14.0",,,,,,"24.0","11","9","14.57","131",,,,,,"42.6",,"28.1",,,,,,,,,,,,,,,,,
"2","마포","성인","일반","32","관리자","참가","20250220","M","176.9","90.4","30.6","88","82","135","57.1","60.6",,,"16.1",,,,,,"28.9","49",,,,,,,,,"67.0",,,,,,,,"108","40.4",,,"0.326","0.597",,,,,,
"1","중구(서울)","성인","일반","57","관리자","참가","20250220","F","155.5","60.8","36.6","85","68","100","15.9","16.8",,,"15",,,,,,"25.1","4",,,"131",,,,,,"27.6",,,"96","128","154",,"29.5",,,,,"0.480",,,,,,,
"1","계룡","성인","일반","51","관리자","참가","20250220","M","180.1","74.2","24.8",,"94","159","39.4","50.5",,,"-14.3",,,,,,"22.9","26","10","11.25","211",,,,,,"68.1",,"32.2",,,,,,,,,,,,,,,,,
"3","충주","어르신","일반","79","관리자","2등급","20250220","M","163.3","57.7","25","81","66","122","28.9","33.5",,,"4",,,,,,"21.6",,,,,"19",,"111","5.59","24.86","58.1",,,,,,,,,,,,,,,,,,,"33.5"
"4","충주","어르신","일반","74","관리자","3등급","20250220","F","153.9","45.1","23.6","76","73","152","21.1","20.5",,,"10.4",,,,,,"19.0",,,,,"19",,"114","6.94","28.30","46.8",,,,,,,,,,,,,,,,,,,"21.1"
"1","계룡","성인","일반","46","관리자","참가","20250220","M","175.8","82.4","24.1",,"97","144","43.9","47.4",,,"-16.5",,,,,,"26.7","24","17","13.82","166",,,,,,"57.5",,"33.1",,,,,,,,,,,,,,,,,
"1","동구(광주)","어르신","일반","69","관리자","3등급","20250220","F","153","64.4","38.5","87.8","90","159","19.1","23.6",,,"12.6",,,,,,"27.5",,,,,"20",,"119","6.61","26.03","36.6",,,,,,,,,,,,,,,,,,,"23.6"
"1","계룡","성인","일반","47","관리자","참가","20250220","F","165.1","58.7","35.1",,"71","113","25.9","25.7",,,"1.8",,,,,,"21.5","10","13","14.16","140",,,,,,"44.1",,"30.0",,,,,,,,,,,,,,,,,
"1","동구(광주)","어르신","일반","74","관리자","3등급","20250220","F","154.2","60.7","36.8","84.3","73","124","22.9","21.6",,,"12",,,,,,"25.5",,,,,"20",,"119","5.62","23.38","37.7",,,,,,,,,,,,,,,,,,,"22.9"
"1","계룡","성인","일반","36","관리자","참가","20250220","F","166.1","45.7","18.1",,"80","121","26.3","25.5",,,"6",,,,,,"16.6","27","17","13.06","159",,,,,,"57.5",,"33.7",,,,,,,,,,,,,,,,,
"1","계룡","성인","일반","47","관리자","참가","20250220","M","173","80.2","23.1",,"85","138","39","40.8",,,"5.6",,,,,,"26.8","34","25","11.75","204",,,,,,"50.9",,"35.3",,,,,,,,,,,,,,,,,
"2","동구(인천)","성인","일반","25","관리자","3등급","20250220","F","171.7","60.2","29.3",,"67","132","28.7","31.6",,,"23.9",,,,,,"20.4","30",,,"147",,,,,,"52.5",,,,,,,,"148","33.5",,,"0.363",,,,,,,
"1","서대문","성인","일반","46","관리자","1등급","20250220","F","161.4","57.1","33.5",,"80","149","27.7","29.4",,,"19.9",,,,,,"21.9","30",,,,,,,,,"51.5",,,,,,,,"117","33.2",,,"0.312","0.404",,,,,,
"3","KSPO아산","어르신","일반","66","관리자","3등급","20250220","F","147.5","56.5","38","87","79","159","21.5","27",,,"15",,,,,,"26.0",,,,,"34",,"125","5.81","22.38","47.8",,,,,,,,,,,,,,,,,,,"27.0"
"4","시흥","어르신","일반","78","관리자","2등급","20250220","M","154.3","42.8","7.7","68.5","81","157","29.5","27.1",,,"8.8",,,,,,"18.0",,,,,"30",,"103","4.91","19.22","68.9",,,,,,,,,,,,,,,,,,,"29.5"
"1","중구(서울)","성인","일반","25","관리자","3등급","20250220","F","166.1","51","23.4","74.5","54","111","25.6","29.2",,,"13.5",,,,,,"18.5","42",,,"164",,,,,,"57.3",,,,,,,,"132","37.2",,,"0.329",,,,,,,
"3","KSPO아산","어르신","일반","73","관리자","2등급","20250220","M","162.6","70.3","34.1","97","96","187","36.7","37.6",,,"7.6",,,,,,"26.6",,,,,"25",,"130","5.93","21.91","53.5",,,,,,,,,,,,,,,,,,,"37.6"
"7","오산","어르신","일반","77","관리자","1등급","20250220","M","164.3","57.2","26.2","80.9","88","150","29.7","33.2",,,"9.6",,,,,,"21.2",,,,,"26",,"120","5.62","21.87","58.0",,,,,,,,,,,,,,,,,,,"33.2"
"1","부천","성인","일반","47","관리자","참가","20250220","F","162.2","51.9","26.2",,"67","103","22.5","24.3",,,"6.2",,,,,,"19.7","35",,,,,,,,,"46.8",,,"63","100","123",,"38.4",,,,,"0.317","0.452",,,,,,
"9","부천","성인","일반","28","관리자","2등급","20250220","M","166.1","64.7","19.5",,"54","110","40.4","40.7",,,"12.0",,,,,,"23.5","49",,"10.57","229",,,,,,"62.9",,,,,,,,"120","44.5",,,,,,,,,,
"1","KSPO아산","청소년","일반","18","관리자","참가","20250220","M","169.8","58.2","13.2","69.5","62","126","40.7","42.5",,"48","2.7","18.42","0.620","42.803","5","43.033","20.2",,,,,,,,,,"73.0",,,"126","144","154",,"48.2",,,,,,,,,,,,
"2","양평","성인","일반","62","관리자","2등급","20250220","M","166.9","75.1","25.4",,"92","151","41.2","37.5",,,"17.7",,,,,,"27.0","25",,"12.4","171",,,,,,"54.9",,,"82","108","126",,"35.6",,,,,,,,,,,,
"3","동작","성인","일반","23","관리자","참가","20250220","F","174.4","67","34.7","76","67","107","29.4","32.7",,,"4.2",,,,,,"22.0","22",,,"155",,,,,,"48.8",,,"84","125","157",,"35.3",,,,,"0.292",,,,,,,
"4","동작","성인","일반","19","관리자","참가","20250220","M","171.5","60.9","21","78","84","148","31.1","32.7",,,"15.5",,,,,,"20.7","35",,,"172",,,,,,"53.7",,,"63","119","142",,"49.7",,,,,"0.278",,,,,,,
"5","오산","성인","일반","57","관리자","2등급","20250220","F","159.3","52.5","26.4","72.4","83","132","26.3","26.3",,,"29.3",,,,,,"20.7","19",,,"155",,,,,,"50.1",,,,,,,,"115","32.3",,,"0.457",,,,,,,
"2","오산","성인","일반","63","관리자","참가","20250220","F","155.7","59.9","39.4","86.7","90","150","26.3","30.1",,,"15",,,,,,"24.7","3",,,,,,,,,"50.3",,,"98","139","154",,"29.6",,,,,"0.319","0.366",,,,,,
"1","오산","성인","일반","23","관리자","2등급","20250220","M","174","66.7","9.3","74.9","75","130","43.5","51.2",,,"16.6",,,,,,"22.0","49","62","10.72",,,,,,,"76.8",,"47.8",,,,,,,,,,,"0.577",,,,,,
"1","계룡","성인","일반","50","관리자","참가","20250220","M","166.9","74.4","21.9",,"90","143","28.1","40.3",,,"-7.3",,,,,,"26.7","30","21","12","205",,,,,,"54.2",,"35.1",,,,,,,,,,,,,,,,,
"6","광주","어르신","일반","70","관리자","참가","20250220","M","162.2","76.1","33",,"79","143","29.1","26.9",,,"14.3",,,,,,"28.9",,,,,"27",,"121","5.62","23.17","38.2",,,,,,,,,,,,,,,,,,,"29.1"
"7","광주","어르신","일반","81","관리자","참가","20250220","M","164.8","72.8","33.4",,"71","145","34","35.4",,,"-7.8",,,,,,"26.8",,,,,"16",,"96","7.12","29.48","48.6",,,,,,,,,,,,,,,,,,,"35.4"
"2","진천","어르신","일반","71","관리자","참가","20250220","M","167.4","83.9","35.2","100.5","105","165","37.3","38.9",,,"-7",,,,,,"29.9",,,,,"23",,"140","4.952","20.703","46.4",,,,,,,,,,,,,,,,,,,"38.9"
"2","오산","어르신","일반","72","관리자","참가","20250220","M","170","66.5","37.6","97.4","95","158","29","30.4",,,"-6.4",,,,,,"23.0",,,,,"17",,"98","7.41","27.78","45.7",,,,,,,,,,,,,,,,,,,"30.4"
"6","오산","어르신","일반","80","관리자","참가","20250220","F","152.3","53.1","41.3","83.9","71","130","20.2","23.9",,,"3.6",,,,,,"22.9",,,,,"16",,"96","7.75","26.43","45.0",,,,,,,,,,,,,,,,,,,"23.9"
"7","오산","어르신","일반","73","관리자","3등급","20250220","M","169.2","62.2","27.4","85.9","69","120","38.6","36",,,"4.2",,,,,,"21.7",,,,,"24",,"114","5.32","22.41","62.1",,,,,,,,,,,,,,,,,,,"38.6"
"3","오산","어르신","일반","71","관리자","3등급","20250220","M","171.6","70.5","24.5","91.5","84","157","36.1","40",,,"0.5",,,,,,"23.9",,,,,"29",,"125","5.72","26","56.7",,,,,,,,,,,,,,,,,,,"40.0"
"3","KSPO송파별관(어르신)","어르신","일반","71","관리자","참가","20250220","M","167","85.9","37.8",,"92","173","28.5","35.3",,,"5.9",,,,,,"30.8",,,,,"25",,"119","5.52","23.78","41.1",,,,,,,,,,,,,,,,,,,"35.3"
"1","강북","성인","일반","19","관리자","참가","20250220","M","164.8","79.00","30.8","92.5","91","132","37.8","47.9",,,"5.4",,,,,,"29.1","42","39","10.8","214",,,,,,"60.6",,"41.2",,,,,,,,,,,,,,,,,
"3","KSPO송파별관(어르신)","어르신","일반","65","관리자","3등급","20250220","M","166.4","71.1","24.5",,"72","159","35.8","39.8",,,"2.2",,,,,,"25.7",,,,,"27",,"119","5.08","18.24","56.0",,,,,,,,,,,,,,,,,,,"39.8"
"1","영암","성인","일반","59","관리자","참가","20250220","M","165.3","72.8","27.4",,"84","138","48.3","44.4",,,"6.5",,,,,,"26.6","28",,"11.38","200",,,,,,"66.3",,,"132","100","116","130","36.6",,,,,,,,,,,,
"1","중구(서울)","성인","일반","27","관리자","참가","20250220","M","177","70.7","14.5","82.2","64","117","44.4","40.7",,,"0.5",,,,,,"22.6","37",,"11.9","187",,,,,,"62.8",,,,,,,,"103","46.7",,,,,,,,,,
"3","KSPO송파","성인","일반","61","관리자","참가","20250220","M","165.6","67.4","26.5","79.8","96","158","38.6","41.8",,,"8.1",,,,,,"24.6","31","12",,"191",,,,,,"62.0",,"33.2",,,,,,,,,,"0.332",,,,,,,
"4","KSPO송파","성인","일반","59","관리자","3등급","20250220","F","154.2","50.8","25.2","61","82","136","22","24.1",,,"23.8",,,,,,"21.4","9",,,"133",,,,,,"47.4",,,"105","147","158",,"32.3",,,,,"0.399",,,,,,,
"1","성남","성인","일반","58","관리자","3등급","20250220","F","163.9","62.9","31.9",,"64","101","26.6","21.6",,,"20.5",,,,,,"23.4","17","11","14.64",,,,,,,"42.3",,"28.2",,,,,,,,,,,"0.383",,,,,,
"4","화성","어르신","일반","78","관리자","1등급","20250220","M","159.1","65","30.6",,"95","137","33.4","34.3",,,"14.6",,,,,,"25.7",,,,,"22",,"119","5.8","22.5","52.8",,,,,,,,,,,,,,,,,,,"34.3"
"1","춘천","성인","일반","57","관리자","3등급","20250220","F","154.9","52","38.1","80.8","88","148","27","25.5",,,"13.7",,,,,,"21.7","23","11","16.34","122",,,,,,"51.9",,"29.9",,,,,,,,,,,,,,,,,
"2","KSPO송파별관(어르신)","어르신","일반","66","관리자","2등급","20250220","M","170","70.1","27",,"72","132","45","49",,,"9",,,,,,"24.3",,,,,"28",,"118","4.6","16.92","69.9",,,,,,,,,,,,,,,,,,,"49.0"
"6","고양","어르신","일반","72","관리자","2등급","20250220","F","146.7","49","30.2",,"75","151","22","22.4",,,"20.7",,,,,,"22.8",,,,,"26",,"100","5.51","25.93","45.7",,,,,,,,,,,,,,,,,,,"22.4"
"1","춘천","성인","일반","64","관리자","참가","20250220","M","163.7","75.4","32.3","101.7","76","149","46.7","47.7",,,"-3.2",,,,,,"28.1","31",,"14.19","144",,,,,,"63.3",,,,,,,,"113","34.1",,,,,,,,,,
"2","고양","성인","일반","61","관리자","참가","20250220","M","167.4","77.5","30.9",,"92","168","44.6","23.2",,,"6.2",,,,,,"27.7","14","11","13.65","147",,,,,,"57.5",,"31.4",,,,,,,,,,,,,,,,,
"2","화성","성인","일반","42","관리자","2등급","20250220","M","172.7","65.9","20.3",,"70","122","41.5","45.7",,,"27.7",,,,,,"22.1","38",,,,,,,,,"69.3",,,,,,,,"116","41.9",,,"0.265","0.601",,,,,,
"5","KSPO송파별관(어르신)","어르신","일반","76","관리자","참가","20250220","M","166","61.9","29.3",,"77","156","26.9","14",,,"-5",,,,,,"22.5",,,,,"22",,"107","4.89","23.44","43.5",,,,,,,,,,,,,,,,,,,"26.9"
"3","보은","성인","일반","64","관리자","참가","20250220","M","181.1","85.9","22.1",,"83","149","48.1","56.6",,,"-1",,,,,,"26.2","20",,"13.38","179",,,,,,"65.9",,,"108","125","154","180","26.6",,,,,,,,,,,,
"2","서대문","성인","일반","43","관리자","2등급","20250220","F","161.8","58.5","24.1",,"61","129","30.4","29.7",,,"16.6",,,,,,"22.3","34",,,"142",,,,,,"52.0",,,"70","102","118",,"38.3",,,,,"0.420",,,,,,,
"1","보은","성인","일반","63","관리자","3등급","20250220","M","172.2","64","20.9",,"79","112","39.1","41.9",,,"10.5",,,,,,"21.6","22","15",,"214",,,,,,"65.5",,"34.1",,,,,,,,,,"0.420",,,,,,,
"1","양평","어르신","일반","65","관리자","3등급","20250220","F","156.1","65.6","37.8",,"70","138","21.2","23.8",,,"12.6",,,,,,"26.9",,,,,"20",,"105","6.54","24.8","36.3",,,,,,,,,,,,,,,,,,,"23.8"
"3","북구(광주)","성인","일반","25","관리자","참가","20250220","M","174.6","68.1","18.5","76.6","80","108","39.6","47.9",,,"5.1",,,,,,"22.3","40","35",,,,,,,,"70.3",,"41.1",,,,,,,,,,"0.314","0.594",,,,,,
"2","서구(대전)","성인","일반","61","관리자","2등급","20250220","M","171.3","61.1","14.8",,"87","150","37.4","37.4",,,"9.5",,,,,,"20.8","32",,,,,,,,,"61.2",,,"97","123","133","166","38.3",,,,,"0.316","0.539",,,,,,
"4","KSPO광주","성인","일반","30","관리자","1등급","20250220","M","159.7","61.2","19","75.2","77","114","41.2","46",,,"17.8",,,,,,"24.0","52","49",,"215",,,,,,"75.2",,"45.3",,,,,,,,,,"0.275",,,,,,,
"1","KSPO송파","성인","일반","63","관리자","참가","20250220","M","168.1","80.3","26.7","94","83","144","41.9","45.2",,,"10.4",,,,,,"28.4","27",,,"180",,,,,,"56.3",,,,,,,,"121","32.4",,,"0.348",,,,,,,
"2","수원","어르신","일반","83","관리자","3등급","20250220","M","161.1","59.7","24.2","79","65","144","30.8","33.8",,,"8.2",,,,,,"23.0",,,,,"22",,"75","7","27.8","56.6",,,,,,,,,,,,,,,,,,,"33.8"
"4","성동","어르신","일반","69","관리자","1등급","20250220","M","168.9","73.8","25.1",,"94","178","40.11","48.4",,,"14.9",,,,,,"25.9",,,,,"28",,"129","4.55","18","65.6",,,,,,,,,,,,,,,,,,,"48.4"
"1","성동","어르신","일반","68","관리자","참가","20250220","M","179","75.4","16.6",,"72","155","40.9","40.4",,,"-3.0",,,,,,"23.5",,,,,"25",,"126","4.44","21.43","54.2",,,,,,,,,,,,,,,,,,,"40.9"
"6","제주","성인","일반","23","관리자","2등급","20250220","M","174.8","77.7","16.1","83.5","54","115","43.4","51.8",,,"21.2",,,,,,"25.4","53",,"9.62","245",,,,,,"66.7",,,"71","95","104","120","52.9",,,,,,,,,,,,
"10","성동","어르신","일반","75","관리자","참가","20250220","M","162.9","68.8","33.1",,"63","188","29.5","34.1",,,"-2.5",,,,,,"25.9",,,,,"21",,"115","4.67","21.74","49.6",,,,,,,,,,,,,,,,,,,"34.1"
"4","안산","성인","일반","26","관리자","1등급","20250220","F","170.8","53.9","28.9","71","75","120","28.9","21.5",,,"27.4",,,,,,"18.5","36",,,"178",,,,,,"53.6",,,,,,,,"117","38.6",,,"0.419",,,,,,,
"1","강북","성인","일반","61","관리자","1등급","20250220","M","161.8","67.20","22.9","88","107","141","43.6","47",,,"22.5",,,,,,"25.7","37","32","11.9","189",,,,,,"69.9",,"37.9",,,,,,,,,,,,,,,,,
"1","나주","성인","일반","62","관리자","참가","20250220","M","160.6","65.3","27.8","87.5","76","130","34.8","35.9",,,"7.4",,,,,,"25.3","28","18",,"182",,,,,,"55.0",,"34.9",,,,,,,,,,"0.332",,,,,,,
"3","군산","성인","일반","32","관리자","3등급","20250220","F","161.5","60.6","33.3","73","90","142","23.2","26.5",,,"20.1",,,,,,"23.2","38",,,"196",,,,,,"43.7",,,"98","136","151",,"35.8",,,,,"0.320",,,,,,,
"2","마포","어르신","일반","72","관리자","1등급","20250220","M","167.6","68.8","31.3","92","80","158","33.4","39.7",,,"12.4",,,,,,"24.5",,,,,"25",,"133","4.50","19.91","57.7",,,,,,,,,,,,,,,,,,,"39.7"
"1","마포","어르신","일반","72","관리자","1등급","20250220","M","166.3","71.1","28.2","90","76","141","43.3","40.1",,,"11.9",,,,,,"25.7",,,,,"25",,"143","4.56","18.72","60.9",,,,,,,,,,,,,,,,,,,"43.3"
"2","순천","어르신","일반","67","관리자","3등급","20250220","M","167.6","60.5","27.6","84.1","80","134","36.1","35.1",,,"6.5",,,,,,"21.5",,,,,"24",,"134","4.85","22.4","59.7",,,,,,,,,,,,,,,,,,,"36.1"
"2","성남","어르신","일반","65","관리자","3등급","20250220","F","159.1","66.4","36.2",,"76","130","28.1","25.9",,,"15.0",,,,,,"26.2",,,,,"26",,"124","4.32","17.16","42.3",,,,,,,,,,,,,,,,,,,"28.1"
"1","성남","어르신","일반","69","관리자","3등급","20250220","M","167.4","68.2","30.0",,"89","129","36.6","38.5",,,"3.2",,,,,,"24.3",,,,,"24",,"127","4.62","20.38","56.5",,,,,,,,,,,,,,,,,,,"38.5"
"1","안산","성인","일반","28","관리자","3등급","20250220","F","170.7","55.3","30.1","63.5","78","123","35.4","37",,,"9.6",,,,,,"19.0","33","19",,"168",,,,,,"66.9",,"33.2",,,,,,,,,,"0.406",,,,,,,
"2","순천","어르신","일반","65","관리자","3등급","20250220","M","166.3","72.5","27.1","93.1","89","137","44","43.1",,,"10.6",,,,,,"26.2",,,,,"22",,"114","5.38","24.97","60.7",,,,,,,,,,,,,,,,,,,"44.0"
"1","수원","성인","일반","54","관리자","참가","20250220","F","159.7","58.2","34.1","77","79","138","26.7","28.7",,,"20.7",,,,,,"22.8","11",,,"156",,,,,,"49.3",,,,,,,,"105","32.7",,,"0.445",,,,,,,
"1","수원","성인","일반","21","관리자","참가","20250220","F","161","52.6","30","77","64","116","19.5","23.8",,,"2",,,,,,"20.3","33",,,,,,,,,"45.2",,,,,,,,"138","36.3",,,"0.514","0.382",,,,,,
"1","수원","성인","일반","23","관리자","참가","20250220","F","167.4","56.6","29.5","76","74","139","24","26.8",,,"9.7",,,,,,"20.2","16",,,"142",,,,,,"47.3",,,,,,,,"143","35.0",,,"0.506",,,,,,,
"2","순천","어르신","일반","66","관리자","2등급","20250220","M","175","69.3","24.6","82.5","93","129","41.2","39.3",,,"22.1",,,,,,"22.6",,,,,"24",,"126","4.82","22.4","59.5",,,,,,,,,,,,,,,,,,,"41.2"
"2","순천","어르신","일반","68","관리자","3등급","20250220","M","162.5","70","28.5","89.2","87","155","32.6","34.5",,,"16.4",,,,,,"26.5",,,,,"28",,"121","5.44","22.96","49.3",,,,,,,,,,,,,,,,,,,"34.5"
"2","순천","어르신","일반","66","관리자","2등급","20250220","M","167.8","75.7","30.6","94.1","94","159","47.4","48.1",,,"14.3",,,,,,"26.9",,,,,"27",,"127","5.06","21.11","63.5",,,,,,,,,,,,,,,,,,,"48.1"
"2","시흥","성인","일반","20","관리자","참가","20250220","F","165.5","61.2","31.1","67","54","103","24.8","29.7",,,"8.9",,,,,,"22.3","42",,,,,,,,,"48.5",,,,,,,,"126","36.3",,,"0.321","0.514",,,,,,
"1","서구(대전)","성인","일반","24","관리자","2등급","20250220","M","178.8","74.4","15",,"83","141","47.4","53.8",,,"18",,,,,,"23.3","54",,,"231",,,,,,"72.3",,,"72","105","129","150","47.4",,,,,"0.296",,,,,,,
"2","순천","어르신","일반","67","관리자","3등급","20250220","M","157.3","58.8","32.2","85.8","59","109","31.7","34.9",,,"10.1",,,,,,"23.8",,,,,"21",,"124","5.82","26.53","59.4",,,,,,,,,,,,,,,,,,,"34.9"
"2","전주","성인","일반","33","관리자","참가","20250220","M","178.8","89.5","28.6","105.9","87","142","55.4","59.5",,,"17",,,,,,"28.0","44",,,"220",,,,,,"66.5",,,,,,,,"128","37.6",,,"0.340",,,,,,,
"1","중구(서울)","청소년","일반","18","관리자","3등급","20250220","M","174.8","60.1","8.3","73.3","73","120","42.6","45.1","48",,"5.6","17.53","0.602","46.996","7","47.318","19.7",,,,,,,,,,"75.0",,,"98","112","132",,"50.2",,,,,,,,,,,,
"5","동구(인천)","성인","일반","19","관리자","3등급","20250220","M","180.2","73.6","16.1",,"65","122","47","48.1",,,"16.7",,,,,,"22.7","74",,,,,,,,,"65.4",,,,,,,,"146","42.0",,,"0.294","0.653",,,,,,
"5","화성","어르신","일반","79","관리자","2등급","20250220","M","161.3","75.9","33.7",,"71","148","30.9","38",,,"10.6",,,,,,"29.2",,,,,"24",,"118","4.69","18.66","50.1",,,,,,,,,,,,,,,,,,,"38.0"
"2","강북","어르신","일반","65","관리자","3등급","20250220","M","171.6","70.70","28.8","87.5","92","152","32.9","33.3",,,"7.4",,,,,,"24.0",,,,,"29",,"107","4.7","21.2","47.1",,,,,,,,,,,,,,,,,,,"33.3"
"4","고양","성인","일반","27","관리자","3등급","20250220","M","172.3","66.7","15.5",,"72","150","43.3","42.6",,,"8.5",,,,,,"22.5","41",,"10.64","201",,,,,,"64.9",,,,,,,,"134","42.7",,,,,,,,,,
"24","정읍","성인","일반","39","관리자","2등급","20250220","M","172.6","70.1","23.4",,"80","112","42.2","40.7",,,"9.9",,,,,,"23.5","43",,,"205",,,,,,"60.2",,,,,,,,"114","42.0",,,"0.320",,,,,,,
"2","강북","성인","일반","63","관리자","참가","20250220","F","164","61.1","30.8","83.2","91","154","26.9","24.9",,,"17.7",,,,,,"22.7","6",,,,,,,,,"44.0",,,,,,,,"138","26.7",,,"0.506","0.377",,,,,,
"4","성동","성인","일반","23","관리자","2등급","20250220","F","165.3","55","27.8",,"75","114","25.9","27.2",,,"21.1",,,,,,"20.1","32",,,,,,,,,"49.5",,,"78","138","165",,"37.4",,,,,"0.318","0.514",,,,,,
"1","동구(인천)","성인","일반","20","관리자","참가","20250220","M","179.4","74.8","14.3",,"70","134","33.5","34.7",,,"5.1",,,,,,"23.2","53","35","10.15","246",,,,,,"46.4",,"40.5",,,,,,,,,,,,,,,,,
"1","서초","성인","일반","61","관리자","참가","20250220","F","158.0","63.3","35.0","80.0","80","140","32","31.2",,,"22.3",,,,,,"25.4","9",,,,,,,,,"50.6",,,,,,,,"103","30.2",,,"0.450","0.378",,,,,,
"1","원주","성인","일반","27","관리자","참가","20250220","M","174","95.3","29.4","101.5","83","149","48.8","54.9",,,"10.6",,,,,,"31.5","46","36",,,,,,,,"57.6",,"37.2",,,,,,,,,,"0.325","0.552",,,,,,
"1","서구(대전)","성인","일반","19","관리자","참가","20250220","M","168.3","70.9","24.5",,"62","102","38.3","47.4",,,"16.9",,,,,,"25.0","35",,,"208",,,,,,"66.9",,,"73","119","145","167","45.9",,,,,"0.351",,,,,,,
"2","KSPO송파별관(어르신)","어르신","일반","72","관리자","참가","20250220","M","175.5","80.9","26.6",,"82","130","29","33.7",,,"-1.5",,,,,,"26.3",,,,,"23",,"105","5.54","23.30","41.7",,,,,,,,,,,,,,,,,,,"33.7"
"1","서초","성인","일반","23","관리자","참가","20250220","M","174.7","79.5","30.7","88.6","83","142","46.1","49.3",,,"2.3",,,,,,"26.0","38",,,,,,,,,"62.0",,,,,,,,"91","47.4",,,"0.438","0.502",,,,,,
"2","고양","성인","일반","19","관리자","참가","20250220","M","175","54","14.5",,"63","113","36.7","27.4",,,"1.8",,,,,,"17.6","31","26","10.56","211",,,,,,"68.0",,"41.6",,,,,,,,,,,,,,,,,
"2","춘천","어르신","일반","65","관리자","3등급","20250220","F","146","56.2","38.2","82.8","92","157","23.8","27.1",,,"16.3",,,,,,"26.4",,,,,"23",,"97","6.06","23.25","48.2",,,,,,,,,,,,,,,,,,,"27.1"
"2","KSPO송파","성인","일반","23","관리자","3등급","20250220","F","177.7","60.9","24.1","62.5","68","103","31.8","32.5",,,"18.5",,,,,,"19.3","26",,,,,,,,,"53.4",,,,,,,,"95","40.7",,,"0.375","0.456",,,,,,
"1","서초","성인","일반","62","관리자","참가","20250220","M","178.6","62.2","17.4","78.1","85","120","37.4","40.3",,,"9.1",,,,,,"19.5","16",,,,,,,,,"64.8",,,,,,,,"152","32.9",,,"0.364","0.515",,,,,,
"1","KSPO송파","성인","일반","25","관리자","참가","20250220","F","167.9","65.1","28.7","75.8","73","130","23","27.9",,,"18.7",,,,,,"23.1","25","16",,"150",,,,,,"42.9",,"30.8",,,,,,,,,,"0.41",,,,,,,
"1","서초","성인","일반","61","관리자","2등급","20250220","M","171.8","72.9","24.6","82.7","94","153","45.7","49.9",,,"9.2",,,,,,"24.7","40",,,,,,,,,"68.4",,,,,,,,"120","35.0",,,"0.340","0.514",,,,,,
"3","순천","성인","일반","60","관리자","2등급","20250220","M","166.1","68.4","27.1","88.6","90","147","34.2","36.8",,,"10.2",,,,,,"24.8","38",,,,,,,,,"53.8",,,,,,,,"112","37.0",,,"0.417","0.465",,,,,,
"1","화성","성인","일반","24","관리자","3등급","20250220","M","176","78","16.1",,"80","126","44.5","48.7",,,"8.5",,,,,,"25.2","42","41","10.7","239",,,,,,"62.4",,"41.1",,,,,,,,,,,,,,,,,
"5","서대문","어르신","일반","66","관리자","1등급","20250220","M","163.2","67.1","29.3",,"74","136","36.5","38.7",,,"12.1",,,,,,"25.2",,,,,"38",,"132","4.34","17.34","57.7",,,,,,,,,,,,,,,,,,,"38.7"
"1","강릉","성인","일반","53","관리자","참가","20250220","M","176.1","78.7","29.1","97.3","83","131","39","42.7",,,"14.2",,,,,,"25.4","32",,,"167",,,,,,"54.3",,,,,,,,"122","35.7",,,"0.394",,,,,,,
"5","순천","성인","일반","32","관리자","3등급","20250220","M","193.5","109.7","24.5","110","85","130","56.5","56.9",,,"18.9",,,,,,"29.3","52",,,,,,,,,"51.9",,,,,,,,"93","39.6",,,"0.371","0.576",,,,,,
"1","서대문","성인","일반","23","관리자","3등급","20250220","F","164.7","46.7","17.2",,"88","120","21.8","20.8",,,"19.7",,,,,,"17.2","23",,"12.52","162",,,,,,"46.7",,,,,,,,"81","44.7",,,,,,,,,,
"7","서구(대전)","성인","일반","36","관리자","참가","20250220","M","177.8","92","28.7",,"80","126","46.2","52.7",,,"10.6",,,,,,"29.1","45",,,"197",,,,,,"57.3",,,,,,,,"125","36.6",,,"0.307",,,,,,,
"2","KSPO광주","성인","일반","42","관리자","3등급","20250220","F","162.7","54.7","24.5","75.8","77","136","28","19.3",,,"18",,,,,,"20.7","20",,,,,,,,,"51.2",,,,,,,,"137","32.2",,,"0.38","0.386",,,,,,
"2","순천","어르신","일반","70","관리자","2등급","20250220","M","165.5","62","25.9","84.9","75","156","36.5","40",,,"6.4",,,,,,"22.6",,,,,"21",,"119","4.70","23.65","64.5",,,,,,,,,,,,,,,,,,,"40.0"
"1","동구(광주)","유소년","일반","12","관리자","참가","20250220","M","159","73.9",,"91",,,"29.4","31.6","24",,"3.5",,,,,,"29.2",,"52",,"160",,,,,,"42.8",,,,,,,,,,,,,,"0.57","11","12",,,
"1","동구(광주)","유소년","일반","12","관리자","참가","20250220","M","149.1","55.8",,"86",,,"16.8","20.4","30",,"-3.9",,,,,,"25.1",,"50",,"143",,,,,,"36.6",,,,,,,,,,,,,,"0.58","21","5",,,
"1","계룡","성인","일반","47","관리자","참가","20250220","M","165.1","59.6","23.1",,"76","128","37.8","39.9",,,"7.5",,,,,,"21.9","21","34","10.94","203",,,,,,"66.9",,"40.6",,,,,,,,,,,,,,,,,
"1","광주","청소년","일반","16","관리자","2등급","20250220","M","172.4","76.4","18.8",,"63","111","42.9","44.9","50",,"13.9","19.93","0.577","61.259","10","61.719","25.7",,"53",,,,,,,,"58.8",,"43.3",,,,,,,,,,,,,,,,,
"1","KSPO아산","성인","일반","63","관리자","3등급","20250220","M","162","51.4","14.9","75.5","73","122","29.7","33",,,"3.2",,,,,,"19.6","35",,"13.3","178",,,,,,"64.2",,,,,,,,"115","39.3",,,,,,,,,,
"1","계룡","성인","일반","44","관리자","참가","20250220","M","171.2","74.5","23.7",,"94","151","39","49.9",,,"-8.2",,,,,,"25.4","30","27","11.35","194",,,,,,"67.0",,"36.9",,,,,,,,,,,,,,,,,
"1","중구(서울)","청소년","일반","18","관리자","참가","20250220","M","174.4","83.6","21.6","89","88","130","50.2","53.9","22",,"-2.5","19.41","0.512","57.528","3","57.666","27.5",,"33",,,,,,,,"64.5",,"38.6",,,,,,,,,,,,,,,,,
"1","계룡","성인","일반","45","관리자","3등급","20250220","F","156.8","47.4","30.7",,"98","147","24.6","28.2",,,"15.7",,,,,,"19.3","37","15","14.16","146",,,,,,"59.5",,"32.3",,,,,,,,,,,,,,,,,
"8","KSPO아산","성인","일반","22","관리자","1등급","20250220","M","175.5","78.5","14.8","81.5","66","125","50","56.7",,,"16.2",,,,,,"25.5","64","62","10.8","233",,,,,,"72.2",,"46.2",,,,,,,,,,,,,,,,,
"1","계룡","성인","일반","47","관리자","참가","20250220","M","171.2","66.5","25.4",,"86","140","38","38.1",,,"-7.9",,,,,,"22.7","21","24","11.66","200",,,,,,"57.3",,"37.1",,,,,,,,,,,,,,,,,
"1","계룡","성인","일반","43","관리자","참가","20250220","F","164.7","67.5","38.5",,"66","115","24.7","29.8",,,"15.5",,,,,,"24.9","17","12","15.68","121",,,,,,"44.1",,"28.4",,,,,,,,,,,,,,,,,
"1","충주","성인","일반","23","관리자","3등급","20250220","M","178.5","85.6","20.9","98","62","155","50.7","49.1",,,"12.6",,,,,,"26.9","45","55",,"229",,,,,,"59.2",,"43.3",,,,,,,,,,"0.357",,,,,,,
"1","계룡","성인","일반","52","관리자","3등급","20250220","M","170.0","65.7","22.7",,"87","146","36.8","37",,,"16.8",,,,,,"22.7","26","39","11.87","186",,,,,,"56.3",,"40.4",,,,,,,,,,,,,,,,,
"1","동구(광주)","유소년","일반","12","관리자","참가","20250220","M","160.3","50.6",,"70",,,"23.8","23.4","80",,"-2.1",,,,,,"19.7",,"101",,"187",,,,,,"47.0",,,,,,,,,,,,,,"0.44","43","13",,,
"2","충주","성인","일반","24","관리자","참가","20250220","F","159.7","47.1","22.6","70","72","127","26.5","27.4",,,"-8",,,,,,"18.5","26",,,"112",,,,,,"58.2",,,,,,,,"129","38.1",,,"0.4",,,,,,,
"1","계룡","성인","일반","45","관리자","참가","20250220","F","158.5","50","25.8",,"73","134","22.2","23.3",,,"20.5",,,,,,"19.9","15","10","15.40","127",,,,,,"46.6",,"30.4",,,,,,,,,,,,,,,,,
"1","동구(광주)","유소년","일반","12","관리자","1등급","20250220","M","163.4","48.3",,"71",,,"25.4","26.7","60",,"13.6",,,,,,"18.1",,"101",,"211",,,,,,"55.3",,,,,,,,,,,,,,"0.43","42","9",,,
"1","계룡","성인","일반","41","관리자","참가","20250220","F","159.2","75.6","45.0",,"87","147","27.8","31.3",,,"6.2",,,,,,"29.8","12","8","19.35","124",,,,,,"41.4",,"25.8",,,,,,,,,,,,,,,,,
"2","광주","성인","일반","35","관리자","참가","20250220","F","165.3","53.4","26.2",,"66","98","32.3","34.1",,,"-3",,,,,,"19.5","26",,,"170",,,,,,"63.9",,,"94","137","155",,"36.9",,,,,"0.398",,,,,,,
"1","계룡","성인","일반","47","관리자","3등급","20250220","M","171.2","70.9","20.6",,"91","131","38","40",,,"14.6",,,,,,"24.2","36","25","11.97","176",,,,,,"56.4",,"36.7",,,,,,,,,,,,,,,,,
"4","광주","성인","일반","27","관리자","2등급","20250220","F","163.2","55.1","29.5",,"74","129","24.5","26.2",,,"22",,,,,,"20.7","30","24",,"192",,,,,,"47.5",,"34.6",,,,,,,,,,"0.379",,,,,,,
"1","계룡","성인","일반","40","관리자","참가","20250220","M","173.8","68.3","15.0",,"80","132","29.8","34.7",,,"15.9",,,,,,"22.6","32","32","11.69","183",,,,,,"50.8",,"39.2",,,,,,,,,,,,,,,,,
"1","광주","성인","일반","63","관리자","3등급","20250220","F","160.5","62.7","33.1",,"75","159","25.2","21.2",,,"14",,,,,,"24.3","11",,,"110",,,,,,"40.2",,,"97","126","140",,"30.8",,,,,"0.506",,,,,,,
"1","계룡","성인","일반","53","관리자","참가","20250220","M","184.6","88.7","29.9",,"99","147","42.1","50.2",,,"21.8",,,,,,"26.0","32","21","12.72","194",,,,,,"56.6",,"32.4",,,,,,,,,,,,,,,,,
"1","계룡","성인","일반","45","관리자","참가","20250220","M","175.2","89.9","24.5",,"82","135","46.3","48.8",,,"8.6",,,,,,"29.3","27","22","11.47","196",,,,,,"54.3",,"33.3",,,,,,,,,,,,,,,,,
"1","무안","성인","일반","30","관리자","참가","20250220","M","178.2","96.3","35.6","84","97","138","42.6","42",,,"-2",,,,,,"30.3","26",,,"150",,,,,,"44.2",,,,,,,,"124","37.3",,,"0.361",,,,,,,
"1","계룡","성인","일반","43","관리자","참가","20250220","F","168.4","67.6","37.7",,"91","135","28.9","25.9",,,"5.3",,,,,,"23.8","20","8","14.35","133",,,,,,"42.8",,"27.2",,,,,,,,,,,,,,,,,
"1","계룡","성인","일반","40","관리자","참가","20250220","F","160.7","71.4","41.1",,"97","155","25.2","29.3",,,"8.5",,,,,,"27.6","20","15","14.78","139",,,,,,"41.0",,"28.7",,,,,,,,,,,,,,,,,
"1","계룡","성인","일반","44","관리자","참가","20250220","M","175.9","80.8","24.2",,"76","122","50.4","48.5",,,"21",,,,,,"26.1","34","17","12.53","222",,,,,,"62.4",,"33.5",,,,,,,,,,,,,,,,,
"1","동구(광주)","청소년","일반","13","관리자","3등급","20250220","F","160.6","50.8","20.2","64","64","108","19.2","22.3","25",,"14.4","18.84","0.452","43.03","22","44.042","19.7",,"21",,,,,,,,"43.9",,"35.0",,,,,,,,,,,,,,,,,
"1","계룡","성인","일반","35","관리자","참가","20250220","F","164.6","72.3","36.1",,"64","133","24.8","28.4",,,"23.6",,,,,,"26.7","20","13","15.13","137",,,,,,"39.3",,"28.2",,,,,,,,,,,,,,,,,
"1","계룡","성인","일반","53","관리자","참가","20250220","F","162.8","60.4","38.2",,"77","130","25.4","26.9",,,"17.8",,,,,,"22.8","11","7","17.69","119",,,,,,"44.5",,"27.6",,,,,,,,,,,,,,,,,
"1","원주","어르신","일반","79","관리자","2등급","20250220","M","170.4","63.8","20.2","86","52","109","31.6","33.7",,,"10.5",,,,,,"22.0",,,,,"18",,"114","5.75","27.40","52.8",,,,,,,,,,,,,,,,,,,"33.7"
"3","의정부","어르신","일반","82","관리자","1등급","20250220","M","161.7","66.4","25.2","89.4","48","151","31.8","33",,,"20",,,,,,"25.4",,,,,"21",,"107","6.14","23.97","49.7",,,,,,,,,,,,,,,,,,,"33.0"
"1","계룡","성인","일반","53","관리자","3등급","20250220","M","171.2","74.6","24.8",,"94","158","39.7","39.2",,,"16.7",,,,,,"25.5","29","31","11.75","199",,,,,,"53.2",,"37.1",,,,,,,,,,,,,,,,,
"1","계룡","성인","일반","44","관리자","참가","20250220","F","162.9","51.5","22.9",,"64","114","22","21.7",,,"5.4",,,,,,"19.4","18","12","14.38","125",,,,,,"42.7",,"30.9",,,,,,,,,,,,,,,,,
"1","계룡","성인","일반","45","관리자","참가","20250220","M","182","86.5","23.2",,"92","151","41.9","15.1",,,"13",,,,,,"26.1","28","18","12.32","181",,,,,,"48.4",,"32.7",,,,,,,,,,,,,,,,,
"3","양평","성인","일반","27","관리자","3등급","20250220","M","180.5","68.8","11.4",,"78","125","46.2","45.4",,,"16",,,,,,"21.1","40",,"10.92","224",,,,,,"67.2",,,,,,,,"106","47.0",,,,,,,,,,
"1","계룡","성인","일반","32","관리자","참가","20250220","F","168.4","52.6","23.6",,"69","128","25.6","31.7",,,"9.0",,,,,,"18.5","31","19","11.9","193",,,,,,"60.3",,"33.4",,,,,,,,,,,,,,,,,
"1","계룡","성인","일반","49","관리자","참가","20250220","M","183.1","56.1","17",,"75","142","30.9","37.2",,,"16",,,,,,"16.7","30","22","11.5","201",,,,,,"66.3",,"37.7",,,,,,,,,,,,,,,,,
"1","계룡","성인","일반","53","관리자","참가","20250220","M","165.3","65.7","26.2",,"89","147","29.8","32.6",,,"2.8",,,,,,"24.0","21","22","14.32","147",,,,,,"49.6",,"36.4",,,,,,,,,,,,,,,,,
"1","동구(광주)","유소년","일반","12","관리자","3등급","20250220","F","149.7","45.5",,"60",,,"21.1","22.6","26",,"17.4",,,,,,"20.3",,"52",,"151",,,,,,"49.7",,,,,,,,,,,,,,"0.40","37","4",,,
"1","양평","성인","일반","19","관리자","3등급","20250220","M","176.1","65.8","16.5",,"78","143","38.6","46.8",,,"19.9",,,,,,"21.2","67","48","9.19","262",,,,,,"71.1",,"45.0",,,,,,,,,,,,,,,,,
"1","계룡","성인","일반","50","관리자","참가","20250220","F","165.9","66.4","35.5",,"81","126","24.8","25.4",,,"14.9",,,,,,"24.1","17","10","14.28","143",,,,,,"38.3",,"27.7",,,,,,,,,,,,,,,,,
"1","동구(광주)","유소년","일반","12","관리자","참가","20250220","F","154.4","54.9",,"74",,,"16.5","22.5","28",,"13.3",,,,,,"23.0",,"60",,"124",,,,,,"41.0",,,,,,,,,,,,,,"0.48","35","6",,,
"1","동구(광주)","유소년","일반","12","관리자","참가","20250220","F","151","42.7",,"65",,,"17.2","19.8","10",,"6.2",,,,,,"18.7",,"61",,"137",,,,,,"46.4",,,,,,,,,,,,,,"0.43","37","3",,,
"1","계룡","성인","일반","51","관리자","3등급","20250220","F","155.8","58","35.9",,"86","141","26.2","29.7",,,"14.1",,,,,,"23.9","22","16","15.13","134",,,,,,"51.2",,"30.7",,,,,,,,,,,,,,,,,
"1","계룡","성인","일반","48","관리자","참가","20250220","F","166.3","54.7","25.6",,"96","144","24.3","29.4",,,"13.7",,,,,,"19.8","21","10","15","125",,,,,,"53.7",,"29.7",,,,,,,,,,,,,,,,,
"1","계룡","성인","일반","51","관리자","참가","20250220","F","160.2","53.2","24.4",,"69","138","22.9","26.1",,,"3.4",,,,,,"20.7","27","18","14.31","160",,,,,,"49.1",,"32.1",,,,,,,,,,,,,,,,,
"4","오산","어르신","일반","65","관리자","3등급","20250220","M","171.9","71.3","29.6","104.9","86","144","37.4","43.1",,,"3.3",,,,,,"24.1",,,,,"18",,"120","5.03","22.09","60.4",,,,,,,,,,,,,,,,,,,"43.1"
"1","오산","어르신","일반","77","관리자","2등급","20250220","M","166.6","73","34.7","109.8","80","149","30.6","33.7",,,"8.2",,,,,,"26.3",,,,,"28",,"120","5.53","22.91","46.2",,,,,,,,,,,,,,,,,,,"33.7"
"1","계룡","성인","일반","46","관리자","참가","20250220","F","157.9","62.8","34.3",,"75","123","16.6","20.4",,,"14.3",,,,,,"25.2","30","11","14.15","164",,,,,,"32.5",,"28.6",,,,,,,,,,,,,,,,,
"1","계룡","성인","일반","44","관리자","참가","20250220","F","156.5","49.3","29.2",,"67","126","20.7","23",,,"3",,,,,,"20.1","20","8","13.53","125",,,,,,"46.7",,"29.9",,,,,,,,,,,,,,,,,
"1","계룡","성인","일반","53","관리자","참가","20250220","F","163.4","44.4","3.6",,"67","123","22.1","21.9",,,"4.3",,,,,,"16.6","13","14","15.34","130",,,,,,"49.8",,"32.3",,,,,,,,,,,,,,,,,
"1","고양","성인","일반","36","관리자","3등급","20250220","F","156.9","54.1","29.2",,"76","119","27.3","27.6",,,"13.8",,,,,,"22.0","32",,"12.62","151",,,,,,"51.0",,,,,,,,"136","33.0",,,,,,,,,,
"9","동작","어르신","일반","77","관리자","2등급","20250220","M","157.4","63.6","33.5","95","67","125","33.1","32",,,"4.8",,,,,,"25.7",,,,,"22",,"109","5.87","25.65","52.0",,,,,,,,,,,,,,,,,,,"33.1"
"3","고양","어르신","일반","71","관리자","2등급","20250220","M","157.2","63.4","29.3",,"93","150","34.5","35.6",,,"7.8",,,,,,"25.7",,,,,"23",,"117","5.18","23.87","56.2",,,,,,,,,,,,,,,,,,,"35.6"
"1","계룡","성인","일반","50","관리자","참가","20250220","F","161.6","52.1","32.5",,"96","150","22.6","22.8",,,"5.8",,,,,,"20.0","25","10","15.84","131",,,,,,"43.8",,"29.9",,,,,,,,,,,,,,,,,
"71","곡성","어르신","일반","74","관리자","1등급","20250220","M","171.7","69.3","17","78.2","67","95","41.4","42.6",,,"13.1",,,,,,"23.5",,,,,"29",,"140","4.20","17.54","61.5",,,,,,,,,,,,,,,,,,,"42.6"
"1","계룡","성인","일반","45","관리자","3등급","20250220","M","175.2","72","22.7",,"84","146","42.5","44.9",,,"16.4",,,,,,"23.5","50","26","11.03","223",,,,,,"62.4",,"36.8",,,,,,,,,,,,,,,,,
"1","계룡","성인","일반","47","관리자","참가","20250220","F","151.7","55.6","37.2",,"84","133","24.5","25.9",,,"17.8",,,,,,"24.2","17","12","14.94","115",,,,,,"46.6",,"29.9",,,,,,,,,,,,,,,,,
"1","계룡","성인","일반","52","관리자","3등급","20250220","F","165.5","63.7","27.0",,"73","136","30.5","31.5",,,"13.7",,,,,,"23.3","26","20","14.16","121",,,,,,"49.5",,"31.1",,,,,,,,,,,,,,,,,
"1","계룡","성인","일반","45","관리자","참가","20250220","F","165.3","58.1","30.1",,"89","151","32.1","28.6",,,"18",,,,,,"21.3","9","15","13.13","163",,,,,,"55.2",,"30.7",,,,,,,,,,,,,,,,,
"1","동구(광주)","청소년","일반","13","관리자","참가","20250220","M","161.1","61.4","28.3","81","60","115","24.9","27.5","17",,"0.1","20.82","0.403","48.542","8","48.910","23.7",,"34",,,,,,,,"44.8",,"40.4",,,,,,,,,,,,,,,,,
"1","계룡","성인","일반","45","관리자","참가","20250220","F","166.9","57.7","27.7",,"82","128","24.7","28.5",,,"17.8",,,,,,"20.7","19","12","14.18","115",,,,,,"49.4",,"29.9",,,,,,,,,,,,,,,,,
"1","계룡","성인","일반","48","관리자","참가","20250220","M","175.4","85.9","31.4",,"89","154","44.8","45.6",,,"7.9",,,,,,"27.9","31","24","12.03","186",,,,,,"53.1",,"34.1",,,,,,,,,,,,,,,,,
"1","동구(광주)","청소년","일반","15","관리자","참가","20250220","M","174.5","51.2","8.3","67","79","112","26.1","29.9","24",,"-4.6","18.38","0.440","52.585","14","53.229","16.8",,"33",,,,,,,,"58.4",,"44.0",,,,,,,,,,,,,,,,,
"1","계룡","성인","일반","52","관리자","참가","20250220","F","162.1","61.1","37.6",,"87","153","22.7","25.2",,,"10.5",,,,,,"23.3","5","13","15.47","149",,,,,,"41.2",,"29.3",,,,,,,,,,,,,,,,,
"8","KSPO송파","성인","일반","62","관리자","2등급","20250220","M","157.9","52.1","13.5","70.8","82","102","33","39.9",,,"9.8",,,,,,"20.9","52",,,"193",,,,,,"76.6",,,,,,,,"116","38.9",,,"0.354",,,,,,,
"7","화성","어르신","일반","73","관리자","3등급","20250220","F","136.2","56.2","43.9",,"69","148","22.3","19.3",,,"12.6",,,,,,"30.3",,,,,"20",,"86","5.7","23.6","39.7",,,,,,,,,,,,,,,,,,,"22.3"
"1","동구(광주)","청소년","일반","16","관리자","3등급","20250220","M","164.4","70.5","21.2","87","93","139","38.1","39.7","47",,"18.2","19.22","0.539","55.031","9","55.445","26.1",,"41",,,,,,,,"56.3",,"40.7",,,,,,,,,,,,,,,,,
"1","KSPO송파","성인","일반","24","관리자","참가","20250220","F","166.7","53.5","26.7","70.7","62","107","23.3","26.7",,,"8",,,,,,"19.3","28",,,,,,,,,"49.9",,,"105","129","150",,"38.8",,,,,"0.343","0.469",,,,,,
"1","동구(광주)","청소년","일반","14","관리자","참가","20250220","M","170.6","54.7","12","68","63","114","28.9","29.8","80",,"9.3","17.42","0.588","49.901","8","50.269","18.8",,"32",,,,,,,,"54.5",,"42.7",,,,,,,,,,,,,,,,,
"1","수원","청소년","일반","18","관리자","3등급","20250220","M","185.5","72.6","14.9","79","55","105","40.8","47.2",,"44","14","18.4","0.56","46.832","7","47.154","21.1",,,,,,,,,,"65.0",,,"95","105","124",,"50.3",,,,,,,,,,,,
"1","계룡","성인","일반","46","관리자","참가","20250220","F","165.2","58.8","28.2",,"63","114","24.5","25.5",,,"1.9",,,,,,"21.5","24","7","14.28","118",,,,,,"43.4",,"28.2",,,,,,,,,,,,,,,,,
"1","동구(광주)","청소년","일반","14","관리자","참가","20250220","M","171.7","49.6","9.4","64","77","116","29.6","35.8","22",,"-4.4","19.02","0.527","45.451","18","46.279","16.8",,"56",,,,,,,,"72.2",,"48.4",,,,,,,,,,,,,,,,,
"1","동구(광주)","청소년","일반","15","관리자","참가","20250220","M","165","74.5","26.9","90","64","135","28.4","34.2","31",,"-10.9","18.09","0.514","42.763","17","43.545","27.4",,"64",,,,,,,,"45.9",,"44.5",,,,,,,,,,,,,,,,,
"1","계룡","성인","일반","37","관리자","참가","20250220","F","171.9","76.3","26.5",,"78","126","34.3","35.5",,,"-6",,,,,,"25.8","29","15","12.34","164",,,,,,"46.5",,"28.2",,,,,,,,,,,,,,,,,
"6","의정부","어르신","일반","73","관리자","3등급","20250220","M","162.9","56.8","18","73.9","77","159","36.6","33.5",,,"10.4",,,,,,"21.4",,,,,"25",,"121","5.92","26.42","64.4",,,,,,,,,,,,,,,,,,,"36.6"
"3","충주","어르신","일반","65","관리자","2등급","20250220","F","159.4","61.1","38","83","75","136","23.3","21.6",,,"20.3",,,,,,"24.0",,,,,"25",,"133","4.84","21.01","38.1",,,,,,,,,,,,,,,,,,,"23.3"
"1","수원","어르신","일반","73","관리자","1등급","20250220","M","168.2","61.7","22.5","87","82","141","31.4","33.9",,,"15",,,,,,"21.8",,,,,"27",,"126","4.7","19.1","54.9",,,,,,,,,,,,,,,,,,,"33.9"
"4","수원","어르신","일반","66","관리자","2등급","20250220","F","154.8","60.2","37","88","80","150","25.1","24.9",,,"15.3",,,,,,"25.1",,,,,"25",,"121","5.5","23.1","41.7",,,,,,,,,,,,,,,,,,,"25.1"
"1","KSPO송파별관(어르신)","어르신","일반","74","관리자","참가","20250220","M","165.2","66.2","31.1",,"79","158","28.9","34.2",,,"-13.9",,,,,,"24.3",,,,,"25",,"115","6.0","24.32","51.7",,,,,,,,,,,,,,,,,,,"34.2"
"1","안산","성인","일반","30","관리자","참가","20250220","M","180.6","86","32.7","85","65","117","39.3","47.5",,,"-3.8",,,,,,"26.4","43",,"11.56",,,,,,,"55.2",,,,,,,,"103","42.9",,,,"0.509",,,,,,
"3","KSPO송파별관(어르신)","어르신","일반","68","관리자","2등급","20250220","M","164","56.2","23",,"74","155","31.2","32.5",,,"8.9",,,,,,"20.9",,,,,"27",,"141","4.98","19.88","57.8",,,,,,,,,,,,,,,,,,,"32.5"
"1","계룡","성인","일반","52","관리자","참가","20250220","F","150.3","46.8","28",,"72","129","22.8","22.5",,,"14.6",,,,,,"20.7","17","8","14.60","135",,,,,,"48.7",,"29.9",,,,,,,,,,,,,,,,,
"1","수원","어르신","일반","70","관리자","2등급","20250220","F","149.3","54.4","37.9","84","72","124","19.2","26.6",,,"18.7",,,,,,"24.4",,,,,"31",,"100","5.6","23.4","48.9",,,,,,,,,,,,,,,,,,,"26.6"
"1","안산","성인","일반","60","관리자","참가","20250220","M","178","89.4","31.5","93","99","152","46.4","42.3",,,"6.9",,,,,,"28.2","14",,"12.9","180",,,,,,"51.9",,,"86","104","120","145","34.6",,,,,,,,,,,,
"1","계룡","성인","일반","48","관리자","참가","20250220","M","183.5","81.5","23.9",,"74","145","36.1","37.2",,,"-16.2",,,,,,"24.2","27","19","12.62","176",,,,,,"45.6",,"33.4",,,,,,,,,,,,,,,,,
"1","청주","어르신","일반","65","관리자","참가","20250220","M","165.6","79.7","38.1","102.7","81","132","34","37.5",,,"-4.2",,,,,,"29.1",,,,,"18",,"96","6.6","25.8","47.1",,,,,,,,,,,,,,,,,,,"37.5"
"1","청주","어르신","일반","67","관리자","3등급","20250220","M","163","77.9","23.9","83.2","69","131","42","41.7",,,"5.6",,,,,,"29.3",,,,,"29",,"135","6.1","18.9","53.9",,,,,,,,,,,,,,,,,,,"42.0"
"1","계룡","성인","일반","47","관리자","참가","20250220","F","158.5","56","32.4",,"80","128","22.7","26.5",,,"7.9",,,,,,"22.3","18","10","14.66","146",,,,,,"47.3",,"29.4",,,,,,,,,,,,,,,,,
"1","청주","어르신","일반","68","관리자","3등급","20250220","M","168.7","78.4","19.2","89","69","121","41.3","45",,,"3",,,,,,"27.5",,,,,"25",,"111","5.8","24","57.4",,,,,,,,,,,,,,,,,,,"45.0"
"1","청주","어르신","일반","74","관리자","3등급","20250220","M","174.2","71.1","19.5","82.6","63","141","40","42.9",,,"1.1",,,,,,"23.4",,,,,"17",,"103","5.6","21.1","60.3",,,,,,,,,,,,,,,,,,,"42.9"
"1","계룡","성인","일반","47","관리자","참가","20250220","M","169.8","72.4","22.5",,"81","141","43.2","42.6",,,"9.9",,,,,,"25.1","26","34","11.44","213",,,,,,"59.7",,"38.6",,,,,,,,,,,,,,,,,
"1","청주","어르신","일반","65","관리자","3등급","20250220","M","168.2","78.2","22.9","85.6","66","122","43.5","41.6",,,"6.1",,,,,,"27.6",,,,,"31",,"119","5.5","19.3","55.6",,,,,,,,,,,,,,,,,,,"43.5"
"1","청주","어르신","일반","66","관리자","참가","20250220","M","163","70.5","26.9","91","80","159","40","38.3",,,"6.3",,,,,,"26.5",,,,,"22",,"94","5","21.3","56.7",,,,,,,,,,,,,,,,,,,"40.0"
"1","청주","어르신","일반","74","관리자","참가","20250220","M","169.2","64.7","31.9","82.5","44","104","33.2","32.9",,,"-2.1",,,,,,"22.6",,,,,"21",,"102","5.6","22.2","51.3",,,,,,,,,,,,,,,,,,,"33.2"
"4","동해","성인","일반","23","관리자","3등급","20250220","F","164.9","47.9","26.3",,"88","128","21.3","23.1",,,"13.4",,,,,,"17.6","24",,,"170",,,,,,"48.2",,,,,,,,"142","37.0",,,"0.248",,,,,,,
"1","서구(광주)","어르신","출장","79","관리자","참가","20250220","M","168.6","84.9","39.3","106","60","116","32.1","32.1",,,"6",,,,,,"29.9",,,,,"13",,"64","7.12","32.25","37.8",,,,,,,,,,,,,,,,,,,"32.1"
"1","청주","성인","일반","55","관리자","참가","20250220","M","173","62.7","22.3","86.2","84","137","29.7","32.7",,,"-4.1",,,,,,"20.9","24",,,,,,,,,"52.2",,,,,,,,"106","40.9",,,"0.430","0.477",,,,,,
"1","서구(광주)","어르신","출장","83","관리자","참가","20250220","F","152.5","60.7","36.2","83","74","137","15.5","16.4",,,"6.5",,,,,,"26.1",,,,,"10",,"47","7.69","32.83","27.0",,,,,,,,,,,,,,,,,,,"16.4"
"1","청주","성인","일반","48","관리자","참가","20250220","M","176.6","71.2","18.7","83.6","79","130","43.4","45.1",,,"-3.2",,,,,,"22.8","24",,,,,,,,,"63.3",,,,,,,,"99","42.0",,,"0.360","0.489",,,,,,
"10","서구(광주)","어르신","출장","73","관리자","2등급","20250220","F","153.9","57.3","36.1","79.6","88","146","15.5","20.2",,,"15.1",,,,,,"24.2",,,,,"22",,"121","5.44","20.85","35.3",,,,,,,,,,,,,,,,,,,"20.2"
"1","마포","성인","일반","24","관리자","참가","20250220","F","163.5","50.3","29.4","78","71","111","25.9","28.9",,,"25.3",,,,,,"18.8","18","30",,"162",,,,,,"57.5",,"37.4",,,,,,,,,,"0.397",,,,,,,
"4","서구(광주)","어르신","출장","78","관리자","참가","20250220","F","151.6","53.1","40.6","82","66","106","16.1","13.3",,,"-2.2",,,,,,"23.1",,,,,"8",,"77","6.47","27.12","30.3",,,,,,,,,,,,,,,,,,,"16.1"
"3","전주","성인","일반","23","관리자","참가","20250220","M","184.7","84.6","19","90.1","78","133","49.4","50.4",,,"11.5",,,,,,"24.8","43","32",,,,,,,,"59.6",,"38.0",,,,,,,,,,"0.399","0.612",,,,,,
"2","마포","성인","일반","58","관리자","2등급","20250220","F","149.8","49.5","19.1","70","84","149","26.3","27.5",,,"18.1",,,,,,"22.1","21","16",,"150",,,,,,"55.6",,"31.6",,,,,,,,,,"0.359",,,,,,,
"1","청주","성인","일반","49","관리자","참가","20250220","M","168.4","68.4","22.9","86.6","69","122","49.4","49.6",,,"-2",,,,,,"24.1",,,,,,,,,,"72.5",,,,,,,,"85","43.8",,,"0.329","0.502",,,,,,
"3","서구(광주)","어르신","출장","75","관리자","참가","20250220","F","155.2","60.8","42.5","83","64","104","19","21",,,"6",,,,,,"25.2",,,,,"15",,"98","6.41","23.16","34.5",,,,,,,,,,,,,,,,,,,"21.0"
"4","서구(광주)","어르신","출장","78","관리자","2등급","20250220","F","153.3","60.7","39.7","91.5","67","132","20","19.4",,,"22.5",,,,,,"25.8",,,,,"18",,"94","5.09","23","32.9",,,,,,,,,,,,,,,,,,,"20.0"
"2","고양","성인","일반","23","관리자","참가","20250220","M","177.7","65.9","15.9",,"67","122","38.1","40",,,"3.4",,,,,,"20.9","32","40","11.70","188",,,,,,"60.7",,"42.7",,,,,,,,,,,,,,,,,
"1","서구(광주)","어르신","출장","77","관리자","2등급","20250220","F","151.2","60.4","37.5","86","71","149","23.6","22.8",,,"16.3",,,,,,"26.4",,,,,"15",,"117","6.16","25.10","39.1",,,,,,,,,,,,,,,,,,,"23.6"
"1","청주","성인","일반","60","관리자","참가","20250220","M","162.3","70.4","33.8","93.4","63","100","33.8","36.5",,,"2.9",,,,,,"26.7","10",,,,,,,,,"51.8",,,,,,,,"98","38.3",,,"0.468","0.452",,,,,,
"4","서구(광주)","어르신","출장","81","관리자","2등급","20250220","F","157.3","52.6","37.4","79","69","126","16.7","17.2",,,"19.3",,,,,,"21.3",,,,,"20",,"115","5.38","20.78","32.7",,,,,,,,,,,,,,,,,,,"17.2"
"1","서구(광주)","어르신","출장","70","관리자","3등급","20250220","F","157.4","66.5","35.9","82","72","159","21.3","21.9",,,"22.3",,,,,,"26.8",,,,,"15",,"120","6","21.91","32.9",,,,,,,,,,,,,,,,,,,"21.9"
"1","청주","성인","일반","55","관리자","참가","20250220","M","168.3","78","29","91.3","67","136","27.1","32.3",,,"-1.5",,,,,,"27.5","18",,,,,,,,,"41.4",,,,,,,,"102","37.7",,,"0.374","0.402",,,,,,
"5","서구(광주)","어르신","출장","84","관리자","3등급","20250220","M","171.6","86.5","37.5","106.2","78","121","31.6","40.5",,,"0",,,,,,"29.4",,,,,"18",,"119","5.91","25.85","46.8",,,,,,,,,,,,,,,,,,,"40.5"
"1","서구(광주)","어르신","출장","75","관리자","2등급","20250220","F","153.3","57.7","31","76","69","141","13","19.3",,,"11.3",,,,,,"24.6",,,,,"18",,"120","5.19","20.53","33.4",,,,,,,,,,,,,,,,,,,"19.3"
"4","서구(광주)","어르신","출장","81","관리자","참가","20250220","F","152.1","50.1","24.5","83.5","71","128","22.6","23.2",,,"-3",,,,,,"21.7",,,,,"15",,"109","6.88","26.72","46.3",,,,,,,,,,,,,,,,,,,"23.2"
"3","서구(광주)","어르신","출장","72","관리자","2등급","20250220","F","154.7","51","29.2","70","73","127","22.8","21.3",,,"16",,,,,,"21.3",,,,,"25",,"120","4.69","20.21","44.7",,,,,,,,,,,,,,,,,,,"22.8"
"2","서구(광주)","어르신","출장","82","관리자","2등급","20250220","F","152.1","58.3","39.2","87","71","141","20","19.1",,,"19",,,,,,"25.2",,,,,"23",,"122","5.88","22.75","34.3",,,,,,,,,,,,,,,,,,,"20.0"
"1","서구(광주)","어르신","출장","72","관리자","참가","20250220","F","156.6","58.9","42.5","85","69","119","13.9","13.7",,,,,,,,,"24.0",,,,,,,"94","7.87","34.69","23.6",,,,,,,,,,,,,,,,,,,"13.9"
"1","오산","성인","일반","35","관리자","참가","20250220","M","170.5","76.3","28.8","94.7","89","139","40.2","43.5",,,"8.3",,,,,,"26.2","36",,,"183",,,,,,"57.0",,,,,,,,"123","40.1",,,"0.284",,,,,,,
"1","군산","성인","일반","63","관리자","참가","20250220","M","173","92.7","33.4","105","90","140","44","35.7",,,"3.2",,,,,,"31.0","22",,,,,,,,,"47.5",,,,,,,,"105","32.4",,,"0.383","0.426",,,,,,
"3","서구(광주)","어르신","출장","75","관리자","1등급","20250220","M","164.8","69.2","27.5","86","87","135","30.3","40.4",,,"17",,,,,,"25.5",,,,,"24",,"120","4.75","19.62","58.4",,,,,,,,,,,,,,,,,,,"40.4"
"8","마포","어르신","일반","68","관리자","1등급","20250220","M","161.3","60.2","13.4","84","83","136","43.4","43.7",,,"15",,,,,,"23.1",,,,,"34",,"131","3.94","17.17","72.6",,,,,,,,,,,,,,,,,,,"43.7"
"3","서구(광주)","어르신","출장","76","관리자","1등급","20250220","F","147","54.6","37","86","65","115","23.4","22.4",,,"19.3",,,,,,"25.3",,,,,"21",,"120","6.00","21.68","42.9",,,,,,,,,,,,,,,,,,,"23.4"
"1","서구(광주)","어르신","출장","70","관리자","3등급","20250220","F","153.2","53","37.7","73.2","69","130","16.7","16.8",,,"16.2",,,,,,"22.6",,,,,"23",,"112","5.47","22.50","31.7",,,,,,,,,,,,,,,,,,,"16.8"
"3","서구(광주)","어르신","출장","77","관리자","2등급","20250220","F","159.4","57.2","23.6","81.2","85","146","27.5","27.6",,,"20",,,,,,"22.5",,,,,"16",,"123","5.17","24.85","48.3",,,,,,,,,,,,,,,,,,,"27.6"
"1","서구(광주)","어르신","출장","70","관리자","2등급","20250220","F","146.4","50.3","31.7","75.3","92","141","17.5","18.2",,,"14.5",,,,,,"23.5",,,,,"21",,"105","6.72","25.75","36.2",,,,,,,,,,,,,,,,,,,"18.2"
"1","KSPO송파별관(어르신)","어르신","일반","67","관리자","참가","20250220","M","166.6","62.5","26.2",,"93","147","31.1","37",,,"-5",,,,,,"22.5",,,,,"25",,"136","5.47","22.51","59.2",,,,,,,,,,,,,,,,,,,"37.0"
"4","서구(광주)","어르신","출장","75","관리자","2등급","20250220","F","156.5","56.0","34.1","73","76","124","18.2","19.9",,,"22.5",,,,,,"22.9",,,,,"24",,"137","5.47","20.53","35.5",,,,,,,,,,,,,,,,,,,"19.9"
"3","서구(광주)","어르신","출장","70","관리자","3등급","20250220","F","148.4","45","29.5","63.3","69","104","15.2","17.8",,,"11.3",,,,,,"20.4",,,,,"24",,"117","5.28","19.37","39.6",,,,,,,,,,,,,,,,,,,"17.8"
"1","시흥","성인","일반","19","관리자","3등급","20250220","M","172.7","72.1","20.6","80","86","143","42.3","49.3",,,"12.1",,,,,,"24.2","47",,"10.35","255",,,,,,"68.4",,,"80","110","130","155","48.1",,,,,,,,,,,,
"2","서구(광주)","어르신","출장","84","관리자","3등급","20250220","F","151","62.3","42.8","91.6","82","135","16.6","17",,,"10.5",,,,,,"27.3",,,,,"15",,"118","7.32","30.00","27.3",,,,,,,,,,,,,,,,,,,"17.0"
"1","태백","성인","출장","22","관리자","3등급","20250220","M","184.5","93.9","18.7","87","67","124","47.2","51.9",,,"19.4",,,,,,"27.6","47","51","10.60","230",,,,,,"55.3",,"41.1",,,,,,,,,,,,,,,,,
"1","태백","성인","출장","21","관리자","3등급","20250220","M","185.4","65.7","11.2","71","65","108","32.5","41.3",,,"15.7",,,,,,"19.1","48","45","10.84","200",,,,,,"62.9",,"43.9",,,,,,,,,,,,,,,,,
"2","KSPO송파별관(어르신)","어르신","일반","74","관리자","참가","20250220","M","174.1","67","28.3",,"86","159","31.1","34.6",,,"-7",,,,,,"22.1",,,,,"26",,"130","4.87","18.42","51.6",,,,,,,,,,,,,,,,,,,"34.6"
"4","서구(광주)","어르신","출장","82","관리자","참가","20250220","M","166.6","66.7","36","92","68","129","26.7","27.8",,,"-2",,,,,,"24.0",,,,,"15",,"91","7.44","37.78","41.7",,,,,,,,,,,,,,,,,,,"27.8"
"1","동작","성인","일반","28","관리자","참가","20250220","M","170.4","58.5","15.4","68","66","111","40.7","40",,,"4.6",,,,,,"20.1","39",,,"200",,,,,,"69.6",,,,,,,,"114","47.1",,,"0.321",,,,,,,
"1","서구(대전)","어르신","일반","66","관리자","3등급","20250220","M","183.7","75.2","21.4",,"95","130","31.5","40.3",,,"6",,,,,,"22.3",,,,,"21",,"102","6.46","24.76","53.6",,,,,,,,,,,,,,,,,,,"40.3"
"4","화성","성인","일반","25","관리자","2등급","20250220","F","162","50.2","24.7",,"74","119","26.3","28",,,"17.6",,,,,,"19.1","28",,,,,,,,,"55.8",,,,,,,,"98","41.1",,,"0.298","0.440",,,,,,
"1","서구(광주)","어르신","출장","83","관리자","참가","20250220","M","161.9","59.6","28.2","88.9","79","145","23.4","29.6",,,"-10",,,,,,"22.7",,,,,"13",,"90","6.21","24.94","49.7",,,,,,,,,,,,,,,,,,,"29.6"
"2","동작","성인","일반","19","관리자","참가","20250220","M","168.5","73","25.4","82","93","147","45.1","47",,,"17",,,,,,"25.7","37",,,,,,,,,"64.4",,,,,,,,"140","42.1",,,"0.336","0.427",,,,,,
"1","태백","성인","출장","20","관리자","참가","20250220","M","181.6","81.5","15.6","80","61","131","42.2","41",,,"4.8",,,,,,"24.7","48","51","10.50","237",,,,,,"51.8",,"43.2",,,,,,,,,,,,,,,,,
"2","화성","성인","일반","27","관리자","3등급","20250220","F","168.8","52.8","24.2",,"59","109","24.5","26.7",,,"9.3",,,,,,"18.5","23",,"12.63","164",,,,,,"50.6",,,"89","104","124",,"41.6",,,,,,,,,,,,
"1","서구(광주)","어르신","출장","81","관리자","3등급","20250220","M","164.4","67.2","33.4","88","78","140","25.6","28.3",,,"-1.2",,,,,,"24.9",,,,,"18",,"103","6.41","27.50","42.1",,,,,,,,,,,,,,,,,,,"28.3"
"1","서구(광주)","어르신","출장","70","관리자","참가","20250220","M","162","69.3","32.1","88","78","150","29.4","32.4",,,"-19",,,,,,"26.4",,,,,"20",,"104","6.19","23.35","46.8",,,,,,,,,,,,,,,,,,,"32.4"
"5","제주","어르신","일반","65","관리자","1등급","20250220","M","175.3","67.7","19.8","80.5","54","122","39.9","38.9",,,"14",,,,,,"22.0",,,,,"25",,"125","4.5","16.4","58.9",,,,,,,,,,,,,,,,,,,"39.9"
"1","태백","성인","출장","22","관리자","3등급","20250220","M","174.7","75.8","15.7","80","59","104","39.7","42.5",,,"12",,,,,,"24.8","53","64","11","166",,,,,,"56.1",,"47.0",,,,,,,,,,,,,,,,,
"1","서구(광주)","어르신","출장","79","관리자","참가","20250220","M","161.6","54.5","14.9","77.5","64","108","33.9","36.4",,,"-9.5",,,,,,"20.9",,,,,"16",,"88","5.94","23.72","66.8",,,,,,,,,,,,,,,,,,,"36.4"
"1","서구(광주)","어르신","출장","75","관리자","2등급","20250220","F","146.5","49.4","32.7","78","78","138","16.4","16.6",,,"16.4",,,,,,"23.0",,,,,"20",,"120","5.72","24.59","33.6",,,,,,,,,,,,,,,,,,,"16.6"
"1","태백","성인","출장","20","관리자","2등급","20250220","M","177.6","75","18.5","83","56","135","39.7","45.9",,,"11.7",,,,,,"23.8","48","63","10.38","209",,,,,,"61.2",,"47.0",,,,,,,,,,,,,,,,,
"1","서구(광주)","어르신","출장","76","관리자","3등급","20250220","F","152.7","45.0","29.2","64","78","132","19.4","20.6",,,"10.5",,,,,,"19.3",,,,,"15",,"95","5.59","22.97","45.8",,,,,,,,,,,,,,,,,,,"20.6"
"3","천안","성인","일반","53","관리자","2등급","20250220","F","152.5","61.9","36.9",,"82","158","25.7","30.7",,,"25.6",,,,,,"26.6","19","16","14.06","143",,,,,,"49.6",,"29.9",,,,,,,,,,,,,,,,,
"1","KSPO송파","성인","일반","28","관리자","3등급","20250220","M","181","62.5","13.6",,"51","111","35.3","37.2",,,"10.2",,,,,,"19.1","45","37",,"203",,,,,,"59.5",,"42.0",,,,,,,,,,"0.284",,,,,,,
"7","곡성","어르신","일반","72","관리자","참가","20250220","F","150.3","55.1","35.7","80.5","74","133","15.8","15.6",,,"12.3",,,,,,"24.4",,,,,"16",,"42","7.38","33.74","28.7",,,,,,,,,,,,,,,,,,,"15.8"
"5","KSPO송파","성인","일반","24","관리자","참가","20250220","M","177","60.4","16.7",,"89","143","27","28.7",,,"24.8",,,,,,"19.3","44","47","11.84","196",,,,,,"47.5",,"45.1",,,,,,,,,,,,,,,,,
"2","오산","성인","일반","20","관리자","3등급","20250220","M","175.9","66.9","13.6","78.7","92","137","36.6","45.2",,,"11.2",,,,,,"21.6","44","41","12.59","246",,,,,,"67.6",,"43.1",,,,,,,,,,,,,,,,,
"1","천안","성인","일반","23","관리자","참가","20250220","M","175.7","70.8","21.8",,"88","148","36.9","37.7",,,"19.6",,,,,,"22.9","39","45","11.33","199",,,,,,"53.2",,"43.2",,,,,,,,,,,,,,,,,
"1","성동","어르신","일반","92","관리자","참가","20250220","F","141.8","44","40.6",,"59","141","6.9","14.5",,,"3.9",,,,,,"21.9",,,,,"7",,"75","10.6","47.93","33.0",,,,,,,,,,,,,,,,,,,"14.5"
"1","성동","어르신","일반","84","관리자","참가","20250220","F","140.8","48.7","43.4",,"71","135","11.4","13.5",,,"0.5",,,,,,"24.6",,,,,"15",,"46","7.49","36.78","27.7",,,,,,,,,,,,,,,,,,,"13.5"
"1","성동","어르신","일반","82","관리자","참가","20250220","M","159.9","59.4","32.5",,"53","118","27.2","24.8",,,"-4.6",,,,,,"23.2",,,,,"17",,"93","7.61","25.42","45.8",,,,,,,,,,,,,,,,,,,"27.2"
"3","화성","성인","일반","64","관리자","2등급","20250220","F","156.9","62","35.6",,"84","154","26.4","26.4",,,"16.4",,,,,,"25.2","12",,,"130",,,,,,"42.6",,,,,,,,"94","31.0",,,"0.463",,,,,,,
"1","태백","성인","출장","28","관리자","2등급","20250220","M","167.7","72.6","19.9","81","81","126","41.8","48.5",,,"12.7",,,,,,"25.8","58","76","10.97","199",,,,,,"66.8",,"50.0",,,,,,,,,,,,,,,,,
"1","태백","성인","출장","21","관리자","참가","20250220","M","175.6","98.1","29.1","84","82","129","46.3","43.7",,,"18.6",,,,,,"31.8","44","33","10.79","178",,,,,,"47.2",,"36.6",,,,,,,,,,,,,,,,,
"1","태백","성인","출장","22","관리자","3등급","20250220","M","187.9","72.2","15.6","70","63","116","37.6","46.2",,,"7.3",,,,,,"20.4","55","43","10.91","191",,,,,,"64.0",,"42.4",,,,,,,,,,,,,,,,,
"3","동작","어르신","일반","72","관리자","3등급","20250220","M","161.2","64","27.7","89","80","120","33.6","36.6",,,"2.2",,,,,,"24.6",,,,,"27",,"112","5.68","22.23","57.2",,,,,,,,,,,,,,,,,,,"36.6"
"1","태백","성인","출장","20","관리자","참가","20250220","M","181.4","89.1","29.9","100","71","126","34.5","42.5",,,"-20",,,,,,"27.1","51","64","10.91","185",,,,,,"47.7",,"45.1",,,,,,,,,,,,,,,,,
"1","서초","어르신","일반","68","관리자","2등급","20250220","M","170.5","62.5","23.1","82.0","89","146","40.1","35.4",,,"10.7",,,,,,"21.5",,,,,"28",,"132","5.66","22.45","64.2",,,,,,,,,,,,,,,,,,,"40.1"
"1","태백","성인","출장","21","관리자","참가","20250220","M","175.1","74.7","24.6","75","58","104","37.6","49",,,"-4.7",,,,,,"24.4","48","54","10.62","183",,,,,,"65.6",,"44.9",,,,,,,,,,,,,,,,,
"1","KSPO아산","성인","일반","60","관리자","3등급","20250220","M","166.4","63.8","17.2","78.3","74","115","37.3","40.4",,,"3.8",,,,,,"23.0","33",,,,,,,,,"63.3",,,,,,,,"110","38.3",,,"0.367","0.448",,,,,,
"2","화성","성인","일반","19","관리자","3등급","20250220","M","177","71.2","16.8",,"85","126","38.8","40.6",,,"7.9",,,,,,"22.7","52",,"9.8",,,,,,,"57.0",,,"93","114","140",,"44.7",,,,,,"0.626",,,,,,
"2","오산","어르신","일반","77","관리자","1등급","20250220","M","166.4","69.3","24.2","86.5","63","117","33.5","38.6",,,"21.4",,,,,,"25.0",,,,,"29",,"118","5.03","22.94","55.7",,,,,,,,,,,,,,,,,,,"38.6"
"1","태백","성인","출장","21","관리자","참가","20250220","M","175.9","86.4","32.4","96","64","112","42.9","46",,,"-11.7",,,,,,"27.9","36","42","13.13","200",,,,,,"53.2",,"40.4",,,,,,,,,,,,,,,,,
"3","오산","어르신","일반","66","관리자","2등급","20250220","F","150.3","57.8","44.1","84.4","80","120","21.6","22.6",,,"17.3",,,,,,"25.6",,,,,"27",,"107","5.47","24.07","39.1",,,,,,,,,,,,,,,,,,,"22.6"
"6","수원","어르신","일반","71","관리자","3등급","20250220","F","149.8","65.2","43.8","89","82","158","26.4","33",,,"24",,,,,,"29.1",,,,,"15",,"105","6.5","26.9","50.6",,,,,,,,,,,,,,,,,,,"33.0"
"2","태백","성인","출장","19","관리자","참가","20250220","M","178.8","60.6","8.3","72","71","123","33.7","39.9",,,"-7.2",,,,,,"19.0","49","79","11.50","208",,,,,,"65.8",,"52.9",,,,,,,,,,,,,,,,,
"2","중구(서울)","성인","일반","20","관리자","3등급","20250220","M","175.2","71.2","18.9","78.0","89","127","34.7","40.8",,,"24.0",,,,,,"23.2","56",,,"265",,,,,,"57.3",,,,,,,,"144","42.2",,,"0.328",,,,,,,
"3","태백","성인","출장","22","관리자","참가","20250220","M","172.3","56.3","10.6","69","77","121","39.5","33",,,"7",,,,,,"19.0","39","66","10.97","217",,,,,,"70.2",,"50.4",,,,,,,,,,,,,,,,,
"1","서구(대전)","성인","일반","57","관리자","참가","20250220","F","165.9","62.7","36.4",,"63","112","22.5","23.8",,,"7.9",,,,,,"22.8","15",,,"135",,,,,,"38.0",,,"78","102","137",,"31.3",,,,,"0.337",,,,,,,
"1","서구(대전)","성인","일반","59","관리자","3등급","20250220","M","180.9","70.7","16.2",,"82","129","42","43",,,"6.2",,,,,,"21.6","39",,,"191",,,,,,"60.8",,,,,,,,"94","40.5",,,"0.334",,,,,,,
"2","양평","어르신","일반","74","관리자","3등급","20250220","M","162.1","65.5","24.1",,"70","148","34.9","33.4",,,"8.6",,,,,,"24.9",,,,,"20",,"111","7.16","28.5","53.3",,,,,,,,,,,,,,,,,,,"34.9"
"2","중구(서울)","성인","일반","24","관리자","2등급","20250220","F","165.5","63.4","30.5","74.5","82","126","29.7","31.6",,,"26.4",,,,,,"23.1","47",,,"194",,,,,,"49.8",,,,,,,,"115","36.3",,,"0.291",,,,,,,
"1","태백","성인","출장","21","관리자","3등급","20250220","M","173.2","76.4","19.6","81.5","76","128","50.1","46.6",,,"15.3",,,,,,"25.5","45","63","11.19","208",,,,,,"65.6",,"46.8",,,,,,,,,,,,,,,,,
"1","태백","성인","출장","20","관리자","2등급","20250220","M","170.2","64.4","19.0","77","63","113","41","47.9",,,"13.0",,,,,,"22.2","55","61","9.79","219",,,,,,"74.4",,"48.2",,,,,,,,,,,,,,,,,
"1","마포","성인","일반","26","관리자","2등급","20250220","F","164.7","51.7","20.8",,"78","130","31.5","34.6",,,"28.3",,,,,,"19.1","47","24",,"196",,,,,,"66.9",,"35.3",,,,,,,,,,"0.390",,,,,,,
"13","남원","성인","일반","35","관리자","2등급","20250220","M","176.5","84.0","23.3","99.1","59","111","49.5","46.8",,,"22.1",,,,,,"27.0","51","45","9.7","222",,,,,,"58.9",,"40.3",,,,,,,,,,,,,,,,,
"3","마포","성인","일반","27","관리자","참가","20250220","F","162","50.3","31.9",,"90","108","21.3","27.7",,,"7.6",,,,,,"19.2","30","21",,"162",,,,,,"55.1",,"34.5",,,,,,,,,,"0.392",,,,,,,
"2","KSPO송파","성인","일반","22","관리자","3등급","20250220","F","169","49.3","17.2","66.4","88","137","28.1","32.1",,,"19.2",,,,,,"17.3","27",,"12.93","180",,,,,,"65.1",,,,,,,,"152","36.0",,,,,,,,,,
"1","KSPO송파","성인","일반","19","관리자","2등급","20250220","M","168.5","67.4","15.3","78","59","113","40.9","40.4",,,"29.3",,,,,,"23.7","55",,"9.28","275",,,,,,"60.7",,,,,,,,"69","53.8",,,,,,,,,,
"1","동작","성인","일반","21","관리자","참가","20250220","M","180.4","88.1","18.4","85","94","144","49.6","49",,,"18.9",,,,,,"27.1","43",,,"255",,,,,,"56.3",,,,,,,,"129","40.8",,,"0.365",,,,,,,
"1","안산","성인","일반","19","관리자","3등급","20250220","M","172.1","69.6","21.8","74","68","139","40.7","43.6",,,"9.1",,,,,,"23.5","55","52",,"223",,,,,,"62.6",,"45.4",,,,,,,,,,"0.352",,,,,,,
"7","안산","성인","일반","28","관리자","참가","20250220","M","185.4","93.7","25.9","84","67","122","51.1","49.3",,,"6.1",,,,,,"27.3","41",,,"208",,,,,,"54.5",,,,,,,,"106","41.6",,,"0.379",,,,,,,
"7","KSPO송파별관(어르신)","어르신","일반","68","관리자","3등급","20250220","F","154.1","62.7","37",,"80","134","23.7","28.7",,,"11.9",,,,,,"26.4",,,,,"27",,"131","5.57","22.06","45.8",,,,,,,,,,,,,,,,,,,"28.7"
"1","수원","성인","일반","26","관리자","참가","20250220","M","169.4","75.6","26.3","80","77","136","38","44.8",,,"-3.9",,,,,,"26.3","29",,,,,,,,,"59.3",,,,,,,,"128","41.6",,,"0.353","0.537",,,,,,
"1","시흥","어르신","일반","79","관리자","2등급","20250220","F","148.7","50.4","31","82","64","129","20.7","23.1",,,"13.3",,,,,,"22.8",,,,,"20",,"94","5.75","27.22","45.8",,,,,,,,,,,,,,,,,,,"23.1"
"3","KSPO송파별관(어르신)","어르신","일반","66","관리자","3등급","20250220","M","175.5","76.6","24.3",,"82","150","35.8","39.9",,,"5.9",,,,,,"24.9",,,,,"31",,"139","4.86","19.49","52.1",,,,,,,,,,,,,,,,,,,"39.9"
"1","수원","성인","일반","26","관리자","참가","20250220","F","153.9","70.6","41.1","86","66","111","30.3","29.4",,,"13",,,,,,"29.8","31",,,"144",,,,,,"42.9",,,,,,,,"137","30.4",,,"0.534",,,,,,,
"1","춘천","성인","일반","27","관리자","3등급","20250220","M","173.5","66.1","21.7","81.4","78","139","32.2","37.2",,,"8.5",,,,,,"22.0","42","35","10.45",,,,,,,"56.3",,"41.3",,,,,,,,,,,"0.596",,,,,,
"1","서초","어르신","일반","65","관리자","3등급","20250220","M","168.0","97.2","36.3","98.6","92","155","44","44.9",,,"13.8",,,,,,"34.4",,,,,"28",,"120","4.47","18.46","46.2",,,,,,,,,,,,,,,,,,,"44.9"
"1","춘천","성인","일반","25","관리자","2등급","20250220","M","180.3","67.4","5.4","72.8","70","135","52.3","56.7",,,"10.1",,,,,,"20.7","57","44",,"253",,,,,,"84.1",,"43.2",,,,,,,,,,"0.329",,,,,,,
"1","서대문","청소년","일반","17","관리자","3등급","20250220","F","165.0","62.0","29.3",,"79","118","28.9","33.7","22",,"17.0","20.92","0.464","43.163","29","44.497","22.8",,"25",,,,,,,,"54.4",,"34.5",,,,,,,,,,,,,,,,,
"1","수원","성인","일반","62","관리자","3등급","20250220","M","167","66.2","25.5","92","75","128","34","38",,,"15.7",,,,,,"23.7","24","16","12.8",,,,,,,"57.4",,"34.2",,,,,,,,,,,"0.461",,,,,,
"2","서대문","청소년","일반","17","관리자","2등급","20250220","M","169.1","69.5","22.7",,"78","134","39","43",,"55","18.2","19.96","0.571","37.828","14","38.472","24.3",,"62",,,,,,,,"61.9",,"45.9",,,,,,,,,,,,,,,,,
"1","태백","성인","출장","21","관리자","참가","20250220","M","164.9","64.6","23.3","75","47","93","30","31",,,"1.2",,,,,,"23.8","54","66","11.72","190",,,,,,"48.0",,"49.4",,,,,,,,,,,,,,,,,
"1","강북","어르신","일반","70","관리자","3등급","20250220","M","159.8","59.70","23.8","88.2","97","154","37","34.6",,,"3.6",,,,,,"23.4",,,,,"20",,"109","4.7","20.4","62.0",,,,,,,,,,,,,,,,,,,"37.0"
"4","의정부","성인","일반","34","관리자","참가","20250220","M","181.3","78.5","23.3","89.8","90","143","42.9","45.4",,,"9.7",,,,,,"23.9","39",,,"213",,,,,,"57.8",,,"126","130","151",,"37.1",,,,,"0.331",,,,,,,
"1","북구(광주)","어르신","일반","71","관리자","1등급","20250220","M","169.0","74.1","25.6","94.8","78","153","42.9","41.9",,,"12.1",,,,,,"25.9",,,,,"28",,"120","4.44","19.12","57.9",,,,,,,,,,,,,,,,,,,"42.9"
"1","의정부","성인","일반","24","관리자","참가","20250220","M","181.6","66.9","15.8","77.3","72","135","37.4","42.1",,,"10.3",,,,,,"20.3","38","62",,"183",,,,,,"62.9",,"47.6",,,,,,,,,,"0.301",,,,,,,
"1","강북","성인","일반","27","관리자","3등급","20250220","F","167.6","46.80","23.9","61.9","97","137","21.4","23.4",,,"9.4",,,,,,"16.7","30",,,,,,,,,"50.0",,,,,,,,"141","36.9",,,"0.438","0.458",,,,,,
"1","태백","성인","출장","21","관리자","참가","20250220","M","163.8","64.1","24.3","77","82","123","34.2","39",,,"2.1",,,,,,"23.9","50","0","13.0","197",,,,,,"60.8",,"34.1",,,,,,,,,,,,,,,,,
"1","안산","어르신","일반","67","관리자","2등급","20250220","M","159.4","53.3","27.9","81.7","89","147","28.6","30.1",,,"10.2",,,,,,"21.0",,,,,"30",,"121","4.7","19.9","56.5",,,,,,,,,,,,,,,,,,,"30.1"
"3","마포","어르신","일반","74","관리자","2등급","20250220","M","169.2","57.6","17.1","78","73","131","36.7","39.4",,,"4.8",,,,,,"20.1",,,,,"22",,"119","4.51","19.25","68.4",,,,,,,,,,,,,,,,,,,"39.4"
"1","마포","어르신","일반","72","관리자","1등급","20250220","M","166.3","58.2","24.1","77","95","158","41.8","41.8",,,"16.6",,,,,,"21.0",,,,,"30",,"138","3.67","16.78","71.8",,,,,,,,,,,,,,,,,,,"41.8"
"1","태백","성인","출장","19","관리자","2등급","20250220","M","172.9","78.4","20.9","76","60","100","41.8","54.7",,,"16.9",,,,,,"26.2","56","62","10.53","219",,,,,,"69.8",,"46.5",,,,,,,,,,,,,,,,,
"1","태백","성인","출장","23","관리자","참가","20250220","M","171.2","69.6","19.0","73","76","117","37","39",,,"1.9",,,,,,"23.7","49","52","11.91","174",,,,,,"56.0",,"45.1",,,,,,,,,,,,,,,,,
"1","오산","성인","일반","22","관리자","참가","20250220","M","180.3","86","27.3","101.6","85","134","39.8","43.4",,,"0.1",,,,,,"26.5","27",,,"208",,,,,,"50.5",,,"98","117","147","180","38.2",,,,,"0.361",,,,,,,
"1","서구(대전)","성인","일반","24","관리자","3등급","20250220","M","172.2","90.1","23.9",,"63","128","52.9","49.1",,,"9.3",,,,,,"30.4","44",,,"240",,,,,,"58.7",,,"72","99","119","148","43.3",,,,,"0.411",,,,,,,
"2","천안","성인","일반","24","관리자","3등급","20250220","M","174.4","68.8","19.3",,"52","113","38.5","47.4",,,"6.7",,,,,,"22.6","47","42",,"240",,,,,,"68.9",,"42.8",,,,,,,,,,"0.284",,,,,,,
"1","영암","성인","일반","20","관리자","참가","20250221","M","175.5","82.3","20.9",,"65","114","37.7","39.1",,,"9.6",,,,,,"26.7","19","15",,"190",,,,,,"47.5",,"34.8",,,,,,,,,,"0.389",,,,,,,
"1","영암","성인","일반","56","관리자","2등급","20250221","M","159.3","59.","17",,"67","125","29.3","33",,,"23.2",,,,,,"23.2","48","43","12.16",,,,,,,"55.9",,"42.2",,,,,,,,,,,"0.447",,,,,,
"1","전주","성인","일반","58","관리자","3등급","20250221","F","156.9","59.6","33.5","85.5","72","138","21.2","25.4",,,"15.4",,,,,,"24.2","11",,,,,,,,,"42.6",,,,,,,,"106","31.2",,,"0.354","0.365",,,,,,
"1","전주","성인","일반","38","관리자","참가","20250221","M","166.2","78.1","20.9","89.2","85","142","44.7","44.7",,,"0.6",,,,,,"28.3","48",,,"224",,,,,,"57.2",,,"93","109","124","145","41.9",,,,,"0.364",,,,,,,
"1","신안","성인","출장","41","관리자","참가","20250221","F","158.3","55.8","28",,"69","141","23.4","27.9",,,"6.5",,,,,,"22.3","6",,,,,,,,,"50.0",,,,,,,,"150","30.1",,,"0.558","0.401",,,,,,
"4","KSPO송파별관(어르신)","어르신","일반","67","관리자","2등급","20250221","F","160","59.8","36",,"85","130","25.3","27.1",,,"16.3",,,,,,"23.4",,,,,"31",,"113","5.02","20.93","45.3",,,,,,,,,,,,,,,,,,,"27.1"
"1","중구(서울)","성인","일반","34","관리자","2등급","20250221","F","170.3","53.7","19.9","72.2","67","109","28.8","27.2",,,"24.2",,,,,,"18.5","30",,,,,,,,,"53.6",,,"114","137","157",,"36.4",,,,,"0.380","0.445",,,,,,
"7","KSPO송파별관(어르신)","어르신","일반","77","관리자","1등급","20250221","F","149","56.8","34.5",,"77","132","23.2","25.3",,,"22",,,,,,"25.6",,,,,"30",,"111","5.84","22","44.5",,,,,,,,,,,,,,,,,,,"25.3"
"5","성남","어르신","일반","73","관리자","3등급","20250221","M","161.4","55.9","35.7",,"76","140","28.5","30",,,"4.3",,,,,,"21.5",,,,,"19",,"107","6.00","25.93","53.7",,,,,,,,,,,,,,,,,,,"30.0"
"5","KSPO송파","성인","일반","25","관리자","1등급","20250221","F","161.2","50","21.1","70.9","57","108","28.3","27",,,"27.3",,,,,,"19.2","46",,"12.28","191",,,,,,"56.6",,,,,,,,"89","42.2",,,,,,,,,,
"4","KSPO송파","성인","일반","25","관리자","2등급","20250221","F","163.6","44.4","16.9","65.6","61","102","25","27.1",,,"17",,,,,,"16.6","50",,,,,,,,,"61.0",,,,,,,,"124","39.5",,,"0.410","0.510",,,,,,
"1","중구(서울)","성인","일반","34","관리자","참가","20250221","M","175.1","81.3","25.3","94.2","68","118","39.4","39.8",,,"-12.9",,,,,,"26.5","32",,,,,,,,,"49.0",,,"74","97","120","147","42.8",,,,,"0.397","0.505",,,,,,
"8","청주","성인","일반","64","관리자","참가","20250221","F","161.9","68","49.9","90.7","72","129","20.7","26.8",,,"0",,,,,,"25.9","16",,,"114",,,,,,"39.4",,,,,,,,"129","25.7",,,"0.461",,,,,,,
"1","순천","성인","출장","54","관리자","참가","20250221","M","166.6","77.8","30.9","100.8","99","157","40.5","48.4",,,"9",,,,,,"28.0","27",,,,,,,,,"62.2",,,,,,,,"123","34.8",,,"0.312","0.490",,,,,,
"1","성남","어르신","일반","72","관리자","참가","20250221","M","160.1","66.6","22.1",,"64","135","34","28.8",,,"-4.0",,,,,,"26.0",,,,,"24",,"101","6.07","25.77","51.1",,,,,,,,,,,,,,,,,,,"34.0"
"4","서대문","성인","일반","32","관리자","참가","20250221","M","167.5","78.9","34.2",,"78","135","45.5","44.9",,,"-5.5",,,,,,"28.1","30","24","10.72",,,,,,,"57.7",,"36.6",,,,,,,,,,,"0.567",,,,,,
"1","증평","성인","일반","64","관리자","참가","20250221","M","165.6","60.5","32.3","80.1","84","134","5.4","10.1",,,"7.3",,,,,,"22.1","31",,,,,,,,,"16.7",,,,,,,,"126","35.7",,,"0.477","0.459",,,,,,
"6","신안","성인","출장","44","관리자","참가","20250221","M","169","89.3","38.1",,"91","127","32","31.2",,,"0.4",,,,,,"31.3","24",,,,,,,,,"35.8",,,,,,,,"105","37.5",,,"0.45","0.362",,,,,,
"10","동구(광주)","어르신","일반","81","관리자","2등급","20250221","M","166.6","75.1","34.3","99","51","121","31.6","25.8",,,"16.2",,,,,,"27.1",,,,,"20",,"109","7.4","26.82","42.1",,,,,,,,,,,,,,,,,,,"31.6"
"4","서대문","성인","일반","26","관리자","3등급","20250221","F","168.8","50.4","21.9",,"95","134","32.1","34.9",,,"14.1",,,,,,"17.7","21","18","13.49",,,,,,,"69.2",,"33.7",,,,,,,,,,,"0.478",,,,,,
"2","동해","성인","일반","64","관리자","참가","20250221","M","162.6","83","33.5",,"85","159","41.8","44.5",,,"-20",,,,,,"31.4","16","0",,"146",,,,,,"53.6",,"27.9",,,,,,,,,,"0.382",,,,,,,
"1","안산","성인","일반","63","관리자","참가","20250221","F","159.6","68.6","33.4","84","90","153","30.9","34.8",,,"27.4",,,,,,"26.9","6","9","14.44","130",,,,,,"50.7",,"26.4",,,,,,,,,,,,,,,,,
"7","안산","어르신","일반","76","관리자","3등급","20250221","M","165.4","76.4","33.4","100","69","132","36.4","38.1",,,"2.4",,,,,,"27.9",,,,,"18",,"98","6.1","25.3","49.9",,,,,,,,,,,,,,,,,,,"38.1"
"1","강북","성인","일반","31","관리자","2등급","20250221","F","151.9","45.90","24.3","75","96","141","32.3","28.8",,,"14.5",,,,,,"19.9","33",,,,,,,,,"70.4",,,"84","120","147",,"38.5",,,,,"0.336","0.480",,,,,,
"1","원주","성인","일반","60","관리자","3등급","20250221","M","169.6","58.6","21.8","80","71","131","33.3","33.8",,,"13.1",,,,,,"20.4","24",,,"122",,,,,,"57.7",,,"75","113","125","155","41.7",,,,,"0.335",,,,,,,
"1","부천","성인","일반","56","관리자","3등급","20250221","M","165.2","58.6","15.9",,"83","152","39.5","43.9",,,"8.4",,,,,,"21.5","48",,"12.04","198",,,,,,"74.9",,,"65","105","141","144","41.0",,,,,,,,,,,,
"2","북구(광주)","성인","일반","29","관리자","참가","20250221","M","178.1","75.6","28.7","91.6","80","122","37.6","41.9",,,"13.8",,,,,,"23.8","31",,,,,,,,,"55.4",,,,,,,,"157","37.3",,,"0.274","0.564",,,,,,
"1","신안","성인","출장","29","관리자","참가","20250221","M","171","63.7","20.5",,"79","131","38.9","44.5",,,"5.7",,,,,,"21.8","29",,,,,,,,,"69.9",,,,,,,,"101","47.6",,,"0.364","0.532",,,,,,
"9","오산","어르신","일반","69","관리자","3등급","20250221","M","160.3","71.3","30.2","91.2","93","154","39.9","40.7",,,"7.2",,,,,,"27.7",,,,,"24",,"102","4.72","21.66","57.1",,,,,,,,,,,,,,,,,,,"40.7"
"1","목포","어르신","일반","79","관리자","3등급","20250221","F","144.1","57.3","41.6","84.6","87","155","18.3","18.2",,,"13.8",,,,,,"27.6",,,,,"13",,"96","5.63","27.37","31.9",,,,,,,,,,,,,,,,,,,"18.3"
"4","계룡","성인","일반","39","관리자","참가","20250221","M","162.9","86.5","36",,"94","154","45.7","49.2",,,"10.7",,,,,,"32.6","46","32",,"165",,,,,,"56.9",,"36.9",,,,,,,,,,"0.388",,,,,,,
"2","북구(광주)","성인","일반","24","관리자","2등급","20250221","F","157.7","53.2","21.2","64.7","93","121","26.8","29.9",,,"16.2",,,,,,"21.4","31",,,,,,,,,"56.2",,,,,,,,"111","38.6",,,"0.329","0.495",,,,,,
"2","포천","어르신","일반","76","관리자","3등급","20250221","M","174.1","99.9","39.8","103","87","147","38.2","40",,,"-2.0",,,,,,"33.0",,,,,"22",,"119","4.99","22.50","40.0",,,,,,,,,,,,,,,,,,,"40.0"
"4","청주","성인","일반","50","관리자","2등급","20250221","F","158.9","57.6","32.9","82.9","75","150","29.4","30.9",,,"18.2",,,,,,"22.8","20",,,"135",,,,,,"53.6",,,,,,,,"125","31.1",,,"0.294",,,,,,,
"2","청주","성인","일반","57","관리자","2등급","20250221","F","165.8","68.5","36.6","85.5","78","155","28.2","29.9",,,"15.9",,,,,,"24.9","39",,,"128",,,,,,"43.6",,,,,,,,"108","29.8",,,"0.326",,,,,,,
"1","고양","성인","일반","63","관리자","3등급","20250221","M","168.1","70.4","26.6",,"93","160","35.1","33.9",,,"13.4",,,,,,"24.9","30","15","12.88","174",,,,,,"49.9",,"33.2",,,,,,,,,,,,,,,,,
"2","광주","성인","일반","47","관리자","참가","20250221","F","154.6","44.2","21.2",,"93","147","23.6","21",,,"20.2",,,,,,"18.5","13",,,"152",,,,,,"53.4",,,,,,,,"123","34.8",,,"0.427",,,,,,,
"2","성동","성인","일반","27","관리자","1등급","20250221","F","154.9","52.5","33.8",,"68","110","25.1","26.8",,,"20.7",,,,,,"21.9","34",,,,,,,,,"51.0",,,,,,,,"115","37.4",,,"0.341","0.49",,,,,,
"1","KSPO광주","성인","일반","48","관리자","2등급","20250221","M","165.1","66.2","23.2","79.6","87","145","37.9","37.4",,,"18.1",,,,,,"24.3","38",,"12.12","186",,,,,,"57.3",,,"69","95","110","145","43.5",,,,,,,,,,,,
"1","고양","성인","일반","25","관리자","참가","20250221","F","162.6","59.9","24.7",,"95","146","25.6","26.1",,,"12.7",,,,,,"22.7","17",,"13.40","144",,,,,,"43.6",,,,,,,,"133","34.5",,,,,,,,,,
"1","증평","성인","일반","27","관리자","참가","20250221","M","175.9","75.0","31.9","92.1","86","141","32.3","35.9",,,"2.2",,,,,,"24.2","40",,"11.9","189",,,,,,"47.9",,,"75","108","123","167","44.7",,,,,,,,,,,,
"1","광주","성인","일반","30","관리자","참가","20250221","M","171.6","88.9","33.3",,"98","139","39.3","35.1",,,"-15",,,,,,"30.2","39",,,,,,,,,"44.2",,,,,,,,"104","41.4",,,"0.453","0.566",,,,,,
"1","오산","성인","일반","25","관리자","참가","20250221","F","165.2","63.4","38.2","88.4","78","124","29.1","25.7",,,"0.4",,,,,,"23.2","10",,,"174",,,,,,"45.9",,,"88","139","166",,"34.5",,,,,"0.325",,,,,,,
"5","강북","어르신","일반","65","관리자","2등급","20250221","M","167.4","76.40","31.5","91.4","89","158","34.4","38.5",,,"11.7",,,,,,"27.3",,,,,"35",,"128","4.4","19.1","50.4",,,,,,,,,,,,,,,,,,,"38.5"
"2","광주","성인","일반","44","관리자","참가","20250221","F","165.3","82.8","45.7",,"99","148","26.5","32.3",,,"9.1",,,,,,"30.3","36",,,"98",,,,,,"39.0",,,"70","123","150",,"28.2",,,,,"0.476",,,,,,,
"1","춘천","성인","일반","31","관리자","참가","20250221","M","182","111.6","32.5","120.5","73","137","54.3","57.6",,,"6.1",,,,,,"33.7","48","28",,,,,,,,"51.6",,"32.5",,,,,,,,,,"0.353","0.587",,,,,,
"1","오산","성인","일반","58","관리자","참가","20250221","F","160.5","60.3","39.6","88.3","92","147","29.1","30.7",,,"3.2",,,,,,"23.4","0",,,"151",,,,,,"50.9",,,"98","133","166",,"28.1",,,,,"0.438",,,,,,,
"4","양평","어르신","일반","79","관리자","3등급","20250221","M","169.8","59.1","16.3",,"77","138","39.2","38.2",,,"-0.1",,,,,,"20.5",,,,,"26",,"107","5.4","23.06","66.3",,,,,,,,,,,,,,,,,,,"39.2"
"3","성남","어르신","일반","68","관리자","참가","20250221","M","165.8","79.1","35.8",,"92","156","39.3","41.2",,,"-0.7",,,,,,"28.8",,,,,"23",,"115","5.03","22.35","52.1",,,,,,,,,,,,,,,,,,,"41.2"
"3","KSPO송파","성인","일반","33","관리자","2등급","20250221","M","177.9","76","18.4","86.7","73","144","41.5","50.7",,,"13.3",,,,,,"24.0","51",,"10.90","203",,,,,,"66.7",,,,,,,,"87","46.5",,,,,,,,,,
"8","서구(대전)","성인","일반","36","관리자","참가","20250221","M","176.9","91.9","29.8",,"72","128","50.4","51.9",,,"8.7",,,,,,"29.4","35",,,"190",,,,,,"56.5",,,,,,,,"127","36.3",,,"0.340",,,,,,,
"1","강북","성인","일반","26","관리자","참가","20250221","M","172.4","67.40","23.8","85.1","80","131","44.2","48.2",,,"-14.8",,,,,,"22.7","31",,,,,,,,,"71.5",,,,,,,,"124","44.3",,,"0.328","0.547",,,,,,
"11","계룡","어르신","일반","69","관리자","참가","20250221","M","161.6","70.2","29.8",,"66","141","29.5","34.7",,,"7.3",,,,,,"26.9",,,,,"30","555",,"5.38","23.5","49.4",,,,,,,,,,,,,,,,,,,"34.7"
"1","춘천","성인","일반","24","관리자","참가","20250221","M","173.8","70.3","19.6","87.1","89","145","45","48.2",,,"-11.9",,,,,,"23.3","46","41",,,,,,,,"68.6",,"42.3",,,,,,,,,,"0.357","0.520",,,,,,
"2","제주","성인","일반","33","관리자","2등급","20250221","M","173.3","72.4","11.8","79.7","59","116","47.9","39.4",,,"25.8",,,,,,"24.1","46","75","10.8","237",,,,,,"66.2",,"49.3",,,,,,,,,,,,,,,,,
"1","동구(광주)","성인","일반","35","관리자","참가","20250221","F","161.1","65.5","37.1","79","88","133","22.9","21.5",,,"1.1",,,,,,"25.2","7",,,"90",,,,,,"35.0",,,,,,,,"124","32.2",,,"0.413",,,,,,,
"1","천안","성인","일반","31","관리자","참가","20250221","M","176.7","65.8","14.8",,"77","118","48.5","42.1",,,"4.4",,,,,,"21.1","51",,,,,,,,,"73.7",,,"98","117","133",,"45.4",,,,,"0.314","0.551",,,,,,
"1","전주","성인","일반","21","관리자","참가","20250221","F","165.2","54.4","27.8","74","82","118","27.2","25.9",,,"10",,,,,,"19.9","11",,,"170",,,,,,"50.0",,,"53","120","157",,"38.6",,,,,"0.366",,,,,,,
"4","신안","성인","출장","46","관리자","참가","20250221","M","172.5","64.9","25.3",,"84","141","34.2","38.9",,,"-8",,,,,,"21.8","0",,,,,,,,,"59.9",,,,,,,,"94","44.3",,,"0.381","0.428",,,,,,
"1","광주","성인","일반","46","관리자","참가","20250221","F","169.8","82.9","38.8",,"95","130","36","33.8",,,"7",,,,,,"28.8","25",,,"142",,,,,,"43.4",,,,,,,,"142","24.6",,,"0.431",,,,,,,
"1","목포","성인","일반","50","관리자","2등급","20250221","F","152.2","47","18.8","66.3","79","113","23.8","19.7",,,"17.9",,,,,,"20.3","32",,,"151",,,,,,"50.6",,,"74","134","128",,"40.1",,,,,"0.357",,,,,,,
"2","청주","성인","일반","49","관리자","3등급","20250221","F","166","65.8","38.2","87.7","53","104","29.7","29.7",,,"12",,,,,,"23.9","29",,,"149",,,,,,"45.1",,,,,,,,"101","32.9",,,"0.367",,,,,,,
"3","양평","어르신","일반","69","관리자","1등급","20250221","F","153.9","57.2","38",,"87","142","28.8","28.6",,,"22.4",,,,,,"24.2",,,,,"31",,"130","5.25","21","50.3",,,,,,,,,,,,,,,,,,,"28.8"
"1","고양","성인","일반","24","관리자","참가","20250221","M","173.6","73.7","31.8",,"92","157","35.8","41.4",,,"-9.1",,,,,,"24.5","33","22","10.80","189",,,,,,"56.2",,"37.4",,,,,,,,,,,,,,,,,
"5","시흥","어르신","일반","67","관리자","참가","20250221","F","156.8","57.2","32.9","84.2","78","152","24.3","26.8",,,"12.7",,,,,,"23.3",,,,,"22",,"89","5.75","23.09","46.9",,,,,,,,,,,,,,,,,,,"26.8"
"1","서구(대전)","성인","일반","63","관리자","참가","20250221","F","160.4","65.7","32.5",,"66","116","29.6","31.1",,,"14.6",,,,,,"25.5","16",,,,,,,,,"47.3",,,"76","118","153",,"27.6",,,,,"0.465","0.278",,,,,,
"3","KSPO송파별관(어르신)","어르신","일반","67","관리자","1등급","20250221","M","175.6","79.4","22.9",,"86","139","51.9","46.5",,,"15.8",,,,,,"25.7",,,,,"26",,"133","4.39","18.16","65.4",,,,,,,,,,,,,,,,,,,"51.9"
"2","KSPO송파별관(어르신)","어르신","일반","66","관리자","1등급","20250221","M","173.3","71.1","20.5",,"92","150","47.3","47.5",,,"15.9",,,,,,"23.7",,,,,"30",,"133","4.48","16.83","66.8",,,,,,,,,,,,,,,,,,,"47.5"
"1","강릉","성인","일반","19","관리자","2등급","20250221","M","178.5","73.9","14.9","80.6","75","107","45.3","45.9",,,"20.1",,,,,,"23.2","48",,,"243",,,,,,"62.1",,,,,,,,"95","49.3",,,"0.323",,,,,,,
"3","신안","성인","출장","47","관리자","참가","20250221","F","167.4","73.5","35.3",,"78","127","30.6","30.2",,,"13",,,,,,"26.2","0",,,,,,,,,"41.6",,,,,,,,"105","31.0",,,"0.544","0.375",,,,,,
"1","동구(광주)","청소년","일반","18","관리자","참가","20250221","F","164.6","64","29.5","65","76","129","27.8","31.8","7",,"5.1","19","0.502","55.346","6","55.622","23.6",,"18",,,,,,,,"49.7",,"32.7",,,,,,,,,,,,,,,,,
"1","마포","어르신","일반","83","관리자","2등급","20250221","M","173.9","88.2","31.7","101","72","141","42.7","38.5",,,"3.8",,,,,,"29.2",,,,,"16",,"101","6.62","30.14","48.4",,,,,,,,,,,,,,,,,,,"42.7"
"3","마포","어르신","일반","73","관리자","3등급","20250221","M","163.3","66.6","27.6","83","82","145","39.4","39.8",,,"0.2",,,,,,"25.0",,,,,"28",,"116","4.66","20.00","59.8",,,,,,,,,,,,,,,,,,,"39.8"
"5","신안","성인","출장","52","관리자","참가","20250221","F","160.2","62.5","35.9",,"69","124","24.9","21",,,"6",,,,,,"24.4","0",,,,,,,,,"39.8",,,,,,,,"90","33.9",,,"0.496","0.363",,,,,,
"7","성남","어르신","일반","75","관리자","2등급","20250221","F","151.7","60.7","43.9",,"77","136","18.6","20.6",,,"11.2",,,,,,"26.4",,,,,"19",,"112","5.15","22.11","33.9",,,,,,,,,,,,,,,,,,,"20.6"
"1","무안","성인","일반","43","관리자","참가","20250221","F","154.4","49.8","32.7","85","71","115","18.7","21.1",,,"7.1",,,,,,"20.9","14",,,"120",,,,,,"42.4",,,,,,,,"105","36.3",,,"0.432",,,,,,,
"1","KSPO아산","성인","일반","25","관리자","2등급","20250221","F","163.3","52.1","27.6","74","95","143","24","30.9",,,"18",,,,,,"19.5","35",,,"176",,,,,,"59.3",,,,,,,,"150","34.4",,,"0.393",,,,,,,
"3","안산","성인","일반","50","관리자","2등급","20250221","M","174.7","77.6","22.3","82","88","146","50.2","50.3",,,"12.9",,,,,,"25.4","34",,,"206",,,,,,"64.8",,,"82","102","122","146","39.5",,,,,"0.332",,,,,,,
"5","성남","어르신","일반","68","관리자","3등급","20250221","F","145.4","41.4","30.8",,"69","123","20.8","21.3",,,"11.4",,,,,,"19.6",,,,,"23",,"112","4.99","22.63","51.4",,,,,,,,,,,,,,,,,,,"21.3"
"2","안산","성인","일반","46","관리자","참가","20250221","M","170.3","80.3","29","101.8","90","147","47.8","50.9",,,"17.7",,,,,,"27.7","45","21",,,,,,,,"63.4",,"34.5",,,,,,,,,,"0.428","0.554",,,,,,
"5","신안","성인","출장","46","관리자","참가","20250221","F","157","40.7","26.9",,"67","128","16.1","18.3",,,"11.2",,,,,,"16.5","10",,,,,,,,,"45.0",,,,,,,,"79","41.4",,,"0.471","0.353",,,,,,
"1","KSPO송파별관(어르신)","어르신","일반","75","관리자","1등급","20250221","M","168.7","59.3","12.8",,"61","105","36","42.4",,,"14",,,,,,"20.8",,,,,"30",,"130","5.07","20.67","71.5",,,,,,,,,,,,,,,,,,,"42.4"
"1","강북","성인","일반","31","관리자","3등급","20250221","M","186.0","69.90","15.6","72.3","90","147","45","45.9",,,"8.8",,,,,,"20.2","39",,"10.5",,,,,,,"65.7",,,,,,,,"128","43.0",,,,"0.606",,,,,,
"1","KSPO송파별관(어르신)","어르신","일반","73","관리자","2등급","20250221","M","168.4","79.7","33.9",,"73","152","45.3","43.2",,,"7.8",,,,,,"28.1",,,,,"24",,"115","4.93","22.44","56.8",,,,,,,,,,,,,,,,,,,"45.3"
"1","나주","성인","일반","27","관리자","참가","20250221","M","171.6","75.5","23.4","89.9","82","119","42.9","43.2",,,"-8",,,,,,"25.6","13",,,"165",,,,,,"57.2",,,,,,,,"125","42.0",,,"0.368",,,,,,,
"1","KSPO송파","성인","일반","28","관리자","참가","20250221","M","154.7","48.3","15.7","69.3","66","118","24.8","26.2",,,"4.7",,,,,,"20.2","28",,"10.96",,,,,,,"54.2",,,"71","100","116","158","50.3",,,,,,"0.516",,,,,,
"1","정읍","성인","일반","37","관리자","참가","20250221","M","175.7","94.5","36.3",,"99","147","41","44.3",,,"-2.9",,,,,,"30.6","32","18",,,,,,,,"46.9",,"32.3",,,,,,,,,,"0.413","0.479",,,,,,
"3","익산","성인","일반","37","관리자","참가","20250221","M","180.7","103.8","33.1","100","94","144","55.2","55.4",,,"6.8",,,,,,"31.8","39","29",,"200",,,,,,"53.4",,"33.4",,,,,,,,,,"0.423",,,,,,,
"2","KSPO송파","성인","일반","25","관리자","참가","20250221","F","157.3","48.9","25.8","70.1","83","123","26.3","25.8",,,"19.7",,,,,,"19.8","18",,,,,,,,,"53.8",,,,,,,,"144","35.4",,,"0.422","0.463",,,,,,
"1","KSPO광주","성인","일반","22","관리자","3등급","20250221","M","168.2","62.5","20.7","74.2","76","139","32.1","34.4",,,"7.4",,,,,,"22.1","42",,,"192",,,,,,"55.0",,,,,,,,"120","46.6",,,"0.3",,,,,,,
"2","양평","어르신","일반","86","관리자","3등급","20250221","M","162.5","75.1","32.9",,"89","159","29.3","29.2",,,"-3.5",,,,,,"28.4",,,,,"12",,"92","6.53","26.8","39.0",,,,,,,,,,,,,,,,,,,"29.3"
"1","고양","어르신","일반","66","관리자","참가","20250221","M","166.4","67.9","24.7",,"82","137","41.7","38.3",,,"9.4",,,,,,"24.5",,,,,"27",,"108","4.84",,"61.4",,,,,,,,,,,,,,,,,,,"41.7"
"1","성동","어르신","일반","65","관리자","참가","20250221","M","173.4","72.6","28.3",,"86","138","32.4","31.1",,,"0.1",,,,,,"24.1",,,,,"20",,"101","5.23","23.12","44.6",,,,,,,,,,,,,,,,,,,"32.4"
"2","고양","성인","일반","60","관리자","참가","20250221","F","157.5","53.3","33",,"70","121","22.7","23.5",,,"19.9",,,,,,"21.5","9","7","15.31","119",,,,,,"44.1",,"28.4",,,,,,,,,,,,,,,,,
"2","동구(광주)","어르신","일반","73","관리자","2등급","20250221","M","170.7","77.1","26.6","93.8","76","131","39.1","42.8",,,"14.5",,,,,,"26.5",,,,,"27",,"103","5.74","21.53","55.5",,,,,,,,,,,,,,,,,,,"42.8"
"2","동구(광주)","어르신","일반","76","관리자","3등급","20250221","F","160.5","78.4","44","94.8","72","144","28.1","29.1",,,"23.4",,,,,,"30.4",,,,,"22",,"80","6.02","23.33","37.1",,,,,,,,,,,,,,,,,,,"29.1"
"2","나주","성인","일반","62","관리자","2등급","20250221","M","161.3","64.9","28.1","86","83","140","35.6","37.4",,,"10.7",,,,,,"24.9","36",,,"192",,,,,,"57.6",,,"74","104","123","156","37.3",,,,,"0.327",,,,,,,
"1","부천","어르신","일반","75","관리자","3등급","20250221","M","166.2","71.1","27.1",,"77","148","30","37.3",,,"1",,,,,,"25.7",,,,,"26",,"128","5.28","21.35","52.5",,,,,,,,,,,,,,,,,,,"37.3"
"3","성남","성인","일반","26","관리자","2등급","20250221","F","158.8","49.6","26.6",,"57","102","24.7","26",,,"20.6",,,,,,"19.7","36","27","13.18","155",,,,,,"52.4",,"36.4",,,,,,,,,,,,,,,,,
"3","KSPO아산","어르신","일반","67","관리자","1등급","20250221","M","168.4","70.6","22.6","88.5","99","179","43.1","44.7",,,"19.7",,,,,,"24.9",,,,,"33",,"135","4.9","18.8","63.3",,,,,,,,,,,,,,,,,,,"44.7"
"6","진천","성인","일반","63","관리자","참가","20250221","M","166.4","85.4","31.7","93.7","89","147","45.7","50.1",,,"7.2",,,,,,"30.8","32",,,"183",,,,,,"58.7",,,,,,,,"100","34.3",,,"0.333",,,,,,,
"2","부천","어르신","일반","66","관리자","2등급","20250221","F","147.7","59.4","46.6",,"60","121","23.4","22.3",,,"23.5",,,,,,"27.0",,,,,"34",,"125","5.03","21.03","39.4",,,,,,,,,,,,,,,,,,,"23.4"
"3","나주","성인","일반","46","관리자","2등급","20250221","M","172.3","62.6","13.2","75.2","70","123","46.4","45.4",,,"13.5",,,,,,"21.1","45",,,"217",,,,,,"74.1",,,"90","105","127","151","42.6",,,,,"0.318",,,,,,,
"2","미추홀","성인","일반","41","관리자","참가","20250221","M","195.7","103.5","27.1","105.2","97","149","44","47.2",,,"7.4",,,,,,"27.0","30","16","11.9","219",,,,,,"45.6",,"29.8",,,,,,,,,,,,,,,,,
"1","강릉","성인","일반","36","관리자","참가","20250221","M","170.8","91.8","36.9","115.4","99","141","33.7","39.3",,,"-7.0",,,,,,"31.5","21",,,"111",,,,,,"42.8",,,,,,,,"127","35.8",,,"0.412",,,,,,,
"5","미추홀","성인","일반","24","관리자","3등급","20250221","F","174.6","59.2","26.9","80.8","70","119","34.7","36",,,"14.3",,,,,,"19.4","32",,,,,,,,,"60.8",,,,,,,,"146","34.5",,,"0.347","0.548",,,,,,
"2","강북","어르신","일반","67","관리자","3등급","20250221","M","162.4","67.10","28.4","89","82","141","37.3","40.5",,,"14.7",,,,,,"25.4",,,,,"22",,"107","5.6","24.2","60.4",,,,,,,,,,,,,,,,,,,"40.5"
"1","서대문","성인","일반","58","관리자","참가","20250221","F","150.2","59.0","41.5",,"75","134","22.8","23.2",,,"6.2",,,,,,"26.2","3","13","14.29",,,,,,,"39.3",,"29.2",,,,,,,,,,,"0.361",,,,,,
"5","서대문","성인","일반","27","관리자","3등급","20250221","F","161.5","46.8","28.4",,"80","120","22.5","23.8",,,"17.2",,,,,,"17.9","27","18","13.20",,,,,,,"50.9",,"34.1",,,,,,,,,,,"0.457",,,,,,
"1","계룡","성인","일반","63","관리자","3등급","20250221","M","172.6","68.5","24",,"78","149","34.6","36.5",,,"8",,,,,,"23.0","33",,"12.99","159",,,,,,"53.3",,,,,,,,"130","34.1",,,,,,,,,,
"1","서대문","성인","일반","51","관리자","참가","20250221","F","159.0","44.1","21.4",,"69","111","19.6","20.4",,,"2.8",,,,,,"17.4","13","14","15.10",,,,,,,"46.3",,"32.3",,,,,,,,,,,"0.386",,,,,,
"1","강북","성인","일반","31","관리자","참가","20250221","M","180.2","78.50","15.1","79","75","143","50.6","49",,,"10.1",,,,,,"24.2","32",,,,,,,,,"64.5",,,,,,,,"137","39.3",,,"0.312","0.604",,,,,,
"1","삼척","성인","일반","49","관리자","2등급","20250221","F","153.0","60.4","32.6",,"73","115","25.5","28.5",,,"21.5",,,,,,"25.8","41",,"13.77",,,,,,,"47.2",,,,,,,,"99","33.2",,,,"0.405",,,,,,
"3","서대문","성인","일반","61","관리자","2등급","20250221","M","168.4","68.4","27.2",,"72","128","44.9","45.7",,,"13.7",,,,,,"24.1","37","25","13.68",,,,,,,"66.8",,"36.0",,,,,,,,,,,"0.415",,,,,,
"1","서대문","성인","일반","29","관리자","3등급","20250221","M","178.0","80.3","17.3",,"96","132","48.6","45.1",,,"15.2",,,,,,"25.3","50","34","12.43",,,,,,,"60.5",,"38.7",,,,,,,,,,,"0.588",,,,,,
"4","곡성","성인","일반","28","관리자","참가","20250221","M","174.3","74.2","26.3","86.2","83","124","42.7","44.3",,,"10.1",,,,,,"24.4","36",,,"203",,,,,,"59.7",,,,,,,,"107","44.9",,,"0.266",,,,,,,
"2","시흥","성인","일반","60","관리자","참가","20250221","M","160.5","71.7","33.8","96.5","84","148","33","36.7",,,"12.3",,,,,,"27.8","19",,"14","137",,,,,,"51.2",,,,,,,,"157","29.2",,,,,,,,,,
"1","강북","성인","일반","31","관리자","3등급","20250221","M","169.7","73.80","15.6","79.5","92","142","42.1","39.5",,,"22.5",,,,,,"25.6","53",,,,,,,,,"57.0",,,,,,,,"91","46.3",,,"0.304","0.575",,,,,,
"1","북구(광주)","성인","일반","25","관리자","참가","20250221","M","177.3","75.3","21.4","84.6","76","153","37.7","39.6",,,"3.4",,,,,,"24.0","44","42","11.70","180",,,,,,"52.6",,"41.7",,,,,,,,,,,,,,,,,
"3","제주","어르신","일반","68","관리자","3등급","20250221","M","168.7","78.1","33.4","98.3","90","158","36","38.9",,,"6.1",,,,,,"27.4",,,,,"27",,"129","4.06","16.72","49.8",,,,,,,,,,,,,,,,,,,"38.9"
"1","KSPO아산","성인","일반","62","관리자","3등급","20250221","F","150.9","48.4","22.6","73.5","65","128","22.7","27",,,"16.9",,,,,,"21.3","36",,,"102",,,,,,"55.8",,,,,,,,"88","34.9",,,"0.600",,,,,,,
"6","춘천","어르신","일반","75","관리자","3등급","20250221","M","158.8","63.7","34.3","88.7","89","147","37.7","41.4",,,"0.5",,,,,,"25.3",,,,,"29",,"111","4.81","19.05","65.0",,,,,,,,,,,,,,,,,,,"41.4"
"1","서대문","성인","일반","26","관리자","참가","20250221","M","173.1","79.7","27.5",,"78","131","39.1","45.4",,,"16.8",,,,,,"26.6","41","40","12.56",,,,,,,"57.0",,"40.6",,,,,,,,,,,"0.567",,,,,,
"2","서대문","성인","일반","54","관리자","참가","20250221","F","160.4","59.6","28.2",,"72","115","25.6","24.5",,,"11",,,,,,"23.2","18","18","15.1",,,,,,,"43.0",,"31.0",,,,,,,,,,,"0.429",,,,,,
"1","수원","성인","일반","26","관리자","3등급","20250221","M","167.9","69.3","22.6","84","80","138","39.4","42.6",,,"9.3",,,,,,"24.6","41",,"10","206",,,,,,"61.5",,,"110","132","150",,"42.1",,,,,,,,,,,,
"1","서대문","성인","일반","19","관리자","3등급","20250221","M","170.6","66.1","11.9",,"85","125","42.6","46.4",,,"26.5",,,,,,"22.7","46","52","9.8",,,,,,,"70.2",,"46.0",,,,,,,,,,,"0.728",,,,,,
"4","청주","성인","일반","49","관리자","참가","20250221","F","161.1","61.3","40.7","90.2","75","116","26.6","24.8",,,"-2.1",,,,,,"23.6","14",,,"98",,,,,,"43.4",,,,,,,,"102","33.4",,,"0.348",,,,,,,
"3","서구(대전)","성인","일반","26","관리자","3등급","20250221","F","158.3","46.5","27.4",,"61","101","19.3","23.4",,,"13.5",,,,,,"18.6","23",,,"136",,,,,,"50.3",,,"75","118","152",,"39.1",,,,,"0.377",,,,,,,
"5","청주","성인","일반","63","관리자","참가","20250221","F","158.8","56.7","32.1","78.3","89","152","17.2","19",,,"18.8",,,,,,"22.5","16",,,"101",,,,,,"33.5",,,,,,,,"97","32.3",,,"0.388",,,,,,,
"1","북구(광주)","성인","일반","35","관리자","참가","20250221","F","158.0","87.1","49.8","92.5","84","152","20.6","21.9",,,"7.9",,,,,,"34.9","8",,,"121",,,,,,"25.1",,,"89","121","87",,"38.9",,,,,"0.486",,,,,,,
"2","나주","성인","일반","64","관리자","참가","20250221","M","182.1","87.4","24","96.1","87","113","46.8","49.6",,,"11.3",,,,,,"26.4","25",,,"212",,,,,,"56.8",,,,,,,,"133","29.9",,,"0.296",,,,,,,
"4","서대문","성인","일반","24","관리자","2등급","20250221","F","170","51.6","22.6",,"80","120","27.3","29",,,"19.8",,,,,,"17.9","36","29","12.30",,,,,,,"56.2",,"37.0",,,,,,,,,,,"0.500",,,,,,
"1","서대문","성인","일반","22","관리자","참가","20250221","M","175.4","96.5","33.9",,"80","120","47.1","47.4",,,"21.6",,,,,,"31.4","54","45","11.68",,,,,,,"49.1",,"39.5",,,,,,,,,,,"0.533",,,,,,
"1","수원","어르신","일반","74","관리자","2등급","20250221","F","145.5","43.9","30.1","81","75","125","18.2","18",,,"17.2",,,,,,"20.7",,,,,"28",,"109","4.9","20.9","41.5",,,,,,,,,,,,,,,,,,,"18.2"
"2","서대문","성인","일반","24","관리자","참가","20250221","F","168","47.8","15.9",,"80","120","27.2","26.9",,,"24",,,,,,"16.9","33","19","13.01",,,,,,,"56.9",,"34.5",,,,,,,,,,,"0.462",,,,,,
"2","KSPO송파별관(어르신)","어르신","일반","72","관리자","1등급","20250221","M","160.3","51.4","10.3",,"65","128","32.7","30.4",,,"18.2",,,,,,"20.0",,,,,"27",,"126","5.16","18.60","63.6",,,,,,,,,,,,,,,,,,,"32.7"
"6","부천","어르신","일반","78","관리자","3등급","20250221","M","166","65.8","32",,"62","128","28","27.2",,,"5.6",,,,,,"23.9",,,,,"24",,"98","5.10","20.06","42.6",,,,,,,,,,,,,,,,,,,"28.0"
"5","고양","성인","일반","24","관리자","3등급","20250221","F","165.8","57.9","25.8",,"66","112","22.3","25.6",,,"25.8",,,,,,"21.1","27",,"12.84","143",,,,,,"44.2",,,,,,,,"142","34.4",,,,,,,,,,
"2","곡성","성인","일반","62","관리자","1등급","20250221","M","161.3","70.4","26.1","85.1","70","143","32.9","42.2",,,"13.4",,,,,,"27.1","40",,"11.54","201",,,,,,"59.9",,,,,,,,"106","36.6",,,,,,,,,,
"3","KSPO송파","성인","일반","28","관리자","3등급","20250221","F","155.8","47.3","22.3","70.8","79","126","18.5","20.1",,,"19.8",,,,,,"19.5","37",,,"147",,,,,,"42.5",,,"80","105","123",,"42.3",,,,,"0.292",,,,,,,
"5","KSPO송파별관(어르신)","어르신","일반","74","관리자","1등급","20250221","F","146.4","55.6","35.8",,"75","149","27.6","26.6",,,"19.5",,,,,,"25.9",,,,,"29",,"127","4.99","19.87","49.6",,,,,,,,,,,,,,,,,,,"27.6"
"1","강북","성인","일반","62","관리자","참가","20250221","M","157.1","66.30","29.5","88.2","84","137","33.5","34.2",,,"15.7",,,,,,"26.9","27",,,"158",,,,,,"51.6",,,,,,,,"103","37.6",,,"0.372",,,,,,,
"2","KSPO송파","성인","일반","31","관리자","참가","20250221","M","176.5","78.4","25.3","92","99","139","39.4","40.3",,,"1",,,,,,"25.2","30","22",,"201",,,,,,"51.4",,"36.1",,,,,,,,,,"0.317",,,,,,,
"3","고양","성인","일반","24","관리자","참가","20250221","F","165.5","56.9","32",,"71","122","20.1","21.2",,,"3.6",,,,,,"20.8","18","19","13.28","149",,,,,,"37.3",,"33.0",,,,,,,,,,,,,,,,,
"2","계룡","성인","일반","22","관리자","3등급","20250221","F","168.7","64.4","34.1",,"72","113","29.8","27.2",,,"25.8",,,,,,"22.6","44","19","11.27","186",,,,,,"46.3",,"31.9",,,,,,,,,,,,,,,,,
"1","성남","성인","일반","57","관리자","참가","20250221","M","165.6","57.7","19.9",,"99","148","36.5","41.4",,,"15.4",,,,,,"21.0","31","15",,,,,,,,"71.8",,"35.6",,,,,,,,,,"0.394","0.484",,,,,,
"1","성동","성인","일반","58","관리자","참가","20250221","M","167.1","70.4","25.6",,"75","126","34.2","36.5",,,"-5.7",,,,,,"25.2","18","23",,"125",,,,,,"51.8",,"35.5",,,,,,,,,,"0.332",,,,,,,
"6","부천","어르신","일반","71","관리자","3등급","20250221","F","147.5","56.9","46.8",,"89","144","21.6","27",,,"15.6",,,,,,"26.2",,,,,"23",,"92","6.00","23.99","47.5",,,,,,,,,,,,,,,,,,,"27.0"
"2","성동","성인","일반","20","관리자","1등급","20250221","M","163.3","64.1","23.9",,"75","144","43.4","49.4",,,"16.3",,,,,,"24.0","64","62",,"240",,,,,,"77.1",,"48.7",,,,,,,,,,"0.269",,,,,,,
"1","의정부","성인","일반","22","관리자","3등급","20250221","F","160.8","56","30.1","75.8","66","102","26.3","25.4",,,"28.7",,,,,,"21.7","32",,"14.36",,,,,,,"47.0",,,"66","99","126",,"40.9",,,,,,"0.344",,,,,,
"1","마포","성인","일반","22","관리자","참가","20250221","F","162.9","61.3","34.7",,"75","102","26.1","29.2",,,"23.5",,,,,,"23.1","20","22",,"112",,,,,,"47.6",,"33.2",,,,,,,,,,"0.469",,,,,,,
"10","마포","성인","일반","22","관리자","1등급","20250221","F","162.6","66.2","32.2","80","93","121","35.6","38.2",,,"20.9",,,,,,"25.0","42","30",,"178",,,,,,"57.7",,"34.9",,,,,,,,,,"0.323",,,,,,,
"1","KSPO광주","성인","일반","20","관리자","참가","20250221","M","177.7","81.6","16.2","83.7","88","144","55.4","57.6",,,"18.9",,,,,,"25.8","31",,,"191",,,,,,"70.6",,,,,,,,"106","45.7",,,"0.38",,,,,,,
"1","KSPO광주","성인","일반","59","관리자","참가","20250221","F","161","56.9","29.8","77","86","154","31.6","32.3",,,"21.1",,,,,,"22.0","6",,,"129",,,,,,"56.8",,,"97","119","135",,"33.3",,,,,"0.369",,,,,,,
"1","서구(대전)","성인","일반","24","관리자","참가","20250221","M","176.8","94.9","29",,"81","128","43.5","43.3",,,"4.4",,,,,,"30.4","41","20",,,,,,,,"45.8",,"33.7",,,,,,,,,,"0.331","0.512",,,,,,
"9","마포","어르신","일반","74","관리자","2등급","20250221","F","152.9","67","40.6","96","78","137","22.2","23.5",,,"16.4",,,,,,"28.7",,,,,"18",,"110","5.71","24.41","35.1",,,,,,,,,,,,,,,,,,,"23.5"
"6","성남","어르신","일반","69","관리자","3등급","20250221","M","174.8","85.4","29.5",,"86","159","42.6","50.6",,,"2.4",,,,,,"27.9",,,,,"29",,"139","4.28","18.53","59.3",,,,,,,,,,,,,,,,,,,"50.6"
"5","양평","어르신","일반","65","관리자","3등급","20250221","F","148","46.6","32.5",,"85","154","19.6","23.7",,,"11.5",,,,,,"21.3",,,,,"28",,"119","5.29","20.88","50.9",,,,,,,,,,,,,,,,,,,"23.7"
"1","청주","성인","일반","31","관리자","참가","20250221","F","169.2","66.9","32.9","83.6","74","133","22.6","22.8",,,"14.7",,,,,,"23.4","19",,,"136",,,,,,"34.1",,,,,,,,"115","34.5",,,"0.355",,,,,,,
"1","오산","성인","일반","37","관리자","3등급","20250221","F","158.6","62.5","36.8","86.2","85","131","28.4","29.3",,,"10.6",,,,,,"24.8","29","15","13.91",,,,,,,"46.9",,"30.2",,,,,,,,,,,"0.427",,,,,,
"1","양평","성인","일반","30","관리자","2등급","20250221","M","171.9","73.5","26.5",,"63","113","37.7","46.1",,,"9.8",,,,,,"24.9","41",,"11.22",,,,,,,"62.7",,,,,,,,"92","46.6",,,,"0.544",,,,,,
"3","오산","성인","일반","38","관리자","참가","20250221","M","179.5","98.7","34.1","111.9","88","127","55.8","63.5",,,"11.8",,,,,,"30.6","37","15","11.67","210",,,,,,"64.3",,"30.8",,,,,,,,,,,,,,,,,
"6","오산","어르신","일반","84","관리자","참가","20250221","M","170","59.2","27.5","85","72","139","31.4","25.7",,,"5.6",,,,,,"20.5",,,,,"6",,"57","6.47","32.04","53.0",,,,,,,,,,,,,,,,,,,"31.4"
"3","오산","어르신","일반","72","관리자","1등급","20250221","M","156.8","58.6","23","76.8","77","139","36.7","34.6",,,"14.4",,,,,,"23.8",,,,,"29",,"122","4.81","22.34","62.6",,,,,,,,,,,,,,,,,,,"36.7"
"1","안산","어르신","일반","65","관리자","3등급","20250221","F","157.4","92.1","44.3","99","85","157","32.5","30.6",,,"25.2",,,,,,"37.2",,,,,"23",,"111","5.34","22.44","35.3",,,,,,,,,,,,,,,,,,,"32.5"
"1","중구(서울)","성인","일반","63","관리자","3등급","20250221","M","168.6","59.5","19.4","88.8","91","150","38.5","38.9",,,"4.9",,,,,,"20.9","35",,,,,,,,,"65.4",,,,,,,,"123","36.8",,,"0.480","0.441",,,,,,
"2","남원","성인","일반","24","관리자","2등급","20250221","M","178.2","72.4","17.2","80.3","88","124","55.4","62.9",,,"20.3",,,,,,"22.8","58",,,"253",,,,,,"86.9",,,"84","104","130","149","46.9",,,,,"0.246",,,,,,,
"3","충주","성인","일반","21","관리자","참가","20250221","M","167.1","68.1","22.4","86","72","132","42.1","42.9",,,"20.3",,,,,,"24.4","40","45",,"205",,,,,,"63.0",,"43.9",,,,,,,,,,"0.355",,,,,,,
"1","중구(서울)","성인","일반","40","관리자","3등급","20250221","F","161.1","52.4","24.2","71.3","78","118","27.9","30",,,"18.9",,,,,,"20.2","35",,,"158",,,,,,"57.3",,,,,,,,"151","31.3",,,"0.367",,,,,,,
"1","충주","성인","일반","21","관리자","3등급","20250221","F","164.4","51.1","29.2","71","83","130","25.9","30.2",,,"20.6",,,,,,"18.9","47","19","11.07","170",,,,,,"59.1",,"34.0",,,,,,,,,,,,,,,,,
"1","강북","성인","일반","37","관리자","3등급","20250221","M","167.4","66","18.8","83.5","87","134","35.7","43.5",,,"9.3",,,,,,"23.6","39","32",,"177",,,,,,"65.9",,"39.9",,,,,,,,,,"0.353",,,,,,,
"1","광주","어르신","일반","68","관리자","3등급","20250221","F","157.2","64.6","34.7",,"78","147","28.2","28.8",,,"19.4",,,,,,"26.1",,,,,"26",,"101","5.39","22.18","44.6",,,,,,,,,,,,,,,,,,,"28.8"
"1","광주","어르신","일반","67","관리자","3등급","20250221","M","166.7","77","28.6",,"66","137","33","40.1",,,"6.6",,,,,,"27.7",,,,,"24",,"102","5.58","22.11","52.1",,,,,,,,,,,,,,,,,,,"40.1"
"5","광주","어르신","일반","72","관리자","3등급","20250221","M","155.5","67.9","31.6",,"75","155","29.1","30.3",,,"2.3",,,,,,"28.1",,,,,"25",,"112","6.80","23.72","44.6",,,,,,,,,,,,,,,,,,,"30.3"
"2","서대문","성인","일반","22","관리자","참가","20250221","F","173.6","53.0","24.9",,"73","115","22","29",,,"10.4",,,,,,"17.6","19","9","14.89",,,,,,,"54.7",,"30.8",,,,,,,,,,,"0.408",,,,,,
"1","KSPO광주","성인","일반","45","관리자","2등급","20250221","M","165","74.6","22.7","83.5","81","125","43.8","40",,,"22.4",,,,,,"27.4","48","32",,"197",,,,,,"58.7",,"38.1",,,,,,,,,,"0.331",,,,,,,
"3","마포","성인","일반","53","관리자","2등급","20250221","F","157.2","61.2","35.4","78","79","115","33.4","30.9",,,"16.6",,,,,,"24.8","40",,,"160",,,,,,"54.6",,,,,,,,"111","31.2",,,"0.318",,,,,,,
"2","서대문","성인","일반","24","관리자","참가","20250221","F","171.7","50.4","16.0",,"82","114","23.1","30.1",,,"19.7",,,,,,"17.1","4","33","12.29",,,,,,,"59.7",,"38.4",,,,,,,,,,,"0.458",,,,,,
"3","광주","어르신","일반","72","관리자","3등급","20250221","M","159.3","68.5","22.3",,"94","158","31.1","32.6",,,"11.1",,,,,,"27.0",,,,,"29",,"107","6.21","22.93","47.6",,,,,,,,,,,,,,,,,,,"32.6"
"3","중구(서울)","성인","일반","42","관리자","참가","20250221","M","174.7","71.2","19.6","80.9","62","113","38.7","45.2",,,"-10.7",,,,,,"23.3","24",,,"215",,,,,,"63.5",,,"82","102","113","136","46.1",,,,,"0.314",,,,,,,
"1","진천","성인","일반","19","관리자","3등급","20250221","M","186.8","80.8","15.5","75.9","86","136","42.8","49.6",,,"24.5",,,,,,"23.2","56",,,"271",,,,,,"61.4",,,,,,,,"122","44.4",,,"0.313",,,,,,,
"1","서대문","성인","일반","25","관리자","2등급","20250221","F","167.4","64.7","36.4",,"66","106","26.6","28.7",,,"24.3",,,,,,"23.1","35","26","13.58",,,,,,,"44.4",,"33.9",,,,,,,,,,,"0.409",,,,,,
"2","서초","성인","일반","20","관리자","참가","20250221","M","175.3","71.0","19.4","75.4","75","136","42.3","45.2",,,"17.2",,,,,,"23.1","31",,,,,,,,,"63.7",,,,,,,,"110","47.2",,,"0.260","0.564",,,,,,
"3","성남","어르신","일반","65","관리자","참가","20250221","M","162.0","61.5","23.6",,"71","148","29.3","36.8",,,"-3.0",,,,,,"23.4",,,,,"21",,"92","5.33","22.41","59.8",,,,,,,,,,,,,,,,,,,"36.8"
"6","광주","어르신","일반","86","관리자","3등급","20250221","M","168.8","74.8","34",,"70","153","26.8","28.3",,,"10.2",,,,,,"26.3",,,,,"24",,"91","7.21","27.51","37.8",,,,,,,,,,,,,,,,,,,"28.3"
"2","KSPO송파","성인","일반","27","관리자","3등급","20250221","F","167.1","53.9","33.5","74.5","87","120","25.2","22",,,"30.6",,,,,,"19.3","26",,,,,,,,,"46.8",,,,,,,,"133","36.1",,,"0.348","0.425",,,,,,
"1","진천","성인","일반","20","관리자","2등급","20250221","M","174.1","69.2","15.4","73.4","71","126","41.9","49.3",,,"16.5",,,,,,"22.8","50",,,"259",,,,,,"71.2",,,,,,,,"80","52.0",,,"0.369",,,,,,,
"3","KSPO송파","성인","일반","45","관리자","3등급","20250221","M","165.9","67.5","24.1","84.8","87","113","42.5","40",,,"12.3",,,,,,"24.5","48",,,,,,,,,"63.0",,,,,,,,"144","36.1",,,"0.321","0.640",,,,,,
"4","포천","어르신","일반","68","관리자","3등급","20250221","F","147.4","46.4","32.7","76","92","148","25.8","24.4",,,"14.7",,,,,,"21.4",,,,,"21",,"116","5.90","23.81","55.6",,,,,,,,,,,,,,,,,,,"25.8"
"1","보은","어르신","일반","65","관리자","2등급","20250221","F","158.3","54.5","26.8",,"83","154","22.4","27.8",,,"24.7",,,,,,"21.7",,,,,"24",,"112","4","17.62","51.0",,,,,,,,,,,,,,,,,,,"27.8"
"2","세종","성인","일반","47","관리자","3등급","20250221","F","169.1","67.7","39.7","89.2","70","129","26.8","26.3",,,"13",,,,,,"23.7","28",,,"131",,,,,,"39.6",,,,,,,,"113","31.6",,,"0.375",,,,,,,
"2","동구(인천)","성인","일반","22","관리자","2등급","20250221","F","171.1","66.3","21.9",,"66","112","32.6","38.2",,,"17.5",,,,,,"22.6","32",,,,,,,,,"57.6",,,,,,,,"123","35.5",,,"0.377","0.447",,,,,,
"1","성동","어르신","일반","66","관리자","2등급","20250221","M","168.3","67.2","26.6",,"82","157","45","37.2",,,"7.8",,,,,,"23.7",,,,,"21",,"119","5.11","18.84","67.0",,,,,,,,,,,,,,,,,,,"45.0"
"1","서대문","성인","일반","29","관리자","3등급","20250221","M","174.4","68.6","17",,"74","131","44.6","50.7",,,"13",,,,,,"22.6","39","40","11.72",,,,,,,"73.9",,"41.9",,,,,,,,,,,"0.596",,,,,,
"1","성동","어르신","일반","81","관리자","참가","20250221","M","174.4","73.9","30.3",,"92","180","35","38",,,"-25",,,,,,"24.3",,,,,"23",,"109","5.51","24.44","51.4",,,,,,,,,,,,,,,,,,,"38.0"
"1","강북","성인","일반","28","관리자","3등급","20250221","M","185.3","80.50","14.7","79.2","94","151","48.2","49.7",,,"6.4",,,,,,"23.4","51",,,"257",,,,,,"61.7",,,"94","115","131","157","44.3",,,,,"0.376",,,,,,,
"1","서대문","성인","일반","26","관리자","3등급","20250221","M","170.5","63.9","19.4",,"90","131","41.7","43.6",,,"17.3",,,,,,"22.0","41","44","11.71",,,,,,,"68.2",,"43.9",,,,,,,,,,,"0.583",,,,,,
"1","서대문","성인","일반","23","관리자","참가","20250221","F","165.8","52.9","31.9",,"80","130","22.7","25.6",,,"12.3",,,,,,"19.2","29","18","13.46",,,,,,,"48.4",,"33.4",,,,,,,,,,,"0.491",,,,,,
"2","전주","청소년","일반","16","관리자","참가","20250221","M","185.2","104.5","26.8","106.3","72","130","34","40.1","70",,"11.5","19.78","0.502","48.561","8","48.929","30.5",,,,,,,,,,"38.4",,,"79","100","120",,"43.2",,,,,,,,,,,,
"1","강북","성인","일반","60","관리자","2등급","20250221","M","171.1","72.80","25.5","87","91","150","41.2","36.5",,,"7.3",,,,,,"24.9","41",,,,,,,,,"56.6",,,"82","101","117","144","38.4",,,,,"0.407","0.489",,,,,,
"6","광주","어르신","일반","78","관리자","2등급","20250221","F","151.2","57.5","38.9",,"69","159","20.4","24.2",,,"16.9",,,,,,"25.2",,,,,"29",,"100","5.73","23.86","42.1",,,,,,,,,,,,,,,,,,,"24.2"
"8","KSPO송파별관(어르신)","어르신","일반","68","관리자","2등급","20250221","M","178.1","73.4","28.1",,"96","158","33","39.3",,,"12.1",,,,,,"23.1",,,,,"32",,"137","4.5","17.18","53.5",,,,,,,,,,,,,,,,,,,"39.3"
"1","KSPO송파별관(어르신)","어르신","일반","70","관리자","2등급","20250221","M","165.6","71.4","25",,"88","159","34.6","37.8",,,"21",,,,,,"26.0",,,,,"31",,"126","4.6","17.79","52.9",,,,,,,,,,,,,,,,,,,"37.8"
"3","동구(인천)","성인","일반","20","관리자","2등급","20250221","M","171.6","69.2","12.6",,"50","102","50","47.5",,,"11.6",,,,,,"23.5","57","55","9.75","228",,,,,,"72.3",,"46.1",,,,,,,,,,,,,,,,,
"6","부천","어르신","일반","74","관리자","2등급","20250221","F","157.8","61.9","31.9",,"70","144","22.6","26.2",,,"13.5",,,,,,"24.9",,,,,"26",,"109","5.12","20.13","42.3",,,,,,,,,,,,,,,,,,,"26.2"
"2","서구(광주)","어르신","출장","80","관리자","2등급","20250221","F","158","58.4","33.7","77.4","91","158","21.5","21.2",,,"29.2",,,,,,"23.4",,,,,"20",,"82","5.58","21.91","36.8",,,,,,,,,,,,,,,,,,,"21.5"
"4","성동","성인","일반","23","관리자","1등급","20250221","F","161.4","49.2","27.7",,"68","109","22.3","26.6",,,"21.3",,,,,,"18.9","46",,,,,,,,,"54.1",,,,,,,,"125","38.4",,,"0.281","0.465",,,,,,
"1","서구(광주)","어르신","출장","72","관리자","3등급","20250221","F","156","48.3","29.5","73.2","94","159","15.2","19.2",,,"10",,,,,,"19.8",,,,,"18",,"88","6.87","25.57","39.8",,,,,,,,,,,,,,,,,,,"19.2"
"24","원주","성인","일반","22","관리자","참가","20250221","F","161.4","66.3","33.5","87","81","130","27.7","35.4",,,"11.8",,,,,,"25.5","47",,,"188",,,,,,"53.4",,,,,,,,"119","35.1",,,"0.481",,,,,,,
"2","중구(서울)","성인","일반","20","관리자","3등급","20250221","F","165.2","53.8","24.6","72.5","73","117","23.3","25.9",,,"26.5",,,,,,"19.7","29","31","12.7","167",,,,,,"48.1",,"37.3",,,,,,,,,,,,,,,,,
"1","서구(광주)","어르신","출장","73","관리자","참가","20250221","F","153.3","72.6","51.5","92","96","150","17.5","24",,,"12.5",,,,,,"30.9",,,,,"11",,"64","8.08","34.85","33.1",,,,,,,,,,,,,,,,,,,"24.0"
"4","광주","어르신","일반","67","관리자","3등급","20250221","F","152","48.3","28.9",,"75","166","20.6","24.2",,,"12.3",,,,,,"20.9",,,,,"22",,"103","5.91","20.32","50.1",,,,,,,,,,,,,,,,,,,"24.2"
"1","계룡","성인","일반","19","관리자","1등급","20250221","M","182.3","75.7","15.2",,"83","123","54.4","58.4",,,"16.9",,,,,,"22.8","58","63","9.16","286",,,,,,"77.1",,"46.9",,,,,,,,,,,,,,,,,
"1","서구(광주)","어르신","출장","75","관리자","3등급","20250221","M","169.5","55","18.3","71.3","65","96","33.7","28.5",,,"2",,,,,,"19.1",,,,,"21",,"102","4.78","18.62","61.3",,,,,,,,,,,,,,,,,,,"33.7"
"1","신안","성인","출장","46","관리자","2등급","20250221","F","159.7","57.7","27.8",,"61","152","27.2","33.2",,,"19",,,,,,"22.6","34",,,,,,,,,"57.5",,,,,,,,"117","32.8",,,"0.344","0.404",,,,,,
"1","서구(광주)","어르신","출장","84","관리자","참가","20250221","F","149.2","55.2","33.7","86.2","77","132","16","20.3",,,"5",,,,,,"24.8",,,,,"15",,"81","10.36","49.44","36.8",,,,,,,,,,,,,,,,,,,"20.3"
"1","서구(광주)","어르신","출장","77","관리자","3등급","20250221","F","155.1","68.5","42.4","81.3","80","150","23.8","27.6",,,"23",,,,,,"28.5",,,,,"20",,"73","5.91","24.94","40.3",,,,,,,,,,,,,,,,,,,"27.6"
"1","서초","어르신","일반","70","관리자","1등급","20250221","M","160.8","53.5","19.0","70.1","73","151","36.1","40.7",,,"17.4",,,,,,"20.7",,,,,"38",,"131","4.55","17.71","76.1",,,,,,,,,,,,,,,,,,,"40.7"
"13","서구(광주)","어르신","출장","74","관리자","1등급","20250221","F","149.7","44.2","24.3","64","84","151","20.6","25.6",,,"31.5",,,,,,"19.7",,,,,"33",,"127","4.38","15.78","57.9",,,,,,,,,,,,,,,,,,,"25.6"
"3","계룡","청소년","일반","18","관리자","1등급","20250221","M","171.1","65.9","11.7",,"63","124","41","48.4",,"64","16.9","15.9","0.715","40.901","8","41.269","22.5",,"63",,,,,,,,"73.4",,"47.1",,,,,,,,,,,,,,,,,
"3","서구(광주)","어르신","출장","77","관리자","3등급","20250221","F","151.7","56.3","39.1","74.7","66","119","24","24.9",,,"7.5",,,,,,"24.5",,,,,"21",,"113","6.23","22.40","44.2",,,,,,,,,,,,,,,,,,,"24.9"
"6","신안","성인","출장","54","관리자","3등급","20250221","M","176.5","62.7","18.2",,"68","141","35.8","38.5",,,"7.7",,,,,,"20.1","31",,,,,,,,,"61.4",,,,,,,,"116","39.9",,,"0.425","0.577",,,,,,
"2","신안","성인","출장","56","관리자","참가","20250221","F","159.6","75.4","42.3",,"79","134","29.9","30.5",,,"18.5",,,,,,"29.6","10",,,,,,,,,"40.5",,,,,,,,"118","26.5",,,"0.412","0.382",,,,,,
"1","순천","성인","출장","30","관리자","참가","20250221","M","180.1","73.2","21.3","82.6","98","158","31","35.2",,,"-3",,,,,,"22.6","32",,,,,,,,,"48.1",,,,,,,,"114","44.1",,,"0.450","0.340",,,,,,
"1","계룡","청소년","일반","18","관리자","1등급","20250221","M","170.9","71.7","13.1",,"69","115","52.5","58",,"58","15.1","16.18","0.704","38.138","11","38.644","24.5",,"63",,,,,,,,"80.9",,"46.0",,,,,,,,,,,,,,,,,
"1","신안","성인","출장","52","관리자","참가","20250221","M","163.5","57.3","35.4",,"67","141","19.2","24.6",,,"14.2",,,,,,"21.4","26",,,,,,,,,"42.9",,,,,,,,"113","41.1",,,"0.395","0.411",,,,,,
"6","신안","성인","출장","29","관리자","참가","20250221","M","175.3","91.1","36.2",,"74","129","43.1","46.6",,,"-1.8",,,,,,"29.6","30",,,,,,,,,"51.2",,,,,,,,"130","37.6",,,"0.373","0.519",,,,,,
"1","서구(광주)","어르신","출장","76","관리자","참가","20250221","F","153.6","49.2","33.8","73.5","76","153","20.4","24",,,"-4",,,,,,"20.9",,,,,"12",,"114","7.06","29.78","48.8",,,,,,,,,,,,,,,,,,,"24.0"
"5","신안","성인","출장","29","관리자","참가","20250221","M","167.2","74.6","28",,"67","127","43.9","37.3",,,"-9",,,,,,"26.7","36",,,,,,,,,"58.8",,,,,,,,"98","45.4",,,"0.395","0.504",,,,,,
"1","신안","성인","출장","29","관리자","3등급","20250221","M","167.1","69","22",,"89","147","40","44.8",,,"14.8",,,,,,"24.7","43",,,,,,,,,"64.9",,,,,,,,"90","47.8",,,"0.392","0.59",,,,,,
"1","서구(광주)","어르신","출장","77","관리자","참가","20250221","M","167","61.9","28","74.6","85","149","22.6","22.6",,,"-12",,,,,,"22.2",,,,,"13",,"100","8.46","34.91","36.5",,,,,,,,,,,,,,,,,,,"22.6"
"5","신안","성인","출장","52","관리자","참가","20250221","M","167.5","61.5","22.7",,"78","138","38.5","44",,,"17.5",,,,,,"21.9","24",,,,,,,,,"71.5",,,,,,,,"108","41.2",,,"0.362","0.57",,,,,,
"1","동구(인천)","성인","일반","19","관리자","참가","20250221","M","175.2","96","28.5",,"84","128","39","51.6",,,"7.1",,,,,,"31.3","22","26","10.75",,,,,,,"53.8",,"35.4",,,,,,,,,,,"0.598",,,,,,
"1","서구(광주)","어르신","출장","73","관리자","참가","20250221","M","172.4","91.1","34.3","105","70","139","28.4","30.3",,,"-18",,,,,,"30.7",,,,,"14",,"87","9.08","37.88","33.3",,,,,,,,,,,,,,,,,,,"30.3"
"1","순천","성인","출장","42","관리자","참가","20250221","M","169.2","74.4","29.1","96","95","130","36.6","40.3",,,"-1",,,,,,"26.0","14",,,,,,,,,"54.2",,,,,,,,"122","38.8",,,"0.461","0.415",,,,,,
"1","신안","성인","출장","49","관리자","참가","20250221","F","150.2","60.9","41.3",,"65","126","22.5","28.7",,,"13.5",,,,,,"27.0","20",,,,,,,,,"47.1",,,,,,,,"106","31.9",,,"0.363","0.405",,,,,,
"3","서구(광주)","어르신","출장","80","관리자","3등급","20250221","M","157.3","58.5","28.8","76","67","127","27.2","28",,,"-1",,,,,,"23.6",,,,,"18",,"96","5.51","28.47","47.9",,,,,,,,,,,,,,,,,,,"28.0"
"3","신안","성인","출장","33","관리자","3등급","20250221","M","174","71.5","25.4",,"86","132","34.5","39.2",,,"12",,,,,,"23.6","49",,,,,,,,,"54.8",,,,,,,,"120","42.4",,,"0.393","0.561",,,,,,
"1","순천","성인","출장","26","관리자","참가","20250221","M","177.1","68.4","14.1","77.9","83","144","43.4","44.4",,,"16.3",,,,,,"21.8","37",,,,,,,,,"64.9",,,,,,,,"111","46.3",,,"0.400","0.490",,,,,,
"3","서구(광주)","어르신","출장","84","관리자","2등급","20250221","F","163.2","64.9","28.1","84","80","151","19","21.3",,,"17",,,,,,"24.4",,,,,"23",,"110","5.78","25.72","32.8",,,,,,,,,,,,,,,,,,,"21.3"
"4","부천","성인","일반","63","관리자","3등급","20250221","M","167.2","71.1","23.7",,"87","155","34.8","40.9",,,"5",,,,,,"25.4","29","15",,"161",,,,,,"57.5",,"33.1",,,,,,,,,,"0.375",,,,,,,
"1","서구(광주)","어르신","출장","71","관리자","참가","20250221","F","150.3","43.4","18","63","73","131","17.3","18",,,"4",,,,,,"19.2",,,,,"13",,"88","8.23","32.40","41.5",,,,,,,,,,,,,,,,,,,"18.0"
"3","성남","성인","일반","27","관리자","3등급","20250221","F","168.7","55.8","30.1",,"69","107","24.3","22.6",,,"18.9",,,,,,"19.6","24",,,,,,,,,"43.5",,,,,,,,"142","34.7",,,"0.377","0.421",,,,,,
"1","서구(광주)","어르신","출장","78","관리자","3등급","20250221","F","146","53.5","46.3","83.5","75","134","16.9","16",,,"15.2",,,,,,"25.1",,,,,"21",,"84","7.36","33.25","31.6",,,,,,,,,,,,,,,,,,,"16.9"
"1","신안","성인","출장","48","관리자","3등급","20250221","M","173.6","76.3","23.8",,"94","149","41.8","42.7",,,"11",,,,,,"25.3","40",,,,,,,,,"56.0",,,,,,,,"98","40.8",,,"0.385","0.522",,,,,,
"1","순천","성인","출장","45","관리자","참가","20250221","M","176.6","86.4","32.9","108","91","144","42.3","50.3",,,"3",,,,,,"27.7","23",,,,,,,,,"58.2",,,,,,,,"134","34.2",,,"0.320","0.490",,,,,,
"5","서구(광주)","어르신","출장","77","관리자","참가","20250221","M","166.5","58.9","25.1","76.6","74","136","35.5","33.4",,,"10.3",,,,,,"21.2",,,,,"24",,"63","5.67","25.62","60.3",,,,,,,,,,,,,,,,,,,"35.5"
"1","마포","어르신","일반","69","관리자","참가","20250221","M","168.8","73.7","33","93","80","140","41.8","43.6",,,"-20",,,,,,"25.9",,,,,"23",,"126","3.89","21.41","59.2",,,,,,,,,,,,,,,,,,,"43.6"
"6","신안","성인","출장","51","관리자","참가","20250221","M","176.6","81.2","19",,"67","121","57.5","57.1",,,"3.7",,,,,,"26.0","0",,,,,,,,,"70.8",,,,,,,,"84","41.3",,,"0.321","0.3",,,,,,
"1","순천","성인","출장","54","관리자","참가","20250221","F","156.9","59.3","40.7","87.3","64","115","19.4","17.6",,,"13",,,,,,"24.1","18",,,,,,,,,"32.7",,,,,,,,"102","32.5",,,"0.589","0.353",,,,,,
"1","서구(광주)","어르신","출장","81","관리자","3등급","20250221","F","157","65.7","42.3","89","76","135","19.4","21.5",,,"5.5",,,,,,"26.7",,,,,"16",,"89","7.1","33.03","32.7",,,,,,,,,,,,,,,,,,,"21.5"
"5","신안","성인","출장","51","관리자","참가","20250221","F","155.7","59.9","37.5",,"69","124","15.5","21.5",,,"-10",,,,,,"24.7","0",,,,,,,,,"35.9",,,,,,,,"119","30.8",,,"0.339","0.391",,,,,,
"1","서구(대전)","성인","일반","24","관리자","참가","20250221","M","180.1","79","19.2",,"64","134","49.4","53.2",,,"17.5",,,,,,"24.4","47",,,"225",,,,,,"67.3",,,,,,,,"140","40.4",,,"0.322",,,,,,,
"1","순천","성인","출장","31","관리자","참가","20250221","M","166.1","66.3","25.6","85.7","99","141","37.8","43.3",,,"16",,,,,,"24.0","19",,,,,,,,,"65.3",,,,,,,,"122","43.1",,,"0.355","0.501",,,,,,
"2","서구(대전)","성인","일반","22","관리자","3등급","20250221","F","164.1","48.3","28.3",,"62","108","21.1","22.2",,,"13.7",,,,,,"17.9","28",,,,,,,,,"46.0",,,,,,,,"121","39.5",,,"0.360","0.477",,,,,,
"5","신안","성인","출장","55","관리자","참가","20250221","M","169.3","80.8","30.6",,"82","124","41.2","38.8",,,"24.9",,,,,,"28.2","42",,,,,,,,,"51.0",,,,,,,,"91","38.8",,,"0.376","0.54",,,,,,
"1","동구(인천)","청소년","일반","18","관리자","참가","20250221","M","183.3","73","21.1",,"89","145","40.6","44.8",,"38","10.8","21.84","0.585","56.385","7","56.707","21.7",,"27",,,,,,,,"61.4",,"40.5",,,,,,,,,,,,,,,,,
"1","나주","성인","일반","53","관리자","1등급","20250221","F","146.2","47.6","30.4","73.3","90","164","23","20.8",,,"20.8",,,,,,"22.3","26",,,"120",,,,,,"48.3",,,"87","110","135",,"34.8",,,,,"0.332",,,,,,,
"2","성남","성인","일반","47","관리자","참가","20250221","F","160.7","66.6","37.9",,"66","102","26.3","27.1",,,"-15.1",,,,,,"25.8","14","9",,,,,,,,"40.7",,"27.4",,,,,,,,,,"0.457","0.393",,,,,,
"6","신안","성인","출장","62","관리자","3등급","20250221","M","170.1","56.3","32",,"62","141","19.1","27.6",,,"3",,,,,,"19.5","28",,,,,,,,,"49.0",,,,,,,,"104","40.7",,,"0.73","0.38",,,,,,
"1","순천","성인","출장","25","관리자","참가","20250221","M","180.9","85.8","29.8","99.6","96","149","38","37.9",,,"3",,,,,,"26.2","25",,,,,,,,,"44.3",,,,,,,,"108","43.5",,,"0.407","0.514",,,,,,
"1","KSPO아산","어르신","일반","73","관리자","3등급","20250221","F","145.2","50.6","34.8","86.5","95","150","23.7","22.4",,,"19.8",,,,,,"24.0",,,,,"25",,"87","5","21.7","46.8",,,,,,,,,,,,,,,,,,,"23.7"
"6","천안","성인","일반","23","관리자","3등급","20250221","F","166.9","51.9","27.6",,"67","121","24","28.1",,,"14.5",,,,,,"18.6","36",,,,,,,,,"54.1",,,,,,,,"126","38.1",,,"0.322","0.501",,,,,,
"2","동작","성인","일반","21","관리자","참가","20250221","F","164.3","53.3","19.2","72","62","94","30.4","32.6",,,"19.1",,,,,,"19.7","20",,,"166",,,,,,"61.2",,,,,,,,"109","40.0",,,"0.321",,,,,,,
"1","양평","어르신","일반","66","관리자","2등급","20250221","M","158.5","49.5","13.2",,"63","121","40.1","41.4",,,"8.3",,,,,,"19.7",,,,,"25",,"117","5.66","22.44","83.6",,,,,,,,,,,,,,,,,,,"41.4"
"2","신안","성인","출장","63","관리자","참가","20250221","M","160.7","77.7","36.1",,"69","123","24","29.7",,,"-1.7",,,,,,"30.1","6",,,,,,,,,"38.2",,,,,,,,"108","34.3",,,"0.643","0.324",,,,,,
"1","순천","성인","출장","38","관리자","참가","20250221","M","170.5","77.3","30","95.1","94","150","31.5","43.9",,,"3",,,,,,"26.6","32",,,,,,,,,"56.8",,,,,,,,"115","40.3",,,"0.274","0.502",,,,,,
"3","고양","어르신","일반","69","관리자","3등급","20250221","M","162.9","59.8","26.8",,"74","135","35.7","35.1",,,"8.1",,,,,,"22.5",,,,,"26",,"100","6.02","26.61","59.7",,,,,,,,,,,,,,,,,,,"35.7"
"4","고양","성인","일반","26","관리자","3등급","20250221","F","168.9","57.8","23",,"79","129","28.9","32",,,"24.2",,,,,,"20.3","27",,"12.92","142",,,,,,"55.4",,,,,,,,"148","33.6",,,,,,,,,,
"2","KSPO송파","성인","일반","27","관리자","3등급","20250221","F","174.6","64.8","25.1","78.5","81","106","26.9","28.8",,,"27.1",,,,,,"21.3","41",,"13.86","151",,,,,,"44.4",,,,,,,,"136","33.7",,,,,,,,,,
"1","신안","성인","출장","45","관리자","참가","20250221","F","166","62.9","33",,"74","135","22.1","28.5",,,"11",,,,,,"22.8","9",,,,,,,,,"45.3",,,,,,,,"99","34.6",,,"0.388","0.416",,,,,,
"2","신안","성인","출장","60","관리자","참가","20250221","M","168.2","73.6","35.9",,"71","123","16.9","15",,,"-1",,,,,,"26.0","0",,,,,,,,,"23.0",,,,,,,,"98","38.0",,,"0.627","0.294",,,,,,
"3","천안","성인","일반","21","관리자","2등급","20250221","F","167.7","50.8","22.4",,"81","123","26.2","28.7",,,"17.9",,,,,,"18.1","43",,"11.8","189",,,,,,"56.5",,,"110","134","154",,"39.6",,,,,,,,,,,,
"5","포천","어르신","일반","76","관리자","1등급","20250221","M","158.6","61.6","24","88","87","158","23.4","31.7",,,"8.4",,,,,,"24.5",,,,,"20",,"117","5.98","22.92","51.5",,,,,,,,,,,,,,,,,,,"31.7"
"1","진천","성인","일반","62","관리자","3등급","20250221","M","175.5","74.7","29.3","89.5","105","145","33","37.4",,,"12.3",,,,,,"24.3","32","15",,"165",,,,,,"50.1",,"32.5",,,,,,,,,,"0.393",,,,,,,
"1","수원","어르신","일반","75","관리자","1등급","20250221","M","159.7","65.8","19.3","89","81","152","35.5","37.5",,,"9.3",,,,,,"25.8",,,,,"28",,"130","5.3","21.1","57.0",,,,,,,,,,,,,,,,,,,"37.5"
"2","신안","성인","출장","64","관리자","참가","20250221","M","158.5","54.5","20.7",,"68","129","27","22.2",,,"0.2",,,,,,"21.7","10",,,,,,,,,"49.5",,,,,,,,"103","39.8",,,"0.843","0.356",,,,,,
"1","순천","성인","출장","47","관리자","참가","20250221","M","172","62.8","31.3","88.2","95","134","35.1","33.3",,,"-5.8",,,,,,"21.2","27",,,,,,,,,"55.9",,,,,,,,"100","43.6",,,"0.372","0.476",,,,,,
"2","신안","성인","출장","34","관리자","참가","20250221","M","165","88.1","36.8",,"91","147","25.5","29.1",,,"0.5",,,,,,"32.4","20",,,,,,,,,"33.0",,,,,,,,"130","36.3",,,"0.824","0.311",,,,,,
"1","강북","성인","일반","19","관리자","3등급","20250221","M","171.0","63.50","13.6","72.4","77","126","38.5","37.6",,,"16.2",,,,,,"21.7","47",,,"222",,,,,,"60.6",,,,,,,,"127","46.3",,,"0.273",,,,,,,
"2","동구(광주)","성인","일반","35","관리자","참가","20250221","M","182.9","99.5","27","99","81","135","41.9","49.7",,,"9.2",,,,,,"29.7","39",,,,,,,,,"49.9",,,,,,,,"114","37.2",,,"0.475","0.489",,,,,,
"1","춘천","성인","일반","46","관리자","참가","20250221","M","169.1","71.8","25.9","88.2","79","129","46","47.2",,,"7.1",,,,,,"25.1","43","16","11.12","203",,,,,,"65.7",,"34.6",,,,,,,,,,,,,,,,,
"1","순천","성인","출장","29","관리자","참가","20250221","M","179.6","75","11.2","76.3","92","147","42","37.9",,,"10",,,,,,"23.3","27",,,,,,,,,"56.0",,,,,,,,"125","42.3",,,"0.416","0.561",,,,,,
"6","강북","성인","일반","25","관리자","3등급","20250221","F","167.9","52.70","23.7","68","71","117","24.9","29.8",,,"11",,,,,,"18.7","43",,,"170",,,,,,"56.5",,,"90","111","137",,"40.1",,,,,"0.314",,,,,,,
"7","KSPO송파별관(어르신)","어르신","일반","76","관리자","2등급","20250221","F","149.3","57.9","36.4",,"65","142","25","24.8",,,"12",,,,,,"26.0",,,,,"31",,"124","4.96","18.94","43.2",,,,,,,,,,,,,,,,,,,"25.0"
"1","KSPO송파별관(어르신)","어르신","일반","78","관리자","1등급","20250221","M","161.2","64.3","30.7",,"88","152","34.8","41.3",,,"13.2",,,,,,"24.7",,,,,"28",,"145","5.15","20.39","64.2",,,,,,,,,,,,,,,,,,,"41.3"
"1","춘천","성인","일반","31","관리자","참가","20250221","M","187.8","94.4","23.1","98.3","71","134","53.3","53.6",,,"0.8",,,,,,"26.8","40",,"11.04","233",,,,,,"56.8",,,,,,,,"111","40.2",,,,,,,,,,
"1","동구(광주)","성인","일반","20","관리자","참가","20250221","M","176.6","76.6","20.5","70","74","123","47","49.2",,,"16.5",,,,,,"24.6","40","48","9.58","227",,,,,,"64.2",,"43.3",,,,,,,,,,,,,,,,,
"1","순천","성인","출장","27","관리자","참가","20250221","M","176.3","105.4","39.8","115.3","98","147","36.4","37.2",,,"7",,,,,,"33.9","18",,,,,,,,,"35.3",,,,,,,,"152","31.8",,,"0.387","0.526",,,,,,
"9","세종","성인","일반","23","관리자","2등급","20250221","M","168.5","71.1","18.8","85.2","80","121","43.7","40.9",,,"17.5",,,,,,"25.0","53",,,"196",,,,,,"61.5",,,,,,,,"96","48.0",,,"0.313",,,,,,,
"1","순천","성인","출장","30","관리자","참가","20250221","M","170.1","70.8","25.3","86.1","82","115","40.7","34.5",,,"4",,,,,,"24.5","54",,,,,,,,,"57.5",,,,,,,,"80","48.8",,,"0.353","0.564",,,,,,
"1","KSPO송파","성인","일반","55","관리자","참가","20250221","F","168.1","46.8","18.5",,"84","135","22.8","26.4",,,"-5.8",,,,,,"16.6","30","20","14.60","154",,,,,,"56.4",,"33.8",,,,,,,,,,,,,,,,,
"3","서구(대전)","어르신","일반","65","관리자","2등급","20250221","M","172.5","71.4","24.1",,"93","145","44.4","46.3",,,"20.3",,,,,,"24.0",,,,,"24",,"123","5.10","20.71","64.8",,,,,,,,,,,,,,,,,,,"46.3"
"1","순천","성인","출장","56","관리자","참가","20250221","M","164.3","74.8","34.5","99.7","76","127","39.1","38.5",,,"-3",,,,,,"27.7","10",,,,,,,,,"52.3",,,,,,,,"114","36.1",,,"0.489","0.390",,,,,,
"1","동작","성인","일반","27","관리자","2등급","20250221","M","180.9","75.1","15.1","82","83","136","49.4","50.2",,,"10.3",,,,,,"22.9","55","53","10.92","218",,,,,,"66.8",,"44.0",,,,,,,,,,,,,,,,,
"1","순천","성인","출장","55","관리자","참가","20250221","M","174.5","80.8","29.1","99.7","94","145","40.2","45.6",,,"-3.9",,,,,,"26.5","27",,,,,,,,,"56.4",,,,,,,,"125","34.2",,,"0.518","0.490",,,,,,
"1","순천","성인","출장","42","관리자","참가","20250221","F","161.2","67.4","40.9","92","99","149","25.9","21",,,"-20",,,,,,"25.9","23",,,,,,,,,"38.4",,,,,,,,"102","33.2",,,"0.382","0.353",,,,,,
"1","수원","성인","일반","23","관리자","2등급","20250221","F","159.8","49.5","28.3","62","68","103","24.3","26",,,"28",,,,,,"19.4","30",,"12.4","174",,,,,,"52.5",,,,,,,,"115","39.4",,,,,,,,,,
"1","순천","성인","출장","59","관리자","참가","20250221","M","172.8","76.7","31.2","96.1","91","140","34","34.7",,,"15.3",,,,,,"25.7","0",,,,,,,,,"45.2",,,,,,,,"96","38.2",,,"0.375","0.427",,,,,,
"1","수원","성인","일반","51","관리자","3등급","20250221","M","163.1","73.5","23.4","84","77","125","39","44.5",,,"17.2",,,,,,"27.6","31",,,"220",,,,,,"60.5",,,"74","94","117",,"38.7",,,,,"0.385",,,,,,,
"1","수원","청소년","일반","18","관리자","참가","20250221","M","169.3","61.3","14","77","85","131","36.8","35.6",,"40","-2","19.2","0.499","39.532","13","40.130","21.4",,,,,,,,,,"60.0",,,"113","123","146",,"47.0",,,,,,,,,,,,
"1","고양","성인","일반","27","관리자","참가","20250221","F","155.6","40.9","22.5",,"71","138","25.3","29.3",,,"17.3",,,,,,"16.9","14",,"13.61","140",,,,,,"71.6",,,,,,,,"150","36.1",,,,,,,,,,
"2","고양","어르신","일반","67","관리자","3등급","20250221","F","160.7","62.6","30.7",,"93","155","28.1","29.4",,,"11.6",,,,,,"24.2",,,,,"22",,"102","5.84","23.79","47.0",,,,,,,,,,,,,,,,,,,"29.4"
"1","충주","성인","일반","38","관리자","참가","20250221","M","170.1","74.5","25","87","83","119","41.2","47.8",,,"2.1",,,,,,"25.7","44",,"12.26","191",,,,,,"64.2",,,,,,,,"118","40.5",,,,,,,,,,
"1","순천","성인","출장","43","관리자","참가","20250221","F","155","54.1","33.3","76.4","92","123","29.8","33.6",,,"18.7",,,,,,"22.5","17",,,,,,,,,"62.1",,,,,,,,"109","34.8",,,"0.468","0.439",,,,,,
"1","순천","성인","출장","22","관리자","참가","20250221","M","176.9","75.2","18.8","86.3","95","151","46.1","50.7",,,"7.5",,,,,,"24.0","28",,,,,,,,,"67.4",,,,,,,,"112","45.6",,,"0.366","0.551",,,,,,
"1","순천","성인","출장","50","관리자","참가","20250221","F","157","71.2","42.2","95.3","91","139","26.7","28.5",,,"9",,,,,,"28.9","25",,,,,,,,,"40.0",,,,,,,,"140","25.7",,,"0.437","0.377",,,,,,
"3","서초","성인","일반","26","관리자","2등급","20250221","F","166.0","55.6","36.1","71.2","65","103","26.5","27.2",,,"19.4",,,,,,"20.2","30",,,,,,,,,"48.9",,,,,,,,"104","39.3",,,"0.320","0.502",,,,,,
"1","순천","성인","출장","41","관리자","참가","20250221","M","165.6","75.6","32.6","98.6","78","138","41.4","46.2",,,"0",,,,,,"27.6","30",,,,,,,,,"61.1",,,,,,,,"124","38.3",,,"0.413","0.477",,,,,,
"1","순천","성인","출장","34","관리자","참가","20250221","M","174.4","71.7","27.0","89.9","90","122","32.3","35.2",,,"3",,,,,,"23.6","39",,,,,,,,,"49.1",,,,,,,,"159","36.4",,,"0.342","0.588",,,,,,
"13","KSPO송파별관(어르신)","어르신","일반","67","관리자","2등급","20250221","M","168.2","61.5","19.1",,"98","158","31.3","32",,,"9",,,,,,"21.7",,,,,"28",,"143","4.31","17.31","52.0",,,,,,,,,,,,,,,,,,,"32.0"
"1","중구(서울)","성인","일반","22","관리자","참가","20250221","M","174.5","66.7","10.1","75.8","80","134","43.2","50.5",,,"16.0",,,,,,"21.9","36",,,,,,,,,"75.7",,,"86","101","119","143","50.3",,,,,"0.415","0.607",,,,,,
"3","KSPO송파별관(어르신)","어르신","일반","65","관리자","3등급","20250221","F","150","70.5","39.8",,"77","135","28.4","26.8",,,"13",,,,,,"31.3",,,,,"23",,"113","5.12","21.22","40.3",,,,,,,,,,,,,,,,,,,"28.4"
"1","순천","성인","출장","51","관리자","참가","20250221","M","172","76.9","25.7","93.4","95","152","38.7","42.3",,,"-3",,,,,,"26.0","26",,,,,,,,,"55.0",,,,,,,,"94","40.4",,,"0.355","0.489",,,,,,
"2","시흥","어르신","일반","65","관리자","1등급","20250221","F","149.4","44.9","27.1","67","68","138","22.3","27.2",,,"19.4",,,,,,"20.1",,,,,"27","623",,"5.16","21.50","60.6",,,,,,,,,,,,,,,,,,,"27.2"
"1","강릉","성인","일반","23","관리자","참가","20250221","F","171","57.6","31.4","78.7","93","122","29.4","27.6",,,"-0.4",,,,,,"19.7","31",,,"152",,,,,,"51.0",,,,,,,,"141","35.3",,,"0.330",,,,,,,
"1","영동","성인","일반","36","관리자","참가","20250221","M","169.9","92.5","34.2",,"85","149","46.6","44.7",,,"9",,,,,,"32.0","34",,,"184",,,,,,"50.4",,,"97","120","145","165","34.6",,,,,"0.311",,,,,,,
"1","곡성","성인","일반","36","관리자","참가","20250221","M","171.2","100.4","32.2","110.8","94","149","46.2","54.7",,,"13.6",,,,,,"34.3","42",,,"185",,,,,,"54.5",,,"96","108","125","155","35.2",,,,,"0.352",,,,,,,
"1","오산","성인","일반","21","관리자","3등급","20250221","F","163.6","50.2","26.7","72.8","78","110","23.6","27.8",,,"23.3",,,,,,"18.8","23",,"15.57","158",,,,,,"55.4",,,"84","115","141",,"40.9",,,,,,,,,,,,
"3","부천","성인","일반","60","관리자","3등급","20250221","F","156.2","58.6","37.6",,"92","145","17.3","29.7",,,"13.8",,,,,,"24.0","17","13",,"126",,,,,,"50.7",,"29.3",,,,,,,,,,"0.355",,,,,,,
"2","오산","어르신","일반","76","관리자","3등급","20250221","M","161.5","69.8","27.8","91.9","77","138","27.2","30.5",,,"13.5",,,,,,"26.8",,,,,"24",,"107","4.93","22.44","43.7",,,,,,,,,,,,,,,,,,,"30.5"
"2","목포","청소년","일반","18","관리자","3등급","20250221","M","168.8","71.4","19.5","89.5","69","134","43.2","40.8","55",,"13.3","19.72","0.552","53.825","6","54.101","25.1",,"44",,,,,,,,"60.5",,"42.0",,,,,,,,,,,,,,,,,
"1","오산","성인","일반","24","관리자","1등급","20250221","F","164.2","47.4","18.4","68.9","85","121","28.3","29.7",,,"22.8",,,,,,"17.6","40",,,"187",,,,,,"62.7",,,,,,,,"127","38.7",,,"0.342",,,,,,,
"3","KSPO송파","성인","일반","45","관리자","1등급","20250221","F","158.6","49.4","26.4","68.5","74","130","22.8","23.9",,,"33.9",,,,,,"19.6","45",,,"172",,,,,,"48.4",,,,,,,,"90","38.3",,,"0.345",,,,,,,
"2","고양","성인","일반","60","관리자","참가","20250221","F","162.8","67.1","33.2",,"77","146","27.8","32.1",,,"19",,,,,,"25.3","14",,"16.51","143",,,,,,"47.8",,,,,,,,"132","26.4",,,,,,,,,,
"1","KSPO아산","성인","일반","33","관리자","3등급","20250221","F","162","60.4","33.8","79","74","115","23.7","29",,,"13",,,,,,"23.0","25",,"13.08","175",,,,,,"48.0",,,"81","114","143",,"35.7",,,,,,,,,,,,
"1","KSPO송파","성인","일반","24","관리자","참가","20250221","F","166","50.1","27.4","72.9","78","126","18.5","19.1",,,"21.4",,,,,,"18.2","19",,,"146",,,,,,"38.1",,,,,,,,"156","34.6",,,"0.307",,,,,,,
"1","KSPO아산","성인","일반","57","관리자","참가","20250221","F","162.4","51.3","30.5","70","70","140","27.5","24",,,"12.4",,,,,,"19.5","5",,,,,,,,,"53.6",,,,,,,,"157","27.8",,,"0.431","0.425",,,,,,
"1","강북","성인","일반","26","관리자","2등급","20250221","F","166.7","63.90","31.1","71","84","128","34.4","34.5",,,"23.2",,,,,,"23.0","50",,,,,,,,,"54.0",,,,,,,,"121","35.2",,,"0.382","0.476",,,,,,
"6","중구(서울)","성인","일반","22","관리자","3등급","20250221","F","172.9","49.8","17.1","64","87","150","25.5","24.3",,,"25.2",,,,,,"16.7","24",,,,,,,,,"51.2",,,,,,,,"149","36.6",,,"0.290","0.436",,,,,,
"1","서구(대전)","성인","일반","48","관리자","1등급","20250221","F","160.5","56.6","24.8",,"84","154","27.7","27.4",,,"24.2",,,,,,"22.0","30",,,,,,,,,"48.9",,,,,,,,"108","33.9",,,"0.318","0.452",,,,,,
"8","안산","어르신","일반","79","관리자","3등급","20250221","M","161.4","61.1","32","82","62","128","26","30.1",,,"1.3",,,,,,"23.5",,,,,"27",,"100","5.9","25.6","49.3",,,,,,,,,,,,,,,,,,,"30.1"
"3","성동","성인","일반","59","관리자","참가","20250221","F","165.3","53","28.5",,"68","107","21.1","24",,,"24.3",,,,,,"19.4","0",,,,,,,,,"45.3",,,,,,,,"88","35.7",,,"0.337","0.365",,,,,,
"5","청주","성인","일반","60","관리자","참가","20250221","F","162.6","54","31","78.8","72","150","24.4","24.5",,,"4.6",,,,,,"20.4","6",,,"134",,,,,,"45.4",,,,,,,,"94","34.3",,,"0.407",,,,,,,
"1","성동","성인","일반","51","관리자","2등급","20250221","F","167.6","59.1","30.8",,"82","157","26","26.9",,,"18.5",,,,,,"21.0","39",,,"129",,,,,,"45.5",,,,,,,,"120","32.0",,,"0.334",,,,,,,
"1","성동","성인","일반","60","관리자","참가","20250221","F","154.8","54.3","35.8",,"83","143","23.4","23.4",,,"7.6",,,,,,"22.7","8",,,"128",,,,,,"43.1",,,,,,,,"125","29.6",,,"0.247",,,,,,,
"1","성동","성인","일반","52","관리자","참가","20250221","F","158.4","57.7","34.8",,"78","136","27.4","26.8",,,"9.2",,,,,,"23.0","10",,,"133",,,,,,"47.5",,,,,,,,"124","30.8",,,"0.321",,,,,,,
"2","성동","성인","일반","60","관리자","1등급","20250221","F","152.7","45.9","23.5",,"67","113","19.5","22.5",,,"26.5",,,,,,"19.7","22",,,"150",,,,,,"49.0",,,,,,,,"92","35.5",,,"0.374",,,,,,,
"4","중구(서울)","성인","일반","29","관리자","참가","20250221","F","174.3","61.2","25.9","79.5","85","140","26.9","29",,,"10.6",,,,,,"20.1","24",,,"140",,,,,,"47.4",,,,,,,,"164","30.8",,,"0.368",,,,,,,
"1","화성","성인","출장","55","관리자","3등급","20250221","F","163","57.6","27.5",,"91","129","25.1","27.5",,,"12.3",,,,,,"21.7","30",,,,,,,,,"47.7",,,,,,,,"113","32.0",,,,"0.427",,,,,,
"5","곡성","성인","일반","64","관리자","3등급","20250221","F","159.5","54.1","22.8","77.4","67","120","25.8","31.3",,,"14.5",,,,,,"21.3","15",,,"133",,,,,,"57.9",,,,,,,,"76","35.4",,,"0.391",,,,,,,
"1","강북","성인","일반","26","관리자","참가","20250221","F","169.1","62.70","33.6","75.5","87","155","28.8","30",,,"18.2",,,,,,"21.9","13",,,,,,,,,"47.8",,,,,,,,"160","31.0",,,"0.387","0.432",,,,,,
"1","영암","성인","일반","31","관리자","3등급","20250221","M","186.6","83.3","18.6",,"92","149","56.8","53.5",,,"13.7",,,,,,"23.9","37",,,"218",,,,,,"68.2",,,,,,,,"118","41.5",,,"0.358",,,,,,,
"7","동작","어르신","일반","76","관리자","1등급","20250221","M","161.5","59","19.3","84","54","105","47.7","37.8",,,"15.4",,,,,,"22.6",,,,,"27",,"136","4.71","17.83","80.8",,,,,,,,,,,,,,,,,,,"47.7"
"1","화성","성인","출장","41","관리자","3등급","20250221","F","156","56.8","37.2",,"61","95","21.4","27.4",,,"22.3",,,,,,"23.3","23",,,,,,,,,"48.2",,,,,,,,"124","32.8",,,,"0.377",,,,,,
"8","동작","어르신","일반","68","관리자","2등급","20250221","M","164.3","57.8","13.3","78","86","138","38.6","39.8",,,"22.7",,,,,,"21.4",,,,,"33",,"116","4.56","18.8","68.9",,,,,,,,,,,,,,,,,,,"39.8"
"1","화성","성인","출장","54","관리자","2등급","20250221","F","152","53.6","27",,"76","116","27.9","29.3",,,"20.7",,,,,,"23.2","26",,,,,,,,,"54.7",,,,,,,,"119","31.4",,,,"0.39",,,,,,
"7","KSPO송파별관(어르신)","어르신","일반","70","관리자","1등급","20250221","F","147.5","51","33.7",,"82","150","20.5","21.2",,,"22.3",,,,,,"23.4",,,,,"27",,"113","5.07","23.39","41.6",,,,,,,,,,,,,,,,,,,"21.2"
"2","KSPO송파별관(어르신)","어르신","일반","66","관리자","2등급","20250221","M","176","84.2","29.1",,"69","134","45.2","45.7",,,"12.8",,,,,,"27.2",,,,,"30",,"130","4.81","19.26","54.3",,,,,,,,,,,,,,,,,,,"45.7"
"1","화성","성인","출장","42","관리자","3등급","20250221","M","171.5","78.1","21.3",,"84","118","37.2","42.6",,,"15",,,,,,"26.6","40",,,,,,,,,"54.5",,,,,,,,"116","39.1",,,,"0.558",,,,,,
"2","천안","성인","일반","26","관리자","참가","20250221","M","172.4","74.9","27.4",,"87","150","44.7","43.8",,,"16.9",,,,,,"25.2","30","42",,,,,,,,"59.7",,"41.7",,,,,,,,,,"0.402","0.477",,,,,,
"1","화성","성인","출장","40","관리자","3등급","20250221","F","165.7","64.5","29.6",,"80","124","34.6","26.5",,,"15.7",,,,,,"23.5","24",,,,,,,,,"53.6",,,,,,,,"110","33.7",,,,"0.502",,,,,,
"1","북구(광주)","성인","일반","54","관리자","참가","20250221","F","156.4","70.8","43.4","88.8","74","142","24.9","25.9",,,"14.1",,,,,,"28.9","4","16",,"129",,,,,,"36.6",,"28.5",,,,,,,,,,"0.349",,,,,,,
"4","천안","어르신","일반","65","관리자","3등급","20250221","F","148.2","51.0","37.1",,"70","135","21.5","22.2",,,"14.9",,,,,,"23.2",,,,,"26",,"108","5.63","22.40","43.5",,,,,,,,,,,,,,,,,,,"22.2"
"1","화성","성인","출장","56","관리자","참가","20250221","M","170","72.7","25.5",,"93","143","35.1","39.4",,,"12.5",,,,,,"25.2","21",,,,,,,,,"54.2",,,,,,,,"132","34.4",,,,"0.514",,,,,,
"1","화성","성인","출장","58","관리자","참가","20250221","F","156.4","56.6","40.4",,"69","105","20.3","23.2",,,,,,,,,"23.1","0",,,,,,,,,"41.0",,,,,,,,"109","31.6",,,,"0.315",,,,,,
"1","화성","성인","출장","54","관리자","참가","20250221","F","165","75.5","39.5",,"74","119","30.4","28.6",,,"-5",,,,,,"27.7","20",,,,,,,,,"40.3",,,,,,,,"125","26.5",,,,"0.365",,,,,,
"1","부천","성인","일반","28","관리자","참가","20250221","M","187.4","103.3","18",,"72","134","52.7","50.4",,,"0",,,,,,"29.4","36",,,"170",,,,,,"51.0",,,,,,,,"80","43.4",,,"0.461",,,,,,,
"9","마포","어르신","일반","74","관리자","1등급","20250221","F","153.1","57.7","36.9","78","60","109","27","27.8",,,"18.7",,,,,,"24.6",,,,,"29",,"126","4.23","19.08","48.2",,,,,,,,,,,,,,,,,,,"27.8"
"2","KSPO아산","성인","일반","33","관리자","2등급","20250221","F","167.3","52.8","21.5","76","64","109","20.9","24.3",,,"20.7",,,,,,"18.9","32","26","13.7","146",,,,,,"46.0",,"35.5",,,,,,,,,,,,,,,,,
"9","마포","어르신","일반","71","관리자","2등급","20250221","F","153.2","56","36.8","78","83","142","28.6","32.1",,,"15.2",,,,,,"23.9",,,,,"40",,"141","4.73","20.02","57.3",,,,,,,,,,,,,,,,,,,"32.1"
"1","부천","성인","일반","25","관리자","3등급","20250221","F","159.6","45.6","24.9",,"66","115","20","25.7",,,"20.2",,,,,,"17.9","22",,,"155",,,,,,"56.4",,,,,,,,"145","36.3",,,"0.410",,,,,,,
"1","화성","성인","출장","56","관리자","참가","20250221","F","152.5","58.1","40.4",,"93","140","22.2","25.5",,,"10",,,,,,"25.0","14",,,,,,,,,"43.9",,,,,,,,"93","33.1",,,,"0.353",,,,,,
"1","KSPO아산","성인","일반","33","관리자","3등급","20250221","F","159.9","55.4","31.6","79","66","108","24.9","28.9",,,"24.8",,,,,,"21.7","20","20","12.9","158",,,,,,"52.2",,"33.1",,,,,,,,,,,,,,,,,
"1","화성","성인","출장","41","관리자","참가","20250221","F","159","65","39",,"66","103","28.6","32",,,"15",,,,,,"25.7","21",,,,,,,,,"49.2",,,,,,,,"140","29.1",,,,"0.39",,,,,,
"1","KSPO송파","성인","일반","20","관리자","3등급","20250221","M","178.8","72.2","16.2","78.4","82","153","36.9","42.5",,,"6.3",,,,,,"22.6","63",,"9.04","270",,,,,,"58.9",,,,,,,,"111","47.1",,,,,,,,,,
"2","KSPO송파","성인","일반","24","관리자","2등급","20250221","F","166.9","63.8","34.9","83.7","65","102","25.9","31.7",,,"24.6",,,,,,"22.9","33",,,,,,,,,"49.7",,,,,,,,"124","35.3",,,"0.344","0.475",,,,,,
"5","포천","어르신","일반","81","관리자","1등급","20250221","M","157.9","60.1","27.5","90","82","174","34.3","36.3",,,"8.7",,,,,,"24.1",,,,,"25",,"114","5.34","21.1","60.4",,,,,,,,,,,,,,,,,,,"36.3"
"1","화성","성인","출장","57","관리자","참가","20250221","F","160","83.9","45.4",,"86","121","20.4","22.7",,,"7.6",,,,,,"32.8","12",,,,,,,,,"27.1",,,,,,,,"131","22.7",,,,"0.353",,,,,,
"3","제주","성인","일반","19","관리자","3등급","20250221","M","170.5","67","13","82.7","59","114","43","45.9",,,"8.8",,,,,,"23.0","47",,,"226",,,,,,"68.5",,,,,,,,"106","48.6",,,"0.272",,,,,,,
"1","화성","성인","출장","47","관리자","3등급","20250221","F","164","63.7","30.2",,"81","135","31","30.6",,,"11.4",,,,,,"23.7","36",,,,,,,,,"48.7",,,,,,,,"110","32.5",,,,"0.415",,,,,,
"1","화성","성인","출장","52","관리자","참가","20250221","F","159","76.3","44.4",,"70","110","21","23.7",,,"5",,,,,,"30.2","10",,,,,,,,,"31.1",,,,,,,,"138","24.5",,,,"0.353",,,,,,
"1","서구(대전)","성인","일반","31","관리자","참가","20250221","M","176.4","78.1","37",,"86","138","32.1","38.9",,,"12",,,,,,"25.1","29",,,,,,,,,"49.8",,,"88","125","157","185","37.2",,,,,"0.301","0.415",,,,,,
"1","화성","성인","출장","20","관리자","3등급","20250221","M","170","62.7","15.7",,"75","127","36.7","32.3",,,"17",,,,,,"21.7","42",,,,,,,,,"58.5",,,,,,,,"112","48.4",,,,"0.526",,,,,,
"1","화성","성인","출장","57","관리자","참가","20250221","F","160","60.9","27.3",,"100","159","28.5","29.7",,,"19.2",,,,,,"23.8","41",,,,,,,,,"48.8",,,,,,,,"143","26.9",,,,"0.430",,,,,,
"3","화성","성인","출장","55","관리자","2등급","20250221","F","156","50.5","24.2",,"80","133","29","29.7",,,"19.7",,,,,,"20.8","38",,,,,,,,,"58.8",,,,,,,,"113","33.1",,,,"0.39",,,,,,
"1","화성","성인","출장","46","관리자","2등급","20250221","F","160","54.3","19.7",,"74","113","30.7","31.9",,,"29",,,,,,"21.2","27",,,,,,,,,"58.7",,,,,,,,"88","37.3",,,,"0.439",,,,,,
"1","화성","성인","출장","28","관리자","참가","20250221","F","161","60.8","43.6",,"75","105","22.8","25.9",,,"12.5",,,,,,"23.5","14",,,,,,,,,"42.6",,,,,,,,"138","33.0",,,,"0.340",,,,,,
"3","북구(광주)","성인","일반","48","관리자","참가","20250221","F","162.8","52.9","33.2","67.5","47","96","22.2","27.2",,,"3.9",,,,,,"20.0","4",,,,,,,,,"51.4",,,,,,,,"118","33.8",,,"0.439","0.438",,,,,,
"1","춘천","성인","일반","63","관리자","참가","20250221","M","170.6","73.2","26.0","88.4","74","141","44.5","41.8",,,"9.4",,,,,,"25.2","27","18","12.46","179",,,,,,"60.8",,"33.5",,,,,,,,,,,,,,,,,
"1","화성","성인","출장","56","관리자","참가","20250221","F","158","59.3","37.2",,"84","114","29.4","30.4",,,,,,,,,"23.8",,,,,,,,,,"51.3",,,,,,,,"97","32.9",,,,"0.303",,,,,,
"1","양평","성인","일반","38","관리자","2등급","20250221","F","165.3","62.6","21.2",,"60","117","32","30.1",,,"22.1",,,,,,"22.9","32",,,"169",,,,,,"51.1",,,,,,,,"117","33.7",,,"0.334",,,,,,,
"1","화성","성인","출장","62","관리자","참가","20250221","F","161","55.3","26.7",,"73","130","27.9","23.4",,,"3",,,,,,"21.3","6",,,,,,,,,"50.5",,,,,,,,"126","29.5",,,,"0.378",,,,,,
"1","화성","성인","출장","53","관리자","3등급","20250221","F","169","67.9","31.1",,"82","122","27.9","30",,,"23.2",,,,,,"23.8","17",,,,,,,,,"44.2",,,,,,,,"112","30.6",,,,"0.415",,,,,,
"1","화성","성인","출장","60","관리자","3등급","20250221","F","160","58.3","32.6",,"93","149","28.7","31",,,"14",,,,,,"22.8","15",,,,,,,,,"53.2",,,,,,,,"131","28.4",,,,"0.390",,,,,,
"1","화성","성인","출장","48","관리자","참가","20250221","M","169","72.1","25",,"98","145","40.7","39.6",,,"16.4",,,,,,"25.2","30",,,,,,,,,"56.4",,,,,,,,"112","39.3",,,,"0.539",,,,,,
"1","화성","성인","출장","53","관리자","2등급","20250221","F","153","49.6","24.5",,"85","125","28","29.4",,,"23",,,,,,"21.2","36",,,,,,,,,"59.3",,,,,,,,"129","31.4",,,,"0.415",,,,,,
"1","화성","성인","출장","21","관리자","3등급","20250221","F","154","48","31.6",,"75","110","27.6","26.8",,,"12.3",,,,,,"20.2","30",,,,,,,,,"57.5",,,,,,,,"123","38.6",,,,"0.526",,,,,,
"1","화성","성인","출장","53","관리자","1등급","20250221","F","153","46.7","23.2",,"99","144","26.3","28",,,"30",,,,,,"19.9","25",,,,,,,,,"60.0",,,,,,,,"97","36.1",,,,"0.44",,,,,,
"1","화성","성인","출장","51","관리자","3등급","20250221","F","160","60.8","31.6",,"80","132","28.5","32.3",,,"22.2",,,,,,"23.8","20",,,,,,,,,"53.1",,,,,,,,"82","35.5",,,,"0.366",,,,,,
"1","삼척","성인","일반","53","관리자","2등급","20250221","M","173.1","74.3","25.4",,"76","120","45.5","48.2",,,"15.1",,,,,,"24.8","32",,,"196",,,,,,"64.9",,,"71","101","114",,"41.7",,,,,"0.359",,,,,,,
"1","화성","성인","출장","54","관리자","1등급","20250221","F","163","54.4","24.9",,"81","120","24.6","26.7",,,"19.5",,,,,,"20.5","42",,,,,,,,,"49.1",,,,,,,,"106","33.8",,,,"0.415",,,,,,
"1","화성","성인","출장","39","관리자","참가","20250221","F","156","60.3","35.5",,"80","120","24.1","23.2",,,"-6",,,,,,"24.8","24",,,,,,,,,"40.0",,,,,,,,"110","34.0",,,,"0.377",,,,,,
"2","동구(광주)","성인","일반","25","관리자","3등급","20250221","F","160.6","57","34.8","70","80","121","23.2","23.7",,,"16.4",,,,,,"22.1","37",,,"171",,,,,,"41.6",,,"96","136","168",,"34.7",,,,,"0.396",,,,,,,
"1","동구(광주)","성인","일반","29","관리자","2등급","20250221","M","176.2","79.9","17.5","78","93","153","45.3","45.7",,,"27.3",,,,,,"25.7","48","48",,,,,,,,"57.2",,"42.1",,,,,,,,,,"0.286","0.564",,,,,,
"1","화성","성인","출장","57","관리자","1등급","20250221","M","172.5","57.9","14.6",,"89","132","41.7","41.3",,,"19.2",,,,,,"19.5","43",,,,,,,,,"72.0",,,,,,,,"114","40.2",,,,"0.514",,,,,,
"1","화성","성인","출장","44","관리자","참가","20250221","F","154","54.5","34.7",,"90","129","21.8","26.6",,,"20.9",,,,,,"23.0","12",,,,,,,,,"48.8",,,,,,,,"141","30.5",,,,"0.402",,,,,,
"1","서구(대전)","성인","일반","20","관리자","2등급","20250221","M","173.7","63.8","12.3",,"76","128","43.1","44.2",,,"24.8",,,,,,"21.1","52",,,"241",,,,,,"69.3",,,,,,,,"120","47.2",,,"0.304",,,,,,,
"1","정읍","성인","일반","51","관리자","3등급","20250221","F","157","56.7","33.2",,"64","115","16.6","21.6",,,"16.4",,,,,,"23.0","17",,,,,,,,,"38.1",,,"75","116","148",,"32.5",,,,,"0.451","0.410",,,,,,
"1","화성","성인","출장","54","관리자","2등급","20250221","F","150.2","49.5","28.5",,"85","130","20","25.5",,,"16.3",,,,,,"21.9","19",,,,,,,,,"51.5",,,,,,,,"116","32.6",,,,"0.44",,,,,,
"1","중구(서울)","성인","일반","60","관리자","참가","20250221","M","173.7","79.3","26.1","95.4","87","125","34.7","40.5",,,"10.1",,,,,,"26.3","34",,,"189",,,,,,"51.1",,,"107","129","152","172","30.7",,,,,"0.326",,,,,,,
"1","화성","성인","출장","54","관리자","참가","20250221","F","163","65.5","34.5",,"88","126","29","28.9",,,"3.5",,,,,,"24.7","20",,,,,,,,,"44.3",,,,,,,,"123","29.0",,,,"0.427",,,,,,
"1","화성","성인","출장","41","관리자","1등급","20250221","F","162","52.9","20",,"76","110","33","35.5",,,"19.2",,,,,,"20.2","35",,,,,,,,,"67.1",,,,,,,,"98","37.5",,,,"0.489",,,,,,
"1","수원","성인","일반","63","관리자","참가","20250221","F","153.5","61.7","36.1","86","95","135","27.6","30.3",,,"14.6",,,,,,"26.2","0","7",,,,,,,,"49.1",,"26.8",,,,,,,,,,"0.406","0.38",,,,,,
"1","KSPO송파별관(어르신)","어르신","일반","67","관리자","2등급","20250221","M","166","60.5","22.3",,"79","156","42.4","38.8",,,"6.9",,,,,,"22.0",,,,,"29",,"140","4.61","18.85","70.1",,,,,,,,,,,,,,,,,,,"42.4"
"1","화성","성인","출장","28","관리자","3등급","20250221","F","161","59","25.8",,"85","129","29.4","31.9",,,"27.5",,,,,,"22.8","42",,,,,,,,,"54.1",,,,,,,,"124","35.1",,,,"0.427",,,,,,
"1","화성","성인","출장","50","관리자","참가","20250221","F","160","69.7","44.9",,"83","113","26.8","28",,,"-4",,,,,,"27.2","13",,,,,,,,,"40.2",,,,,,,,"152","24.9",,,,"0.403",,,,,,
"6","계룡","성인","일반","26","관리자","2등급","20250221","M","179","85.4","21",,"80","136","55.7","51.8",,,"11.6",,,,,,"26.7","52","57",,,,,,,,"65.2",,"43.6",,,,,,,,,,"0.282","0.594",,,,,,
"1","화성","성인","출장","55","관리자","참가","20250221","F","153.2","54.7","30",,"99","138","26.5","29.4",,,"10.8",,,,,,"23.3","14",,,,,,,,,"53.7",,,,,,,,"102","33.1",,,,"0.388",,,,,,
"3","KSPO송파별관(어르신)","어르신","일반","77","관리자","3등급","20250221","M","152","54.1","31.8",,"86","159","28.4","29.1",,,"-2",,,,,,"23.4",,,,,"24",,"132","5.45","23.2","53.8",,,,,,,,,,,,,,,,,,,"29.1"
"1","오산","성인","일반","27","관리자","참가","20250221","M","179.8","81.2","21.2","89","91","136","45.6","43.5",,,"4.9",,,,,,"25.1","58",,,"221",,,,,,"56.2",,,,,,,,"102","44.8",,,"0.287",,,,,,,
"17","오산","어르신","일반","78","관리자","참가","20250221","M","170.1","93.4","37.4","110.4","91","145","39.1","40.7",,,"-9.3",,,,,,"32.3",,,,,"16",,"104","6","26.06","43.6",,,,,,,,,,,,,,,,,,,"40.7"
"1","화성","성인","출장","56","관리자","3등급","20250221","M","170","59.1","25.9",,"95","155","42.7","41.5",,,"20",,,,,,"20.4","27",,,,,,,,,"72.3",,,,,,,,"110","40.6",,,,"0.489",,,,,,
"1","오산","성인","일반","24","관리자","참가","20250221","F","172.1","63","34","81.7","91","147","27.8","29.5",,,"6.1",,,,,,"21.3","42","24","12.53","153",,,,,,"46.8",,"33.6",,,,,,,,,,,,,,,,,
"6","오산","어르신","일반","74","관리자","3등급","20250221","F","147","53.1","39","79","95","153","16.5","20.6",,,"12.7",,,,,,"24.6",,,,,"19",,"111","6.28","25.75","38.8",,,,,,,,,,,,,,,,,,,"20.6"
"1","화성","성인","출장","45","관리자","참가","20250221","F","154","61.8","38.5",,"74","131","25.1","26.2",,,"24.6",,,,,,"26.1","6",,,,,,,,,"42.4",,,,,,,,"116","31.6",,,,"0.378",,,,,,
"4","서대문","성인","일반","31","관리자","2등급","20250221","F","160.4","47.1","26.2",,"64","107","27.7","27.6",,,"18.7",,,,,,"18.3","25","27","12.57",,,,,,,"58.8",,"36.6",,,,,,,,,,,"0.480",,,,,,
"2","서대문","성인","일반","24","관리자","2등급","20250221","F","173.4","58.3","27.1",,"80","120","29.1","29.2",,,"23.0",,,,,,"19.4","35","30","12.26",,,,,,,"50.1",,"36.3",,,,,,,,,,,"0.484",,,,,,
"1","안산","성인","일반","33","관리자","참가","20250221","F","157.1","49.9","24.2","63","71","123","17.3","17.8",,,"20.2",,,,,,"20.2","28",,"13.78","145",,,,,,"35.7",,,"84","119","136",,"39.6",,,,,,,,,,,,
"1","화성","성인","출장","57","관리자","3등급","20250221","F","158","52.6","22.9",,"89","150","27.6","28.6",,,"21.7",,,,,,"21.1","35",,,,,,,,,"54.4",,,,,,,,"116","32.0",,,,"0.366",,,,,,
"6","고양","성인","일반","23","관리자","3등급","20250221","F","162.9","49.6","22.9",,"76","118","21.2","23.3",,,"14.7",,,,,,"18.7","24",,"13.33","166",,,,,,"47.0",,,,,,,,"128","38.1",,,,,,,,,,
"3","고양","청소년","일반","18","관리자","참가","20250221","M","175.6","78.5","23",,"87","146","35.6","35.6",,"48","10.1","17.64","0.668","40.262","13","40.860","25.5",,"41",,"0",,,,,,"45.4",,"41.2",,,,,,,,,,,,,,,,,
"1","서대문","성인","일반","24","관리자","3등급","20250221","F","165.1","50.7","19.6",,"68","116","20.8","25.4",,,"20.2",,,,,,"18.6","25","30","21.00",,,,,,,"50.1",,"37.3",,,,,,,,,,,"0.496",,,,,,
"4","KSPO아산","성인","일반","64","관리자","3등급","20250221","M","165.9","68.1","24.4","96","79","151","43","40",,,"12.8",,,,,,"24.7","21",,,"188",,,,,,"63.1",,,"70","95","108","132","40.9",,,,,"0.411",,,,,,,
"2","세종","성인","일반","20","관리자","2등급","20250221","M","171.5","71.7","12","81.2","65","119","46.1","49.5",,,"15.1",,,,,,"24.4","66",,,"183",,,,,,"69.0",,,,,,,,"105","47.5",,,"0.301",,,,,,,
"1","화성","성인","출장","60","관리자","참가","20250221","F","160.5","55.6","29.8",,"84","130","26.9","27.6",,,"8.7",,,,,,"21.6","21",,,,,,,,,"49.6",,,,,,,,"114","31.2",,,,"0.390",,,,,,
"1","마포","성인","일반","25","관리자","3등급","20250221","F","163.9","48.8","26.3","69","73","117","29.4","29.1",,,"24.5",,,,,,"18.2","25",,,"162",,,,,,"60.2",,,,,,,,"135","37.1",,,"0.409",,,,,,,
"1","KSPO송파","성인","일반","29","관리자","참가","20250221","F","157.5","57.4","37.7","74","62","99","20.3","22.7",,,"-11.5",,,,,,"23.1","2",,,,,,,,,"39.5",,,"90","119","145",,"36.5",,,,,"0.327","0.402",,,,,,
"2","마포","성인","일반","24","관리자","2등급","20250221","F","165.8","53.9","26.9",,"58","111","28.9","27.7",,,"18.8",,,,,,"19.6","32",,,"172",,,,,,"53.6",,,,,,,,"104","40.0",,,"0.318",,,,,,,
"1","화성","성인","출장","54","관리자","참가","20250221","F","155.3","53.8","34.8",,"85","126","17.6","21.3",,,"9",,,,,,"22.3","28",,,,,,,,,"39.6",,,,,,,,"127","30.7",,,,"0.352",,,,,,
"1","강북","성인","일반","61","관리자","2등급","20250221","M","177.9","73.60","21.9","92.4","83","116","42.3","46.2",,,"16.8",,,,,,"23.3","29",,,"166",,,,,,"62.8",,,,,,,,"111","36.6",,,"0.386",,,,,,,
"1","화성","성인","출장","44","관리자","2등급","20250221","M","167","71.4","19.3",,"81","124","42.3","40.4",,,"16.2",,,,,,"25.6","38",,,,,,,,,"59.2",,,,,,,,"112","40.3",,,,"0.564",,,,,,
"3","KSPO송파","성인","일반","27","관리자","참가","20250221","M","173.1","63.5","14.9","74.2","71","116","38.5","37.1",,,"0.9",,,,,,"21.2","48","46",,"229",,,,,,"60.6",,"44.2",,,,,,,,,,"0.327",,,,,,,
"1","양평","성인","일반","28","관리자","참가","20250221","M","177.8","102.4","31.6",,"78","125","46.1","53.9",,,"-4.4",,,,,,"32.4","29",,,"182",,,,,,"52.6",,,,,,,,"131","35.4",,,"0.355",,,,,,,
"1","화성","성인","출장","51","관리자","2등급","20250221","M","170","80.2","29.8",,"91","141","40.7","50.7",,,"12.5",,,,,,"27.8","35",,,,,,,,,"63.2",,,,,,,,"100","38.6",,,,"0.489",,,,,,
"1","서대문","성인","일반","35","관리자","참가","20250221","M","171.9","75.7","16.6",,"70","125","48.7","47.9",,,"2.8",,,,,,"25.6","51","52","11.42",,,,,,,"64.3",,"43.3",,,,,,,,,,,"0.603",,,,,,
"1","강북","성인","일반","28","관리자","참가","20250221","M","184.9","79.90","20.0","82.6","85","130","39.8","45.8",,,"-8.4",,,,,,"23.4","46",,,,,,,,,"57.3",,,"67","100","121","153","45.8",,,,,"0.389","0.569",,,,,,
"2","서대문","성인","일반","32","관리자","2등급","20250221","M","180.6","82","22.9",,"80","120","44.4","52.3",,,"10.2",,,,,,"25.1","41","50","11.39",,,,,,,"63.8",,"41.9",,,,,,,,,,,"0.570",,,,,,
"2","서대문","성인","일반","63","관리자","2등급","20250221","M","173.5","78.2","27.8",,"78","135","41.8","43.2",,,"12.5",,,,,,"26.0","32","23","12.18",,,,,,,"55.2",,"33.8",,,,,,,,,,,"0.523",,,,,,
"14","서대문","성인","일반","63","관리자","2등급","20250221","M","167.3","63.8","19.4",,"80","120","33.9","41.8",,,"9.1",,,,,,"22.8","36","40","12",,,,,,,"65.5",,"40.0",,,,,,,,,,,"0.556",,,,,,
"1","서구(대전)","성인","일반","33","관리자","참가","20250221","M","177.1","87.3","32.5",,"89","135","40.1","40.3",,,"2.5",,,,,,"27.8","39",,,,,,,,,"46.2",,,"78","105","132","170","37.6",,,,,"0.329","0.502",,,,,,
"1","목포","성인","일반","24","관리자","참가","20250221","M","173.7","88","30.9","107.1","96","150","38","32.7",,,"1.8",,,,,,"29.2","30",,,,,,,,,"43.2",,,"98","124","155","162","39.1",,,,,"0.292","0.465",,,,,,
"1","북구(광주)","성인","일반","50","관리자","3등급","20250221","F","159.4","58.4","35.9","74.3","61","120","19","25.5",,,"24.2",,,,,,"23.0","15",,,,,,,,,"43.7",,,,,,,,"92","35.0",,,"0.373","0.395",,,,,,
"4","동작","성인","일반","41","관리자","1등급","20250221","M","181.2","71.5","8.2","82","91","137","60.4","53.1",,,"17.6",,,,,,"21.8","49",,,"250",,,,,,"84.5",,,"84","98","118","142","44.6",,,,,"0.290",,,,,,,
"4","부천","어르신","일반","68","관리자","3등급","20250221","F","160.6","68.1","39.3",,"74","145","27.6","28.8",,,"11.5",,,,,,"26.4",,,,,"16",,"97","6.10","25.46","42.3",,,,,,,,,,,,,,,,,,,"28.8"
"1","안산","성인","일반","19","관리자","참가","20250221","M","167.7","58.8","12.4","72","82","133","44.2","47.1",,,"10.7",,,,,,"20.9","43","28","9.6","223",,,,,,"80.1",,"41.5",,,,,,,,,,,,,,,,,
"2","정읍","성인","일반","64","관리자","3등급","20250221","M","165.5","66","21.3",,"82","142","50.1","40.6",,,"13.6",,,,,,"24.1","38","20",,"152",,,,,,"75.9",,"35.0",,,,,,,,,,"0.459",,,,,,,
"2","부천","어르신","일반","66","관리자","3등급","20250221","M","171.1","70.9","28.7",,"80","120","34.9","34.7",,,"7.5",,,,,,"24.2",,,,,"19",,"99","5.38","22.45","49.2",,,,,,,,,,,,,,,,,,,"34.9"
"1","오산","성인","일반","26","관리자","참가","20250221","F","154.8","63.4","42","82.2","84","135","27.2","24.2",,,"12.5",,,,,,"26.5","33",,,,,,,,,"42.9",,,"99","135","176",,"30.7",,,,,"0.418","0.378",,,,,,
"2","서대문","성인","일반","61","관리자","참가","20250221","M","164.8","72.9","35.3",,"91","152","38.1","39.4",,,"15.2",,,,,,"26.8","15","17","15.78",,,,,,,"54.0",,"33.5",,,,,,,,,,,"0.347",,,,,,
"2","서대문","성인","일반","60","관리자","참가","20250221","M","178.5","85.9","28.1",,"97","138","44.9","46.9",,,"5.1",,,,,,"27.0","26","22","13.46",,,,,,,"54.6",,"32.6",,,,,,,,,,,"0.465",,,,,,
"2","천안","성인","일반","26","관리자","참가","20250221","M","179.4","89.5","33.5",,"81","127","43.2","46.9",,,"3.0",,,,,,"27.8","48",,,,,,,,,"52.4",,,,,,,,"95","44.2",,,"0.333","0.552",,,,,,
"2","KSPO송파별관(어르신)","어르신","일반","67","관리자","3등급","20250221","F","148.1","61.7","43.1",,"101","161","18.3","20.8",,,"18.2",,,,,,"28.1",,,,,"33",,"118","4.53","18.44","33.7",,,,,,,,,,,,,,,,,,,"20.8"
"2","서대문","성인","일반","45","관리자","2등급","20250221","M","174.3","91.7","29.7",,"87","149","48.6","56.4",,,"14.9",,,,,,"30.2","42","41","12.49",,,,,,,"61.5",,"37.5",,,,,,,,,,,"0.590",,,,,,
"3","마포","성인","일반","26","관리자","2등급","20250221","M","186.2","80.3","13.8","78","66","135","47.8","51",,,"13.6",,,,,,"23.2","56",,,"223",,,,,,"63.5",,,,,,,,"100","46.0",,,"0.345",,,,,,,
"5","동작","어르신","일반","80","관리자","1등급","20250221","M","171.6","58.7","18.1","82","82","153","40","36",,,"17.5",,,,,,"19.9",,,,,"27",,"114","4.59","18.86","68.1",,,,,,,,,,,,,,,,,,,"40.0"
"1","오산","어르신","일반","74","관리자","3등급","20250221","M","167.8","83","36.6","100.5","79","146","38","38.5",,,"6.5",,,,,,"29.5",,,,,"17",,"104","6.65","22.75","46.4",,,,,,,,,,,,,,,,,,,"38.5"
"1","서구(대전)","성인","일반","30","관리자","3등급","20250221","M","174.6","62.6","20.8",,"92","157","34.8","42",,,"17",,,,,,"20.5","38","41","10.5","223",,,,,,"67.1",,"42.9",,,,,,,,,,,,,,,,,
"4","서구(대전)","성인","일반","20","관리자","참가","20250221","F","163.2","79.1","45.6",,"78","137","25.5","32.5",,,"21.9",,,,,,"29.7","31","26",,,,,,,,"41.1",,"31.7",,,,,,,,,,"0.292","0.489",,,,,,
"1","전주","성인","일반","40","관리자","참가","20250221","F","168.1","79.5","33","90.8","86","132","33.4","32.4",,,"10.3",,,,,,"28.1","31",,,"136",,,,,,"42.0",,,"83","110","131",,"31.9",,,,,"0.472",,,,,,,
"1","전주","유아기","일반","67","관리자","참가","20250221","M","114.9","20.6",,,,,"11","9.5","9",,"8.5",,,,,,"15.6",,"18",,"88",,,,,,"53.4",,,,,,,,,,,,,,,,,"8.38",,
"4","KSPO아산","성인","일반","63","관리자","참가","20250221","M","164.1","78.1","34.6","99","87","139","41.3","42.3",,,"9.1",,,,,,"29.0","29",,,,,,,,,"54.2",,,,,,,,"160","26.9",,,"0.481","0.430",,,,,,
"2","천안","성인","일반","21","관리자","참가","20250221","F","161.6","80","39.9",,"75","121","29.5","34.7",,,"21.7",,,,,,"30.6","40","17","11.83","183",,,,,,"43.4",,"28.7",,,,,,,,,,,,,,,,,
"1","춘천","성인","일반","36","관리자","3등급","20250221","M","184.7","95.5","20.8","98.3","87","153","47.6","52.9",,,"12.2",,,,,,"28.0","50","38","11.55","190",,,,,,"55.4",,"36.7",,,,,,,,,,,,,,,,,
"1","고양","성인","일반","27","관리자","참가","20250221","M","161.3","61.1","24.6",,"84","147","31","35.7",,,"7.4",,,,,,"23.5","23","22","11.37","183",,,,,,"58.4",,"39.2",,,,,,,,,,,,,,,,,
"4","고양","청소년","일반","18","관리자","참가","20250221","M","166.8","58.7","10.5",,"72","144","43.4","50.1",,"58","3.5","18.2","0.590","38.427","8","38.795","21.1",,"38",,,,,,,,"85.3",,"42.9",,,,,,,,,,,,,,,,,
"10","계룡","성인","일반","39","관리자","참가","20250221","M","168.3","73.3","34.9",,"90","146","33.4","34.5",,,"16.4",,,,,,"25.9","45",,,,,,,,,"47.1",,,,,,,,"137","37.6",,,"0.35","0.442",,,,,,
"1","KSPO광주","성인","일반","23","관리자","참가","20250221","M","175.9","70","21.7","81.5","56","105","33.2","40.1",,,"-15.5",,,,,,"22.6","35",,"10.51",,,,,,,"57.3",,,,,,,,"81","51.0",,,,"0.652",,,,,,
"2","수원","어르신","일반","65","관리자","1등급","20250221","F","151.3","39.1","17.2","61","61","142","22.5","26.7",,,"22",,,,,,"17.1",,,,,"30",,"131","4.3","19.8","68.3",,,,,,,,,,,,,,,,,,,"26.7"
"3","수원","어르신","일반","72","관리자","참가","20250221","M","170.5","66.9","35.2","86","80","136","32.6","30.3",,,"-4",,,,,,"23.0",,,,,"19",,"100","6","25.5","48.7",,,,,,,,,,,,,,,,,,,"32.6"
"10","양평","어르신","일반","74","관리자","3등급","20250221","M","166.2","70.7","30.8",,"64","158","31.5","34.4",,,"1.5",,,,,,"25.6",,,,,"33",,"109","5","19.97","48.7",,,,,,,,,,,,,,,,,,,"34.4"
"1","춘천","성인","일반","34","관리자","3등급","20250221","F","160.8","52.9","28.6","76.8","71","112","29.6","29.8",,,"9.8",,,,,,"20.5","29",,"13.72","143",,,,,,"56.3",,,"76","110","136",,"38.4",,,,,,,,,,,,
"1","KSPO송파","성인","일반","23","관리자","참가","20250221","M","170.3","69","18.7","81","75","116","39","42.4",,,"-14.3",,,,,,"23.8","39",,,"210",,,,,,"61.4",,,"74","104","121","154","48.4",,,,,"0.298",,,,,,,
"5","KSPO송파별관(어르신)","어르신","일반","78","관리자","2등급","20250221","F","150","47.5","25.9",,"71","174","21.9","23.9",,,"15",,,,,,"21.1",,,,,"30",,"119","4.90","20.19","50.3",,,,,,,,,,,,,,,,,,,"23.9"
"1","서구(대전)","성인","일반","25","관리자","2등급","20250221","F","165.9","53.6","25.8",,"68","110","30.2","29.8",,,"18",,,,,,"19.5","31",,,,,,,,,"56.3",,,,,,,,"139","35.7",,,"0.333","0.453",,,,,,
"2","KSPO송파","성인","일반","64","관리자","참가","20250221","M","161.5","72.9","32.3","87.5","83","123","29.8","27.6",,,"5.7",,,,,,"28.0","11",,,"115",,,,,,"40.9",,,"99","115","134","163","32.1",,,,,"0.372",,,,,,,
"6","부천","어르신","일반","80","관리자","2등급","20250221","F","150.6","53.3","38.5",,"65","157","19.1","22.4",,,"10",,,,,,"23.5",,,,,"21",,"105","5.88","24.66","42.0",,,,,,,,,,,,,,,,,,,"22.4"
"2","부천","성인","일반","20","관리자","참가","20250221","M","174.9","73.1","21.8",,"74","149","40.2","48.1",,,"8.9",,,,,,"23.9","45","28",,,,,,,,"65.8",,"39.2",,,,,,,,,,"0.337","0.489",,,,,,
"1","KSPO아산","어르신","일반","68","관리자","2등급","20250221","M","159.2","59.1","23.2","84.5","98","158","32.6","33.3",,,"7.2",,,,,,"23.3",,,,,"25",,"124","5.2","21.9","56.3",,,,,,,,,,,,,,,,,,,"33.3"
"2","고양","어르신","일반","74","관리자","2등급","20250221","F","153.4","55.3","30.8",,"64","149","23.6","20.7",,,"13.6",,,,,,"23.5",,,,,"24",,"99","4.94","22.31","42.7",,,,,,,,,,,,,,,,,,,"23.6"
"2","고양","성인","일반","20","관리자","참가","20250221","M","169.3","67","19.3",,"87","151","42.6","48",,,"5.0",,,,,,"23.4","42","48","10.45","238",,,,,,"71.6",,"44.8",,,,,,,,,,,,,,,,,
"2","중구(서울)","성인","일반","42","관리자","3등급","20250221","F","153.3","52.1","24.2","77.8","69","102","20.7","21",,,"20.3",,,,,,"22.2","22",,,"143",,,,,,"40.3",,,"90","125","154",,"34.1",,,,,"0.371",,,,,,,
"2","KSPO아산","성인","일반","27","관리자","2등급","20250221","F","160.7","54.7","21.2","66.5","67","127","26.3","27.5",,,"23.4",,,,,,"21.2","40",,,"157",,,,,,"50.3",,,,,,,,"130","35.6",,,"0.344",,,,,,,
"4","KSPO송파별관(어르신)","어르신","일반","70","관리자","2등급","20250221","M","168.1","65.5","30.2",,"89","170","30.1","37.8",,,"7.2",,,,,,"23.2",,,,,"29",,"123","4.56","18.29","57.7",,,,,,,,,,,,,,,,,,,"37.8"
"1","KSPO광주","성인","일반","21","관리자","2등급","20250221","M","182.3","79.3","10.1","78.2","78","130","49.6","50.9",,,"12.2",,,,,,"23.9","56","55",,"268",,,,,,"64.2",,"44.3",,,,,,,,,,"0.319",,,,,,,
"1","KSPO광주","성인","일반","20","관리자","1등급","20250221","M","167.6","66.2","12.8","76.7","72","127","46.6","50.9",,,"22.6",,,,,,"23.6","55","64",,"228",,,,,,"76.9",,"48.7",,,,,,,,,,"0.290",,,,,,,
"1","중구(서울)","성인","일반","26","관리자","참가","20250221","F","152.1","55.1","35.5","82.3","77","130","24","25.9",,,"11.0",,,,,,"23.8","18",,,,,,,,,"47.0",,,,,,,,"140","33.6",,,"0.392","0.443",,,,,,
"2","동구(인천)","성인","일반","26","관리자","2등급","20250221","F","159.1","52.3","30.5",,"80","118","21.3","24.7",,,"16.7",,,,,,"20.7","27",,,"145",,,,,,"47.2",,,,,,,,"138","35.3",,,"0.356",,,,,,,
"1","동구(인천)","성인","일반","28","관리자","참가","20250221","M","168.1","63.7","26.2",,"99","147","31.2","37.5",,,"-5",,,,,,"22.5","45",,"11.25",,,,,,,"58.9",,,,,,,,"133","43.0",,,,"0.581",,,,,,
"1","동구(인천)","성인","일반","26","관리자","3등급","20250221","M","175.2","71.4","17.7",,"78","111","45.7","46.3",,,"15.2",,,,,,"23.3","41",,,,,,,,,"64.8",,,,,,,,"125","43.5",,,"0.373","0.577",,,,,,
"1","동구(인천)","성인","일반","29","관리자","참가","20250221","M","179.2","84.3","26.2",,"87","150","43.7","51.5",,,"16.8",,,,,,"26.3","51","33",,,,,,,,"61.1",,"37.9",,,,,,,,,,"0.333","0.557",,,,,,
"1","동구(인천)","성인","일반","21","관리자","참가","20250221","F","158.7","48.4","28.7",,"76","110","24","26.5",,,"13.8",,,,,,"19.2","12",,,,,,,,,"54.8",,,,,,,,"125","38.7",,,"0.361","0.456",,,,,,
"5","강북","어르신","일반","66","관리자","3등급","20250221","M","162.9","73.60","24.5","85.7","108","163","46.2","43",,,"2.9",,,,,,"27.7",,,,,"29",,"126","4.7","20.9","62.8",,,,,,,,,,,,,,,,,,,"46.2"
"1","신안","성인","출장","24","관리자","참가","20250221","M","173.5","64.2","19.8",,"68","121","37.9","40.1",,,"-10.8",,,,,,"21.3","45",,,,,,,,,"62.5",,,,,,,,"122","45.9",,,"0.49","0.5",,,,,,
"1","서구(대전)","성인","일반","32","관리자","2등급","20250221","M","182.4","71.7","15.8",,"69","123","45.9","47.6",,,"13.3",,,,,,"21.6","49","44",,"205",,,,,,"66.4",,"42.0",,,,,,,,,,"0.347",,,,,,,
"2","고양","성인","일반","22","관리자","3등급","20250221","F","171.3","57.4","23.9",,"76","124","25.4","31.7",,,"11.4",,,,,,"19.6","26",,"12.18","162",,,,,,"55.2",,,,,,,,"137","36.0",,,,,,,,,,
"2","신안","성인","출장","41","관리자","참가","20250221","M","170.3","78.6","20.5",,"62","121","36.4","37.4",,,"16",,,,,,"27.1","49",,,,,,,,,"47.6",,,,,,,,"102","41.2",,,"0.429","0.529",,,,,,
"5","청주","성인","일반","58","관리자","참가","20250221","F","162.5","57","34.8","85.9","71","159","19.3","14.9",,,"4.6",,,,,,"21.6","7",,,"112",,,,,,"33.9",,,,,,,,"138","28.5",,,"0.355",,,,,,,
"2","서대문","성인","일반","21","관리자","2등급","20250221","M","172.1","71.4","16.5",,"80","120","44","46.3",,,"14.4",,,,,,"24.1","58","64","10.79",,,,,,,"64.8",,"47.8",,,,,,,,,,,"0.599",,,,,,
"3","성남","성인","일반","30","관리자","3등급","20250221","F","163.4","44.8","25.1",,"72","110","23.4","17",,,"13.1",,,,,,"16.8","25",,,,,,,,,"52.2",,,,,,,,"134","37.3",,,"0.360","0.409",,,,,,
"3","서대문","성인","일반","21","관리자","참가","20250221","M","170.3","77.8","28.6",,"80","120","43.9","43.7",,,"5.2",,,,,,"26.8","67","50","11.36",,,,,,,"56.4",,"43.6",,,,,,,,,,,"0.630",,,,,,
"1","안산","성인","일반","36","관리자","2등급","20250221","F","151.8","55.9","35.2","65","83","123","23.1","25.1",,,"14.6",,,,,,"24.3","25",,,,,,,,,"44.9",,,"86","116","125",,"38.7",,,,,"0.413","0.435",,,,,,
"5","신안","성인","출장","49","관리자","3등급","20250221","F","152.7","51.6","35.1",,"69","124","22.4","24.8",,,"10.7",,,,,,"22.1","21",,,,,,,,,"48.1",,,,,,,,"103","34.8",,,"0.397","0.422",,,,,,
"2","서대문","성인","일반","24","관리자","참가","20250221","M","173","74.1","20.7",,"80","120","47","52.3",,,"12.2",,,,,,"24.8","42","27","12.78",,,,,,,"70.6",,"38.5",,,,,,,,,,,"0.526",,,,,,
"1","KSPO아산","성인","일반","22","관리자","3등급","20250221","M","180.3","74.2","13.3","79.5","87","145","44.9","45.7",,,"12.2",,,,,,"22.8","53","43","10.6","219",,,,,,"61.6",,"42.2",,,,,,,,,,,,,,,,,
"1","안산","성인","일반","32","관리자","참가","20250221","M","169.3","64.4","26.2","75","78","137","36.4","43",,,"-4.4",,,,,,"22.5","40",,,,,,,,,"66.8",,,"93","129","145","168","44.3",,,,,"0.431","0.514",,,,,,
"1","KSPO아산","성인","일반","23","관리자","참가","20250221","M","179.8","83","23.7","92.5","87","146","38.6","44.4",,,"-3",,,,,,"25.7","39",,"11.4","206",,,,,,"53.5",,,"85","103","129","155","43.6",,,,,,,,,,,,
"2","충주","성인","일반","20","관리자","2등급","20250221","M","172.4","71.1","23.8","80","79","142","39.9","44.1",,,"17.3",,,,,,"23.9","50",,,,,,,,,"62.0",,,,,,,,"118","45.8",,,"0.310","0.526",,,,,,
"3","충주","성인","일반","20","관리자","참가","20250221","M","176.5","68.7","21","77","70","130","31.9","31.5",,,"22",,,,,,"22.1","39",,,,,,,,,"46.4",,,,,,,,"97","49.8",,,"0.298","0.510",,,,,,
"1","KSPO광주","성인","일반","50","관리자","2등급","20250221","F","159.4","50.6","22.6","64.2","83","150","26","28.4",,,"24.9",,,,,,"19.9","30","20",,,,,,,,"56.1",,"33.2",,,,,,,,,,"0.427","0.427",,,,,,
"3","남구(부산)","성인","일반","24","관리자","3등급","20250222","F","158","49.7","29.4",,"64","113","23.7","24.1",,,"14.2",,,,,,"19.9","25",,,,,,,,,"48.5",,,"95","129","159",,"37.6",,,,,"0.316","0.490",,,,,,
"1","계룡","어르신","일반","65","관리자","1등급","20250222","M","168.2","71.7","24.4",,"86","157","40.2","39",,,"14",,,,,,"25.3",,,,,"41",,"146","4.47","18.59","56.1",,,,,,,,,,,,,,,,,,,"40.2"
"1","연제","성인","일반","23","관리자","참가","20250222","F","162.4","53.8","26.8",,"77","129","21.2","22.4",,,"20.6",,,,,,"20.4","18",,,,,,,,,"41.6",,,,,,,,"137","35.9",,,"0.388","0.411",,,,,,
"1","청주","성인","일반","26","관리자","참가","20250222","M","179.8","60.2","15.1","76","68","139","47.8","46.8",,,"-15.6",,,,,,"18.6","27",,,,,,,,,"79.4",,,,,,,,"122","46.7",,,"0.305","0.514",,,,,,
"1","계룡","성인","일반","35","관리자","참가","20250222","F","167.3","91.7","42.9",,"80","140","31.1","32.7",,,"13.9",,,,,,"32.8","23",,,"148",,,,,,"35.7",,,,,,,,"121","26.8",,,"0.567",,,,,,,
"1","서구(대전)","성인","일반","40","관리자","3등급","20250222","F","161.2","49.7","24",,"65","105","24.5","23.7",,,"25",,,,,,"19.1","23",,"13.72","120",,,,,,"49.3",,,"96","135","157",,"36.0",,,,,,,,,,,,
"1","서구(대전)","성인","일반","64","관리자","참가","20250222","F","157.2","64.1","41.5",,"62","151","21.6","22.4",,,"17",,,,,,"25.9","12",,,,,,,,,"34.9",,,"89","103","134",,"29.1",,,,,"0.432","0.365",,,,,,
"4","남구(부산)","성인","일반","26","관리자","참가","20250222","M","178.1","76.7","26.4",,"76","121","31.8","38.7",,,"-13",,,,,,"24.2","39",,,"156",,,,,,"50.5",,,"83","111","139","166","42.6",,,,,"0.274",,,,,,,
"1","KSPO대구","성인","일반","24","관리자","참가","20250222","F","161.9","59.1","23.8","71","61","96","26.9","26.6",,,"8.4",,,,,,"22.5","17","9",,"127",,,,,,"45.5",,"29.5",,,,,,,,,,"0.469",,,,,,,
"2","KSPO대구","성인","일반","29","관리자","1등급","20250222","F","156.7","57.6","32.6","83","84","124","28.6","33.1",,,"18.6",,,,,,"23.5","48","28",,"170",,,,,,"57.5",,"35.3",,,,,,,,,,"0.405",,,,,,,
"1","KSPO아산","성인","일반","19","관리자","3등급","20250222","M","169.9","58.8","14.5","72","65","146","37.1","40.6",,,"13.1",,,,,,"20.4","42","45","10.6","228",,,,,,"69.0",,"45.4",,,,,,,,,,,,,,,,,
"1","KSPO아산","성인","일반","19","관리자","참가","20250222","M","175.1","55.2","9.6","67.8","85","145","40.9","49.5",,,"4.4",,,,,,"18.0","24","29","10.9","232",,,,,,"89.7",,"42.1",,,,,,,,,,,,,,,,,
"5","남구(부산)","성인","일반","38","관리자","참가","20250222","M","172.1","56.3","8.8",,"67","125","34.5","35.9",,,"6.4",,,,,,"19.0","27",,"13.48",,,,,,,"63.8",,,"84","97","108","130","51.4",,,,,,"0.489",,,,,,
"1","경산","성인","일반","26","관리자","3등급","20250222","M","178.9","69","13.4","79","87","145","37.2","33.6",,,"9.8",,,,,,"21.6","56",,"10.54","225",,,,,,"53.9",,,"70","98","117",,"49.0",,,,,,,,,,,,
"8","세종","성인","일반","44","관리자","2등급","20250222","M","158.6","67.2","24.7","85.4","79","128","45.7","46.8",,,"10.5",,,,,,"26.7","44",,,"195",,,,,,"69.6",,,,,,,,"96","43.0",,,"0.317",,,,,,,
"1","KSPO송파","성인","일반","44","관리자","참가","20250222","M","182.6","92.4","22.7",,"86","151","52.9","56",,,"-9",,,,,,"27.7","40","31","10.65","231",,,,,,"60.6",,"35.0",,,,,,,,,,,,,,,,,
"1","KSPO송파","성인","일반","42","관리자","참가","20250222","M","168.5","68.7","18.3",,"91","149","37.7","43.9",,,"2.8",,,,,,"24.2","43","42","11.1","242",,,,,,"63.9",,"41.4",,,,,,,,,,,,,,,,,
"2","계룡","성인","일반","63","관리자","3등급","20250222","M","166.3","66.5","23.3",,"64","159","40.4","43.3",,,"10.3",,,,,,"24.0","20",,,"185",,,,,,"65.1",,,,,,,,"112","36.7",,,"0.393",,,,,,,
"1","KSPO송파","성인","일반","42","관리자","2등급","20250222","M","177.3","80.6","16",,"74","144","44.8","50.9",,,"13",,,,,,"25.6","53","50","10.71","242",,,,,,"63.2",,"41.4",,,,,,,,,,,,,,,,,
"1","KSPO송파","성인","일반","37","관리자","3등급","20250222","F","154.3","61.8","31.8",,"95","140","22.6","25.6",,,"14.1",,,,,,"26.0","28","32","12.52","141",,,,,,"41.4",,"35.4",,,,,,,,,,,,,,,,,
"2","연제","어르신","일반","71","관리자","참가","20250222","M","166.4","73.9","32.8",,"84","140","24.5","27.6",,,"-7.9",,,,,,"26.7",,,,,"20",,"121","4.8","21.1","37.3",,,,,,,,,,,,,,,,,,,"27.6"
"6","구미","성인","일반","40","관리자","2등급","20250222","M","174.3","68.3","19","81.7","77","139","40.4","41.5",,,"15.4",,,,,,"22.5","58","62",,"212",,,,,,"60.8",,"46.2",,,,,,,,,,"0.271",,,,,,,
"2","남원","성인","일반","32","관리자","참가","20250222","F","167.1","72.3","31.4","89.5","71","121","33.2","34.7",,,"19.6",,,,,,"25.9","32","15",,"158",,,,,,"48.0",,"29.0",,,,,,,,,,"0.403",,,,,,,
"1","KSPO송파","성인","일반","38","관리자","3등급","20250222","F","151.2","48.7","25.7",,"58","122","20.3","20.2",,,"23.2",,,,,,"21.3","40","30","12.87","167",,,,,,"41.7",,"36.9",,,,,,,,,,,,,,,,,
"1","KSPO송파","성인","일반","33","관리자","3등급","20250222","F","159.6","49.1","22.3",,"61","100","19.3","21.6",,,"23.8",,,,,,"19.3","43","30","12.81","154",,,,,,"44.0",,"37.1",,,,,,,,,,,,,,,,,
"1","서구(대전)","성인","일반","27","관리자","참가","20250222","M","173.1","70.8","22",,"95","148","34.8","36.8",,,"17.9",,,,,,"23.6","36",,,"195",,,,,,"52.0",,,,,,,,"130","42.5",,,"0.302",,,,,,,
"1","계룡","성인","일반","19","관리자","참가","20250222","M","170.6","62.1","18.4",,"59","112","35.4","38.4",,,"7",,,,,,"21.3","30","41",,"210",,,,,,"61.8",,"44.0",,,,,,,,,,"0.402",,,,,,,
"1","남원","성인","일반","39","관리자","참가","20250222","M","170.9","74.8","26.8","91.3","87","127","41.6","53.8",,,"-11.1",,,,,,"25.6","30","24",,"198",,,,,,"71.9",,"36.5",,,,,,,,,,"0.372",,,,,,,
"2","남원","성인","일반","33","관리자","참가","20250222","F","161.2","69","34.8","89.8","83","119","23.4","27.5",,,"9.5",,,,,,"26.6","16","11",,"145",,,,,,"39.9",,"28.2",,,,,,,,,,"0.322",,,,,,,
"1","남원","성인","일반","37","관리자","참가","20250222","M","169.7","103.6","36.9","116","98","157","51.6","41.5",,,"-4.8",,,,,,"36.0","28","14",,"185",,,,,,"49.8",,"30.2",,,,,,,,,,"0.365",,,,,,,
"1","KSPO대구","성인","일반","30","관리자","3등급","20250222","M","178","76.4","15.4","83","75","120","50.5","52",,,"21.8",,,,,,"24.1","37",,"10.8","234",,,,,,"68.1",,,,,,,,"105","44.5",,,,,,,,,,
"2","군산","성인","일반","63","관리자","참가","20250222","M","173.2","91.5","34.4","100","81","139","46.9","42.4",,,"8.2",,,,,,"30.5","21",,,,,,,,,"51.3",,,"73","102","112","124","37.5",,,,,"0.417","0.390",,,,,,
"1","KSPO대구","성인","일반","34","관리자","3등급","20250222","F","169.3","71.3","27.4","81","99","153","35.5","33.6",,,"23.2",,,,,,"24.9","24",,"13.7","181",,,,,,"49.8",,,"68","101","125",,"36.0",,,,,,,,,,,,
"1","청주","성인","일반","23","관리자","참가","20250222","F","164.9","52.3","27","73.7","74","128","31.8","32.9",,,"16.6",,,,,,"19.2","22",,,"160",,,,,,"62.9",,,,,,,,"143","35.8",,,"0.349",,,,,,,
"2","서구(대전)","성인","일반","22","관리자","참가","20250222","F","168.4","55.5","31.1",,"75","130","20.2","23.2",,,"17.5",,,,,,"19.6","20",,,,,,,,,"41.8",,,"99","155","171",,"37.5",,,,,"0.349","0.427",,,,,,
"1","KSPO송파","성인","일반","28","관리자","3등급","20250222","F","174.7","66.2","26.8",,"92","158","30.9","27",,,"11.6",,,,,,"21.7","43","30","12.32","182",,,,,,"46.7",,"34.8",,,,,,,,,,,,,,,,,
"1","KSPO송파","성인","일반","30","관리자","참가","20250222","M","178.9","96","27.5",,"71","123","43","43.9",,,"17.3",,,,,,"30.0","48","35","10.90","226",,,,,,"45.7",,"36.6",,,,,,,,,,,,,,,,,
"1","KSPO송파","성인","일반","42","관리자","참가","20250222","M","173.1","82.9","29.5",,"97","153","42.9","39.7",,,"16.2",,,,,,"27.7","33","32","11.91","191",,,,,,"51.7",,"36.9",,,,,,,,,,,,,,,,,
"3","KSPO아산","어르신","일반","72","관리자","2등급","20250222","M","172.6","69.5","22.9","93","70","155","36.4","38.9",,,"8.4",,,,,,"23.3",,,,,"28",,"104","4.5","18.9","56.0",,,,,,,,,,,,,,,,,,,"38.9"
"1","서구(대전)","성인","일반","39","관리자","2등급","20250222","F","158","47.1","20.9",,"65","108","22.4","23.3",,,"24.8",,,,,,"18.9","27",,,,,,,,,"49.5",,,"82","119","149",,"37.0",,,,,"0.379","0.477",,,,,,
"3","KSPO아산","어르신","일반","71","관리자","2등급","20250222","M","169.6","64.3","19.7","86","70","140","42.6","41.6",,,"8.1",,,,,,"22.4",,,,,"21",,"107","4.3","19.2","66.3",,,,,,,,,,,,,,,,,,,"42.6"
"1","KSPO광주","성인","일반","27","관리자","3등급","20250222","F","153","52.6","31.4","68","58","101","24.2","26.7",,,"21",,,,,,"22.5","26",,,"136",,,,,,"50.8",,,,,,,,"109","37.9",,,"0.324",,,,,,,
"1","KSPO대구","성인","일반","43","관리자","참가","20250222","M","177.3","87.3","20.2","94","78","129","58.8","61",,,"17.3",,,,,,"27.8","31",,,"200",,,,,,"69.9",,,,,,,,"125","35.9",,,"0.317",,,,,,,
"1","KSPO대구","성인","일반","29","관리자","참가","20250222","F","166.1","54.5","23.1","66","68","128","30.3","30",,,"25.1",,,,,,"19.8","20",,,"162",,,,,,"55.6",,,,,,,,"120","37.0",,,"0.413",,,,,,,
"1","남구(부산)","성인","일반","34","관리자","2등급","20250222","M","177.2","28.5","28.5",,"77","125","44","44.6",,,"14",,,,,,"9.1","48",,"12.06",,,,,,,"156.5",,,,,,,,"75","58.5",,,,"0.576",,,,,,
"8","KSPO대구","성인","일반","56","관리자","참가","20250222","F","156.2","55","36.5","83","92","158","23.4","28.2",,,"16.6",,,,,,"22.5","16",,,"114",,,,,,"51.3",,,,,,,,"150","27.3",,,"0.365",,,,,,,
"1","북구(광주)","성인","일반","29","관리자","2등급","20250222","M","179.8","92.2","22.5","94.6","74","130","48.5","56.9",,,"19.1",,,,,,"28.5","58",,,"226",,,,,,"61.7",,,,,,,,"83","44.6",,,"0.411",,,,,,,
"3","북구(광주)","성인","일반","29","관리자","3등급","20250222","F","172.6","64.5","29.9","74.2","65","121","24","25.5",,,"10.9",,,,,,"21.7","31",,,"159",,,,,,"39.5",,,,,,,,"121","35.1",,,"0.360",,,,,,,
"3","연제","성인","일반","30","관리자","참가","20250222","M","171.2","68.2","28.1",,"94","129","39.3","43.2",,,"7.8",,,,,,"23.3","38",,,,,,,,,"63.3",,,,,,,,"164","37.2",,,"0.381","0.435",,,,,,
"1","구미","성인","일반","26","관리자","참가","20250222","M","165.2","74.5","30.4","94.9","74","115","35.3","42",,,"14",,,,,,"27.3","40",,,"181",,,,,,"56.4",,,,,,,,"150","38.3",,,"0.345",,,,,,,
"1","남구(부산)","성인","일반","40","관리자","참가","20250222","F","160.3","74.4","38.4",,"80","118","28.6","34.1",,,"0.5",,,,,,"29.0","24",,,"135",,,,,,"45.8",,,"83","109","123",,"33.9",,,,,"0.375",,,,,,,
"1","남구(부산)","성인","일반","43","관리자","참가","20250222","M","173.5","88.7","33.7",,"94","142","43.9","43.6",,,"5.5",,,,,,"29.5","31",,,"172",,,,,,"49.5",,,"59","94","123","165","35.6",,,,,"0.309",,,,,,,
"6","군산","성인","일반","35","관리자","참가","20250222","M","179.1","84","25.9","90","97","155","35.9","45.1",,,"-5.2",,,,,,"26.2","32",,,,,,,,,"53.7",,,"79","104","130","158","40.0",,,,,"0.376","0.490",,,,,,
"1","계룡","청소년","일반","18","관리자","참가","20250222","F","155.6","60.2","37.6",,"51","110","26.5","26.1","37",,"3.5","20.1","0.467","43.868","17","44.650","24.9",,"16",,,,,,,,"44.0",,"31.7",,,,,,,,,,,,,,,,,
"1","군산","성인","일반","45","관리자","2등급","20250222","M","172.3","77.8","21.5","84","81","150","44.4","44.6",,,"20.4",,,,,,"26.2","54","35","11.98","202",,,,,,"57.3",,"38.2",,,,,,,,,,,,,,,,,
"1","구미","성인","일반","36","관리자","3등급","20250222","M","172.4","73","29","92","99","146","38","37.1",,,"12.5",,,,,,"24.6","36",,,"198",,,,,,"52.1",,,"57","127","131","178","44.1",,,,,"0.418",,,,,,,
"1","KSPO송파","성인","일반","25","관리자","참가","20250222","F","160.7","60.8","34.9","83.6","83","134","21.8","24.1",,,"-4.5",,,,,,"23.5","25",,,"152",,,,,,"39.6",,,"108","138","159",,"35.2",,,,,"0.390",,,,,,,
"1","청주","성인","일반","32","관리자","참가","20250222","M","170.3","92.1","34.9","105.6","75","122","39","48.8",,,"-2.5",,,,,,"31.8","26",,,"155",,,,,,"53.0",,,,,,,,"125","37.0",,,"0.323",,,,,,,
"1","구미","성인","일반","32","관리자","참가","20250222","M","174.6","91","26.7","106.9","83","152","57.1","54.3",,,"17.7",,,,,,"29.9","51","35",,"211",,,,,,"62.7",,"37.2",,,,,,,,,,"0.390",,,,,,,
"2","서구(대전)","성인","일반","26","관리자","3등급","20250222","M","171.1","60.6","15",,"60","107","32.2","35.6",,,"15.7",,,,,,"20.7","45",,,"202",,,,,,"58.7",,,"76","100","125","149","49.2",,,,,"0.355",,,,,,,
"9","군산","성인","일반","36","관리자","참가","20250222","M","177.1","91.8","29.6","94","87","156","49.7","54.1",,,"10.1",,,,,,"29.3","40",,,"197",,,,,,"58.9",,,,,,,,"127","36.3",,,"0.348",,,,,,,
"2","KSPO대구","성인","일반","31","관리자","참가","20250222","M","175.4","78.6","27.8","86","62","128","37.7","38",,,"-12.6",,,,,,"25.5","34",,,"197",,,,,,"48.3",,,,,,,,"110","42.9",,,"0.346",,,,,,,
"1","KSPO대구","성인","일반","57","관리자","3등급","20250222","M","171.4","68.6","21.7","87","89","156","42.4","43.9",,,"11.6",,,,,,"23.4","26",,,,,,,,,"64.0",,,,,,,,"79","42.9",,,"0.331","0.451",,,,,,
"4","연제","성인","일반","26","관리자","2등급","20250222","F","167.5","53.7","22.9",,"73","108","22.2","27.8",,,"14.7",,,,,,"19.1","33",,,"152",,,,,,"51.8",,,,,,,,"138","35.7",,,"0.348",,,,,,,
"2","동해","청소년","일반","18","관리자","3등급","20250222","M","171.9","70.4","19.3",,"73","122","38.3","39.9",,"52","8.6","18.37","0.670","39.372","8","39.740","23.8",,,,,,,,,,"56.7",,,"95","109","119",,"49.8",,,,,,,,,,,,
"4","세종","성인","일반","20","관리자","참가","20250222","M","174.8","86.4","29.3","96.6","66","133","44.5","45.8",,,"10.1",,,,,,"28.3","38","35",,,,,,,,"53.0",,"38.9",,,,,,,,,,"0.307","0.527",,,,,,
"3","구미","성인","일반","19","관리자","참가","20250222","M","164.7","79.7","36.4","98.6","58","110","36.4","36.2",,,"4.4",,,,,,"29.4","18","23",,,,,,,,"45.7",,"37.3",,,,,,,,,,"0.464","0.464",,,,,,
"1","KSPO송파","성인","일반","25","관리자","2등급","20250222","F","164.8","49.8","21.7","67.6","52","95","23.3","24.8",,,"14.5",,,,,,"18.3","39",,,,,,,,,"49.8",,,"88","108","129",,"41.9",,,,,"0.340","0.478",,,,,,
"1","청주","성인","일반","30","관리자","참가","20250222","F","164.6","57.7","30.2","80","69","106","30.5","32",,,"-2.5",,,,,,"21.3","29",,,"122",,,,,,"55.5",,,,,,,,"123","35.6",,,"0.435",,,,,,,
"1","남구(부산)","성인","일반","24","관리자","참가","20250222","F","167.9","55.6","30.2",,"58","108","24.1","26.7",,,"7.6",,,,,,"19.7","12",,,,,,,,,"48.0",,,,,,,,"127","37.0",,,"0.337","0.414",,,,,,
"1","남구(부산)","성인","일반","33","관리자","참가","20250222","M","172.8","121.2","46.9",,"79","122","32.6","40.1",,,"-4.6",,,,,,"40.6","20",,,,,,,,,"33.1",,,,,,,,"118","31.5",,,"0.297","0.464",,,,,,
"2","경산","성인","일반","32","관리자","참가","20250222","M","171.8","92.3","35","111","83","134","42.2","46.7",,,"17.2",,,,,,"31.3","32",,,,,,,,,"50.6",,,,,,,,"121","37.7",,,"0.367","0.521",,,,,,
"7","KSPO아산","어르신","일반","76","관리자","2등급","20250222","F","144.6","44.9","30.4","75","71","144","16.6","19.9",,,"12.5",,,,,,"21.5",,,,,"20",,"99","6.6","28.1","44.3",,,,,,,,,,,,,,,,,,,"19.9"
"2","KSPO대구","성인","일반","41","관리자","참가","20250222","M","173.7","65.3","20.4","83.6","99","166","42.7","50.2",,,"13.6",,,,,,"21.6","31",,"11.6","198",,,,,,"76.9",,,,,,,,"150","37.3",,,,,,,,,,
"4","남구(부산)","성인","일반","23","관리자","3등급","20250222","F","170.3","51.3","26.6",,"65","117","21","26.9",,,"14.2",,,,,,"17.7","39",,,,,,,,,"52.4",,,,,,,,"132","37.9",,,"0.249","0.439",,,,,,
"1","서구(대전)","성인","일반","26","관리자","참가","20250222","M","172","76","19.6",,"91","154","43.4","50.4",,,"11.7",,,,,,"25.7","21","44",,"179",,,,,,"66.3",,"42.1",,,,,,,,,,"0.311",,,,,,,
"1","연제","성인","일반","28","관리자","참가","20250222","F","156.2","54.4","33.0",,"81","119","17.2","18.5",,,"13.2",,,,,,"22.3","26",,,"141",,,,,,"34.0",,,"98","125","149",,"36.9",,,,,"0.382",,,,,,,
"4","서구(대전)","청소년","일반","18","관리자","참가","20250222","F","170.7","87.8","40.8",,"70","119","33.3","35.4","9",,"19.8","21.15","0.502","40.206","15","40.896","30.1",,"14",,,,,,,,"40.3",,"28.6",,,,,,,,,,,,,,,,,
"4","세종","성인","일반","23","관리자","3등급","20250222","F","165.3","51.4","25.4","75.1","77","116","20.9","24.1",,,"19.2",,,,,,"18.8","23",,,"138",,,,,,"46.9",,,,,,,,"148","35.4",,,"0.345",,,,,,,
"1","KSPO대구","성인","일반","53","관리자","3등급","20250222","M","178.3","84.7","21.4","89","96","142","36.8","53.6",,,"19.7",,,,,,"26.6","37","24","11.6","218",,,,,,"63.3",,"33.8",,,,,,,,,,,,,,,,,
"1","KSPO대구","청소년","일반","18","관리자","참가","20250222","M","184.6","93.9","27.7","93","79","136","46.1","47.9","42",,"10.7","20.33","0.584","50.851","12","51.403","27.6",,"24",,,,,,,,"51.0",,"36.8",,,,,,,,,,,,,,,,,
"1","군산","성인","일반","37","관리자","2등급","20250222","F","166.9","58.9","18.2","65.5","72","117","25.6","30.3",,,"15.5",,,,,,"21.1","37",,,"166",,,,,,"51.4",,,"64","102","115",,"40.5",,,,,"0.379",,,,,,,
"1","군산","성인","일반","37","관리자","2등급","20250222","M","180","72.7","10.1","77","82","151","55.1","57.8",,,"13.6",,,,,,"22.4","54",,"10.5","256",,,,,,"79.5",,,"88","110","123","146","45.6",,,,,,,,,,,,
"1","KSPO광주","성인","일반","26","관리자","참가","20250222","M","172","68.3","15.6","75.8","85","144","44","42.1",,,"15.8",,,,,,"23.1","54","31","10.04","246",,,,,,"64.4",,"40.1",,,,,,,,,,,,,,,,,
"3","북구(광주)","청소년","일반","15","관리자","1등급","20250222","M","175.9","64.0","11.4","70.9","52","118","45.4","47.9","49",,"14.8","16.47","0.629","44.259","15","44.949","20.7",,"62",,,,,,,,"74.8",,"47.6",,,,,,,,,,,,,,,,,
"4","청주","성인","일반","27","관리자","참가","20250222","F","173.1","58.3","30","80.2","68","103","26.1","29.3",,,"7.9",,,,,,"19.5","24",,,"158",,,,,,"50.3",,,"93","112","128",,"40.5",,,,,"0.300",,,,,,,
"1","경산","성인","일반","31","관리자","2등급","20250222","M","168.3","68.4","15.3","82","91","145","49","45.1",,,"9.4",,,,,,"24.1","51",,,"238",,,,,,"71.6",,,,,,,,"99","46.2",,,"0.340",,,,,,,
"3","KSPO송파","성인","일반","24","관리자","3등급","20250222","F","160.9","51.9","25.2","71.6","65","117","28.3","27.9",,,"22.4",,,,,,"20.0","26",,"11.73","195",,,,,,"54.5",,,,,,,,"108","39.6",,,,,,,,,,
"2","서구(대전)","성인","일반","32","관리자","참가","20250222","M","173.5","77.5","24.2",,"78","130","45.8","46.8",,,"1",,,,,,"25.7","35",,,"232",,,,,,"60.4",,,"90","115","138","159","41.6",,,,,"0.404",,,,,,,
"1","남구(부산)","성인","일반","32","관리자","2등급","20250222","F","173.9","58.5","26.1",,"73","115","22","27.1",,,"20.8",,,,,,"19.3","42",,,,,,,,,"46.3",,,"79","104","135",,"38.1",,,,,"0.371","0.440",,,,,,
"1","서구(대전)","성인","일반","23","관리자","참가","20250222","F","168.3","67.1","34.4",,"68","123","23.8","26.9",,,"23.4",,,,,,"23.7","18",,,"122",,,,,,"40.1",,,"84","118","139",,"37.3",,,,,"0.313",,,,,,,
"3","KSPO송파","성인","일반","27","관리자","1등급","20250222","M","184.8","73.8","11.1","78.9","78","122","45.8","49.5",,,"22.7",,,,,,"21.6","55","54",,"262",,,,,,"67.1",,"44.4",,,,,,,,,,"0.353",,,,,,,
"4","세종","성인","일반","19","관리자","3등급","20250222","M","183.8","88.9","16.9","89.6","78","127","50","58.4",,,"14.4",,,,,,"26.3","46","41",,"163",,,,,,"65.7",,"39.8",,,,,,,,,,"0.285",,,,,,,
"2","KSPO아산","성인","일반","29","관리자","2등급","20250222","M","175","60","8.9","70","71","122","42.5","47",,,"13.2",,,,,,"19.6","47",,,"250",,,,,,"78.3",,,,,,,,"107","47.9",,,"0.297",,,,,,,
"1","남구(부산)","성인","일반","37","관리자","참가","20250222","M","170.5","76.3","26.3",,"95","140","41","43.9",,,"5.5",,,,,,"26.2","43",,"11.84",,,,,,,"57.5",,,"75","95","123","157","40.4",,,,,,"0.577",,,,,,
"3","KSPO아산","성인","일반","35","관리자","참가","20250222","M","172.9","82","28.9","93","88","128","41.8","50.1",,,"12.7",,,,,,"27.4","44",,,"237",,,,,,"61.1",,,,,,,,"160","33.6",,,"0.353",,,,,,,
"2","남구(부산)","성인","일반","53","관리자","참가","20250222","F","158.9","64.8","34.7",,"92","156","32.6","36.1",,,"14.5",,,,,,"25.7","23",,"13.75","155",,,,,,"55.7",,,"83","124","143",,"31.6",,,,,,,,,,,,
"1","KSPO대구","성인","일반","34","관리자","참가","20250222","M","181.1","71.2","22.7","87.7","91","148","39.4","42.3",,,"-9.6",,,,,,"21.7","35",,,,,,,,,"59.4",,,"85","114","138","163","43.2",,,,,"0.388","0.49",,,,,,
"1","KSPO대구","성인","일반","20","관리자","참가","20250222","M","174.4","71.2","22.5","83","71","119","31.4","35.8",,,"7.9",,,,,,"23.4","43","24","10.6","198",,,,,,"50.3",,"38.5",,,,,,,,,,,,,,,,,
"1","KSPO대구","성인","일반","33","관리자","참가","20250222","M","171.8","69.9","25.2","91","93","139","34.5","38.9",,,"-2.4",,,,,,"23.7","44","20","12.5","205",,,,,,"55.7",,"36.8",,,,,,,,,,,,,,,,,
"4","KSPO광주","성인","일반","25","관리자","1등급","20250222","M","181.4","70.9","9.6","79","64","119","53.8","59.4",,,"15.9",,,,,,"21.5","51",,"10.56","235",,,,,,"83.8",,,,,,,,"96","48.6",,,,,,,,,,
"4","군산","성인","일반","63","관리자","2등급","20250222","M","169.5","73.9","22.6","92","89","158","43.2","49",,,"9.5",,,,,,"25.7","30",,"14.87","173",,,,,,"66.3",,,"73","93","114","138","37.8",,,,,,,,,,,,
"3","청주","성인","일반","29","관리자","1등급","20250222","M","177.9","80","14.9","84.7","80","145","49.9","57.3",,,"19.8",,,,,,"25.3","53",,"9.7","227",,,,,,"71.6",,,,,,,,"91","46.0",,,,,,,,,,
"1","북구(광주)","성인","일반","28","관리자","참가","20250222","F","161.3","50.3","32.7","77.2","63","95","14.4","22.8",,,"5.2",,,,,,"19.3","30",,,,,,,,,"45.3",,,,,,,,"119","37.9",,,"0.459","0.412",,,,,,
"2","남구(부산)","성인","일반","23","관리자","2등급","20250222","F","162.2","53","30.5",,"76","123","20.7","22.9",,,"16.7",,,,,,"20.1","33",,,,,,,,,"43.2",,,,,,,,"144","35.2",,,"0.330","0.440",,,,,,
"3","KSPO광주","성인","일반","25","관리자","참가","20250222","M","166.4","47.7","10.3","79.5","81","128","31.8","42.2",,,"19.7",,,,,,"17.2","37",,"11.01",,,,,,,"88.5",,,,,,,,"103","51.5",,,,"0.499",,,,,,
"1","KSPO대구","성인","일반","22","관리자","2등급","20250222","M","169.1","71","21.9","86","64","126","48.9","53.5",,,"15.1",,,,,,"24.8","54",,"9.7","226",,,,,,"75.4",,,,,,,,"99","47.9",,,,,,,,,,
"2","KSPO대구","성인","일반","27","관리자","1등급","20250222","F","160","50","25.2","61","70","112","28.8","28.6",,,"18.6",,,,,,"19.5","49",,,"167",,,,,,"57.6",,,,,,,,"115","38.5",,,"0.302",,,,,,,
"4","남구(부산)","성인","일반","38","관리자","참가","20250222","M","173.6","87","32",,"95","129","51.3","52.7",,,"10.6",,,,,,"28.9","53",,,"223",,,,,,"60.6",,,"95","123","143","164","37.0",,,,,"0.335",,,,,,,
"1","남원","성인","일반","46","관리자","참가","20250222","M","166.7","67.9","21.3","87.8","78","130","32.4","32.1",,,"9.2",,,,,,"24.4","45",,"10.9","215",,,,,,"47.7",,,"80","109","124","151","42.4",,,,,,,,,,,,
"7","KSPO송파","성인","일반","63","관리자","2등급","20250222","M","165.8","85.1","32.1","93.1","84","143","38.3","46.3",,,"8.2",,,,,,"31.0","36",,,"171",,,,,,"54.4",,,,,,,,"88","36.0",,,"0.324",,,,,,,
"2","KSPO송파","성인","일반","24","관리자","2등급","20250222","F","166","47.9","21.3","70.6","76","141","24.6","25",,,"22.1",,,,,,"17.4","37",,,,,,,,,"52.2",,,"99","124","156",,"38.7",,,,,"0.347","0.442",,,,,,
"1","남원","유소년","일반","11","관리자","참가","20250222","M","147.3","50.9",,"79.5",,,"16.2","21.4","18",,"0.5",,,,,,"23.5",,"51",,"151",,,,,,"42.0",,,,,,,,,,,,,,"0.54","38","4",,,
"1","서구(대전)","청소년","일반","15","관리자","참가","20250222","F","160.8","52.5","29.2",,"60","112","22.9","22.4",,"34","5.2","20.16","0.465","54.958","7","55.280","20.3",,"31",,,,,,,,"43.6",,"36.8",,,,,,,,,,,,,,,,,
"1","서구(대전)","성인","일반","47","관리자","참가","20250222","F","157.1","50","28.4",,"60","105","22.9","22.9",,,"0",,,,,,"20.3","31","26",,"125",,,,,,"45.8",,"35.2",,,,,,,,,,"0.361",,,,,,,
"1","서구(대전)","청소년","일반","16","관리자","참가","20250222","F","162","49.3","24.2",,"72","102","21.3","22.2",,"37","5.5","23.71","0.464","53.527","18","54.355","18.8",,"16",,,,,,,,"45.0",,"34.7",,,,,,,,,,,,,,,,,
"1","서구(대전)","성인","일반","49","관리자","2등급","20250222","M","174.9","71.2","19.5",,"70","118","40.5","43.9",,,"12.8",,,,,,"23.3","55","44",,"191",,,,,,"61.7",,"40.9",,,,,,,,,,"0.305",,,,,,,
"1","군산","성인","일반","48","관리자","참가","20250222","F","157.3","72","36.4","93","94","139","33.9","33.8",,,"6.4",,,,,,"29.1","25",,,,,,,,,"47.1",,,"97","108","129",,"31.1",,,,,"0.390","0.510",,,,,,
"18","동해","성인","일반","24","관리자","2등급","20250222","M","168.4","51.5","13.1",,"93","133","31.3","29.7",,,"13.1",,,,,,"18.2","51",,,"226",,,,,,"60.8",,,"81","115","129","158","52.0",,,,,"0.306",,,,,,,
"1","경산","성인","일반","31","관리자","참가","20250222","M","174.1","71.3","20.5","89","87","148","43","45.6",,,"-0.6",,,,,,"23.5","32",,,"192",,,,,,"64.0",,,"96","118","140",,"42.0",,,,,"0.403",,,,,,,
"1","경산","성인","일반","24","관리자","2등급","20250222","M","178.3","68.6","16.5","86","96","147","45.7","51.3",,,"19.2",,,,,,"21.6","49","52",,"222",,,,,,"74.8",,"45.0",,,,,,,,,,"0.312",,,,,,,
"1","남구(부산)","성인","일반","29","관리자","2등급","20250222","M","174.2","73.4","15.5",,"89","145","47.5","46.3",,,"13.6",,,,,,"24.2","53",,,"246",,,,,,"64.7",,,"90","115","133","171","42.5",,,,,"0.343",,,,,,,
"1","남구(부산)","성인","일반","29","관리자","참가","20250222","M","179.8","89","27.9",,"68","126","43","47.5",,,"-1.4",,,,,,"27.5","25",,,"204",,,,,,"53.4",,,"90","111","128","155","41.5",,,,,"0.391",,,,,,,
"1","북구(광주)","성인","일반","21","관리자","참가","20250222","M","177.4","84.3","21.9","94.2","73","138","41.9","56.6",,,"2.9",,,,,,"26.8","26",,"9.8","214",,,,,,"67.1",,,,,,,,"104","45.1",,,,,,,,,,
"3","KSPO대구","성인","일반","54","관리자","참가","20250222","F","158.5","62","36.1","85","64","133","26.8","27.2",,,"1.4",,,,,,"24.7","15",,"13.3","116",,,,,,"43.9",,,,,,,,"100","32.3",,,,,,,,,,
"1","KSPO대구","성인","일반","25","관리자","3등급","20250222","F","167.6","60","30.9","73","57","106","27.4","29.1",,,"20.5",,,,,,"21.4","26",,"13.6","164",,,,,,"48.5",,,,,,,,"133","35.0",,,,,,,,,,
"1","KSPO송파","성인","일반","33","관리자","1등급","20250222","F","160","53.3","27.6",,"73","117","24","29.2",,,"27.5",,,,,,"20.8","35","28","12.06","182",,,,,,"54.8",,"35.9",,,,,,,,,,,,,,,,,
"1","사천","성인","일반","52","관리자","참가","20250224","M","178.4","75.3","32.4","97.4","92","135","41.9","52.2",,,"18",,,,,,"23.7","21",,,,,,,,,"69.3",,,,,,,,"109","38.8",,,"0.328","0.390",,,,,,
"1","강북","성인","일반","27","관리자","1등급","20250224","M","172.5","70.50","12.0","80.8","83","134","54.8","48.3",,,"17.7",,,,,,"23.7","58","70","10.3","261",,,,,,"77.7",,"48.9",,,,,,,,,,,,,,,,,
"1","창원","성인","일반","36","관리자","3등급","20250224","F","154.5","49.8","19.9","66","69","126","26.9","28.6",,,"10.7",,,,,,"20.9","34",,,,,,,,,"57.4",,,,,,,,"118","36.0",,,"0.360","0.464",,,,,,
"1","사상","성인","일반","56","관리자","참가","20250224","M","165.6","76.6","30.2","87","83","147","52","58",,,"1.6",,,,,,"27.9","31","17",,"191",,,,,,"75.7",,"33.4",,,,,,,,,,"0.317",,,,,,,
"3","사상","성인","일반","31","관리자","1등급","20250224","M","167.7","73.3","16.4","73","76","139","55.4","61.3",,,"16.4",,,,,,"26.1","56","55",,"229",,,,,,"83.6",,"44.7",,,,,,,,,,"0.283",,,,,,,
"1","진천","청소년","일반","18","관리자","참가","20250224","M","176.7","69.5","13.4","76","79","134","42.3","52.1","41",,"6.4","21.89","0.5","46.089","10","46.549","22.3",,"23",,,,,,,,"75.0",,"39.4",,,,,,,,,,,,,,,,,
"1","시흥","어르신","일반","70","관리자","3등급","20250224","M","157.2","56.5","25","73","82","143","28","32.7",,,"1.4",,,,,,"22.9",,,,,"23",,"121","4.69","19.72","57.9",,,,,,,,,,,,,,,,,,,"32.7"
"2","성남","어르신","일반","65","관리자","2등급","20250224","F","156.0","40.8","20.2",,"71","122","21.6","22.2",,,"20.4",,,,,,"16.8",,,,,"24",,"106","5.25","21.78","54.4",,,,,,,,,,,,,,,,,,,"22.2"
"4","성동","어르신","일반","65","관리자","3등급","20250224","F","145.4","51.4","45",,"69","122","21.9","21.4",,,"14.4",,,,,,"24.3",,,,,"23",,"123","5.51","20.9","42.6",,,,,,,,,,,,,,,,,,,"21.9"
"1","사상","성인","일반","27","관리자","참가","20250224","M","171.9","88.9","32.1","93.2","83","143","49.4","59.6",,,"5.8",,,,,,"30.1","46","31",,"224",,,,,,"67.0",,"37.1",,,,,,,,,,"0.359",,,,,,,
"2","사상","성인","일반","43","관리자","참가","20250224","M","172.3","77","24.2","91.6","76","148","56","54.4",,,"6.3",,,,,,"25.9","31","35",,"193",,,,,,"72.7",,"38.4",,,,,,,,,,"0.326",,,,,,,
"2","부천","어르신","일반","69","관리자","2등급","20250224","M","169.5","59.3","15.3",,"90","146","39.2","38.6",,,"10.2",,,,,,"20.6",,,,,"32",,"138","4.15","16.66","66.1",,,,,,,,,,,,,,,,,,,"39.2"
"1","부천","성인","일반","59","관리자","3등급","20250224","F","160.5","46.2","17.9",,"89","152","22.7","23.3",,,"13.0",,,,,,"17.9","14",,,,,,,,,"50.4",,,,,,,,"114","33.7",,,"0.389","0.365",,,,,,
"6","광주","어르신","일반","69","관리자","1등급","20250224","M","174.7","70.2","16.9",,"79","122","39.4","40.3",,,"12.9",,,,,,"23.0",,,,,"29",,"135","4.11","16.90","57.4",,,,,,,,,,,,,,,,,,,"40.3"
"4","수원","어르신","일반","79","관리자","3등급","20250224","M","165.6","67.7","23.7","88","66","155","23.9","28.4",,,"19.6",,,,,,"24.7",,,,,"20",,"102","6","25.1","41.9",,,,,,,,,,,,,,,,,,,"28.4"
"6","광주","어르신","일반","69","관리자","참가","20250224","F","157.8","54.3","30.6",,"80","154","23.9","28.8",,,"7.9",,,,,,"21.8",,,,,"26",,"108","4.69","17.93","53.0",,,,,,,,,,,,,,,,,,,"28.8"
"1","서대문","성인","일반","50","관리자","참가","20250224","M","173.1","80.2","30.1",,"92","153","44","49.9",,,"-1.6",,,,,,"26.8","32",,,,,,,,,"62.2",,,"85","117","137",,"36.5",,,,,"0.328","0.437",,,,,,
"1","춘천","성인","일반","45","관리자","3등급","20250224","M","170.7","78.2","23.9","90.8","81","136","46.9","51.2",,,"6.5",,,,,,"26.8","59","29",,"205",,,,,,"65.5",,"36.7",,,,,,,,,,"0.356",,,,,,,
"8","동구(광주)","어르신","일반","69","관리자","참가","20250224","M","163.4","55.2","16.8","75","70","147","30.3","31.4",,,"15.2",,,,,,"20.7",,,,,"13",,"112","6.64","38.77","56.9",,,,,,,,,,,,,,,,,,,"31.4"
"2","보은","성인","일반","56","관리자","참가","20250224","F","155","45.8","37.7",,"81","140","7","6",,,"7.6",,,,,,"19.1","0","2",,"61",,,,,,"15.3",,"28.1",,,,,,,,,,"0.625",,,,,,,
"2","광주","어르신","일반","68","관리자","3등급","20250224","M","169.6","77.3","28.5",,"83","153","37.6","34.7",,,"18",,,,,,"26.9",,,,,"28",,"125","5.81","21.89","48.6",,,,,,,,,,,,,,,,,,,"37.6"
"2","성남","어르신","일반","70","관리자","3등급","20250224","F","155.7","57.8","38.7",,"82","145","18.5","19.4",,,"19.6",,,,,,"23.8",,,,,"17",,"105","5.90","24.49","33.6",,,,,,,,,,,,,,,,,,,"19.4"
"1","사상","성인","일반","39","관리자","3등급","20250224","M","181.5","81.9","25.3","91.3","91","143","49.4","60.8",,,"16.6",,,,,,"24.9","39","32",,"193",,,,,,"74.2",,"37.1",,,,,,,,,,"0.331",,,,,,,
"2","군산","성인","일반","45","관리자","1등급","20250224","M","172.5","77.3","21.2","85","81","150","38.9","53.9",,,"20.4",,,,,,"26.0","49",,"11.73",,,,,,,"69.7",,,"83","107","125","142","41.6",,,,,,"0.595",,,,,,
"4","사상","성인","일반","44","관리자","1등급","20250224","M","164","68.2","17.5","71.5","86","145","48.8","49.4",,,"16.9",,,,,,"25.4","54","49",,"220",,,,,,"72.4",,"43.1",,,,,,,,,,"0.349",,,,,,,
"1","안산","어르신","일반","73","관리자","2등급","20250224","F","153.8","59.6","41.4","83","93","156","25.2","28.7",,,"14.7",,,,,,"25.2",,,,,"30",,"118","5.3","22.3","48.2",,,,,,,,,,,,,,,,,,,"28.7"
"7","KSPO대구","성인","일반","22","관리자","2등급","20250224","F","163.7","54.1","30.2","71","77","118","22.7","30.2",,,"21.6",,,,,,"20.2","36",,,"143",,,,,,"55.8",,,"99","129","164",,"36.3",,,,,"0.267",,,,,,,
"3","KSPO송파별관(어르신)","어르신","일반","85","관리자","2등급","20250224","M","162.1","67.2","26.7",,"71","157","27.1","27.7",,,"3",,,,,,"25.6",,,,,"32",,"88","5.25","21.16","41.2",,,,,,,,,,,,,,,,,,,"27.7"
"1","강북","성인","일반","50","관리자","3등급","20250224","F","161.9","64.60","31.2","84.4","99","144","24.6","23.7",,,"19.4",,,,,,"24.6","18",,,"130",,,,,,"38.1",,,"72","93","125",,"33.3",,,,,"0.403",,,,,,,
"1","창원","성인","일반","43","관리자","1등급","20250224","F","161.3","58.7","33.9","75","80","114","30.1","33.5",,,"19.3",,,,,,"22.6","50",,"11.66","165",,,,,,"57.1",,,,,,,,"85","37.2",,,,,,,,,,
"1","양평","성인","일반","27","관리자","3등급","20250224","M","172.2","78.7","21.6",,"86","134","49.6","54.4",,,"6.5",,,,,,"26.5","44",,,,,,,,,"69.1",,,,,,,,"87","47.0",,,"0.342","0.599",,,,,,
"11","KSPO송파별관(어르신)","어르신","일반","75","관리자","3등급","20250224","M","163.1","68.7","35",,"85","157","28.5","28.5",,,"3",,,,,,"25.8",,,,,"19",,"120","5.03","20.73","41.5",,,,,,,,,,,,,,,,,,,"28.5"
"1","창원","성인","일반","19","관리자","참가","20250224","M","172.9","77.2","20.9","82","92","143","26.3","31.2",,,"6.4",,,,,,"25.8","52",,,"235",,,,,,"40.4",,,,,,,,"99","47.5",,,"0.173",,,,,,,
"2","KSPO송파","성인","일반","24","관리자","참가","20250224","M","185.4","83.9","16.4","79.7","83","133","53.1","50.3",,,"5",,,,,,"24.4","51","50",,,,,,,,"63.3",,"42.2",,,,,,,,,,"0.337","0.646",,,,,,
"1","KSPO송파","성인","일반","25","관리자","3등급","20250224","M","178.4","73.1","16.9","75.9","66","122","41.7","42.2",,,"13.7",,,,,,"23.0","39","36",,,,,,,,"57.7",,"40.6",,,,,,,,,,"0.342","0.608",,,,,,
"1","연제","성인","출장","51","관리자","2등급","20250224","F","160.9","58.3","35.2",,"88","129","22.8","29.3",,,"20.1",,,,,,"22.5","20",,,"145",,,,,,"50.3",,,,,,,,"114","32.3",,,"0.426",,,,,,,
"1","나주","성인","일반","60","관리자","참가","20250224","F","161","80.4","39.6","102","92","159","29.7","31",,,"18.1",,,,,,"31.0","0","10",,"107",,,,,,"38.6",,"25.0",,,,,,,,,,"0.398",,,,,,,
"2","서대문","성인","일반","19","관리자","2등급","20250224","M","176.1","66.4","13.7",,"80","120","39.1","41.7",,,"13.2",,,,,,"21.4","48",,"9.27","198",,,,,,"62.8",,,,,,,,"112","48.3",,,,,,,,,,
"2","화성","성인","일반","64","관리자","참가","20250224","F","142.9","51.6","38.8",,"84","112","22.1","23.8",,,"10.6",,,,,,"25.3","0",,,"122",,,,,,"46.1",,,"64","124","154",,"30.2",,,,,"0.406",,,,,,,
"1","서대문","성인","일반","26","관리자","3등급","20250224","M","187.4","73.6","14.4",,"91","131","47.4","46.7",,,"17.0",,,,,,"21.0","38",,"10.36","216",,,,,,"64.4",,,,,,,,"138","42.0",,,,,,,,,,
"1","연제","어르신","출장","67","관리자","참가","20250224","M","170.4","83.7","34",,"76","121","28.2","33.4",,,"-5.8",,,,,,"28.8",,,,,"20",,"100","5.0","21.0","39.9",,,,,,,,,,,,,,,,,,,"33.4"
"3","화성","어르신","일반","68","관리자","2등급","20250224","M","166.8","76.3","29",,"85","143","37","39.5",,,"15.1",,,,,,"27.4",,,,,"33",,"127","4.10","17.69","51.8",,,,,,,,,,,,,,,,,,,"39.5"
"1","연제","어르신","출장","65","관리자","참가","20250224","F","160.1","63.7","28.8",,"79","133","23.8","24.6",,,"9",,,,,,"24.9",,,,,"19",,"105","4.9","21.6","38.6",,,,,,,,,,,,,,,,,,,"24.6"
"2","연제","어르신","출장","73","관리자","3등급","20250224","M","159.9","55.4","26.4",,"90","131","32.5","32.3",,,"3.0",,,,,,"21.7",,,,,"23",,"101","5.1","22.9","58.7",,,,,,,,,,,,,,,,,,,"32.5"
"3","성동","성인","일반","41","관리자","참가","20250224","F","166.3","101","44.2",,"91","157","29.9","31.3",,,"7.1",,,,,,"36.5","15",,,,,,,,,"31.0",,,,,,,,"85","27.7",,,"0.41","0.377",,,,,,
"2","부천","어르신","일반","66","관리자","3등급","20250224","M","165.2","61.7","24.9",,"83","123","28.1","30.5",,,"7.9",,,,,,"22.4",,,,,"26",,"122","4.15","17.53","49.4",,,,,,,,,,,,,,,,,,,"30.5"
"1","원주","성인","일반","30","관리자","2등급","20250224","M","179.4","75.8","16.2","87","78","131","45.5","46.4",,,"12.2",,,,,,"23.6","51","40",,,,,,,,"61.2",,"40.7",,,,,,,,,,"0.333","0.601",,,,,,
"1","성동","성인","일반","42","관리자","3등급","20250224","M","167.2","73.9","23.5",,"65","112","47","48.3",,,"4.9",,,,,,"26.4","39",,,,,,,,,"65.4",,,,,,,,"107","41.0",,,"0.389","0.564",,,,,,
"1","성남","성인","일반","27","관리자","참가","20250224","F","166.7","51.0","25.3",,"81","118","25.1","23.5",,,"6.0",,,,,,"18.4","21","12",,"142",,,,,,"49.2",,"31.7",,,,,,,,,,"0.398",,,,,,,
"3","성동","성인","일반","61","관리자","3등급","20250224","F","157","55.9","30.8",,"87","146","0","27.3",,,"17.9",,,,,,"22.7","26",,,,,,,,,"48.8",,,,,,,,"130","28.7",,,"0.325","0.402",,,,,,
"8","KSPO송파별관(어르신)","어르신","일반","81","관리자","참가","20250224","M","164.4","72.5","34.7",,"77","151","32.5","34.9",,,"-10",,,,,,"26.8",,,,,"18",,"106","7.07","28.13","48.1",,,,,,,,,,,,,,,,,,,"34.9"
"1","군산","성인","일반","61","관리자","참가","20250224","F","153.6","52.1","33.2","72","61","119","18.1","17.4",,,"15.6",,,,,,"22.1","4","8",,"95",,,,,,"34.7",,"28.7",,,,,,,,,,"0.381",,,,,,,
"1","미추홀","성인","일반","24","관리자","3등급","20250224","M","181.5","59.8","13.3","74.7","80","138","36.9","45.6",,,"9.4",,,,,,"18.2","54",,,,,,,,,"76.3",,,,,,,,"86","52.8",,,"0.359","0.544",,,,,,
"1","사천","성인","일반","50","관리자","참가","20250224","M","168.5","80.7","29.3","93.3","92","140","38.7","39.7",,,"13",,,,,,"28.4","10",,,,,,,,,"49.2",,,,,,,,"120","35.7",,,"0.506","0.452",,,,,,
"2","스포원(금정)","어르신","일반","72","관리자","2등급","20250224","M","166","60.4","17.6",,"82","158","36.1","38.7",,,"12.9",,,,,,"21.9",,,,,"22",,"114","5.4","22.8","64.1",,,,,,,,,,,,,,,,,,,"38.7"
"1","사천","성인","일반","29","관리자","2등급","20250224","M","179.6","85","19","91.9","89","126","52.1","55.4",,,"23.8",,,,,,"26.4","47",,,"230",,,,,,"65.2",,,"71","116","123","148","46.5",,,,,"0.340",,,,,,,
"1","스포원(금정)","성인","일반","25","관리자","3등급","20250224","M","174","68","22.6",,"58","129","41.2","45.5",,,"8.5",,,,,,"22.5","39",,,"213",,,,,,"66.9",,,"87","103","131","107","53.0",,,,,"0.374",,,,,,,
"1","안동","성인","일반","53","관리자","참가","20250224","M","176.9","81.5","25.9","92","72","112","38.5","44.4",,,"1",,,,,,"26.0","31","18",,"197",,,,,,"54.5",,"32.9",,,,,,,,,,"0.328",,,,,,,
"1","구미","성인","일반","20","관리자","참가","20250224","M","170.2","56.4","20.4","75.5","78","120","29.5","33.8",,,"6.3",,,,,,"19.5","26",,,,,,,,,"59.9",,,,,,,,"141","45.5",,,"0.309","0.561",,,,,,
"1","영암","성인","일반","24","관리자","참가","20250224","M","173.3","75.1","17.1",,"77","133","43.4","48.6",,,"19.5",,,,,,"25.0","41",,"10.86",,,,,,,"64.7",,,,,,,,"93","47.7",,,,"0.576",,,,,,
"1","북구(광주)","성인","일반","21","관리자","2등급","20250224","F","168.2","55.0","30.4","76.2","68","102","27.6","30.0",,,"23.6",,,,,,"19.4","33",,,"181",,,,,,"54.5",,,"128","157","178",,"35.7",,,,,"0.454",,,,,,,
"2","마포","성인","일반","22","관리자","3등급","20250224","F","165","53.4","24.9","66","72","116","28.6","30.9",,,"23.5",,,,,,"19.6","23",,,"178",,,,,,"57.9",,,,,,,,"116","39.0",,,"0.389",,,,,,,
"1","마포","성인","일반","34","관리자","3등급","20250224","F","158","48.8","22.5",,"73","123","22.9","25.2",,,"12.9",,,,,,"19.5","31",,,"152",,,,,,"51.6",,,,,,,,"99","39.3",,,"0.336",,,,,,,
"2","안산","성인","일반","29","관리자","2등급","20250224","M","178.6","79.6","18.2","78","78","140","49.7","51.5",,,"14.1",,,,,,"25.0","56","54","9.78","230",,,,,,"64.7",,"43.5",,,,,,,,,,,,,,,,,
"1","연제","어르신","출장","69","관리자","참가","20250224","F","166.9","71.8","37.8",,"82","129","20.9","23.1",,,"17.2",,,,,,"25.8",,,,,"15",,"92","5.5","22.9","32.2",,,,,,,,,,,,,,,,,,,"23.1"
"6","사천","성인","일반","29","관리자","2등급","20250224","F","162.3","46.9","21.2","69.8","78","117","24.4","27.2",,,"27.5",,,,,,"17.8","31",,"12.68",,,,,,,"58.0",,,,,,,,"118","38.8",,,,"0.452",,,,,,
"5","창원","어르신","일반","69","관리자","3등급","20250224","M","166.9","59.2","35.2","79","90","159","30.7","32.3",,,"6.8",,,,,,"21.3",,,,,"21",,"122","6.207","25.253","54.6",,,,,,,,,,,,,,,,,,,"32.3"
"1","곡성","성인","일반","52","관리자","참가","20250224","M","165.1","66.5","21","77.1","55","105","29.3","34.4",,,"2.1",,,,,,"24.4","25",,,"173",,,,,,"51.7",,,"80","102","110","150","42.0",,,,,"0.455",,,,,,,
"1","창원","성인","일반","55","관리자","2등급","20250224","F","164.4","67.4","32.3","83","98","155","30.3","30.1",,,"17",,,,,,"24.9","40",,"12.88","172",,,,,,"45.0",,,,,,,,"76","34.3",,,,,,,,,,
"1","곡성","성인","일반","50","관리자","3등급","20250224","F","156","43.9","21.6","66.2","49","100","21.8","22",,,"14.1",,,,,,"18.0","13",,,"152",,,,,,"50.1",,,,,,,,"108","36.2",,,"0.426",,,,,,,
"1","세종","성인","일반","59","관리자","2등급","20250224","M","163.6","67.1","21.6","82.4","88","149","40.1","40.9",,,"9.8",,,,,,"25.1","35","36",,"184",,,,,,"61.0",,"39.0",,,,,,,,,,"0.419",,,,,,,
"1","사천","성인","일반","29","관리자","참가","20250224","F","154.1","61","44.3","85.7","59","114","15.5","18.8",,,"24.3",,,,,,"25.7","11",,,,,,,,,"30.8",,,,,,,,"137","32.2",,,"0.321","0.390",,,,,,
"2","강북","성인","일반","54","관리자","참가","20250224","F","164","67.2","35","79.7","97","142","29.2","32.6",,,"14.7",,,,,,"25.0","11",,,"127",,,,,,"48.5",,,"71","97","126",,"32.3",,,,,"0.401",,,,,,,
"1","광주","성인","일반","62","관리자","2등급","20250224","M","171.4","63","17.2",,"89","136","48.6","45.3",,,"9.5",,,,,,"21.4","38","31",,"190",,,,,,"77.1",,"38.0",,,,,,,,,,"0.464",,,,,,,
"6","KSPO대구","성인","일반","25","관리자","참가","20250224","F","173.5","58.4","18.8","66","75","120","23.4","26.3",,,"8.3",,,,,,"19.4","6",,,"136",,,,,,"45.0",,,,,,,,"73","43.3",,,"0.420",,,,,,,
"1","광주","성인","일반","26","관리자","참가","20250224","M","171.3","73.8","26.6",,"82","124","40.9","41.1",,,"13.6",,,,,,"25.2","39","34",,"194",,,,,,"55.7",,"40.1",,,,,,,,,,"0.405",,,,,,,
"2","서구(대전)","성인","일반","62","관리자","참가","20250224","F","151.7","62.2","40.7",,"64","136","21.7","24.1",,,"24.9",,,,,,"27.0","10",,,"120",,,,,,"38.7",,,,,,,,"129","26.5",,,"0.366",,,,,,,
"11","계룡","성인","일반","39","관리자","참가","20250224","M","168.8","72.9","35.9",,"92","153","32.1","32.5",,,"15.1",,,,,,"25.6","42",,,,,,,,,"44.6",,,,,,,,"136","37.8",,,"0.349","0.408",,,,,,
"2","포천","성인","일반","63","관리자","참가","20250224","M","163.4","70.7","31.7","86","94","158","31.4","34.3",,,"14.1",,,,,,"26.5","12","8",,"146",,,,,,"48.5",,"31.6",,,,,,,,,,"0.404",,,,,,,
"3","서대문","성인","일반","24","관리자","1등급","20250224","F","163.4","46.2","19.6",,"86","130","25.6","27.6",,,"20.9",,,,,,"17.3","38",,,"168",,,,,,"59.7",,,,,,,,"118","40.0",,,"0.307",,,,,,,
"1","양평","성인","일반","60","관리자","3등급","20250224","M","160.4","61.7","27.6",,"73","152","35.9","38.6",,,"7.2",,,,,,"24.0","19",,"12.69","142",,,,,,"62.6",,,,,,,,"132","35.1",,,,,,,,,,
"7","부천","어르신","일반","67","관리자","1등급","20250224","M","172.9","60.6","8.7",,"82","132","41.2","45.9",,,"19.9",,,,,,"20.3",,,,,"36",,"157","3.69","15.88","75.7",,,,,,,,,,,,,,,,,,,"45.9"
"1","KSPO송파별관(어르신)","어르신","일반","68","관리자","2등급","20250224","F","152.8","44","24.2",,"76","130","24.5","23.3",,,"18.3",,,,,,"18.8",,,,,"32",,"135","4.25","17.57","55.7",,,,,,,,,,,,,,,,,,,"24.5"
"6","안산","어르신","일반","67","관리자","3등급","20250224","F","155.2","57","31.8","80","73","156","23.1","29.6",,,"13.1",,,,,,"23.7",,,,,"29",,"103","4.75","20.57","51.9",,,,,,,,,,,,,,,,,,,"29.6"
"1","동구(광주)","성인","일반","28","관리자","참가","20250224","M","173.2","66.3","24","81","83","124","29.9","29.9",,,"-19.2",,,,,,"22.1","22",,,"185",,,,,,"45.1",,,,,,,,"121","44.5",,,"0.36",,,,,,,
"7","서구(광주)","성인","일반","60","관리자","참가","20250224","F","160.3","58.7","33.4","85","71","136","21.3","17.7",,,"3.5",,,,,,"22.8","4","9","16.37",,,,,,,"36.3",,"28.1",,,,,,,,,,,"0.366",,,,,,
"5","마포","어르신","일반","73","관리자","2등급","20250224","M","176.8","90.9","30.8","103","85","152","51.9","50.5",,,"4.8",,,,,,"29.1",,,,,"24",,"117","4.49","17.98","57.1",,,,,,,,,,,,,,,,,,,"51.9"
"3","마포","어르신","일반","78","관리자","3등급","20250224","M","173.2","70.8","25","90","77","157","48.5","48.8",,,"-1.5",,,,,,"23.6",,,,,"24",,"137","4.21","17.07","68.9",,,,,,,,,,,,,,,,,,,"48.8"
"1","군산","성인","일반","31","관리자","참가","20250224","M","171.4","94.1","38.9","103","95","151","27.6","32",,,"8.5",,,,,,"32.0","27",,,,,,,,,"34.0",,,,,,,,"140","34.7",,,"0.435","0.510",,,,,,
"4","창원","성인","일반","23","관리자","1등급","20250224","F","163.2","50.5","29","63","70","121","21.1","24.1",,,"22.8",,,,,,"19.0","41",,,"171",,,,,,"47.7",,,,,,,,"98","41.5",,,"0.338",,,,,,,
"2","화성","성인","일반","24","관리자","참가","20250224","F","172.7","59.2","33.4",,"61","109","25.7","24.5",,,"17.4",,,,,,"19.8","19",,,"106",,,,,,"43.4",,,"73","148","88",,"52.3",,,,,"0.390",,,,,,,
"3","강북","성인","일반","55","관리자","3등급","20250224","F","159.6","60.70","29.6","79","98","159","22.3","21",,,"17.2",,,,,,"23.8","17",,,"111",,,,,,"36.7",,,,,,,,"119","30.2",,,"0.415",,,,,,,
"2","서구(광주)","성인","일반","54","관리자","참가","20250224","F","156.9","52.8","28.2","75.8","83","133","21.9","21.7",,,"-1.2",,,,,,"21.4","9","7","17.87",,,,,,,"41.5",,"28.7",,,,,,,,,,,"0.368",,,,,,
"5","화성","어르신","일반","65","관리자","1등급","20250224","M","160.5","58.1","24.2",,"81","148","38.5","36.2",,,"13.1",,,,,,"22.6",,,,,"35",,"125","4.25","17.53","66.3",,,,,,,,,,,,,,,,,,,"38.5"
"1","강북","어르신","일반","70","관리자","참가","20250224","M","163.0","54.20","13.0","73.2","77","153","33","38.8",,,"9.2",,,,,,"20.4",,,,,"22",,"114","5.3",,"71.6",,,,,,,,,,,,,,,,,,,"38.8"
"1","나주","성인","일반","41","관리자","참가","20250224","M","177.4","71.5","19.3","83.8","84","127","36.3","39.6",,,"2.9",,,,,,"22.7","31","26",,"211",,,,,,"55.4",,"37.2",,,,,,,,,,"0.310",,,,,,,
"1","서구(대전)","성인","일반","26","관리자","참가","20250224","M","172.4","100.8","39.5",,"75","126","39","44.1",,,"2.1",,,,,,"33.9","25",,,,,,,,,"43.8",,,,,,,,"144","33.9",,,"0.284","0.514",,,,,,
"1","나주","성인","일반","42","관리자","참가","20250224","F","170.1","60.1","24.6","78","62","127","25.9","25.7",,,"-2",,,,,,"20.8","25","12",,"146",,,,,,"43.1",,"29.7",,,,,,,,,,"0.379",,,,,,,
"1","춘천","성인","일반","55","관리자","2등급","20250224","F","158.8","53.6","28.5","74.1","82","130","29.4","29.3",,,"20.8",,,,,,"21.3","19","18","14.67","143",,,,,,"54.9",,"31.9",,,,,,,,,,,,,,,,,
"3","KSPO아산","성인","일반","61","관리자","3등급","20250224","F","156.2","52.8","34.3","87.5","82","159","24.5","26.7",,,"14.1",,,,,,"21.6","18","9",,"129",,,,,,"50.6",,"29.0",,,,,,,,,,"0.393",,,,,,,
"2","스포원(금정)","성인","일반","29","관리자","참가","20250224","M","174.4","71.5","24.8",,"71","130","44.3","45.4",,,"-17.9",,,,,,"23.5","45",,,,,,,,,"63.5",,,,,,,,"132","41.6",,,"0.369","0.552",,,,,,
"1","성동","성인","일반","62","관리자","참가","20250224","F","150.4","51.5","26.7",,"74","129","31.5","33.2",,,"11.6",,,,,,"22.8","23",,,,,,,,,"64.5",,,,,,,,"97","33.0",,,"0.335","0.415",,,,,,
"1","달서","성인","일반","21","관리자","참가","20250224","F","163.3","61.94","31.4","80.5","84","129","20.7","22.4",,,"8.1",,,,,,"23.2","25",,,"119",,,,,,"36.2",,,,,,,,"126","35.7",,,"0.384",,,,,,,
"2","성동","성인","일반","55","관리자","참가","20250224","F","163.8","62.6","31",,"82","117","18.4","20.7",,,"14.1",,,,,,"23.3","16",,,,,,,,,"33.1",,,,,,,,"80","34.9",,,"0.336","0.34",,,,,,
"4","성남","성인","일반","35","관리자","참가","20250224","M","177.9","71.4","20.3",,"79","143","34.4","32.1",,,"2.0",,,,,,"22.6","33","26",,"181",,,,,,"48.2",,"37.7",,,,,,,,,,"0.373",,,,,,,
"2","KSPO송파","성인","일반","20","관리자","3등급","20250224","M","180.4","79.2","19","75.3","86","134","42.2","43.1",,,"17.8",,,,,,"24.3","58",,,,,,,,,"54.4",,,"99","124","144","165","44.3",,,,,"0.319","0.605",,,,,,
"1","스포원(금정)","성인","일반","53","관리자","3등급","20250224","F","168.8","66.9","30.6",,"84","140","31.4","30.7",,,"20.4",,,,,,"23.5","16",,,"133",,,,,,"46.9",,,,,,,,"118","30.1",,,"0.348",,,,,,,
"1","북구(광주)","성인","일반","33","관리자","2등급","20250224","F","169.2","55.3","20.9","63.0","77","127","29.3","27.9",,,"21.3",,,,,,"19.3","35",,,,,,,,,"53.0",,,,,,,,"112","37.4",,,"0.415","0.460",,,,,,
"1","KSPO송파","성인","일반","54","관리자","참가","20250224","M","182.1","94.8","29.2","93","95","144","46.6","49.4",,,"6.6",,,,,,"28.6","28",,,,,,,,,"52.1",,,,,,,,"96","36.2",,,"0.307","0.503",,,,,,
"1","성남","성인","일반","35","관리자","참가","20250224","M","172.3","75.0","28.7",,"90","138","37.2","40.6",,,"-17.9",,,,,,"25.3","20","17",,"177",,,,,,"54.1",,"35.2",,,,,,,,,,"0.356",,,,,,,
"1","창원마산회원","성인","일반","27","관리자","참가","20250224","M","166.8","64.3","24.8","81.5","84","136","38.1","43.9",,,"-17.1",,,,,,"23.1","34","14","11.83","197",,,,,,"68.3",,"36.8",,,,,,,,,,,,,,,,,
"1","경산","성인","일반","60","관리자","참가","20250224","M","177.4","82.2","26.9","91","75","129","46.9","44.3",,,"20.4",,,,,,"26.1","28","17",,"178",,,,,,"57.1",,"32.0",,,,,,,,,,"0.391",,,,,,,
"1","나주","성인","일반","61","관리자","참가","20250224","F","150.5","59.2","36.2","82.7","82","138","28","29.5",,,"16.6",,,,,,"26.1","12",,,"134",,,,,,"49.8",,,,,,,,"136","26.5",,,"0.407",,,,,,,
"1","수원","성인","일반","19","관리자","1등급","20250224","M","174.9","75.3","14.9","77","77","129","47.5","49.8",,,"16.3",,,,,,"24.6","55",,,,,,,,,"66.1",,,,,,,,"98","48.3",,,"0.322","0.628",,,,,,
"2","양평","성인","일반","21","관리자","3등급","20250224","M","162.7","58.9","18.9",,"91","134","30.7","33.2",,,"14.8",,,,,,"22.3","51",,"10.8",,,,,,,"56.4",,,,,,,,"123","46.8",,,,"0.570",,,,,,
"2","안동","성인","일반","29","관리자","참가","20250224","M","185.1","90","19.9","87","82","147","50.9","63.8",,,"18.7",,,,,,"26.3","53","25",,"241",,,,,,"70.9",,"35.1",,,,,,,,,,"0.340",,,,,,,
"2","삼척","성인","일반","42","관리자","참가","20250224","F","162.3","53.2","30.5",,"76","116","29.9","29.1",,,"8.7",,,,,,"20.2","31",,,,,,,,,"56.2",,,"73","105","130",,"37.8",,,,,"0.406","0.432",,,,,,
"5","안동","성인","일반","29","관리자","참가","20250224","M","173.4","71.1","22.1","79","80","140","46.8","50.3",,,"20.2",,,,,,"23.6","41","25","14.09","229",,,,,,"70.7",,"38.1",,,,,,,,,,,,,,,,,
"1","수원","청소년","일반","18","관리자","1등급","20250224","M","176.8","63.9","11.5","70","66","111","36.1","45.8",,"61","15.6","17.9","0.616","38.127","14","38.771","20.4",,,,,,,,,,"71.7",,,"100","110","123",,"51.5",,,,,,,,,,,,
"2","포항","성인","일반","26","관리자","참가","20250224","M","173","65.7","19.8",,"84","120","38.5","40.9",,,"10.9",,,,,,"22.0","37","43","10.72","218",,,,,,"62.3",,"43.3",,,,,,,,,,,,,,,,,
"1","북구(광주)","성인","일반","53","관리자","참가","20250224","F","153.4","55.8","32.0","75.8","68","118","22.5","26.9",,,"8.1",,,,,,"23.7","24",,"13.60","154",,,,,,"48.2",,,"86","112","141",,"32.5",,,,,,,,,,,,
"7","정읍","성인","일반","49","관리자","참가","20250224","F","155.3","71.2","38.4",,"82","159","26","28",,,"18.5",,,,,,"29.5","8",,,"125",,,,,,"39.3",,,"86","132","157",,"28.4",,,,,"0.351",,,,,,,
"2","삼척","청소년","일반","13","관리자","1등급","20250224","F","157.2","38.3","18.7",,"56","100","28.9","28.2","60",,"21.4","20.32","0.560","55.646","17","56.428","15.5",,,,,,,,,,"75.5",,,"88","143","168",,"38.7",,,,,,,,,,,,
"5","안산","성인","일반","31","관리자","참가","20250224","M","168.8","74.5","27.6","80.5","87","141","47","44.7",,,"9.5",,,,,,"26.1","55","21",,"215",,,,,,"63.1",,"36.6",,,,,,,,,,"0.355",,,,,,,
"1","양평","성인","일반","31","관리자","3등급","20250224","M","187.5","92.6","20.1",,"99","148","55.8","51.5",,,"7.4",,,,,,"26.3","59","34",,"221",,,,,,"60.3",,"36.6",,,,,,,,,,"0.329",,,,,,,
"3","KSPO대구","성인","일반","27","관리자","참가","20250224","F","171.9","65.1","27.5","73","77","117","23.8","24.2",,,"20.8",,,,,,"22.0","22",,,"158",,,,,,"37.2",,,,,,,,"114","36.1",,,"0.348",,,,,,,
"1","구미","성인","일반","53","관리자","참가","20250224","F","168.4","58.5","24.7","78.7","94","142","28","30",,,"8.8",,,,,,"20.6","11",,,,,,,,,"51.3",,,"67","96","112",,"37.8",,,,,"0.487","0.415",,,,,,
"1","수원","청소년","일반","18","관리자","2등급","20250224","M","180.9","83.8","19.2","82","90","142","49","56",,"59","9.8","19.5","0.541","44.966","10","45.426","25.6",,,,,,,,,,"66.8",,,"100","108","118",,"48.6",,,,,,,,,,,,
"1","구미","성인","일반","27","관리자","참가","20250224","F","165.5","51.1","30.9","72.4","76","133","22.4","26.4",,,"0.4",,,,,,"18.7","27",,,"167",,,,,,"51.7",,,"74","110","123",,"43.1",,,,,"0.476",,,,,,,
"1","수원","청소년","일반","18","관리자","2등급","20250224","M","177.1","81.5","20.2","86","94","143","45","46",,"57","12.5","18.8","0.581","36.634","4","36.818","26.0",,,,,,,,,,"56.4",,,"100","111","123",,"47.6",,,,,,,,,,,,
"1","서대문","성인","일반","61","관리자","2등급","20250224","M","163.1","65.5","23.3",,"91","147","32.3","36.9",,,"21.3",,,,,,"24.6","40",,,,,,,,,"56.3",,,,,,,,"106","38.0",,,"0.368","0.476",,,,,,
"1","서대문","성인","일반","19","관리자","3등급","20250224","M","180.2","72.9","13.6",,"79","153","41","42.7",,,"6.7",,,,,,"22.5","62","42","9.50",,,,,,,"58.6",,"42.4",,,,,,,,,,,"0.577",,,,,,
"14","구미","성인","일반","41","관리자","3등급","20250224","M","171","64.1","21.9","81.6","81","131","34.4","36.2",,,"6.6",,,,,,"21.9","38","52",,"217",,,,,,"56.5",,"44.5",,,,,,,,,,"0.385",,,,,,,
"1","중구(서울)","성인","일반","26","관리자","참가","20250224","F","162.6","51","23.7","65","64","126","27.5","30.7",,,"0.1",,,,,,"19.3","18",,,,,,,,,"60.2",,,,,,,,"124","37.6",,,"0.340","0.429",,,,,,
"1","사상","성인","일반","41","관리자","참가","20250224","M","172.5","67.4","27","81","102","154","44.6","45.1",,,"21.2",,,,,,"22.7","45","21",,"190",,,,,,"66.9",,"36.7",,,,,,,,,,"0.327",,,,,,,
"2","사상","성인","일반","53","관리자","3등급","20250224","M","170.7","76.6","21.8","83","100","158","62.3","67.2",,,"8.3",,,,,,"26.3","45","24",,"217",,,,,,"87.7",,"35.2",,,,,,,,,,"0.323",,,,,,,
"1","익산","성인","일반","23","관리자","참가","20250224","F","177.2","57.6","20.8","76","77","125","26.6","29.4",,,"9.2",,,,,,"18.3","9",,,,,,,,,"51.0",,,,,,,,"152","34.6",,,"0.403","0.438",,,,,,
"5","목포","성인","일반","64","관리자","참가","20250224","M","176.3","88.2","33","105.2","79","140","32.4","34.8",,,"-20",,,,,,"28.4","0",,,,,,,,,"39.5",,,,,,,,"122","30.9",,,"0.542","0.390",,,,,,
"4","오산","성인","일반","55","관리자","참가","20250224","F","156.5","53.6","35","79.1","76","122","27.2","29.5",,,"9.7",,,,,,"21.9","24",,"14.40","140",,,,,,"55.0",,,,,,,,"117","31.9",,,,,,,,,,
"1","오산","성인","일반","64","관리자","참가","20250224","M","177.3","68.2","26.5","87.9","87","125","37.5","38.1",,,"3",,,,,,"21.7","13",,"13.56",,,,,,,"55.9",,,"104","114","142",,"32.6",,,,,,"0.477",,,,,,
"7","오산","어르신","일반","77","관리자","1등급","20250224","M","157.2","58","30.8","82.3","85","152","30.6","32.5",,,"12.3",,,,,,"23.5",,,,,"23",,"120","5.63","21.97","56.0",,,,,,,,,,,,,,,,,,,"32.5"
"1","마포","성인","일반","32","관리자","3등급","20250224","M","176.3","71.6","19.2","76","96","144","44","43.9",,,"9.8",,,,,,"23.0","39",,,"221",,,,,,"61.5",,,,,,,,"120","42.8",,,"0.315",,,,,,,
"3","마포","성인","일반","60","관리자","3등급","20250224","F","163.1","66","24.8",,"96","150","34.3","35.4",,,"21.1",,,,,,"24.8","23",,,"153",,,,,,"53.6",,,,,,,,"117","28.5",,,"0.409",,,,,,,
"2","창원","성인","일반","47","관리자","2등급","20250224","F","163.3","65.9","25.4","75","76","146","36.1","42.1",,,"16.1",,,,,,"24.7","28",,"11.22","186",,,,,,"63.9",,,,,,,,"105","32.5",,,,,,,,,,
"1","사천","성인","일반","49","관리자","3등급","20250224","M","173.8","72.8","24.1","89","78","134","26.4","41",,,"7",,,,,,"24.1","30","44",,,,,,,,"56.3",,"40.6",,,,,,,,,,"0.330","0.465",,,,,,
"6","사천","성인","일반","21","관리자","참가","20250224","M","177.1","92.5","31.5","107.1","75","135","43.4","38.7",,,"10.5",,,,,,"29.5","52","54",,,,,,,,"46.9",,"42.3",,,,,,,,,,"0.332","0.465",,,,,,
"4","의정부","어르신","일반","80","관리자","3등급","20250224","M","174.8","61.8","26.1","88.3","71","154","26.5","31.2",,,"4",,,,,,"20.2",,,,,"14","509",,"7.58","28.18","50.5",,,,,,,,,,,,,,,,,,,"31.2"
"6","광주","어르신","일반","74","관리자","3등급","20250224","M","154.8","60.6","27.9",,"65","131","25.8","29.7",,,"2.5",,,,,,"25.3",,,,,"25",,"119","6.56","21.81","49.0",,,,,,,,,,,,,,,,,,,"29.7"
"4","광주","어르신","일반","78","관리자","2등급","20250224","M","173.6","83","24.3",,"81","147","41.9","41.4",,,"4.9",,,,,,"27.5",,,,,"29",,"120","5.18","21.65","50.5",,,,,,,,,,,,,,,,,,,"41.9"
"5","광주","어르신","일반","78","관리자","3등급","20250224","M","156.7","57.1","30.5",,"70","135","32.3","27.1",,,"8.6",,,,,,"23.3",,,,,"16",,"104","7.11","26.86","56.6",,,,,,,,,,,,,,,,,,,"32.3"
"4","신안","성인","일반","48","관리자","3등급","20250224","F","153.1","56.7","36.5","81","94","158","25.1","28.2",,,"11.2",,,,,,"24.2","16",,,,,,,,,"49.7",,,,,,,,"109","33.1",,,"0.461","0.421",,,,,,
"2","진천","어르신","일반","82","관리자","3등급","20250224","M","164.6","61.2","27.3","85.4","70","150","26.2","27.4",,,"-2.4",,,,,,"22.6",,,,,"18",,"110","6.534","23.12","44.8",,,,,,,,,,,,,,,,,,,"27.4"
"1","KSPO송파별관(어르신)","어르신","일반","83","관리자","2등급","20250224","M","161.2","64.8","25",,"72","147","33.7","33.5",,,"4.5",,,,,,"24.9",,,,,"29",,"113","5.75","21.78","52.0",,,,,,,,,,,,,,,,,,,"33.7"
"17","청주","어르신","일반","75","관리자","2등급","20250224","F","153.3","49.1","28.1","74.3","65","139","17.5","21.9",,,"12.9",,,,,,"20.9",,,,,"22",,"101","6.75","24","44.6",,,,,,,,,,,,,,,,,,,"21.9"
"6","KSPO송파별관(어르신)","어르신","일반","70","관리자","3등급","20250224","M","165","72.8","34.3",,"64","146","34.2","34.4",,,"6.2",,,,,,"26.7",,,,,"29",,"136","4.65","16.87","47.3",,,,,,,,,,,,,,,,,,,"34.4"
"1","강북","성인","일반","23","관리자","2등급","20250224","F","157.0","47.00","20.8","65.3","64","105","19.1","23.1",,,"22.1",,,,,,"19.1","30",,,"170",,,,,,"49.1",,,,,,,,"109","40.5",,,"0.267",,,,,,,
"3","오산","성인","일반","20","관리자","2등급","20250224","M","173","68.9","9","74.6","83","132","44.5","50.1",,,"21.4",,,,,,"23.0","69",,,,,,,,,"72.7",,,"99","122","136","164","47.1",,,,,"0.293","0.626",,,,,,
"1","KSPO송파","성인","일반","54","관리자","참가","20250224","M","177.2","70.7","14","77.4","80","116","42","46.4",,,"-2.7",,,,,,"22.5","10","34","11.24","202",,,,,,"65.6",,"38.1",,,,,,,,,,,,,,,,,
"2","창원","어르신","일반","71","관리자","2등급","20250224","M","170","81.9","32.9","93","83","151","36.5","39.6",,,"6.8",,,,,,"28.3",,,,,"23",,"137","5.938","23.105","48.4",,,,,,,,,,,,,,,,,,,"39.6"
"1","오산","성인","일반","43","관리자","3등급","20250224","F","155.4","56.1","28.8","76.3","91","156","23.2","29.1",,,"24.8",,,,,,"23.2","37",,,"153",,,,,,"51.9",,,,,,,,"130","31.8",,,"0.326",,,,,,,
"1","중구(서울)","성인","일반","21","관리자","참가","20250224","F","160.5","48","27.8","68","94","128","22.3","19.9",,,"-6.4",,,,,,"18.6","27","18",,"141",,,,,,"46.5",,"34.1",,,,,,,,,,"0.350",,,,,,,
"1","중구(서울)","성인","일반","26","관리자","참가","20250224","F","167.1","64.7","40.7","87","73","119","20.6","22.2",,,"4.4",,,,,,"23.2","19","13",,,,,,,,"34.3",,"29.8",,,,,,,,,,"0.426","0.365",,,,,,
"1","군산","성인","일반","54","관리자","참가","20250224","F","160.1","60.8","44.1","78","58","100","22.8","20.7",,,"15",,,,,,"23.7","0",,,"87",,,,,,"37.5",,,,,,,,"120","30.3",,,"0.400",,,,,,,
"1","삼척","성인","일반","58","관리자","3등급","20250224","F","164.5","66.2","33.6",,"64","131","32.3","32.9",,,"22.3",,,,,,"24.5","9",,,"151",,,,,,"49.7",,,"77","113","144",,"29.9",,,,,"0.412",,,,,,,
"2","서구(대전)","성인","일반","32","관리자","3등급","20250224","M","179.8","83.7","24",,"83","138","57.6","56.4",,,"15.4",,,,,,"25.9","35",,,"188",,,,,,"68.8",,,,,,,,"106","42.4",,,"0.321",,,,,,,
"1","증평","성인","일반","36","관리자","참가","20250224","F","161.6","81.2","35.4","94.8","74","127","27.9","28.9",,,"6.1",,,,,,"31.1","17",,"13.4","124",,,,,,"35.6",,,"70","122","140",,"31.5",,,,,,,,,,,,
"1","증평","성인","일반","39","관리자","3등급","20250224","M","175.8","96.1","24.2","102.3","92","138","57.1","62.6",,,"10.4",,,,,,"31.1","36",,"11.0","201",,,,,,"65.1",,,"72","105","124","154","37.5",,,,,,,,,,,,
"3","성동","성인","일반","54","관리자","참가","20250224","F","159.8","58.8","34.5",,"75","108","22.2","27.1",,,"13",,,,,,"23.0","0",,,,,,,,,"46.1",,,,,,,,"130","29.5",,,"0.344","0.39",,,,,,
"2","고양","성인","일반","26","관리자","참가","20250224","M","164","72.3","32.7",,"87","144","26.1","40.6",,,"1.2",,,,,,"26.9","41",,"10.66","203",,,,,,"56.2",,,,,,,,"157","37.7",,,,,,,,,,
"3","영주","성인","일반","46","관리자","3등급","20250224","M","170.8","70.5","23.2",,"81","128","44.2","44.1",,,"18.8",,,,,,"24.2","30",,,"185",,,,,,"62.7",,,"94","152","155","149","44.3",,,,,"0.33",,,,,,,
"5","고양","성인","일반","24","관리자","3등급","20250224","F","165.3","54","31.6",,"83","123","31.4","31.9",,,"18.4",,,,,,"19.8","26",,"13.55","98",,,,,,"59.1",,,,,,,,"136","36.1",,,,,,,,,,
"2","성동","성인","일반","64","관리자","참가","20250224","F","160.6","58.7","32.4",,"90","130","25.4","24",,,"18.3",,,,,,"22.8","8",,,,,,,,,"43.3",,,,,,,,"140","26.6",,,"0.349","0.378",,,,,,
"2","창원","성인","일반","23","관리자","참가","20250224","F","161.7","45.9","19.2","62","75","134","24.7","28",,,"8.9",,,,,,"17.6","43",,"13.03",,,,,,,"61.0",,,"93","121","149",,"40.3",,,,,,"0.452",,,,,,
"10","군산","성인","일반","36","관리자","참가","20250224","M","176.8","92.3","30.1","97","90","147","49.7","54.6",,,"10.9",,,,,,"29.5","41","28",,"198",,,,,,"59.2",,"35.0",,,,,,,,,,"0.319",,,,,,,
"1","계룡","성인","일반","51","관리자","참가","20250224","M","172.9","73.7","25.9",,"97","150","38.5","39.3",,,"3.3",,,,,,"24.7","30",,,,,,,,,"53.3",,,,,,,,"125","36.6",,,"0.377","0.461",,,,,,
"1","구미","성인","일반","20","관리자","참가","20250224","M","166.3","58.9","24.2","81.8","82","146","36.8","40.7",,,"-20",,,,,,"21.3","43","21","10.61","220",,,,,,"69.1",,"39.8",,,,,,,,,,,,,,,,,
"2","KSPO송파별관(어르신)","어르신","일반","65","관리자","1등급","20250224","M","173","62.4","18.7",,"97","155","37.7","40.5",,,"21.4",,,,,,"20.8",,,,,"27",,"130","4.4","17.41","64.9",,,,,,,,,,,,,,,,,,,"40.5"
"3","양평","성인","일반","50","관리자","3등급","20250224","F","155","54.8","31.9",,"65","152","19.7","23.7",,,"22.2",,,,,,"22.8","13",,,"120",,,,,,"43.2",,,"99","140","156",,"32.9",,,,,"0.390",,,,,,,
"1","구미","성인","일반","25","관리자","3등급","20250224","M","178.1","61.9","14.3","74.8","71","135","44.8","47.5",,,"8.8",,,,,,"19.5","52","36","11.46",,,,,,,"76.7",,"42.2",,,,,,,,,,,"0.603",,,,,,
"2","KSPO송파별관(어르신)","어르신","일반","76","관리자","2등급","20250224","M","158.1","58.2","31.5",,"95","158","34.9","32.9",,,"17",,,,,,"23.3",,,,,"38",,"120","4.8","25.17","60.0",,,,,,,,,,,,,,,,,,,"34.9"
"1","달서","성인","일반","22","관리자","참가","20250224","F","170.4","52.5","32.7","78.7","97","128","15.6","18.8",,,"3.6",,,,,,"18.1","25",,,"124",,,,,,"35.8",,,,,,,,"138","37.0",,,"0.379",,,,,,,
"2","부천","성인","일반","23","관리자","2등급","20250224","F","169.2","59.3","30.0",,"58","108","30.5","34.7",,,"22.6",,,,,,"20.7","32",,,"154",,,,,,"58.5",,,,,,,,"119","37.4",,,"0.312",,,,,,,
"1","강릉","성인","일반","20","관리자","3등급","20250224","M","173.3","61.2","8.2","71.6","92","141","44.1","45",,,"7.0",,,,,,"20.4","54",,,"229",,,,,,"73.5",,,,,,,,"109","49.4",,,"0.328",,,,,,,
"13","성남","어르신","일반","72","관리자","3등급","20250224","F","163.4","68.0","38.3",,"72","155","22.8","23.3",,,"9.7",,,,,,"25.5",,,,,"19",,"104","5.30","25.97","34.3",,,,,,,,,,,,,,,,,,,"23.3"
"1","강북","성인","일반","23","관리자","참가","20250224","F","165.3","53.40","23.9","65.5","59","105","25.8","26.2",,,"27.7",,,,,,"19.5","22",,,"176",,,,,,"49.1",,,"80","103","124",,"42.1",,,,,"0.332",,,,,,,
"6","성남","어르신","일반","78","관리자","참가","20250224","M","170.6","73.6","23.2",,"72","146","34.1","33.1",,,"-7.5",,,,,,"25.3",,,,,"18",,"110","5.54","22.62","46.3",,,,,,,,,,,,,,,,,,,"34.1"
"1","강북","성인","일반","30","관리자","2등급","20250224","F","161.0","53.20","27.4","63.5","81","118","23.5","25.2",,,"22.3",,,,,,"20.5","25",,"12.6",,,,,,,"47.4",,,,,,,,"140","34.2",,,,"0.447",,,,,,
"3","천안","성인","일반","25","관리자","1등급","20250224","F","162.2","55.5","24.4",,"80","138","22.4","28.9",,,"18.5",,,,,,"21.1","43",,"12.08","181",,,,,,"52.1",,,,,,,,"94","40.3",,,,,,,,,,
"1","천안","성인","일반","45","관리자","2등급","20250224","F","158.5","50.9","30.8",,"86","155","23.2","24.3",,,"15.6",,,,,,"20.3","35",,"14.95","142",,,,,,"47.7",,,,,,,,"96","37.2",,,,,,,,,,
"2","서구(대전)","성인","일반","29","관리자","3등급","20250224","F","160.6","51.9","29",,"86","129","23.6","27.1",,,"10.7",,,,,,"20.1","28",,,,,,,,,"52.2",,,,,,,,"133","35.6",,,"0.355","0.502",,,,,,
"1","사천","성인","일반","58","관리자","참가","20250224","M","183.1","98.6","26.8","111.5","97","159","49","50",,,"3",,,,,,"29.4","28",,,"186",,,,,,"50.7",,,,,,,,"119","31.0",,,"0.325",,,,,,,
"1","사천","성인","일반","61","관리자","2등급","20250224","F","153.2","55.2","29.2","82.3","78","130","23.5","29.7",,,"20",,,,,,"23.5","12",,,"131",,,,,,"53.8",,,,,,,,"116","30.2",,,"0.580",,,,,,,
"2","세종","성인","일반","34","관리자","3등급","20250224","F","159.6","52","21.3","71.1","61","117","24.9","27.7",,,"19.5",,,,,,"20.4","34",,,"119",,,,,,"53.3",,,,,,,,"97","38.9",,,"0.396",,,,,,,
"3","부천","성인","일반","61","관리자","참가","20250224","F","160.0","58.8","34.7",,"84","149","24.4","26.6",,,"15.1",,,,,,"23.0","4","10",,"114",,,,,,"45.2",,"28.4",,,,,,,,,,"0.548",,,,,,,
"1","사천","성인","일반","45","관리자","참가","20250224","M","172.3","84.8","31.8","104.1","78","159","40","51",,,"16",,,,,,"28.6","39",,,"208",,,,,,"60.1",,,"66","112","137","170","35.7",,,,,"0.385",,,,,,,
"1","KSPO아산","성인","일반","42","관리자","3등급","20250224","M","178","88.8","22.8","90.5","86","138","54","48.5",,,"14.8",,,,,,"28.0","39",,,"222",,,,,,"60.8",,,,,,,,"110","38.1",,,"0.358",,,,,,,
"1","사천","성인","일반","28","관리자","참가","20250224","M","178.4","103.2","27.8","112.4","80","130","59.3","63.5",,,"15.5",,,,,,"32.4","41",,,"220",,,,,,"61.5",,,,,,,,"115","37.6",,,"0.330",,,,,,,
"2","KSPO아산","성인","일반","63","관리자","참가","20250224","M","167.4","69.9","27.2","90","71","147","26.2","33.4",,,"1.4",,,,,,"24.9","22",,,"168",,,,,,"47.8",,,,,,,,"120","34.8",,,"0.391",,,,,,,
"4","서대문","성인","일반","55","관리자","2등급","20250224","F","154.1","57.6","33.9",,"76","135","25.1","26",,,"16.6",,,,,,"24.3","35",,,"150",,,,,,"45.1",,,,,,,,"88","34.2",,,"0.434",,,,,,,
"2","서대문","성인","일반","25","관리자","1등급","20250224","F","162.5","43.2","21.1",,"87","143","23","24.4",,,"19.4",,,,,,"16.4","34",,"12.19","149",,,,,,"56.5",,,,,,,,"129","39.1",,,,,,,,,,
"6","안산","성인","일반","24","관리자","3등급","20250224","F","175.1","60.9","29.6","70","80","137","29.6","30.1",,,"19.7",,,,,,"19.9","28",,"12.2",,,,,,,"49.4",,,"104","121","139",,"39.0",,,,,,"0.453",,,,,,
"1","춘천","성인","일반","58","관리자","3등급","20250224","F","158.4","59.2","33.9","81.2","76","127","28.1","28.1",,,"23.4",,,,,,"23.6","12","14","14.13",,,,,,,"47.5",,"29.6",,,,,,,,,,,"0.400",,,,,,
"4","서구(광주)","성인","일반","49","관리자","참가","20250224","F","159.4","70","37.9","93","75","113","23.3","17.7",,,"-8.8",,,,,,"27.5","4","4","18.66",,,,,,,"33.3",,"25.2",,,,,,,,,,,"0.306",,,,,,
"2","의정부","어르신","일반","73","관리자","참가","20250224","M","173.3","73.9","20.8","85.7","86","152","36.8","42.7",,,"-3.5",,,,,,"24.6",,,,,"20",,"94","5.75","23.40","57.8",,,,,,,,,,,,,,,,,,,"42.7"
"2","KSPO대구","성인","일반","25","관리자","참가","20250224","F","177.2","62.6","24.8","81","73","114","38.2","43.9",,,"15.1",,,,,,"19.9","3",,,"164",,,,,,"70.1",,,,,,,,"137","34.8",,,"0.36",,,,,,,
"1","안산","성인","일반","20","관리자","참가","20250224","M","174.1","66.1","16.2","70","36","85","34.3","41.3",,,"19.9",,,,,,"21.8","30",,"9.8","202",,,,,,"62.5",,,,,,,,"121","46.6",,,,,,,,,,
"1","KSPO대구","성인","일반","25","관리자","참가","20250224","M","169.9","51.8","4.6","70","64","135","36.5","37.9",,,"-1.8",,,,,,"17.9","46","18","11.7",,,,,,,"73.2",,"39.6",,,,,,,,,,,"0.486",,,,,,
"2","무안","성인","일반","19","관리자","참가","20250224","M","172.4","88.3","24.3","96","85","136","42.5","37.4",,,"18.2",,,,,,"29.7","47",,,,,,,,,"48.1",,,,,,,,"82","47.5",,,"0.341","0.647",,,,,,
"1","청주","성인","일반","26","관리자","참가","20250224","M","169.9","72.7","19.4","87.5","78","146","51.9","56",,,"12.6",,,,,,"25.2","30",,"10.5",,,,,,,"77.0",,,,,,,,"131","41.9",,,,"0.588",,,,,,
"2","수원","어르신","일반","67","관리자","3등급","20250224","M","173.3","75.5","20.5","89","80","143","35.8","43.2",,,"2",,,,,,"25.1",,,,,"30",,"130","4.9","21","57.2",,,,,,,,,,,,,,,,,,,"43.2"
"1","광주","성인","일반","19","관리자","참가","20250224","M","174.9","73","18.2",,"76","133","36.7","41",,,"16.4",,,,,,"23.9","40",,,"201",,,,,,"56.2",,,"94","123","134",,"47.8",,,,,"0.364",,,,,,,
"2","동구(광주)","성인","일반","63","관리자","참가","20250224","F","149.8","55.7","42.6","81","85","145","19.3","16.2",,,"13.6",,,,,,"24.8","0",,,,,,,,,"34.6",,,,,,,,"105","30.7",,,"0.412","0.278",,,,,,
"4","창원","성인","일반","36","관리자","2등급","20250224","M","169.3","88.7","29.6","95","87","143","44.1","50.4",,,"10.5",,,,,,"30.9","51",,"10.97","209",,,,,,"56.8",,,,,,,,"82","43.0",,,,,,,,,,
"1","신안","성인","일반","63","관리자","참가","20250224","M","167.5","80.8","34.8","97","99","137","40.5","37.9",,,"10.3",,,,,,"28.8","25",,,"175",,,,,,"50.1",,,,,,,,"142","29.2",,,"0.361",,,,,,,
"2","광주","성인","일반","29","관리자","참가","20250224","F","159.4","66.2","40.7",,"75","120","23.4","28.6",,,"8.1",,,,,,"26.1","25",,,,,,,,,"43.2",,,"83","107","132",,"36.0",,,,,"0.391","0.381",,,,,,
"5","마포","어르신","일반","70","관리자","2등급","20250224","M","167.7","77.9","30.2","99","74","125","41.8","46",,,"5.3",,,,,,"27.7",,,,,"21",,"143","4.28","19.75","59.1",,,,,,,,,,,,,,,,,,,"46.0"
"5","마포","어르신","일반","69","관리자","2등급","20250224","F","152.7","61.3","35.8","86","94","153","27.8","32.4",,,"15.8",,,,,,"26.3",,,,,"19",,"120","4.81","20.46","52.9",,,,,,,,,,,,,,,,,,,"32.4"
"1","군산","성인","일반","27","관리자","참가","20250224","M","166.4","86.8","24.9","91","80","138","50.3","46.8",,,"22",,,,,,"31.3","34","25",,"218",,,,,,"57.9",,"36.1",,,,,,,,,,"0.374",,,,,,,
"1","청주","성인","일반","25","관리자","참가","20250224","F","165.7","51","19.5","70.3","59","103","29.6","30.5",,,"-0.8",,,,,,"18.6","17",,,"129",,,,,,"59.8",,,,,,,,"107","40.2",,,"0.383",,,,,,,
"2","수원","성인","일반","25","관리자","참가","20250224","F","173","55.7","28.5","66","78","119","21.8","27.6",,,"13.8",,,,,,"18.6","18",,,,,,,,,"49.6",,,,,,,,"140","35.7",,,"0.515","0.365",,,,,,
"4","전주","성인","일반","24","관리자","참가","20250224","M","166.3","60.8","21","80.2","55","107","42.4","42.6",,,"-3.1",,,,,,"22.0","44",,,,,,,,,"70.1",,,"92","105","121","163","47.3",,,,,"0.313","0.554",,,,,,
"1","순천","성인","일반","56","관리자","참가","20250224","F","148.5","50","32.5","77.5","84","141","25.8","27",,,"22.4",,,,,,"22.7","23",,,,,,,,,"54.0",,,,,,,,"156","27.0",,,"0.405","0.415",,,,,,
"2","성동","성인","일반","31","관리자","참가","20250224","F","164.1","44.7","18.4",,"69","111","21.9","22.8",,,"11.9",,,,,,"16.6","17",,,,,,,,,"51.0",,,,,,,,"104","40.8",,,"0.412","0.440",,,,,,
"4","성동","성인","일반","64","관리자","2등급","20250224","F","154.2","57.3","29.2",,"64","120","24.3","24.4",,,"18.3",,,,,,"24.1","19",,,,,,,,,"42.6",,,,,,,,"84","33.1",,,"0.438","0.390",,,,,,
"1","KSPO대구","청소년","일반","17","관리자","3등급","20250224","F","166.9","52.5","25.2","75","74","123","22.9","26.8","40",,"19.5","20.05","0.507","45.195","26","46.391","18.8",,"23",,,,,,,,"51.0",,"36.2",,,,,,,,,,,,,,,,,
"1","서초","성인","일반","22","관리자","참가","20250224","F","165.1","51.2","31.2","70.0","63","97","21.7","22.4",,,"10.0",,,,,,"18.8","20",,,,,,,,,"43.7",,,,,,,,"90","42.7",,,"0.439","0.403",,,,,,
"3","수원","성인","일반","24","관리자","2등급","20250224","F","166.4","67.7","21.9","71","56","113","32.9","32.1",,,"16.4",,,,,,"24.5","32",,,"186",,,,,,"48.6",,,,,,,,"90","38.4",,,"0.43",,,,,,,
"8","순천","성인","일반","32","관리자","참가","20250224","F","159.9","78.5","46","94.4","82","150","24","22.3",,,"-7.3",,,,,,"30.7","10",,,,,,,,,"30.6",,,,,,,,"147","26.7",,,"0.497","0.366",,,,,,
"1","삼척","성인","일반","58","관리자","3등급","20250224","M","159.5","63.4","26.6",,"79","131","36.8","37.4",,,"13.0",,,,,,"24.9","25",,"13.22","170",,,,,,"59.0",,,,,,,,"93","40.9",,,,,,,,,,
"4","전주","청소년","일반","13","관리자","2등급","20250224","F","157.6","49.5","20.7","70","50","107","28.7","35.4",,"29","26.2","19.38","0.591","46.989","5","47.219","19.9",,,,,,,,,,"71.5",,,"110","133","152",,"38.0",,,,,,,,,,,,
"1","수원","성인","일반","57","관리자","참가","20250224","F","155.5","54.4","16.4","67","57","100","14.8","17.4",,,"18",,,,,,"22.5","22",,,"137",,,,,,"32.0",,,,,,,,"61","38.1",,,"0.429",,,,,,,
"3","안동","성인","일반","29","관리자","참가","20250224","M","171.7","76.1","26.8","91","67","124","42.9","44.2",,,"5.8",,,,,,"25.8","22",,,,,,,,,"58.1",,,,,,,,"98","45.4",,,"0.327","0.533",,,,,,
"2","KSPO광주","성인","일반","26","관리자","2등급","20250224","M","172.9","67.9","15.3","69.5","99","135","46.6","44.7",,,"16",,,,,,"22.7","49",,"10.07","235",,,,,,"68.6",,,,,,,,"133","42.9",,,,,,,,,,
"2","안동","성인","일반","31","관리자","참가","20250224","F","166.3","58","31.2","82","90","119","29.3","29.5",,,"11.4",,,,,,"21.0","18",,"13.30","148",,,,,,"50.9",,,,,,,,"120","35.8",,,,,,,,,,
"1","수원","성인","일반","57","관리자","1등급","20250224","M","176.7","76.7","15.9","87","65","119","48.8","51.4",,,"13.8",,,,,,"24.6","37",,,"203",,,,,,"67.0",,,,,,,,"76","42.0",,,"0.412",,,,,,,
"1","사천","성인","일반","54","관리자","참가","20250224","M","172.5","68.3","25.5","87","92","136","35.4","35.5",,,"18.5",,,,,,"23.0","23",,,,,,,,,"52.0",,,,,,,,"118","38.1",,,"0.388","0.440",,,,,,
"2","충주","성인","일반","25","관리자","참가","20250224","F","164.7","69.3","33.2","83","72","135","33.4","38",,,"24",,,,,,"25.5","33","20",,"179",,,,,,"54.8",,"31.2",,,,,,,,,,"0.338",,,,,,,
"5","시흥","성인","일반","34","관리자","3등급","20250224","M","182.2","79.2","21.8","84.5","96","147","38.8","41.4",,,"12.0",,,,,,"23.9","39","34",,"213",,,,,,"52.3",,"38.4",,,,,,,,,,"0.340",,,,,,,
"3","스포원(금정)","성인","일반","62","관리자","참가","20250224","M","178.2","77.2","24.5",,"76","144","40.1","46.7",,,"-8.9",,,,,,"24.3","31",,,"182",,,,,,"60.5",,,,,,,,"116","34.9",,,"0.348",,,,,,,
"1","KSPO송파별관(어르신)","어르신","일반","71","관리자","2등급","20250224","M","170.7","82.5","28.3",,"75","135","37.1","41.5",,,"20.5",,,,,,"28.3",,,,,"19",,"113","5.05","19.76","50.3",,,,,,,,,,,,,,,,,,,"41.5"
"2","중구(서울)","청소년","일반","16","관리자","2등급","20250224","M","169.5","58.9","6.1","70.7","57","126","44.4","38.1",,"58","12.0","17.51","0.626","34.029","5","34.259","20.5",,,,,,,,,,"75.4",,,"121","132","142",,"48.7",,,,,,,,,,,,
"1","KSPO송파","성인","일반","63","관리자","참가","20250224","M","157.6","58","20.5","77.4","83","149","30.3","35.2",,,"-1.2",,,,,,"23.4","37","18",,"182",,,,,,"60.7",,"35.9",,,,,,,,,,"0.343",,,,,,,
"1","스포원(금정)","성인","일반","26","관리자","참가","20250224","M","182.5","71.4","27",,"61","118","41.7","44.6",,,"-14",,,,,,"21.4","24",,,"212",,,,,,"62.5",,,"81","125","145","172","45.2",,,,,"0.296",,,,,,,
"3","화성","어르신","일반","66","관리자","1등급","20250224","M","167.5","70.1","22.4",,"89","147","40.8","45.5",,,"14.4",,,,,,"25.0",,,,,"34",,"140","3.8","16.2","64.9",,,,,,,,,,,,,,,,,,,"45.5"
"1","스포원(금정)","성인","일반","24","관리자","2등급","20250224","M","174.7","69.1","14.3",,"79","139","52","63.2",,,"12.9",,,,,,"22.6","49",,,"238",,,,,,"91.5",,,,,,,,"109","46.8",,,"0.326",,,,,,,
"1","남구(울산)","성인","일반","64","관리자","3등급","20250224","M","166.1","50.6","13.8","73.7","76","134","37","38.8",,,"11",,,,,,"18.3","32",,,"153",,,,,,"76.7",,,,,,,,"142","35.5",,,"0.413",,,,,,,
"3","KSPO송파별관(어르신)","어르신","일반","76","관리자","3등급","20250224","M","170.1","84.7","32.3",,"63","145","43.9","41",,,"-0.5",,,,,,"29.3",,,,,"23",,"126","4.14","18.18","51.8",,,,,,,,,,,,,,,,,,,"43.9"
"3","화성","어르신","일반","68","관리자","2등급","20250224","M","164.2","67.3","21.9",,"97","148","37.4","30.9",,,"6.8",,,,,,"25.0",,,,,"29",,"125","4.3","19.2","55.6",,,,,,,,,,,,,,,,,,,"37.4"
"4","화성","어르신","일반","66","관리자","1등급","20250224","M","175.2","73.6","26.7",,"94","152","42.2","39.5",,,"25.1",,,,,,"24.0",,,,,"31",,"124","4.5","18.1","57.3",,,,,,,,,,,,,,,,,,,"42.2"
"1","창원마산회원","성인","일반","37","관리자","참가","20250224","M","173.7","80.5","32.1","94","79","133","39","45.7",,,"-10.6",,,,,,"26.7","8",,,"185",,,,,,"56.8",,,,,,,,"128","38.2",,,"0.333",,,,,,,
"2","순천","성인","일반","19","관리자","3등급","20250224","M","176.6","86.5","24.2","96.1","99","131","46.7","46.4",,,"17.2",,,,,,"27.7","54",,,,,,,,,"54.0",,,,,,,,"89","47.2",,,"0.325","0.526",,,,,,
"1","원주","성인","일반","20","관리자","3등급","20250224","M","181","69.1","18.3","79","68","110","44.5","43.2",,,"11.6",,,,,,"21.1","46","41",,"223",,,,,,"64.4",,"42.7",,,,,,,,,,"0.252",,,,,,,
"13","사천","어르신","일반","74","관리자","2등급","20250224","M","157","49.3","22.9","71.3","50","108","25.5","19.4",,,"5.5",,,,,,"20.0",,,,,"32",,"110","5.71","23.04","51.7",,,,,,,,,,,,,,,,,,,"25.5"
"1","달서","성인","일반","43","관리자","3등급","20250224","M","169","82","24.5","91.2","92","125","45.5","48.8",,,"4.8",,,,,,"28.7","36",,,"180",,,,,,"59.5",,,,,,,,"114","38.1",,,"0.326",,,,,,,
"1","달서","성인","일반","40","관리자","3등급","20250224","F","154","55.4","27.3","76.7","71","111","21.1","23.2",,,"14.1",,,,,,"23.4","30",,,"120",,,,,,"41.9",,,,,,,,"111","34.7",,,"0.343",,,,,,,
"1","양평","성인","일반","50","관리자","참가","20250224","F","160.8","63.5","32.3",,"80","138","24.5","27.1",,,"3.8",,,,,,"24.6","19",,,,,,,,,"42.7",,,,,,,,"120","30.4",,,"0.682","0.372",,,,,,
"1","순천","성인","일반","26","관리자","참가","20250224","M","174.2","95.5","37.1","117.2","87","153","46","43.6",,,"-4.4",,,,,,"31.5","40",,,,,,,,,"48.2",,,,,,,,"128","37.6",,,"0.288","0.514",,,,,,
"1","서구(광주)","어르신","일반","65","관리자","참가","20250224","M","166.2","68.9","31.9","98","85","140","35.7","33.2",,,"-8.1",,,,,,"24.9",,,,,"17",,"91","4.46","20.35","51.8",,,,,,,,,,,,,,,,,,,"35.7"
"1","달서","청소년","일반","17","관리자","3등급","20250224","F","157.2","57.1","30.1","79.1","93","131","23.8","28",,"28","26.5","21.86","0.415","41.991","5","42.221","23.1",,,,,,,,,,"49.0",,,"86","120","159",,"34.4",,,,,,,,,,,,
"1","미추홀","성인","일반","30","관리자","2등급","20250224","F","160.4","49.4","22.5","70","57","109","24.3","23.2",,,"32.2",,,,,,"19.2","30",,,"164",,,,,,"49.2",,,,,,,,"107","39.1",,,"0.402",,,,,,,
"4","강북","어르신","일반","79","관리자","2등급","20250224","M","159.0","53.20","18.4","81.5","71","133","29.8","30",,,"3.3",,,,,,"21.0",,,,,"24",,"111","4.6","20.6","56.4",,,,,,,,,,,,,,,,,,,"30.0"
"1","양평","성인","일반","62","관리자","참가","20250224","F","159.7","59.4","29.6",,"73","134","24.5","23",,,"19.6",,,,,,"23.3","12",,"16.5","123",,,,,,"41.2",,,,,,,,"142","26.4",,,,,,,,,,
"2","미추홀","성인","일반","61","관리자","1등급","20250224","M","170","68.9","22.1","82","90","157","48.4","53.7",,,"14.2",,,,,,"23.8","38","27",,"202",,,,,,"77.9",,"36.4",,,,,,,,,,"0.344",,,,,,,
"4","스포원(금정)","성인","일반","30","관리자","1등급","20250224","M","179.9","73.5","14",,"68","133","40.7","55.3",,,"18.9",,,,,,"22.7","48","54",,"222",,,,,,"75.2",,"44.3",,,,,,,,,,"0.320",,,,,,,
"1","남구(울산)","어르신","일반","65","관리자","2등급","20250224","M","165.9","66.8","30.7","94","86","151","44.1","46.8",,,"8.4",,,,,,"24.3",,,,,"27",,"113","4.37","19.19","70.1",,,,,,,,,,,,,,,,,,,"46.8"
"3","남구(울산)","어르신","일반","65","관리자","3등급","20250224","M","170.3","67.3","22.3","84.6","81","154","38.9","43.7",,,"9.3",,,,,,"23.2",,,,,"24",,"102","5.75","21.93","64.9",,,,,,,,,,,,,,,,,,,"43.7"
"2","미추홀","성인","일반","27","관리자","3등급","20250224","F","166.8","49.9","25.6","67","70","125","22.6","22.2",,,"13.6",,,,,,"17.9","25",,,,,,,,,"45.3",,,,,,,,"129","37.5",,,"0.376","0.444",,,,,,
"1","남구(울산)","어르신","일반","65","관리자","참가","20250224","M","162.7","55.9","21.1","76.3","80","130","33.2","32.5",,,"11.5",,,,,,"21.1",,,,,"23",,"83","5.5","22.38","59.4",,,,,,,,,,,,,,,,,,,"33.2"
"1","전주","성인","일반","21","관리자","2등급","20250224","M","184.5","74.1","14.3","84.2","76","125","42.9","46.9",,,"11.8",,,,,,"21.8","50","52",,,,,,,,"63.3",,"44.3",,,,,,,,,,"0.309","0.621",,,,,,
"3","강북","성인","일반","57","관리자","3등급","20250224","F","158.1","49.80","29.7","73.3","76","119","26.6","28.6",,,"21.7",,,,,,"19.9","9",,,"122",,,,,,"57.4",,,,,,,,"128","31.3",,,"0.415",,,,,,,
"1","고양","성인","일반","25","관리자","3등급","20250224","M","182","69.2","6.3",,"66","118","54.1","62.6",,,"7.2",,,,,,"20.9","54","50","12.25","210",,,,,,"90.5",,"44.3",,,,,,,,,,,,,,,,,
"1","고양","성인","일반","29","관리자","참가","20250224","M","161.5","75.6","23.1",,"90","154","43.3","45.9",,,"15.2",,,,,,"29.0","42","32","11.1","172",,,,,,"60.7",,"39.3",,,,,,,,,,,,,,,,,
"1","동작","성인","일반","64","관리자","참가","20250224","F","159.4","58.4","32.6","76.6","56","103","25.3","28",,,"3.7",,,,,,"23.0","14",,,"113",,,,,,"47.9",,,,,,,,"104","30.9",,,"0.387",,,,,,,
"2","북구(광주)","성인","일반","20","관리자","2등급","20250224","F","154.0","46.3","26.5","65.7","68","113","20.4","25",,,"15.5",,,,,,"19.5","37",,,,,,,,,"54.0",,,,,,,,"145","36.5",,,"0.346","0.463",,,,,,
"2","북구(광주)","성인","일반","20","관리자","참가","20250224","F","168.9","78.4","39.5","85.5","74","118","28.5","33.3",,,"22.6",,,,,,"27.5","25",,,,,,,,,"42.5",,,,,,,,"129","32.0",,,"0.308","0.442",,,,,,
"1","포항","성인","일반","39","관리자","1등급","20250224","F","168.7","57.1","23.1",,"75","104","28.4","30.9",,,"21.3",,,,,,"20.1","39",,,"175",,,,,,"54.1",,,"87","112","111",,"41.6",,,,,"0.327",,,,,,,
"2","사상","성인","일반","41","관리자","3등급","20250224","M","188.7","84.6","19.4","77.7","78","148","52.6","53.4",,,"11.2",,,,,,"23.8","44",,,"181",,,,,,"63.1",,,,,,,,"111","39.9",,,"0.405",,,,,,,
"2","동작","성인","일반","24","관리자","참가","20250224","F","166.2","54.5","20","65","79","114","30.3","33.1",,,"-0.3",,,,,,"19.7","20",,,"118",,,,,,"60.7",,,,,,,,"100","40.4",,,"0.632",,,,,,,
"3","사상","성인","일반","48","관리자","참가","20250224","M","165.6","71.1","23.6","83.5","96","144","42.7","46.4",,,"2.7",,,,,,"25.9","43",,,"163",,,,,,"65.3",,,,,,,,"134","36.1",,,"0.319",,,,,,,
"1","구미","성인","일반","27","관리자","참가","20250224","M","173","75.9","30.5","97.9","89","141","34.9","39.2",,,"14",,,,,,"25.4","28",,,,,,,,,"51.6",,,"79","105","125","166","43.2",,,,,"0.346","0.496",,,,,,
"1","순천","성인","일반","43","관리자","참가","20250224","F","162","63","29.6","82.3","79","132","31.5","30.7",,,"1.2",,,,,,"24.0","38",,,,,,,,,"50.0",,,,,,,,"136","30.0",,,"0.339","0.452",,,,,,
"1","북구(광주)","성인","일반","20","관리자","참가","20250224","F","167.5","58.1","31.1","69.5","51","109","26.8","28.2",,,"21.6",,,,,,"20.7","19",,,,,,,,,"48.5",,,,,,,,"114","38.7",,,"0.407","0.440",,,,,,
"1","KSPO대구","성인","일반","30","관리자","3등급","20250224","F","160.3","52.3","18.8","70","80","140","23.8","28.9",,,"21.7",,,,,,"20.4","27","18","13.6","166",,,,,,"55.3",,"33.1",,,,,,,,,,,,,,,,,
"2","포천","어르신","일반","77","관리자","3등급","20250224","M","168.8","78.6","29","94","90","157","41.1","42.1",,,"-1.6",,,,,,"27.6",,,,,"18",,"113","5.81","24.44","53.6",,,,,,,,,,,,,,,,,,,"42.1"
"2","포항","성인","일반","29","관리자","3등급","20250224","F","165.7","52.1","26.7",,"91","117","28.8","33.3",,,"25.3",,,,,,"19.0","26",,,"171",,,,,,"63.9",,,,,,,,"117","38.0",,,"0.261",,,,,,,
"1","청주","성인","일반","29","관리자","참가","20250224","M","170.8","85.5","33.7","105.1","94","141","39","33.9",,,"-5.3",,,,,,"29.3","25",,"11.2",,,,,,,"45.6",,,,,,,,"133","38.1",,,,"0.527",,,,,,
"1","서초","성인","일반","21","관리자","참가","20250224","M","174.4","106.0","41.5","111.0","81","125","34.6","33.5",,,"-20.0",,,,,,"34.9","20",,,,,,,,,"32.6",,,,,,,,"145","34.0",,,"0.397","0.489",,,,,,
"1","안산","성인","일반","23","관리자","참가","20250224","F","165.8","46","20.6","55","68","101","21.9","27.1",,,"28.6",,,,,,"16.7","9",,,"163",,,,,,"58.9",,,"87","102","152",,"38.5",,,,,"0.362",,,,,,,
"2","군산","어르신","일반","66","관리자","3등급","20250224","M","163.1","58.5","25.8","88","85","151","34.5","36.8",,,"5.2",,,,,,"22.0",,,,,"23",,"128","4.18","20.06","62.9",,,,,,,,,,,,,,,,,,,"36.8"
"4","청주","성인","일반","59","관리자","참가","20250224","F","156.3","64.9","38.1","93.7","67","149","22.3","29.2",,,"-0.8",,,,,,"26.6","4",,,"105",,,,,,"45.0",,,,,,,,"130","26.8",,,"0.358",,,,,,,
"2","KSPO광주","성인","일반","21","관리자","3등급","20250224","F","162.4","47.2","23.9","64","77","117","26.1","27",,,"13.1",,,,,,"17.9","27",,,"142",,,,,,"57.2",,,,,,,,"125","39.3",,,"0.420",,,,,,,
"4","계룡","성인","일반","46","관리자","참가","20250224","M","172.8","94.8","37.6",,"82","136","50.7","51.1",,,"5.4",,,,,,"31.7","41",,,"189",,,,,,"53.9",,,"80","113","125","163","34.9",,,,,"0.316",,,,,,,
"2","사상","성인","일반","32","관리자","3등급","20250224","M","173.8","73.4","25.4","87.7","95","151","47.6","49",,,"10.5",,,,,,"24.3","36",,,"196",,,,,,"66.8",,,,,,,,"133","40.3",,,"0.343",,,,,,,
"2","구미","성인","일반","63","관리자","2등급","20250224","M","171.8","75.6","21.1","87.3","89","145","41.6","34.3",,,"11.2",,,,,,"25.6","26",,,"175",,,,,,"55.0",,,"78","108","126","156","35.4",,,,,"0.331",,,,,,,
"1","KSPO광주","성인","일반","23","관리자","참가","20250224","F","167.6","57.8","37.9","70","78","134","17.5","19.1",,,"-9.9",,,,,,"20.6","24",,,"108",,,,,,"33.0",,,,,,,,"155","33.2",,,"0.403",,,,,,,
"6","포천","어르신","일반","67","관리자","3등급","20250224","M","171.3","73.2","22.9","86","84","139","31.9","38.3",,,"5.9",,,,,,"24.9",,,,,"30",,"138","4.19","16.28","52.3",,,,,,,,,,,,,,,,,,,"38.3"
"1","성남","성인","일반","45","관리자","참가","20250224","M","191.4","110.4","23.4",,"97","150","53.6","54.5",,,"12.9",,,,,,"30.1","35","30",,"237",,,,,,"49.4",,"31.8",,,,,,,,,,"0.371",,,,,,,
"3","성남","성인","일반","21","관리자","2등급","20250224","M","168","54.8","19.5",,"77","120","31.1","34.7",,,"12.8",,,,,,"19.4","51","52",,,,,,,,"63.3",,"47.5",,,,,,,,,,"0.324","0.632",,,,,,
"1","창원","청소년","일반","17","관리자","3등급","20250224","F","170.4","59","19.9","74","66","131","30.3","32.3","39",,"19.4","23.16","0.477","49.240","19","50.114","20.3",,"22",,,,,,,,"54.7",,"35.2",,,,,,,,,,,,,,,,,
"5","마포","성인","일반","24","관리자","1등급","20250224","F","163.2","50.9","25.1",,"66","113","31.6","30.4",,,"23.9",,,,,,"19.1","37",,,"179",,,,,,"62.1",,,,,,,,"116","39.1",,,"0.328",,,,,,,
"1","마포","성인","일반","25","관리자","참가","20250224","F","168.1","60","28.6",,"55","110","29.8","30.9",,,"22.3",,,,,,"21.2","9",,,,,,,,,"51.5",,,,,,,,"110","37.8",,,"0.344","0.424",,,,,,
"1","고양","성인","일반","25","관리자","참가","20250224","M","169.4","69.9","31.2",,"65","108","33.2","32.1",,,"-8",,,,,,"24.4","27",,"13.06","154",,,,,,"47.5",,,,,,,,"123","43.9",,,,,,,,,,
"2","계룡","성인","일반","63","관리자","2등급","20250224","M","171.4","67.7","24.6",,"82","154","37.2","37.5",,,"8.7",,,,,,"23.0","31","22",,"158",,,,,,"55.4",,"35.2",,,,,,,,,,"0.396",,,,,,,
"1","고양","성인","일반","63","관리자","참가","20250224","F","150.3","53.2","34.8",,"82","147","22","24.3",,,"16.5",,,,,,"23.6","11",,"15.72","122",,,,,,"45.7",,,,,,,,"140","27.1",,,,,,,,,,
"1","사천","어르신","일반","65","관리자","2등급","20250224","M","160.6","65.6","24.7","86.7","80","120","36.8","36.8",,,"16",,,,,,"25.4",,,,,"24",,"119","3.73","19.18","56.1",,,,,,,,,,,,,,,,,,,"36.8"
"1","중구(서울)","청소년","일반","17","관리자","3등급","20250224","M","173.7","70.3","18.0","82.5","75","142","37.1","40.5","25",,"8.0","20.4","0.563","43.869","8","44.237","23.3",,"44",,,,,,,,"57.6",,"42.9",,,,,,,,,,,,,,,,,
"4","양평","어르신","일반","72","관리자","2등급","20250224","M","168.5","72.7","25.6",,"112","212","38.7","38.2",,,"10",,,,,,"25.6",,,,,"31",,"116","5.12","16.72","53.2",,,,,,,,,,,,,,,,,,,"38.7"
"1","부천","성인","일반","50","관리자","참가","20250224","M","178.9","93.9","25.9",,"93","142","46.1","45.7",,,"14.0",,,,,,"29.3","44",,,"214",,,,,,"49.1",,,"75","85","109","146","35.2",,,,,"0.421",,,,,,,
"1","KSPO송파별관(어르신)","어르신","일반","67","관리자","2등급","20250224","M","156.2","73.4","35.5",,"98","158","39.5","37.9",,,"8.5",,,,,,"30.1",,,,,"22",,"133","4.58","19.23","53.8",,,,,,,,,,,,,,,,,,,"39.5"
"2","동구(광주)","어르신","일반","65","관리자","참가","20250224","F","144.5","50.3","29.4","77","87","142","24.1","24.8",,,"21.9",,,,,,"24.1",,,,,"19",,"109","7.12","26.6","49.3",,,,,,,,,,,,,,,,,,,"24.8"
"1","KSPO송파별관(어르신)","어르신","일반","74","관리자","3등급","20250224","M","169.3","72.7","33.5",,"86","144","37.9","36",,,"1.6",,,,,,"25.4",,,,,"24",,"110","5.4","23","52.1",,,,,,,,,,,,,,,,,,,"37.9"
"1","안산","어르신","일반","68","관리자","참가","20250224","M","172.1","78.9","30.3","90","89","157","38.4","41.9",,,"0.6",,,,,,"26.6",,,,,"30",,"120","5.0","22.4","53.1",,,,,,,,,,,,,,,,,,,"41.9"
"1","남구(울산)","어르신","일반","67","관리자","2등급","20250224","M","175.8","82.5","26.9","97.2","80","140","49.1","42.7",,,"15.3",,,,,,"26.7",,,,,"26",,"122","5.38","21.53","59.5",,,,,,,,,,,,,,,,,,,"49.1"
"1","남구(울산)","어르신","일반","67","관리자","3등급","20250224","M","165.7","69.4","30.3","91.6","88","140","38.7","38",,,"3",,,,,,"25.3",,,,,"27",,"110","6.03","20.88","55.8",,,,,,,,,,,,,,,,,,,"38.7"
"6","화성","어르신","일반","70","관리자","2등급","20250224","M","160","75.2","31.7",,"94","152","36.7","40.8",,,"9",,,,,,"29.4",,,,,"36",,"128","3.93","16.68","54.3",,,,,,,,,,,,,,,,,,,"40.8"
"1","성남","성인","일반","22","관리자","3등급","20250224","M","165.7","70.1","13.5",,"88","152","42.3","37.6",,,"6.3",,,,,,"25.5","62","52","10.52","204",,,,,,"60.3",,"45.2",,,,,,,,,,,,,,,,,
"1","KSPO대구","성인","일반","25","관리자","참가","20250224","M","175.3","55.3","16.3","70","77","125","36.2","37.9",,,"11.1",,,,,,"18.0","52","33","11.3","218",,,,,,"68.5",,"42.5",,,,,,,,,,,,,,,,,
"6","화성","어르신","일반","75","관리자","1등급","20250224","F","156.3","60.5","33.6",,"70","151","25.5","28.6",,,"22.1",,,,,,"24.8",,,,,"20",,"123","5","20.15","47.3",,,,,,,,,,,,,,,,,,,"28.6"
"1","강북","어르신","일반","74","관리자","3등급","20250224","M","176.0","69.90","27.2","85.7","90","148","34.2","32.4",,,"18.2",,,,,,"22.6",,,,,"21",,"98","5.6","23.7","48.9",,,,,,,,,,,,,,,,,,,"34.2"
"3","안동","성인","일반","41","관리자","3등급","20250224","M","173.7","64.9","23.4","82.5","89","137","43.7","48.6",,,"15.3",,,,,,"21.5","34",,"12.02","209",,,,,,"74.9",,,,,,,,"144","38.3",,,,,,,,,,
"1","곡성","어르신","일반","78","관리자","참가","20250224","F","140.3","38.6","20.7","63.1","62","90","16.6","16.7",,,"7",,,,,,"19.6",,,,,"8",,"48","7.45","37.23","43.3",,,,,,,,,,,,,,,,,,,"16.7"
"2","수원","성인","일반","24","관리자","참가","20250224","M","174","62.6","18.3","72","66","99","43.1","45.5",,,"2.4",,,,,,"20.7","38",,,,,,,,,"72.7",,,,,,,,"119","46.7",,,"0.458","0.527",,,,,,
"1","서대문","성인","일반","52","관리자","참가","20250224","F","155.5","67.6","41.9",,"88","156","31.1","32.6",,,"7.7",,,,,,"28.0","19",,,"120",,,,,,"48.2",,,"101","147","169",,"27.4",,,,,"0.369",,,,,,,
"1","수원","성인","일반","23","관리자","3등급","20250224","F","171.6","66.6","32.7","70","74","111","28.7","34",,,"24",,,,,,"22.6","38",,"12.4","167",,,,,,"51.1",,,,,,,,"136","33.8",,,,,,,,,,
"4","수원","성인","일반","26","관리자","3등급","20250224","F","164.3","48.8","25.2","64","81","133","26.3","27.8",,,"11.6",,,,,,"18.1","22",,,,,,,,,"57.0",,,,,,,,"133","37.2",,,"0.383","0.341",,,,,,
"1","서대문","성인","일반","24","관리자","참가","20250224","F","157.5","47.6","22.4",,"77","127","23.2","25.2",,,"12.9",,,,,,"19.2","21",,,"160",,,,,,"52.9",,,,,,,,"121","38.7",,,"0.299",,,,,,,
"1","안산","유소년","일반","12","관리자","참가","20250224","M","157.1","59.3",,"80",,,"16.8","17.1","4",,"-1.3",,,,,,"24.0",,"55",,"149",,,,,,"28.8",,,,,,,,,,,,,,"0.51","36","4",,,
"2","창원마산회원","성인","일반","62","관리자","2등급","20250224","M","174.5","72.4","16.3","86","83","140","51","50.3",,,"13.4",,,,,,"23.8","34",,,"197",,,,,,"70.4",,,,,,,,"115","35.8",,,"0.305",,,,,,,
"2","청주","성인","일반","60","관리자","3등급","20250224","M","165.5","68.1","26.9","83.7","74","137","35.3","38.1",,,"6",,,,,,"24.9","37",,,"183",,,,,,"55.9",,,,,,,,"102","38.5",,,"0.275",,,,,,,
"1","청주","성인","일반","60","관리자","2등급","20250224","M","166.5","70.1","18.1","84.3","75","131","45.9","37.8",,,"21.2",,,,,,"25.3","38",,,"184",,,,,,"65.5",,,,,,,,"121","35.3",,,"0.354",,,,,,,
"1","세종","성인","일반","54","관리자","참가","20250224","F","158.8","59.3","38.8","81.2","72","155","22.5","22.2",,,"11.5",,,,,,"23.5","1",,,"112",,,,,,"37.9",,,,,,,,"120","30.5",,,"0.393",,,,,,,
"1","의정부","성인","일반","51","관리자","참가","20250224","F","159","58.5","32.7","80.5","61","115","23.7","25.3",,,"10.6",,,,,,"23.1","22",,"15.42",,,,,,,"43.2",,,,,,,,"126","30.6",,,,"0.440",,,,,,
"2","서초","성인","일반","26","관리자","3등급","20250224","F","171.0","65.1","35.8","79.0","65","110","26.2","21.5",,,"20.5",,,,,,"22.3","24",,,,,,,,,"40.2",,,,,,,,"140","33.0",,,"0.378","0.452",,,,,,
"5","성동","성인","일반","60","관리자","3등급","20250224","F","163.7","62.4","34.3",,"75","142","25","27.9",,,"14.8",,,,,,"23.3","20",,,,,,,,,"44.7",,,,,,,,"86","33.3",,,"0.304","0.415",,,,,,
"1","창원","청소년","일반","18","관리자","참가","20250224","F","153.6","66.3","38.8","80","59","116","24.7","27.1",,"11","-2.6","24.25","0.316","76.305","7","76.627","28.1",,,,,,,,,,"40.9",,,"95","138","161",,"32.4",,,,,,,,,,,,
"1","천안","성인","일반","20","관리자","참가","20250224","M","177.8","69.7","17.7",,"75","134","33.6","43.4",,,"9.5",,,,,,"22.0","28","37","11.42","187",,,,,,"62.3",,"41.7",,,,,,,,,,,,,,,,,
"1","동구(광주)","어르신","일반","69","관리자","참가","20250224","F","144.7","63.2","45.1","98","96","157","16","18.8",,,"6.7",,,,,,"30.2",,,,,"10",,"74","7.17","28.52","29.7",,,,,,,,,,,,,,,,,,,"18.8"
"1","천안","성인","일반","21","관리자","3등급","20250224","M","168.7","70.3","23.1",,"71","122","41.1","42.1",,,"28.1",,,,,,"24.7","43","49","11.17","200",,,,,,"59.9",,"44.5",,,,,,,,,,,,,,,,,
"1","남구(울산)","성인","일반","19","관리자","2등급","20250224","M","177.9","68","12.7","79.7","69","129","39.5","38.3",,,"18.3",,,,,,"21.5","49",,,"237",,,,,,"58.1",,,"89","93","124","167","45.3",,,,,"0.329",,,,,,,
"1","영동","성인","일반","56","관리자","참가","20250224","F","153.2","47.4","29.7",,"74","129","18.8","22.5",,,"25.6",,,,,,"20.2","0",,"15.77","73",,,,,,"47.5",,,"77","129","140",,"36.3",,,,,,,,,,,,
"2","영동","성인","일반","52","관리자","참가","20250224","F","167.8","74","34.9",,"93","138","33.3","37.3",,,"18.8",,,,,,"26.3","26",,"14.44","156",,,,,,"50.4",,,,,,,,"141","25.6",,,,,,,,,,
"1","포항","성인","일반","50","관리자","참가","20250224","F","152.4","47.3","22.6",,"74","126","25.5","23.8",,,"10.7",,,,,,"20.4","39",,"14.84","138",,,,,,"53.9",,,"77","112","122",,"39.0",,,,,,,,,,,,
"2","신안","성인","일반","43","관리자","참가","20250224","F","152.7","50.6","34.9","69","82","118","20.6","21.9",,,"13.6",,,,,,"21.7","6",,,,,,,,,"43.3",,,,,,,,"81","38.9",,,"0.409","0.429",,,,,,
"1","삼척","성인","일반","49","관리자","3등급","20250224","F","166.3","65.5","33.0",,"84","128","31.7","35.8",,,"21.9",,,,,,"23.7","34",,,"149",,,,,,"54.7",,,,,,,,"120","30.7",,,"0.411",,,,,,,
"2","안산","성인","일반","23","관리자","3등급","20250224","F","162.7","50","28.4","61","90","129","24.4","29.1",,,"22.2",,,,,,"18.9","23",,,"166",,,,,,"58.2",,,,,,,,"128","37.9",,,"0.337",,,,,,,
"3","북구(광주)","성인","일반","56","관리자","참가","20250224","F","163.2","64.1","37.9","86.4","64","137","26","27.5",,,"24.6",,,,,,"24.1","4",,,"127",,,,,,"42.9",,,,,,,,"115","30.0",,,"0.387",,,,,,,
"2","삼척","성인","일반","51","관리자","3등급","20250224","F","164.5","58.1","29.1",,"79","139","33.8","36.5",,,"13.0",,,,,,"21.5","13",,,"144",,,,,,"62.8",,,,,,,,"101","34.2",,,"0.292",,,,,,,
"4","북구(광주)","성인","일반","48","관리자","참가","20250224","F","162.8","54.4","34.0","71.6","67","132","23.9","30.9",,,"5.4",,,,,,"20.5","6",,,,,,,,,"56.8",,,,,,,,"126","32.5",,,"0.402","0.416",,,,,,
"1","스포원(금정)","어르신","일반","65","관리자","3등급","20250224","M","163.6","65.2","24.4",,"89","144","42.8","41.3",,,"16.2",,,,,,"24.4",,,,,"19",,"107","5.1","21.1","65.6",,,,,,,,,,,,,,,,,,,"42.8"
"2","고양","성인","일반","24","관리자","참가","20250224","F","166.","55.8","29.8",,"73","137","21","27",,,"8.1",,,,,,"20.2","22",,"14.16","90",,,,,,"48.4",,,,,,,,"136","35.7",,,,,,,,,,
"1","스포원(금정)","성인","일반","28","관리자","참가","20250224","M","180.4","90","31.4",,"70","132","49.2","51.5",,,"12.3",,,,,,"27.7","29",,,"184",,,,,,"57.2",,,,,,,,"133","38.1",,,"0.382",,,,,,,
"1","스포원(금정)","성인","일반","28","관리자","참가","20250224","M","176.7","70.8","30.5",,"86","144","34.3","35",,,"3.8",,,,,,"22.7","33",,,"172",,,,,,"49.4",,,,,,,,"135","41.8",,,"0.6",,,,,,,
"2","동작","어르신","일반","65","관리자","3등급","20250224","M","167.2","71.4","23.5","86","79","125","40.2","34.6",,,"4.7",,,,,,"25.5",,,,,"33",,"112","4.97","19.34","56.3",,,,,,,,,,,,,,,,,,,"40.2"
"1","남구(울산)","어르신","일반","65","관리자","참가","20250224","M","180.1","84.1","25.9","98.7","93","156","37.7","44.2",,,"-3.9",,,,,,"25.9",,,,,"22",,"112","5.43","20.94","52.6",,,,,,,,,,,,,,,,,,,"44.2"
"1","스포원(금정)","성인","일반","49","관리자","참가","20250224","F","162.6","46.8","27",,"75","124","26","27",,,"11.2",,,,,,"17.7","2",,,"130",,,,,,"57.7",,,,,,,,"108","36.4",,,"0.457",,,,,,,
"1","청주","성인","일반","63","관리자","3등급","20250224","M","173.8","69.8","23","90","87","148","36.7","45.7",,,"4.6",,,,,,"23.1","46",,,"174",,,,,,"65.5",,,,,,,,"111","36.7",,,"0.310",,,,,,,
"8","부천","어르신","일반","68","관리자","3등급","20250224","F","151.1","70.3","44.8",,"71","139","25.6","26",,,"11.3",,,,,,"30.8",,,,,"23",,"118","5.22","22.96","37.0",,,,,,,,,,,,,,,,,,,"26.0"
"1","신안","유소년","일반","12","관리자","참가","20250224","F","151.2","42.5",,"59",,,"20.3","22.4","20",,"12.2",,,,,,"18.6",,"10",,"150",,,,,,"52.7",,,,,,,,,,,,,,"0.39","24","3",,,
"1","시흥","성인","일반","20","관리자","3등급","20250224","M","181","63.8","13.9","72","84","138","43.8","43.7",,,"10.2",,,,,,"19.5","55",,"10.47","254",,,,,,"68.7",,,"76","131","146","120","57.6",,,,,,,,,,,,
"1","신안","청소년","일반","14","관리자","참가","20250224","F","156.7","42.6","25.9","59","47","98","17.5","22","20",,"2.4","21.6","0.404","60","6","60.276","17.3",,"10",,,,,,,,"51.6",,"34.2",,,,,,,,,,,,,,,,,
"1","KSPO송파","성인","일반","20","관리자","참가","20250224","F","159.8","47.6","26.2","67.3","66","110","18.9","21.3",,,"15.7",,,,,,"18.6","21","14","13.33","148",,,,,,"44.7",,"33.0",,,,,,,,,,,,,,,,,
"1","KSPO대구","성인","일반","62","관리자","3등급","20250224","M","171.8","73.4","23.3","77","93","157","40.3","41.1",,,"13.1",,,,,,"24.9","22","32","12.8","186",,,,,,"56.0",,"36.8",,,,,,,,,,,,,,,,,
"5","화성","어르신","일반","76","관리자","2등급","20250224","F","150.7","51.4","28.9",,"101","163","28.5","28.2",,,"12.1",,,,,,"22.6",,,,,"22",,"93","6.1","25.5","55.4",,,,,,,,,,,,,,,,,,,"28.5"
"1","부천","성인","일반","23","관리자","참가","20250224","F","162.7","44.6","22.9",,"71","119","21.8","19.3",,,"20.1",,,,,,"16.8","2",,,"160",,,,,,"48.9",,,,,,,,"156","35.9",,,"0.359",,,,,,,
"3","미추홀","성인","일반","21","관리자","참가","20250224","M","174","98.7","38.5","108","71","114","39.1","46.9",,,"9.6",,,,,,"32.6","40","21",,"63",,,,,,"47.5",,"33.7",,,,,,,,,,"0.423",,,,,,,
"3","미추홀","성인","일반","23","관리자","3등급","20250224","F","168.9","58.1","27.6","74","57","93","23.5","23.4",,,"24.2",,,,,,"20.4","40",,,"170",,,,,,"40.4",,,,,,,,"127","36.7",,,"0.298",,,,,,,
"4","마포","어르신","일반","83","관리자","참가","20250224","M","163.8","56.8","14.4","82","64","136","28.6","36.6",,,"-6.1",,,,,,"21.2",,,,,"19",,"109","4.73","22.42","64.4",,,,,,,,,,,,,,,,,,,"36.6"
"5","마포","어르신","일반","76","관리자","1등급","20250224","M","163.9","68.5","27.8","90","83","129","40.1","40",,,"15.6",,,,,,"25.5",,,,,"23",,"132","3.86","19.10","58.5",,,,,,,,,,,,,,,,,,,"40.1"
"3","계룡","성인","일반","40","관리자","참가","20250224","M","177.4","98.7","35.4",,"88","144","42.5","51",,,"15.4",,,,,,"31.4","42","30",,"180",,,,,,"51.7",,"34.2",,,,,,,,,,"0.317",,,,,,,
"4","목포","성인","일반","25","관리자","2등급","20250224","M","179.9","67.8","15.9","78.4","85","151","34.9","43",,,"10.4",,,,,,"20.9","46",,"10.15","196",,,,,,"63.4",,,,,,,,"90","50.0",,,,,,,,,,
"1","강북","성인","일반","25","관리자","참가","20250224","F","162.8","57.80","29.2","79","71","106","24.9","27.4",,,"18.1",,,,,,"21.8","14",,,"159",,,,,,"47.4",,,"82","123","151",,"37.2",,,,,"0.362",,,,,,,
"2","KSPO송파별관(어르신)","어르신","일반","67","관리자","2등급","20250224","M","167.7","61.5","18.1",,"70","124","32.2","36",,,"7",,,,,,"21.9",,,,,"30",,"153","4.14","16.35","58.5",,,,,,,,,,,,,,,,,,,"36.0"
"1","강북","성인","일반","20","관리자","3등급","20250224","M","178.8","76.5","12.7","80","82","126","37.3","39.7",,,"11.6",,,,,,"23.9","49",,,"224",,,,,,"51.9",,,,,,,,"112","46.0",,,"0.327",,,,,,,
"7","중구(서울)","어르신","일반","68","관리자","1등급","20250224","M","159.3","65.5","29.4","87.6","91","168","39.9","15.9",,,"15.0",,,,,,"25.8",,,,,"34",,"133","4.6","19.4","60.9",,,,,,,,,,,,,,,,,,,"39.9"
"6","중구(서울)","어르신","일반","65","관리자","1등급","20250224","M","165.1","60.4","16.3","78","81","155","35.1","37.1",,,"13.3",,,,,,"22.2",,,,,"39",,"149","4","17.7","61.4",,,,,,,,,,,,,,,,,,,"37.1"
"1","충주","성인","일반","34","관리자","3등급","20250224","M","176.5","73.2","18","88","95","150","48.3","51.7",,,"15.8",,,,,,"23.5","51","33","10.56","206",,,,,,"70.6",,"39.2",,,,,,,,,,,,,,,,,
"3","미추홀","성인","일반","20","관리자","2등급","20250224","M","177.8","74.2","17.8","84","86","129","46","46.4",,,"21.2",,,,,,"23.5","55","52",,"237",,,,,,"62.5",,"44.6",,,,,,,,,,"0.310",,,,,,,
"7","경산","성인","일반","53","관리자","3등급","20250224","F","167.1","54.8","19.7","77","76","138","24.9","24.9",,,"13.5",,,,,,"19.6","17",,,"138",,,,,,"45.4",,,,,,,,"84","37.0",,,"0.320",,,,,,,
"23","익산","성인","일반","22","관리자","참가","20250224","F","169.4","87.9","42.1",,"72","128","26.8","34.8",,,"15.2",,,,,,"30.6","41","15",,,,,,,,"39.6",,"26.9",,,,,,,,,,"0.382","0.435",,,,,,
"1","KSPO송파별관(어르신)","어르신","일반","65","관리자","3등급","20250224","M","159.4","66.9","32.5",,"88","154","30.3","33.3",,,"9.3",,,,,,"26.3",,,,,"27",,"131","4.21","17.71","49.8",,,,,,,,,,,,,,,,,,,"33.3"
"3","고양","성인","일반","33","관리자","참가","20250224","M","175","77.1","25.1",,"84","124","36.1","41.6",,,"14.6",,,,,,"25.2","42",,"11.14","187",,,,,,"54.0",,,,,,,,"122","40.9",,,,,,,,,,
"1","동구(광주)","청소년","일반","18","관리자","참가","20250224","M","166.6","77.1","33.2","88","68","115","27.8","35",,"44","13.2","18.74","0.539","46.377","8","46.745","27.8",,,,,,,,,,"45.4",,,"93","123","144",,"42.9",,,,,,,,,,,,
"1","KSPO아산","성인","일반","64","관리자","참가","20250224","F","150.2","59.7","39.0","86.5","87","156","20","21.3",,,"0.2",,,,,,"26.5","0",,"19.37","107",,,,,,"35.7",,,,,,,,"128","26.8",,,,,,,,,,
"1","서구(대전)","성인","일반","20","관리자","3등급","20250224","F","167.4","59.5","33.1",,"60","106","24.2","23.3",,,"27.6",,,,,,"21.2","29",,,"162",,,,,,"40.7",,,,,,,,"139","35.3",,,"0.288",,,,,,,
"1","의정부","성인","일반","33","관리자","참가","20250224","M","161.2","73.6","37.2","95.4","79","157","40.1","42.7",,,"5.7",,,,,,"28.3","32",,,,,,,,,"58.0",,,"94","124","148",,"38.7",,,,,"0.305","0.478",,,,,,
"1","성동","성인","일반","44","관리자","참가","20250224","F","155.5","44.4","32.7",,"79","146","19.5","19",,,"-3.9",,,,,,"18.4","13",,,,,,,,,"43.9",,,,,,,,"144","32.8",,,"0.302","0.353",,,,,,
"3","계룡","어르신","일반","70","관리자","3등급","20250224","M","166.4","71.9","29.2",,"86","152","35.2","35.4",,,"2.6",,,,,,"26.0",,,,,"38",,"143","4.57","17.9","49.2",,,,,,,,,,,,,,,,,,,"35.4"
"1","창원","청소년","일반","16","관리자","참가","20250224","M","175","79.7","27.5","80","83","134","36.2","44.8","18",,"-15.2","17.72","0.490","49.081","8","49.449","26.0",,"40",,,,,,,,"56.2",,"40.6",,,,,,,,,,,,,,,,,
"2","영주","성인","일반","25","관리자","1등급","20250224","M","178.2","93.00","25.1","102.3","68","125","59.4","55.6",,,"16.2",,,,,,"29.3","51","55",,"236",,,,,,"63.9",,"42.1",,,,,,,,,,"0.316",,,,,,,
"1","KSPO아산","청소년","일반","18","관리자","참가","20250224","M","175.9","108.1","39.3","115","75","137","37.4","25.9",,"22","6","21.64","0.451","53.431","9","53.845","34.9",,"12",,,,,,,,"34.6",,"30.6",,,,,,,,,,,,,,,,,
"1","수원","어르신","일반","67","관리자","1등급","20250224","M","166.7","64.2","24.4","81","69","130","46.9","42.9",,,"19.1",,,,,,"23.1",,,,,"31",,"126","4.5","19","73.1",,,,,,,,,,,,,,,,,,,"46.9"
"3","KSPO광주","성인","일반","28","관리자","3등급","20250224","M","173.8","65.4","20.5","75","86","135","37.5","39.9",,,"9",,,,,,"21.7","39",,,,,,,,,"61.0",,,,,,,,"144","41.4",,,"0.357","0.598",,,,,,
"4","수원","성인","일반","22","관리자","3등급","20250224","F","173.1","60.9","24.6","69","62","107","28.7","34.1",,,"17.6",,,,,,"20.3","23",,,,,,,,,"56.0",,,,,,,,"122","37.2",,,"0.388","0.408",,,,,,
"1","KSPO송파별관(어르신)","어르신","일반","70","관리자","3등급","20250224","M","168","69.4","23.3",,"70","132","38.8","35.2",,,"2.1",,,,,,"24.6",,,,,"30",,"131","4.68","18.16","55.9",,,,,,,,,,,,,,,,,,,"38.8"
"4","스포원(금정)","어르신","출장","73","관리자","참가","20250224","F","147.8","70.8","47.5",,"94","152","25.2","26.1",,,"1.6",,,,,,"32.4",,,,,"21",,"93","5.29","25.6","36.9",,,,,,,,,,,,,,,,,,,"26.1"
"1","청주","성인","일반","27","관리자","참가","20250224","M","180.1","75.5","14.4","83","82","129","49.6","50.5",,,"11.7",,,,,,"23.3","26","40","10.8","214",,,,,,"66.9",,"40.9",,,,,,,,,,,,,,,,,
"8","오산","성인","일반","25","관리자","2등급","20250224","F","151.5","53.7","29.9","79","93","139","26.4","30.2",,,"18",,,,,,"23.4","39",,"12.87","136",,,,,,"56.2",,,,,,,,"107","38.1",,,,,,,,,,
"4","스포원(금정)","어르신","출장","79","관리자","참가","20250224","F","146.5","57.2","37",,"81","144","20.4","17.3",,,"9",,,,,,"26.7",,,,,"15",,"50","8","37.7","35.7",,,,,,,,,,,,,,,,,,,"20.4"
"1","오산","성인","일반","26","관리자","2등급","20250224","F","158.7","51","24.6","70.7","83","117","23.7","27.8",,,"26.3",,,,,,"20.2","39","27","12.03",,,,,,,"54.5",,"36.2",,,,,,,,,,,"0.477",,,,,,
"1","창원","성인","일반","25","관리자","3등급","20250224","M","166.4","72.6","21.7","83","73","120","42.7","40.1",,,"17.4",,,,,,"26.2","49",,"10.28",,,,,,,"58.8",,,"108","118","143","162","42.0",,,,,,"0.577",,,,,,
"1","오산","성인","일반","21","관리자","3등급","20250224","M","170.3","68.5","15.3","80.7","77","121","46.2","43.9",,,"6.4",,,,,,"23.6","45",,,"237",,,,,,"67.4",,,,,,,,"123","45.3",,,"0.350",,,,,,,
"1","화성","성인","일반","64","관리자","참가","20250224","M","172","82.4","30.4",,"91","139","35.7","42.6",,,"10.9",,,,,,"27.9","25","8",,,,,,,,"51.7",,"29.7",,,,,,,,,,"0.385","0.415",,,,,,
"1","달서","성인","일반","36","관리자","2등급","20250224","M","169","61.7","17.1","77.3","73","130","34.4","40.7",,,"10.2",,,,,,"21.6","40",,,"203",,,,,,"66.0",,,,,,,,"101","46.2",,,"0.358",,,,,,,
"1","오산","성인","일반","21","관리자","참가","20250224","M","174.3","63.4","15.1","75.1","64","107","42.3","45.6",,,"-7.8",,,,,,"20.9","36",,,"218",,,,,,"71.9",,,,,,,,"118","47.4",,,"0.439",,,,,,,
"1","달서","성인","일반","45","관리자","참가","20250224","M","173.5","70.8","26.4","87","78","146","32.6","36.8",,,"-3.1",,,,,,"23.5","46",,,"196",,,,,,"52.0",,,,,,,,"89","44.1",,,"0.35",,,,,,,
"1","천안","성인","일반","19","관리자","참가","20250224","M","176.8","76.7","18.1",,"63","104","33.6","39.9",,,"-4.8",,,,,,"24.5","37","16","10.90","187",,,,,,"52.0",,"35.9",,,,,,,,,,,,,,,,,
"5","중구(서울)","성인","일반","28","관리자","3등급","20250224","F","165.2","47.8","30.2","71.6","76","128","21.1","23.7",,,"23.6",,,,,,"17.5","25",,,"157",,,,,,"49.6",,,"121","137","165",,"36.8",,,,,"0.393",,,,,,,
"4","스포원(금정)","어르신","출장","76","관리자","3등급","20250224","F","154.2","61","38.6",,"79","151","18.2","20.1",,,"12.5",,,,,,"25.7",,,,,"14",,"77","6.2","27.6","33.0",,,,,,,,,,,,,,,,,,,"20.1"
"9","스포원(금정)","어르신","출장","71","관리자","3등급","20250224","F","152.9","69","42.9",,"91","138","25.9","28.6",,,"11.9",,,,,,"29.5",,,,,"24",,"115","4.91","22","41.4",,,,,,,,,,,,,,,,,,,"28.6"
"1","구미","성인","일반","21","관리자","참가","20250224","M","173.1","72.3","22.1","83.8","75","131","41.5","37.4",,,"17.4",,,,,,"24.1","41",,,,,,,,,"57.4",,,,,,,,"112","46.2",,,"0.315","0.692",,,,,,
"1","사천","성인","일반","24","관리자","2등급","20250224","F","166.2","55.3","31","79.4","78","120","25.8","23.8",,,"18.2",,,,,,"20.0","31",,,,,,,,,"46.7",,,,,,,,"107","39.4",,,"0.305","0.514",,,,,,
"2","스포원(금정)","어르신","출장","74","관리자","2등급","20250224","F","159","63.2","40.2",,"91","154","23.9","26",,,"17.3",,,,,,"25.0",,,,,"18",,"100","5.21","25.9","41.1",,,,,,,,,,,,,,,,,,,"26.0"
"5","스포원(금정)","어르신","출장","76","관리자","참가","20250224","F","148.2","55.7","41.1",,"72","142","16.9","18.7",,,"4",,,,,,"25.4",,,,,"18",,"95","5.4","24.7","33.6",,,,,,,,,,,,,,,,,,,"18.7"
"2","영주","성인","일반","27","관리자","3등급","20250224","M","167.8","78.40","22.6","89.0","90","142","53","56.4",,,"22.6",,,,,,"27.8","50","42",,"220",,,,,,"71.9",,"41.2",,,,,,,,,,"0.306",,,,,,,
"1","서구(대전)","성인","일반","23","관리자","2등급","20250224","F","162.9","55","28.5",,"72","108","25.1","25.2",,,"25.5",,,,,,"20.7","30",,,,,,,,,"45.8",,,"87","114","145",,"38.3",,,,,"0.399","0.501",,,,,,
"1","부천","성인","일반","45","관리자","참가","20250224","M","166.2","70.9","32.8",,"96","143","36.5","41.5",,,"3.1",,,,,,"25.7","41",,,,,,,,,"58.5",,,"106","121","139","172","36.7",,,,,"0.343","0.564",,,,,,
"4","스포원(금정)","어르신","출장","71","관리자","3등급","20250224","F","145","61.2","43.4",,"89","150","23.2","25.3",,,"23.4",,,,,,"29.1",,,,,"21",,"97","5.99","30.1","41.3",,,,,,,,,,,,,,,,,,,"25.3"
"3","KSPO송파별관(어르신)","어르신","일반","69","관리자","3등급","20250224","M","164","68.4","33.2",,"80","154","38","41",,,"18",,,,,,"25.4",,,,,"27",,"97","5.31","23.66","59.9",,,,,,,,,,,,,,,,,,,"41.0"
"6","스포원(금정)","어르신","출장","88","관리자","참가","20250224","F","144.3","42.2","33",,"89","159","16.5","17.8",,,"9",,,,,,"20.3",,,,,"15",,"35","9.1","42.7","42.2",,,,,,,,,,,,,,,,,,,"17.8"
"9","스포원(금정)","어르신","출장","79","관리자","1등급","20250224","F","141.4","52.7","29.4",,"85","150","23.2","22.7",,,"18.5",,,,,,"26.4",,,,,"23",,"104","5.54","25","44.0",,,,,,,,,,,,,,,,,,,"23.2"
"4","마포","성인","일반","23","관리자","3등급","20250224","F","164.6","54.2","26.9",,"67","114","28","31.2",,,"11.6",,,,,,"20.0","30",,,"139",,,,,,"57.6",,,,,,,,"116","38.6",,,"0.298",,,,,,,
"4","마포","성인","일반","22","관리자","3등급","20250224","F","163.1","49","20.2",,"80","114","24.1","28.4",,,"20.3",,,,,,"18.4","24",,,"173",,,,,,"58.0",,,,,,,,"120","39.4",,,"0.425",,,,,,,
"4","스포원(금정)","어르신","출장","72","관리자","3등급","20250224","F","155.2","67","37.3",,"82","150","28.8","29.1",,,"14",,,,,,"27.8",,,,,"15",,"93","6.2","28.4","43.4",,,,,,,,,,,,,,,,,,,"29.1"
"5","스포원(금정)","어르신","출장","68","관리자","3등급","20250224","F","156.9","49.6","25.3",,"89","148","19.9","21.9",,,"18",,,,,,"20.1",,,,,"18",,"103","4.83","23.6","44.2",,,,,,,,,,,,,,,,,,,"21.9"
"2","동작","성인","일반","21","관리자","참가","20250224","M","181.1","104.1","28","101","98","157","54","55",,,"24",,,,,,"31.7","53","35","9.07","243",,,,,,"52.8",,"36.1",,,,,,,,,,,,,,,,,
"3","스포원(금정)","어르신","출장","73","관리자","참가","20250224","F","149.2","70.5","51.8",,"79","149","20.8","20.7",,,"-4",,,,,,"31.7",,,,,"17",,"101","6.6","28.7","29.5",,,,,,,,,,,,,,,,,,,"20.8"
"6","스포원(금정)","어르신","출장","74","관리자","2등급","20250224","F","152.5","54.4","34.3",,"91","155","21.4","19.6",,,"21.1",,,,,,"23.4",,,,,"25",,"116","6.42","26.2","39.3",,,,,,,,,,,,,,,,,,,"21.4"
"1","동작","성인","일반","29","관리자","참가","20250224","M","174.1","68.1","15.1","74","70","120","47.3","40.3",,,"-3.5",,,,,,"22.5","53","51",,,,,,,,"69.5",,"44.6",,,,,,,,,,"0.290","0.601",,,,,,
"1","청주","성인","일반","22","관리자","참가","20250224","F","169.2","58.9","39","83.9","75","117","24.4","27.6",,,"7.4",,,,,,"20.6","18",,,,,,,,,"46.9",,,,,,,,"146","34.4",,,"0.374","0.390",,,,,,
"4","스포원(금정)","어르신","출장","73","관리자","참가","20250224","F","150.8","45.9","33.7",,"91","154","18","19.6",,,"8.7",,,,,,"20.2",,,,,"18",,"87","6","26.9","42.7",,,,,,,,,,,,,,,,,,,"19.6"
"4","스포원(금정)","어르신","출장","76","관리자","참가","20250224","F","145.3","47.7","34.8",,"83","150","21.3","19.6",,,"6",,,,,,"22.6",,,,,"15",,"109","6.1","28.9","44.7",,,,,,,,,,,,,,,,,,,"21.3"
"1","창원마산회원","성인","일반","40","관리자","3등급","20250224","F","147.8","43.9","26.5","65.5","78","124","19.4","20.9",,,"12.8",,,,,,"20.1","25",,,"147",,,,,,"47.6",,,"85","119","138",,"38.6",,,,,"0.363",,,,,,,
"1","성동","성인","일반","21","관리자","3등급","20250224","F","162.7","69.3","30.7",,"72","116","30.6","36.4",,,"16",,,,,,"26.2","23",,,,,,,,,"52.5",,,,,,,,"123","34.2",,,"0.374","0.502",,,,,,
"4","스포원(금정)","어르신","출장","72","관리자","참가","20250224","F","145.4","53.8","42.3",,"88","142","19.7","22.4",,,"3.5",,,,,,"25.4",,,,,"19",,"92","5.5","22.7","41.6",,,,,,,,,,,,,,,,,,,"22.4"
"2","스포원(금정)","어르신","출장","70","관리자","2등급","20250224","F","139.8","42.6","31.2",,"69","136","22","9.1",,,"16",,,,,,"21.8",,,,,"17",,"108","5.2","20.8","51.6",,,,,,,,,,,,,,,,,,,"22.0"
"5","스포원(금정)","어르신","출장","80","관리자","2등급","20250224","F","154.2","51.7","24.9",,"91","140","22.9","22.4",,,"13.8",,,,,,"21.7",,,,,"18",,"87","6.9","25.6","44.3",,,,,,,,,,,,,,,,,,,"22.9"
"4","스포원(금정)","어르신","출장","75","관리자","3등급","20250224","F","156.5","56.6","34.1",,"81","140","24","24.4",,,"10.2",,,,,,"23.1",,,,,"16",,"112","6","24.3","43.1",,,,,,,,,,,,,,,,,,,"24.4"
"7","스포원(금정)","어르신","출장","76","관리자","1등급","20250224","F","155.3","49.5","31.8",,"94","150","18.9","17.9",,,"20.7",,,,,,"20.5",,,,,"19",,"109","4.9","21.3","38.2",,,,,,,,,,,,,,,,,,,"18.9"
"3","스포원(금정)","어르신","출장","68","관리자","참가","20250224","F","146.3","38","21",,"86","145","17.6","18.6",,,"3.4",,,,,,"17.8",,,,,"22",,"63","5.9","35","48.9",,,,,,,,,,,,,,,,,,,"18.6"
"4","스포원(금정)","어르신","출장","69","관리자","3등급","20250224","F","151.8","47.6","33.2",,"86","142","26.3","25.7",,,"20.5",,,,,,"20.7",,,,,"17",,"110","5.2","22.8","55.3",,,,,,,,,,,,,,,,,,,"26.3"
"2","화성","성인","일반","21","관리자","2등급","20250224","M","172.1","55.3","10.7",,"86","129","43","43.2",,,"11.4",,,,,,"18.7","51",,,"221",,,,,,"78.1",,,"99","114","129",,"50.5",,,,,"0.285",,,,,,,
"4","스포원(금정)","어르신","출장","71","관리자","참가","20250224","F","151.8","62.4","43.8",,"86","150","22.8","20",,,"6.7",,,,,,"27.1",,,,,"18",,"77","6.3","25.4","36.5",,,,,,,,,,,,,,,,,,,"22.8"
"4","스포원(금정)","어르신","출장","74","관리자","참가","20250224","F","148.5","40.2","23",,"68","145","19.6","21.7",,,"0",,,,,,"18.2",,,,,"17",,"106","6.6","27","54.0",,,,,,,,,,,,,,,,,,,"21.7"
"1","북구(광주)","성인","일반","60","관리자","3등급","20250224","M","163.2","57.8","21.0","86.2","61","131","31.3","30.4",,,"5.3",,,,,,"21.7","25",,,,,,,,,"54.2",,,,,,,,"104","40.3",,,"0.351","0.461",,,,,,
"4","시흥","어르신","일반","68","관리자","2등급","20250224","M","176.3","81.7","22","87.3","101","167","48","50.7",,,"17.6",,,,,,"26.3",,,,,"31",,"119","4.91","18.53","62.1",,,,,,,,,,,,,,,,,,,"50.7"
"4","스포원(금정)","어르신","출장","72","관리자","3등급","20250224","F","155","62","42.5",,"75","143","22.7","23.9",,,"11",,,,,,"25.8",,,,,"17",,"105","6.1","24.7","38.5",,,,,,,,,,,,,,,,,,,"23.9"
"4","스포원(금정)","어르신","출장","76","관리자","3등급","20250224","F","160.2","50.7","23.1",,"92","141","17.5","21.5",,,"8.5",,,,,,"19.8",,,,,"14",,"87","6.7","26.9","42.4",,,,,,,,,,,,,,,,,,,"21.5"
"1","안산","성인","일반","48","관리자","2등급","20250224","M","169.7","74.7","18.0","82","71","134","37.8","43.8",,,"11.1",,,,,,"25.9","41",,,,,,,,,"58.6",,,"61","92","111","135","43.2",,,,,"0.362","0.603",,,,,,
"9","스포원(금정)","어르신","출장","72","관리자","참가","20250224","F","146.7","59.4","39.1",,"87","139","19.7","23.7",,,"3",,,,,,"27.6",,,,,"16",,"52","7.7","33.1","39.9",,,,,,,,,,,,,,,,,,,"23.7"
"4","스포원(금정)","어르신","출장","72","관리자","참가","20250224","F","156.7","62.4","38.7",,"89","138","21.4","23.6",,,"17.1",,,,,,"25.4",,,,,"16",,"56","7.3","40","37.8",,,,,,,,,,,,,,,,,,,"23.6"
"2","서대문","청소년","일반","17","관리자","1등급","20250224","F","169.9","69.5","27.3",,"44","117","34.6","34.9",,"48","20.0","18.87","0.501","44.626","15","45.316","24.1",,"40",,,,,,,,"50.2",,"36.7",,,,,,,,,,,,,,,,,
"1","안산","성인","일반","43","관리자","참가","20250224","F","163.5","91.3","42.1","86","72","97","26","31.2",,,"-2.6",,,,,,"34.2","9",,,"98",,,,,,"34.2",,,"83","124","148",,"26.1",,,,,"0.352",,,,,,,
"4","스포원(금정)","어르신","출장","72","관리자","참가","20250224","F","158.5","56.9","33",,"87","138","26.8","23.8",,,"1",,,,,,"22.6",,,,,"15",,"105","6.6","27.9","47.1",,,,,,,,,,,,,,,,,,,"26.8"
"2","동작","어르신","일반","72","관리자","1등급","20250224","M","166.5","66.7","21.1","87","92","149","35","38.8",,,"14",,,,,,"24.1",,,,,"33",,"123","5.15","21.48","58.2",,,,,,,,,,,,,,,,,,,"38.8"
"8","스포원(금정)","어르신","출장","76","관리자","2등급","20250224","F","142.2","49.4","39.8",,"79","129","24.3","22.4",,,"12",,,,,,"24.4",,,,,"15",,"97","6.6","29.1","49.2",,,,,,,,,,,,,,,,,,,"24.3"
"1","남구(울산)","성인","일반","27","관리자","3등급","20250224","M","178.8","79.6","23.7","92.9","76","127","49.3","49.3",,,"11.3",,,,,,"24.9","46","37",,"195",,,,,,"61.9",,"39.7",,,,,,,,,,"0.337",,,,,,,
"1","양평","청소년","일반","18","관리자","참가","20250224","M","182","87.7","24.2",,"79","148","47.1","52.3","20",,"-2.2","18.97","0.565","43.497","5","43.727","26.5",,"32",,,,,,,,"59.6",,"38.9",,,,,,,,,,,,,,,,,
"4","북구(광주)","성인","일반","24","관리자","참가","20250224","F","158.1","49.5","35.1","64.0","69","106","19.6","21.5",,,"6.9",,,,,,"19.8","3",,,"115",,,,,,"43.4",,,"93","83","149",,"35.2",,,,,"0.359",,,,,,,
"1","천안","청소년","일반","18","관리자","참가","20250224","M","175.7","90.2","29.4",,"50","99","35.9","48.3","30",,"-2.3","19.17","0.526","58.338","10","58.798","29.2",,"17",,,,,,,,"53.5",,"34.6",,,,,,,,,,,,,,,,,
"1","북구(광주)","성인","일반","24","관리자","참가","20250224","F","162.7","42.4","22.8","61.8","70","104","24.5","29.3",,,"4.9",,,,,,"16.0","20",,,"143",,,,,,"69.1",,,"95","141","142",,"44.2",,,,,"0.358",,,,,,,
"10","스포원(금정)","어르신","출장","68","관리자","참가","20250224","F","153.7","51.9","37.8",,"78","145","22.5","20.5",,,"6",,,,,,"22.0",,,,,"17",,"94","5.9","23.6","43.4",,,,,,,,,,,,,,,,,,,"22.5"
"5","스포원(금정)","어르신","출장","73","관리자","참가","20250224","F","144.5","56.8","46.1",,"90","157","22.3","20.9",,,"8.9",,,,,,"27.2",,,,,"18",,"77","7.4","34.7","39.3",,,,,,,,,,,,,,,,,,,"22.3"
"1","중구(서울)","성인","일반","29","관리자","3등급","20250224","F","156.2","55.5","30.5","69.8","58","107","20.5","22.9",,,"23.3",,,,,,"22.7","27",,,,,,,,,"41.3",,,"76","104","131",,"38.6",,,,,"0.552","0.408",,,,,,
"1","창원","성인","일반","22","관리자","참가","20250224","F","169.8","60.8","31","71","59","104","25.9","28.9",,,"1.9",,,,,,"21.1","24",,,,,,,,,"47.5",,,"95","135","163",,"36.0",,,,,"0.495","0.377",,,,,,
"1","중구(서울)","성인","일반","24","관리자","참가","20250224","F","157.6","47.7","22.2","70.8","60","104","24.4","24.1",,,"21.8",,,,,,"19.2","12",,,,,,,,,"51.2",,,,,,,,"107","40.4",,,"0.412","0.404",,,,,,
"4","스포원(금정)","어르신","출장","77","관리자","2등급","20250224","F","152.3","62","44",,"71","156","20.8","15.5",,,"13",,,,,,"26.7",,,,,"16",,"91","7.5","28.8","33.5",,,,,,,,,,,,,,,,,,,"20.8"
"4","스포원(금정)","어르신","출장","80","관리자","참가","20250224","F","147.8","60.3","41.4",,"86","147","19.9","23.5",,,"0",,,,,,"27.6",,,,,"14",,"108","6.8","30","39.0",,,,,,,,,,,,,,,,,,,"23.5"
"3","스포원(금정)","어르신","출장","70","관리자","참가","20250224","F","151.3","70.3","47",,"84","140","23.1","23",,,"10.1",,,,,,"30.7",,,,,"18",,"67","5.7","26.8","32.9",,,,,,,,,,,,,,,,,,,"23.1"
"3","스포원(금정)","어르신","출장","75","관리자","참가","20250224","F","152","55","35",,"79","148","11.4","12.5",,,"2.5",,,,,,"23.8",,,,,"8",,"49","10.1","48.9","22.7",,,,,,,,,,,,,,,,,,,"12.5"
"2","목포","성인","일반","49","관리자","참가","20250224","M","172.5","75.1","24.8","91.2","93","125","27.3","32.5",,,"11.1",,,,,,"25.2","23",,,"210",,,,,,"43.3",,,,,,,,"112","38.7",,,"0.371",,,,,,,
"1","동구(광주)","성인","일반","23","관리자","3등급","20250224","F","168.5","54.2","25.7","64","77","117","23.2","25.6",,,"23.7",,,,,,"19.1","29",,,"160",,,,,,"47.2",,,,,,,,"136","36.5",,,"0.343",,,,,,,
"1","고양","성인","일반","19","관리자","참가","20250224","M","182.9","64","14.5",,"73","132","46.6","49.1",,,"10.9",,,,,,"19.1","20","30","12.08","158",,,,,,"76.7",,"40.9",,,,,,,,,,,,,,,,,
"1","화성","성인","일반","26","관리자","3등급","20250224","F","159.9","43.6","25.6",,"79","120","20.1","23.1",,,"20.9",,,,,,"17.1","29","21",,"140",,,,,,"53.0",,"35.6",,,,,,,,,,"0.370",,,,,,,
"2","고양","성인","일반","19","관리자","참가","20250224","M","176.4","73.9","17.4",,"92","155","32.9","30",,,"3",,,,,,"23.7","50","32","9.88","206",,,,,,"44.5",,"40.0",,,,,,,,,,,,,,,,,
"5","KSPO송파별관(어르신)","어르신","일반","69","관리자","2등급","20250224","M","160.4","54.8","23.1",,"86","156","34.2","37.1",,,"7",,,,,,"21.3",,,,,"34",,"135","4.47","16.05","67.7",,,,,,,,,,,,,,,,,,,"37.1"
"4","스포원(금정)","어르신","출장","70","관리자","참가","20250224","F","149.9","70.5","50.2",,"80","155","18.6","19.9",,,"1.5",,,,,,"31.4",,,,,"9",,"53","7.4","33.9","28.2",,,,,,,,,,,,,,,,,,,"19.9"
"4","오산","성인","일반","22","관리자","참가","20250224","M","171.7","82.6","30.9","97.4","93","142","39.3","44.9",,,"8.8",,,,,,"28.0","27",,"10.84","210",,,,,,"54.4",,,,,,,,"104","44.8",,,,,,,,,,
"4","스포원(금정)","어르신","출장","73","관리자","3등급","20250224","F","149.3","54.8","40.9",,"86","153","25.5","23.2",,,"15.7",,,,,,"24.6",,,,,"18",,"85","4.7","24.3","46.5",,,,,,,,,,,,,,,,,,,"25.5"
"2","광주","성인","일반","29","관리자","참가","20250224","F","160.7","61.3","35.2",,"72","116","25.1","26.1",,,"9.2",,,,,,"23.7","17",,,,,,,,,"42.6",,,,,,,,"135","33.0",,,"0.355","0.443",,,,,,
"1","오산","성인","일반","29","관리자","참가","20250224","M","182.9","86.1","27.1","97.1","92","142","44.8","46.4",,,"11.2",,,,,,"25.7","36","23","12.91","185",,,,,,"53.9",,"35.2",,,,,,,,,,,,,,,,,
"4","스포원(금정)","어르신","출장","74","관리자","3등급","20250224","F","158.2","57.2","36.8",,"64","132","25.6","24.2",,,"9.5",,,,,,"22.9",,,,,"15",,"107","6.4","27.1","44.8",,,,,,,,,,,,,,,,,,,"25.6"
"5","KSPO송파별관(어르신)","어르신","일반","69","관리자","2등급","20250224","M","164","65.5","20.3",,"89","133","33","33",,,"17.3",,,,,,"24.4",,,,,"35",,"144","4.36","16.70","50.4",,,,,,,,,,,,,,,,,,,"33.0"
"2","광주","성인","일반","34","관리자","참가","20250224","M","177","91.9","28.7",,"94","153","50.3","49",,,"0.2",,,,,,"29.3","18",,,,,,,,,"54.7",,,"79","110","123",,"41.2",,,,,"0.364","0.478",,,,,,
"2","오산","성인","일반","61","관리자","1등급","20250224","F","162.6","59.7","39","90.1","82","128","32.3","35.9",,,"23.1",,,,,,"22.6","24",,"13.63","155",,,,,,"60.1",,,"75","100","114",,"35.2",,,,,,,,,,,,
"4","스포원(금정)","어르신","출장","73","관리자","참가","20250224","F","150.8","54.7","38.3",,"84","141","19","24.7",,,"9",,,,,,"24.1",,,,,"15",,"93","5.5","25.8","45.2",,,,,,,,,,,,,,,,,,,"24.7"
"2","안산","성인","일반","54","관리자","참가","20250224","F","160.5","57.4","32.6","72","85","131","27.1","29.1",,,"19.2",,,,,,"22.3","11",,,,,,,,,"50.7",,,,,,,,"107","32.7",,,"0.412","0.406",,,,,,
"2","포항","성인","일반","26","관리자","2등급","20250224","F","167.1","62.5","29.4",,"75","129","26.7","29.1",,,"20.9",,,,,,"22.4","41","44","11.68","173",,,,,,"46.6",,"39.7",,,,,,,,,,,,,,,,,
"3","화성","성인","일반","64","관리자","2등급","20250224","M","180.4","72.6","19.5",,"84","146","38.4","39.4",,,"14.8",,,,,,"22.3","27",,,"173",,,,,,"54.3",,,"85","93","118",,"35.9",,,,,"0.334",,,,,,,
"1","광주","성인","일반","20","관리자","3등급","20250224","M","177.4","64.8","15.9",,"90","151","50.6","41.6",,,"18",,,,,,"20.6","56","49",,"232",,,,,,"78.1",,"45.2",,,,,,,,,,"0.298",,,,,,,
"1","안산","성인","일반","57","관리자","참가","20250224","F","159.6","68.3","38.5","81","72","130","26.1","30.1",,,"7.3",,,,,,"26.8","0",,,,,,,,,"44.1",,,,,,,,"104","29.8",,,"0.475","0.342",,,,,,
"1","마포","성인","일반","28","관리자","참가","20250224","M","181.5","115.5","36.2","102","80","140","49.6","57.2",,,"0.3",,,,,,"35.1","37",,,"187",,,,,,"49.5",,,,,,,,"93","38.4",,,"0.349",,,,,,,
"4","스포원(금정)","어르신","출장","75","관리자","3등급","20250224","F","146.9","58.2","46.8",,"91","159","18.6","18.1",,,"22",,,,,,"27.0",,,,,"15",,"84","5.7","29.4","32.0",,,,,,,,,,,,,,,,,,,"18.6"
"2","구미","청소년","일반","18","관리자","2등급","20250224","M","165.9","67.7","20.2","80","87","158","45.6","49.2",,"48","16.8","18.51","0.598","39.926","15","40.616","24.6",,,,,,,,,,"72.7",,,"72","105","130",,"46.5",,,,,,,,,,,,
"5","스포원(금정)","어르신","출장","76","관리자","2등급","20250224","F","158.2","73.5","43.9",,"87","152","26.7","32.5",,,"12.1",,,,,,"29.4",,,,,"15",,"89","7.1","30.2","44.2",,,,,,,,,,,,,,,,,,,"32.5"
"1","강북","성인","일반","22","관리자","3등급","20250224","M","173.0","68.10","12.5","77","93","155","48.3","45.5",,,"12",,,,,,"22.8","52",,,"242",,,,,,"70.9",,,,,,,,"130","44.3",,,"0.304",,,,,,,
"2","구미","청소년","일반","18","관리자","참가","20250224","M","171.6","69.9","29.2","88.1","75","129","37.8","42",,"58","12.2","19.44","0.653","43.132","8","43.500","23.7",,,,,,,,,,"60.1",,,"107","118","164",,"41.0",,,,,,,,,,,,
"3","스포원(금정)","어르신","출장","78","관리자","참가","20250224","F","155.5","58.8","38.6",,"87","148","20","21.4",,,"10",,,,,,"24.3",,,,,"16",,"65","6.7","31.1","36.4",,,,,,,,,,,,,,,,,,,"21.4"
"1","포천","성인","일반","49","관리자","참가","20250224","F","164.8","70.8","34.2","90","86","149","31.9","30.1",,,"20.1",,,,,,"26.1",,"12",,"160",,,,,,"45.1",,"27.6",,,,,,,,,,"0.382",,,,,,,
"10","스포원(금정)","어르신","출장","75","관리자","2등급","20250224","F","145.9","48","44.9",,"81","148","23","28",,,"12",,,,,,"22.5",,,,,"28",,"89","4.9","21.1","58.3",,,,,,,,,,,,,,,,,,,"28.0"
"4","스포원(금정)","어르신","출장","75","관리자","참가","20250224","F","152.9","58.3","44.4",,"78","151","20.9","27.7",,,"12",,,,,,"24.9",,,,,"12",,"46","8.3","48.9","47.5",,,,,,,,,,,,,,,,,,,"27.7"
"2","화성","성인","일반","24","관리자","3등급","20250224","M","185.4","75.1","7.8",,"50","122","56.8","62.8",,,"8.3",,,,,,"21.8","55","52",,"244",,,,,,"83.6",,"43.9",,,,,,,,,,"0.35",,,,,,,
"1","중구(서울)","성인","일반","24","관리자","2등급","20250224","F","170.5","54.3","21.3","70.6","71","136","30","37.4",,,"16.7",,,,,,"18.7","39",,,"190",,,,,,"68.9",,,"115","136","165",,"36.4",,,,,"0.378",,,,,,,
"1","스포원(금정)","어르신","출장","75","관리자","3등급","20250224","F","155.6","47.3","28",,"77","137","21.2","22.3",,,"13.9",,,,,,"19.5",,,,,"19",,"85","7.2","26.1","47.1",,,,,,,,,,,,,,,,,,,"22.3"
"4","고양","어르신","일반","66","관리자","1등급","20250224","F","154.6","59.7","35.2",,"71","139","28.5","27.9",,,"21",,,,,,"25.0",,,,,"30",,"123","4.57","19.73","47.7",,,,,,,,,,,,,,,,,,,"28.5"
"6","스포원(금정)","어르신","출장","72","관리자","참가","20250224","F","155.2","75.9","48.1",,"69","146","23.8","24.7",,,"5.5",,,,,,"31.5",,,,,"23",,"104","5.8","25.8","32.5",,,,,,,,,,,,,,,,,,,"24.7"
"2","중구(서울)","성인","일반","44","관리자","참가","20250224","M","180.8","79.1","20.8","86.2","92","145","38.8","49.9",,,"14.7",,,,,,"24.2","35",,,"203",,,,,,"63.1",,,"133","151","162","180","35.1",,,,,"0.343",,,,,,,
"1","동작","성인","일반","21","관리자","참가","20250224","M","172.6","65","18.7","72","77","117","43","38",,,"2.1",,,,,,"21.8","31",,,,,,,,,"66.2",,,,,,,,"106","48.7",,,"0.280","0.588",,,,,,
"2","동작","성인","일반","22","관리자","참가","20250224","M","164.4","73.6","29.2","85.2","83","120","45.8","45.8",,,"1.8",,,,,,"27.2","38",,,"208",,,,,,"62.2",,,,,,,,"118","44.2",,,"0.264",,,,,,,
"5","스포원(금정)","어르신","출장","75","관리자","2등급","20250224","F","145.6","43","26.9",,"73","134","19.3","21.4",,,"11.5",,,,,,"20.3",,,,,"19",,"102","7","30.4","49.8",,,,,,,,,,,,,,,,,,,"21.4"
"5","스포원(금정)","어르신","출장","80","관리자","참가","20250224","F","144.2","49","40.4",,"79","157","22","20.3",,,"10",,,,,,"23.6",,,,,"17",,"50","7","32.2","44.9",,,,,,,,,,,,,,,,,,,"22.0"
"1","달서","어르신","일반","68","관리자","2등급","20250224","M","176.9","78.7","17.6","83.6","92","149","36","41",,,"11",,,,,,"25.1",,,,,"26",,"124","5.2","19.37","52.1",,,,,,,,,,,,,,,,,,,"41.0"
"4","스포원(금정)","어르신","출장","80","관리자","참가","20250224","F","154.2","49.1","31.3",,"69","142","16.7","13.4",,,"4",,,,,,"20.6",,,,,"16",,"83","6.6","28.2","34.0",,,,,,,,,,,,,,,,,,,"16.7"
"2","포천","성인","일반","26","관리자","3등급","20250224","M","166.8","62.1","12.9","72","91","145","41.9","42.7",,,"9.9",,,,,,"22.3","42",,,"233",,,,,,"68.8",,,,,,,,"109","47.2",,,"0.301",,,,,,,
"3","서대문","어르신","일반","76","관리자","1등급","20250224","F","149.9","60.2","38.2",,"76","149","20.6","23.2",,,"17.2",,,,,,"26.8",,,,,"27",,"118","5.75","25.91","38.5",,,,,,,,,,,,,,,,,,,"23.2"
"3","스포원(금정)","어르신","출장","69","관리자","참가","20250224","F","139.5","41.4","31.4",,"71","146","18.5","21.5",,,"15",,,,,,"21.3",,,,,"16",,"96","7.3","34.9","51.9",,,,,,,,,,,,,,,,,,,"21.5"
"3","서대문","성인","일반","24","관리자","3등급","20250224","F","163.7","47.3","22.7",,"65","116","26.9","25.7",,,"14.6",,,,,,"17.7","23",,"13.66","164",,,,,,"56.9",,,,,,,,"122","39.3",,,,,,,,,,
"2","강릉","성인","일반","23","관리자","3등급","20250224","F","172.0","57.6","32.1","79.3","96","141","29.9","27.5",,,"11.1",,,,,,"19.5","34",,,"157",,,,,,"51.9",,,,,,,,"140","35.5",,,"0.379",,,,,,,
"1","창원","어르신","일반","67","관리자","참가","20250224","M","165.3","71.8","26.8","96","99","165","39","34.9",,,"10.7",,,,,,"26.3",,,,,"18",,"96","5.024","21.310","54.3",,,,,,,,,,,,,,,,,,,"39.0"
"1","전주","성인","일반","43","관리자","3등급","20250224","M","168.6","74.1","19","82","73","136","47.9","50.7",,,"13",,,,,,"26.1","38",,"11.51",,,,,,,"68.4",,,,,,,,"132","37.1",,,,"0.640",,,,,,
"3","KSPO송파별관(어르신)","어르신","일반","67","관리자","2등급","20250224","M","170","76.6","25.6",,"77","132","36.2","43.9",,,"10.5",,,,,,"26.5",,,,,"28",,"132","3.98","16.13","57.3",,,,,,,,,,,,,,,,,,,"43.9"
"2","계룡","성인","일반","50","관리자","2등급","20250224","F","165.4","54.9","25.2",,"65","123","28.2","28.8",,,"19",,,,,,"20.1","28",,"13.4",,,,,,,"52.5",,,,,,,,"94","36.2",,,,"0.456",,,,,,
"1","마포","성인","일반","43","관리자","참가","20250224","M","189.2","90.9","23.6","94","98","152","47.6","54.9",,,"17.7",,,,,,"25.4","28","38",,"191",,,,,,"60.4",,"36.8",,,,,,,,,,"0.331",,,,,,,
"8","사천","성인","일반","21","관리자","3등급","20250224","M","176.9","78.5","17.4","85.9","93","136","41.5","44.6",,,"21.1",,,,,,"25.1","64","71","10.1","221",,,,,,"56.8",,"48.3",,,,,,,,,,,,,,,,,
"6","스포원(금정)","어르신","출장","76","관리자","참가","20250224","F","152.1","60.4","38.7",,"78","147","23.9","24.7",,,"3.5",,,,,,"26.1",,,,,"16",,"99","5.4","26.1","40.9",,,,,,,,,,,,,,,,,,,"24.7"
"3","사천","성인","일반","21","관리자","3등급","20250224","M","176.8","71.6","15.5","83.4","80","119","39.9","34.5",,,"15.2",,,,,,"22.9","44","69","10.16",,,,,,,"55.7",,"48.8",,,,,,,,,,,"0.601",,,,,,
"3","안산","어르신","일반","65","관리자","2등급","20250224","M","156.1","61.3","23.8","80","79","138","33.9","40.7",,,"8.2",,,,,,"25.2",,,,,"26",,"115","3.9","19.5","66.4",,,,,,,,,,,,,,,,,,,"40.7"
"1","시흥","어르신","일반","77","관리자","1등급","20250224","M","151.5","50.2","17.3","78","72","146","29.9","26.1",,,"9.2",,,,,,"21.9",,,,,"24",,"120","4.97","21.56","59.6",,,,,,,,,,,,,,,,,,,"29.9"
"3","양평","성인","일반","21","관리자","참가","20250224","M","174.8","77.3","26.6",,"78","146","45.9","50.1",,,"12.3",,,,,,"25.3","54",,"11.85",,,,,,,"64.8",,,,,,,,,,,,,"0.534",,,,,,
"4","스포원(금정)","어르신","출장","73","관리자","참가","20250224","F","153.8","56.2","38.5",,"89","139","27.7","24.5",,,"6.2",,,,,,"23.8",,,,,"18",,"85","5","26.3","49.3",,,,,,,,,,,,,,,,,,,"27.7"
"7","스포원(금정)","어르신","출장","76","관리자","3등급","20250224","F","147.5","50.7","35.5",,"84","150","24.4","26.1",,,"8.1",,,,,,"23.3",,,,,"22",,"109","5.7","26.4","51.5",,,,,,,,,,,,,,,,,,,"26.1"
"2","사천","성인","일반","23","관리자","2등급","20250224","F","166.3","59","19.4","72.8","65","120","31","31.4",,,"26.5",,,,,,"21.3","37",,,,,,,,,"53.2",,,"61","88","105",,"43.5",,,,,"0.380","0.465",,,,,,
"1","안산","성인","일반","60","관리자","참가","20250224","M","169.9","77.1","27.3","86","63","128","36.6","37.6",,,"14.4",,,,,,"26.7","25",,"11.2","183",,,,,,"48.8",,,,,,,,"101","37.0",,,,,,,,,,
"4","스포원(금정)","어르신","출장","72","관리자","3등급","20250224","F","142.2","56.5","41.2",,"79","143","21.1","20.3",,,"18.1",,,,,,"27.9",,,,,"24",,"89","5.5","22.6","37.3",,,,,,,,,,,,,,,,,,,"21.1"
"1","부천","어르신","일반","69","관리자","2등급","20250224","M","171.7","71.2","21",,"80","150","38.9","43.8",,,"6.8",,,,,,"24.2",,,,,"35",,"133","4.69","19.31","61.5",,,,,,,,,,,,,,,,,,,"43.8"
"4","스포원(금정)","어르신","출장","75","관리자","3등급","20250224","F","161.2","48.8","27.5",,"78","137","20.2","21.2",,,"10.3",,,,,,"18.8",,,,,"13",,"84","6.5","27.7","43.4",,,,,,,,,,,,,,,,,,,"21.2"
"1","서구(대전)","성인","일반","26","관리자","2등급","20250224","F","168.3","58.2","33",,"70","110","24.9","27.1",,,"19.9",,,,,,"20.5","27",,,,,,,,,"46.6",,,"88","133","153",,"37.8",,,,,"0.377","0.452",,,,,,
"4","스포원(금정)","어르신","출장","74","관리자","3등급","20250224","F","148","53.4","38.1",,"68","141","23.9","23.9",,,"17",,,,,,"24.4",,,,,"21",,"96","4.6","20.3","44.8",,,,,,,,,,,,,,,,,,,"23.9"
"3","스포원(금정)","어르신","출장","76","관리자","3등급","20250224","F","142.6","55.5","40.5",,"89","154","20","23.4",,,"7.4",,,,,,"27.3",,,,,"22",,"96","6.6","27.5","42.2",,,,,,,,,,,,,,,,,,,"23.4"
"2","화성","성인","일반","59","관리자","3등급","20250224","M","166.4","64.4","20.3",,"56","114","37.3","35.7",,,"6.1",,,,,,"23.3","29","24",,"175",,,,,,"57.9",,"36.5",,,,,,,,,,"0.406",,,,,,,
"2","포항","성인","일반","49","관리자","3등급","20250224","F","166.2","60.3","34.6",,"78","123","23","23.6",,,"11.3",,,,,,"21.8","30",,,,,,,,,"39.1",,,"90","115","136",,"34.3",,,,,"0.344","0.428",,,,,,
"2","스포원(금정)","어르신","출장","77","관리자","3등급","20250224","F","157.5","58.8","36.6",,"82","138","23.2","21.2",,,"17.7",,,,,,"23.7",,,,,"16",,"82","6.2","29.8","39.5",,,,,,,,,,,,,,,,,,,"23.2"
"1","천안","성인","일반","24","관리자","3등급","20250224","F","164.6","55.4","30.4",,"61","107","22.6","23.2",,,"14",,,,,,"20.4","24",,,"163",,,,,,"41.9",,,,,,,,"101","39.9",,,"0.333",,,,,,,
"7","전주","성인","일반","19","관리자","2등급","20250224","M","172.5","81","26","89.1","80","152","41","49.4",,,"16.2",,,,,,"27.2","49","52",,"213",,,,,,"61.0",,"43.7",,,,,,,,,,"0.254",,,,,,,
"6","스포원(금정)","어르신","출장","72","관리자","참가","20250224","F","164.3","72","38.7",,"90","149","20.6","23.6",,,"6.5",,,,,,"26.7",,,,,"11",,"86","6.6","33.5","32.8",,,,,,,,,,,,,,,,,,,"23.6"
"3","북구(광주)","성인","일반","32","관리자","참가","20250224","M","169.6","75.0","27.8","88.0","87","145","40","44.1",,,"-11.3",,,,,,"26.1","52",,,,,,,,,"58.8",,,,,,,,"112","42.7",,,"0.353","0.610",,,,,,
"3","북구(광주)","성인","일반","32","관리자","참가","20250224","F","172.9","74.5","40.1","83.8","57","104","27","30.0",,,"9.2",,,,,,"24.9","23",,,,,,,,,"40.3",,,,,,,,"123","31.9",,,"0.311","0.416",,,,,,
"7","스포원(금정)","어르신","출장","77","관리자","참가","20250224","F","152","41.4","23.6",,"62","131","18.7","24.3",,,"6.9",,,,,,"17.9",,,,,"22",,"100","5.7","26.4","58.7",,,,,,,,,,,,,,,,,,,"24.3"
"6","스포원(금정)","어르신","출장","70","관리자","참가","20250224","F","151.5","68.4","48.7",,"88","156","22.9","25.9",,,"-7.8",,,,,,"29.8",,,,,"17",,"85","6.1","30.5","37.9",,,,,,,,,,,,,,,,,,,"25.9"
"28","마포","성인","일반","46","관리자","2등급","20250224","M","176.5","65.2","15.5","74","79","136","47.8","48.2",,,"11.7",,,,,,"20.9","46","87","10.02","224",,,,,,"73.9",,"52.0",,,,,,,,,,,,,,,,,
"7","스포원(금정)","어르신","출장","83","관리자","참가","20250224","F","155.4","73.6","49.6",,"91","158","16.9","17",,,"19",,,,,,"30.5",,,,,"13",,"56","8.2","39.3","23.1",,,,,,,,,,,,,,,,,,,"17.0"
"1","부천","청소년","일반","18","관리자","1등급","20250224","M","177.2","64.6","10.4",,"78","145","42.5","43.3","80",,"27.3","15.83","0.688","44.234","12","44.786","20.6",,,,,,,,,,"67.0",,,"72","100","120",,"51.0",,,,,,,,,,,,
"2","스포원(금정)","어르신","일반","74","관리자","3등급","20250224","M","158.3","54.8","28.1",,"75","160","38.7","32.7",,,"6.9",,,,,,"21.9",,,,,"16",,"104","5.7","23.2","70.6",,,,,,,,,,,,,,,,,,,"38.7"
"4","스포원(금정)","어르신","출장","75","관리자","3등급","20250224","F","156.3","67","38.3",,"73","142","23.9","22.9",,,"11.5",,,,,,"27.4",,,,,"21",,"73","5.4","26.6","35.7",,,,,,,,,,,,,,,,,,,"23.9"
"4","스포원(금정)","성인","일반","27","관리자","참가","20250224","M","177.3","74.8","27.9",,"77","135","47.5","46.7",,,"13.6",,,,,,"23.8","34",,,"177",,,,,,"63.5",,,,,,,,"127","42.3",,,"0.317",,,,,,,
"1","수원","성인","일반","25","관리자","참가","20250224","M","182.3","86.7","26.7","87","73","122","51.8","50.6",,,"6",,,,,,"26.1","25",,,,,,,,,"59.7",,,"99","122","132",,"43.6",,,,,"0.352","0.473",,,,,,
"1","스포원(금정)","성인","일반","24","관리자","3등급","20250224","M","171.7","59.5","11.6",,"81","117","40.2","42",,,"7.6",,,,,,"20.2","53",,,,,,,,,"70.6",,,,,,,,"153","42.2",,,"0.326","0.605",,,,,,
"1","수원","성인","일반","20","관리자","참가","20250224","M","165.5","60.6","14.2","74","86","135","48","54",,,"13.3",,,,,,"22.1","39",,,"226",,,,,,"89.1",,,,,,,,"108","49.1",,,"0.365",,,,,,,
"2","스포원(금정)","어르신","출장","70","관리자","2등급","20250224","M","164","66.6","26.1",,"78","139","34.9","33.6",,,"4.6",,,,,,"24.8",,,,,"22",,"113","4.9","21.9","52.4",,,,,,,,,,,,,,,,,,,"34.9"
"2","스포원(금정)","성인","일반","27","관리자","참가","20250224","M","174.4","77.5","27.6",,"81","123","45.5","41.1",,,"-13.5",,,,,,"25.5","48",,,,,,,,,"58.7",,,,,,,,"148","38.4",,,"0.337","0.544",,,,,,
"3","스포원(금정)","어르신","출장","76","관리자","3등급","20250224","F","153.3","57.4","29",,"87","139","21.8","23.2",,,"11.1",,,,,,"24.4",,,,,"20",,"104","5.7","25.8","40.4",,,,,,,,,,,,,,,,,,,"23.2"
"1","KSPO송파","성인","일반","19","관리자","2등급","20250224","M","172.8","64.9","9.4","71.1","61","111","34.1","38.2",,,"13",,,,,,"21.7","56",,"8.57","276",,,,,,"58.9",,,"85","103","121","150","50.5",,,,,,,,,,,,
"1","KSPO송파","성인","일반","27","관리자","3등급","20250224","M","172.1","77.6","19.1","86.6","82","133","44.8","51.3",,,"6",,,,,,"26.2","58","42",,"224",,,,,,"66.1",,"41.3",,,,,,,,,,"0.366",,,,,,,
"6","스포원(금정)","어르신","출장","77","관리자","3등급","20250224","F","151.8","59.7","35.2",,"80","147","29.9","29.9",,,"8.5",,,,,,"25.9",,,,,"20",,"101","5.3","25","50.1",,,,,,,,,,,,,,,,,,,"29.9"
"10","스포원(금정)","어르신","출장","73","관리자","2등급","20250224","F","147.9","56.8","46.7",,"84","152","24","24",,,"18.4",,,,,,"26.0",,,,,"18",,"99","5.5","27.1","42.3",,,,,,,,,,,,,,,,,,,"24.0"
"6","스포원(금정)","어르신","출장","79","관리자","2등급","20250224","F","148.1","57.5","39.3",,"87","148","22.3","20.9",,,"15.2",,,,,,"26.2",,,,,"16",,"92","5.7","26.9","38.8",,,,,,,,,,,,,,,,,,,"22.3"
"2","세종","성인","일반","23","관리자","참가","20250224","F","165.5","60.2","32.7","78.5","67","104","27.5","28.5",,,"16.5",,,,,,"22.0","12",,,"139",,,,,,"47.3",,,,,,,,"96","39.6",,,"0.370",,,,,,,
"1","수원","성인","일반","30","관리자","3등급","20250224","M","167.4","67.1","10.8","78","73","134","50.3","54",,,"7",,,,,,"23.9","51","76","9.2","242",,,,,,"80.5",,"50.6",,,,,,,,,,,,,,,,,
"2","KSPO아산","성인","일반","36","관리자","2등급","20250224","M","178.2","75.1","19.5","79.8","78","132","46.9","47.5",,,"21.3",,,,,,"23.6","46",,"11.76",,,,,,,"63.2",,,,,,,,"130","39.7",,,,"0.615",,,,,,
"1","오산","성인","일반","19","관리자","참가","20250224","M","173.2","60.4","12.5","75.9","79","132","46.2","48.3",,,"7",,,,,,"20.1","36","18","11.15","208",,,,,,"80.0",,"38.8",,,,,,,,,,,,,,,,,
"1","오산","성인","일반","24","관리자","2등급","20250224","F","168","54.5","24.8","73.7","77","111","25.3","27.5",,,"18.2",,,,,,"19.3","36",,,,,,,,,"50.5",,,,,,,,"123","37.8",,,"0.392","0.452",,,,,,
"6","KSPO송파별관(어르신)","어르신","일반","73","관리자","2등급","20250224","F","162.2","69.0","38.7",,"88","144","19.5","27.4",,,"13.4",,,,,,"26.2",,,,,"20",,"127","5.25","20.25","39.7",,,,,,,,,,,,,,,,,,,"27.4"
"1","고양","청소년","일반","18","관리자","참가","20250224","M","188.8","69.4","8.6",,"68","135","55.1","55.3",,"25","5.2","18.1","0.600","45.956","7","46.278","19.5",,"51",,,,,,,,"79.7",,"46.3",,,,,,,,,,,,,,,,,
"1","KSPO송파별관(어르신)","어르신","일반","66","관리자","2등급","20250224","M","155.3","61.7","25.7",,"81","155","30.5","34.1",,,"9.3",,,,,,"25.6",,,,,"34",,"148","4.11","16.58","55.3",,,,,,,,,,,,,,,,,,,"34.1"
"1","사천","청소년","일반","18","관리자","참가","20250224","M","179.2","59.2","14.5","72","86","147","43.3","45.5","23",,"8.5","18.71","0.539","62.559","5","62.789","18.4",,"61",,,,,,,,"76.9",,"48.8",,,,,,,,,,,,,,,,,
"1","KSPO대구","성인","일반","24","관리자","참가","20250224","M","183.6","63.2","9.9","65","86","158","36.4","55.3",,,"14.5",,,,,,"18.7","40","34","10.5","258",,,,,,"87.5",,"41.5",,,,,,,,,,,,,,,,,
"1","KSPO대구","성인","일반","33","관리자","2등급","20250224","F","163.1","55.3","28.4","67","70","111","28.3","28.5",,,"19.5",,,,,,"20.8","32","22","12","174",,,,,,"51.5",,"33.8",,,,,,,,,,,,,,,,,
"3","중구(서울)","어르신","일반","65","관리자","3등급","20250224","M","173.2","68.6","20.8","90.4","102","168","36.4","39.7",,,"2.5",,,,,,"22.9",,,,,"28",,"117","4.9","20.9","57.9",,,,,,,,,,,,,,,,,,,"39.7"
"1","중구(서울)","어르신","일반","65","관리자","참가","20250224","M","167.7","67.3","27.3","88","89","141","32.9","38.6",,,"-13.9",,,,,,"23.9",,,,,"20",,"56","5.5","22.1","57.4",,,,,,,,,,,,,,,,,,,"38.6"
"3","중구(서울)","성인","일반","20","관리자","2등급","20250224","M","177.7","78.7","11","83.4","72","110","51.6","55.2",,,"24.3",,,,,,"24.9","48",,,"281",,,,,,"70.1",,,,,,,,"110","45.7",,,"0.305",,,,,,,
"1","동구(광주)","성인","일반","34","관리자","참가","20250224","F","159.6","46.1","19.4","62","66","112","22.5","23.2",,,"9.3",,,,,,"18.1","26",,,"137",,,,,,"50.3",,,,,,,,"103","39.6",,,"0.377",,,,,,,
"1","중구(서울)","성인","일반","27","관리자","3등급","20250224","M","181.2","72.7","16.1","83","81","130","45.2","48.5",,,"5.9",,,,,,"22.1","41",,,"229",,,,,,"66.7",,,"88","103","133","172","42.0",,,,,"0.363",,,,,,,
"5","중구(서울)","성인","일반","24","관리자","2등급","20250224","F","163.7","56.1","29.3","70","70","108","29","26.4",,,"16.5",,,,,,"20.9","32",,,"146",,,,,,"51.7",,,"93","125","144",,"39.0",,,,,"0.327",,,,,,,
"1","스포원(금정)","어르신","출장","74","관리자","2등급","20250224","F","146.9","53.1","39.2",,"81","148","23.9","20.6",,,"18.2",,,,,,"24.6",,,,,"21",,"100","5.5","23.9","45.0",,,,,,,,,,,,,,,,,,,"23.9"
"6","스포원(금정)","어르신","출장","75","관리자","참가","20250224","F","158.3","62.8","30.4",,"78","150","24.7","27.7",,,"5",,,,,,"25.1",,,,,"17",,"0","5.8","30.5","44.1",,,,,,,,,,,,,,,,,,,"27.7"
"1","스포원(금정)","어르신","출장","71","관리자","참가","20250224","F","150.9","52.4","19.2",,"86","139","19.4","18.6",,,"-5",,,,,,"23.0",,,,,"19",,"101","6.6","30.5","37.0",,,,,,,,,,,,,,,,,,,"19.4"
"2","화성","성인","일반","19","관리자","3등급","20250224","M","180.9","84","18.1",,"89","144","42.3","45.9",,,"20.9",,,,,,"25.7","61","52",,,,,,,,"54.6",,"43.1",,,,,,,,,,"0.286","0.589",,,,,,
"1","화성","성인","일반","62","관리자","참가","20250224","F","151.2","61.4","43.1",,"86","136","25.3","26.1",,,"17.3",,,,,,"26.9","0","8",,"105",,,,,,"42.5",,"27.2",,,,,,,,,,"0.455",,,,,,,
"1","스포원(금정)","어르신","출장","76","관리자","참가","20250224","M","153.1","55.2","37.9",,"98","145","22","23.6",,,"14.5",,,,,,"23.5",,,,,"13",,"77","6.2","28","42.8",,,,,,,,,,,,,,,,,,,"23.6"
"2","스포원(금정)","어르신","출장","68","관리자","3등급","20250224","F","157.8","53.9","26.3",,"92","157","20.3","22.2",,,"14.4",,,,,,"21.6",,,,,"19",,"109","5.7","25.1","41.2",,,,,,,,,,,,,,,,,,,"22.2"
"7","스포원(금정)","어르신","출장","76","관리자","3등급","20250224","F","153.4","73.9","44.2",,"89","153","21.5","28.5",,,"7.6",,,,,,"31.4",,,,,"20",,"76","6.9","30.6","38.6",,,,,,,,,,,,,,,,,,,"28.5"
"1","스포원(금정)","어르신","출장","82","관리자","참가","20250224","F","140.1","39","32.1",,"87","140","10.9","14.6",,,"-7.5",,,,,,"19.9",,,,,"15",,"54","8.3","40","37.4",,,,,,,,,,,,,,,,,,,"14.6"
"3","스포원(금정)","어르신","출장","80","관리자","2등급","20250224","F","153.5","57.5","38.7",,"80","143","23.4","25.3",,,"16.5",,,,,,"24.4",,,,,"14",,"100","6.8","31.3","44.0",,,,,,,,,,,,,,,,,,,"25.3"
"1","스포원(금정)","어르신","출장","73","관리자","참가","20250224","F","156.9","44.4","19.8",,"90","139","21.7","26.7",,,"8.5",,,,,,"18.0",,,,,"18",,"92","5.6","27.4","60.1",,,,,,,,,,,,,,,,,,,"26.7"
"1","동구(인천)","성인","출장","43","관리자","참가","20250225","M","183.3","93.8","33.8",,"78","120","38.8","39.9",,,"12.4",,,,,,"27.9","45",,,,,,,,,"42.5",,,,,,,,"117","36.1",,,"0.389","0.516",,,,,,
"1","포항","성인","출장","36","관리자","참가","20250225","M","179","92.3","29",,"90","145","54.8","55.5",,,"-15.7",,,,,,"28.8","25",,,,,,,,,"60.1",,,,,,,,"108","39.2",,,"0.279","0.564",,,,,,
"3","동구(인천)","성인","출장","36","관리자","1등급","20250225","F","160","46.5","17.9",,"76","130","27","27.1",,,"20.1",,,,,,"18.2","34",,,,,,,,,"58.3",,,,,,,,"89","40.9",,,"0.342","0.502",,,,,,
"1","동구(인천)","성인","출장","31","관리자","참가","20250225","M","169.2","81","34.1",,"84","143","34.3","29.6",,,"2.6",,,,,,"28.3","24",,,,,,,,,"42.3",,,,,,,,"91","44.6",,,"0.364","0.529",,,,,,
"1","포항","성인","출장","48","관리자","3등급","20250225","M","175","79.5","24.6",,"92","144","40.7","41.8",,,"21",,,,,,"26.0","45",,,,,,,,,"52.6",,,,,,,,"105","39.2",,,"0.310","0.502",,,,,,
"1","동구(인천)","성인","출장","31","관리자","참가","20250225","F","165","52.1","26.3",,"79","135","21.3","22.9",,,"0.5",,,,,,"19.1","25",,,,,,,,,"44.0",,,,,,,,"114","37.9",,,"0.435","0.446",,,,,,
"1","동구(인천)","성인","출장","46","관리자","참가","20250225","F","158.8","55.1","31",,"98","144","25.7","25.1",,,"6.9",,,,,,"21.8","20",,,,,,,,,"46.6",,,,,,,,"105","34.9",,,"0.42","0.399",,,,,,
"1","동구(인천)","성인","출장","29","관리자","참가","20250225","M","177.6","72.4","22.1",,"81","126","44.7","39.1",,,"9.9",,,,,,"23.0","24",,,,,,,,,"61.7",,,,,,,,"111","44.7",,,"0.440","0.419",,,,,,
"1","동구(인천)","성인","출장","26","관리자","3등급","20250225","F","157.6","44.2","25",,"72","119","23.2","28",,,"13",,,,,,"17.8","42",,,,,,,,,"63.3",,,,,,,,"130","38.1",,,"0.361","0.483",,,,,,
"1","포항","성인","출장","43","관리자","참가","20250225","M","183.7","85.5","22.2",,"75","130","42.4","42.6",,,"4.1",,,,,,"25.3","29",,,,,,,,,"49.8",,,,,,,,"108","39.3",,,"0.330","0.536",,,,,,
"1","포항","성인","출장","53","관리자","참가","20250225","M","173.5","76.2","23.7",,"82","131","34.1","33.2",,,"1",,,,,,"25.3","34",,,,,,,,,"44.8",,,,,,,,"129","35.0",,,"0.402","0.501",,,,,,
"3","동구(인천)","성인","출장","39","관리자","참가","20250225","M","172.6","87.5","32.9",,"96","159","43.6","50",,,"1.7",,,,,,"29.4","39",,,,,,,,,"57.1",,,,,,,,"110","38.7",,,"0.387","0.534",,,,,,
"1","동구(인천)","성인","출장","54","관리자","1등급","20250225","M","166.1","67.3","18.7",,"68","146","40","42.6",,,"20",,,,,,"24.4","59",,,,,,,,,"63.3",,,,,,,,"95","41.2",,,"0.408","0.534",,,,,,
"1","동구(인천)","성인","출장","60","관리자","3등급","20250225","F","153.4","48.4","31.7",,"93","156","22.8","22",,,"21.6",,,,,,"20.6","11",,,,,,,,,"47.1",,,,,,,,"100","34.0",,,"0.416","0.374",,,,,,
"1","포항","성인","출장","40","관리자","참가","20250225","M","173.5","69.8","20.8",,"72","125","35.8","44.3",,,"4",,,,,,"23.2","35",,,,,,,,,"63.5",,,,,,,,"124","40.4",,,"0.300","0.563",,,,,,
"1","동구(인천)","성인","출장","41","관리자","2등급","20250225","M","176.8","68.8","14.3",,"69","117","36.6","41.4",,,"14.7",,,,,,"22.0","50",,,,,,,,,"60.2",,,,,,,,"86","46.2",,,"0.308","0.612",,,,,,
"1","동구(인천)","성인","출장","37","관리자","참가","20250225","M","179.3","75.7","19.8",,"80","122","43.3","39.9",,,"3.3",,,,,,"23.5","46",,,,,,,,,"57.2",,,,,,,,"79","46.9",,,"0.417","0.575",,,,,,
"1","동구(인천)","성인","출장","29","관리자","참가","20250225","M","179.8","76.4","22.1",,"84","134","44","59.6",,,"-2.7",,,,,,"23.6","39",,,,,,,,,"78.0",,,,,,,,"106","44.8",,,"0.306","0.591",,,,,,
"2","동구(인천)","성인","출장","38","관리자","참가","20250225","M","178","83.7","30.7",,"73","130","49.7","44.2",,,"2.6",,,,,,"26.4","39",,,,,,,,,"59.4",,,,,,,,"120","38.7",,,"0.308","0.542",,,,,,
"3","포항","성인","출장","48","관리자","참가","20250225","M","167","59.1","16.9",,"70","134","31.8","38.7",,,"-6",,,,,,"21.2","45",,,,,,,,,"65.5",,,,,,,,"102","43.5",,,"0.291","0.551",,,,,,
"2","포항","성인","출장","41","관리자","참가","20250225","M","172.2","71.6","24.5",,"79","130","37.2","41.3",,,"-8",,,,,,"24.1","38",,,,,,,,,"57.7",,,,,,,,"96","43.8",,,"0.263","0.514",,,,,,
"1","동구(인천)","성인","출장","30","관리자","2등급","20250225","F","161.1","46.8","26",,"53","104","22.6","25.7",,,"16.4",,,,,,"18.0","26",,,,,,,,,"54.9",,,,,,,,"101","40.6",,,"0.378","0.462",,,,,,
"1","동구(인천)","성인","출장","48","관리자","1등급","20250225","M","168","61.2","20.8",,"76","114","32.8","39",,,"17.3",,,,,,"21.7","42",,,,,,,,,"63.7",,,,,,,,"104","42.9",,,"0.399","0.570",,,,,,
"2","포항","성인","출장","44","관리자","3등급","20250225","M","172.5","69.9","22.2",,"88","138","35.6","43.2",,,"10",,,,,,"23.5","36",,,,,,,,,"61.8",,,,,,,,"122","39.6",,,"0.323","0.576",,,,,,
"1","동구(인천)","성인","출장","45","관리자","3등급","20250225","M","175","78.4","20.4",,"78","122","43","44.2",,,"9.2",,,,,,"25.6","37",,,,,,,,,"56.4",,,,,,,,"90","42.4",,,"0.498","0.552",,,,,,
"1","동구(인천)","성인","출장","47","관리자","참가","20250225","M","177.5","94","33.7",,"97","157","38.2","41.5",,,"-2.6",,,,,,"29.8","24",,,,,,,,,"44.1",,,,,,,,"119","34.3",,,"0.404","0.486",,,,,,
"1","포항","성인","출장","26","관리자","참가","20250225","M","180.2","58","11.6",,"64","124","39","38.6",,,"-4.4",,,,,,"17.9","35",,,,,,,,,"67.2",,,,,,,,"91","51.8",,,"0.375","0.601",,,,,,
"1","동구(인천)","성인","출장","51","관리자","참가","20250225","M","168.3","68.4","19",,"88","142","41","45.2",,,"10.5",,,,,,"24.1",,,,,,,,,,"66.1",,,,,,,,"106","40.2",,,"0.378","0.488",,,,,,
"1","동구(인천)","성인","출장","39","관리자","참가","20250225","M","164.1","77.8","24.9",,"94","145","23.9","30",,,"0.1",,,,,,"28.9","21",,,,,,,,,"38.6",,,,,,,,"79","44.8",,,"0.401","0.447",,,,,,
"1","포항","성인","출장","58","관리자","참가","20250225","M","175","80.2","32.7",,"76","124","44.1","44.1",,,"8.6",,,,,,"26.2","12",,,,,,,,,"55.0",,,,,,,,"113","35.4",,,"0.290","0.490",,,,,,
"1","전주","유소년","일반","11","관리자","참가","20250225","M","142.6","55.2",,"83.7",,,"11.2","13","6",,"-3.8",,,,,,"27.1",,"18",,"117",,,,,,"23.6",,,,,,,,,,,,,,"0.59","30","7",,,
"1","포항","성인","출장","27","관리자","참가","20250225","M","171.3","67.3","18.8",,"79","116","36.5","42.2",,,"-3.4",,,,,,"22.9","39",,,,,,,,,"62.7",,,,,,,,"108","46.3",,,"0.351","0.539",,,,,,
"1","동구(인천)","성인","출장","38","관리자","참가","20250225","F","158.9","87.1","39.3",,"94","150","24.9","25.4",,,"16.2",,,,,,"34.5","17",,,,,,,,,"29.2",,,,,,,,"158","22.0",,,"0.402","0.452",,,,,,
"1","포항","성인","출장","44","관리자","참가","20250225","M","172.9","88.2","27.8",,"84","134","45","48.1",,,"9.5",,,,,,"29.5","34",,,,,,,,,"54.5",,,,,,,,"120","35.9",,,"0.316","0.551",,,,,,
"1","동구(인천)","성인","출장","35","관리자","참가","20250225","M","183.5","94.2","29.4",,"96","157","52.7","50.5",,,"13.4",,,,,,"28.0","36",,,,,,,,,"55.9",,,,,,,,"107","39.5",,,"0.349","0.565",,,,,,
"1","동구(인천)","성인","출장","41","관리자","3등급","20250225","F","170.7","56","24.9",,"83","132","24.9","28.8",,,"15.2",,,,,,"19.2","22",,,,,,,,,"51.4",,,,,,,,"130","33.7",,,"0.384","0.392",,,,,,
"1","포항","성인","출장","38","관리자","참가","20250225","M","175.3","72.4","21.7",,"67","117","37.3","40",,,"-6",,,,,,"23.6","33",,,,,,,,,"55.2",,,,,,,,"90","45.4",,,"0.292","0.539",,,,,,
"1","동구(인천)","성인","출장","54","관리자","3등급","20250225","M","169.4","72.4","24.2",,"83","120","33.7","39.7",,,"12.2",,,,,,"25.2","38",,,,,,,,,"54.8",,,,,,,,"119","36.8",,,"0.37","0.504",,,,,,
"2","동구(인천)","성인","출장","34","관리자","2등급","20250225","F","162.6","49.9","23.5",,"72","117","26.1","28.3",,,"15.5",,,,,,"18.9","29",,,,,,,,,"56.7",,,,,,,,"129","35.8",,,"0.480","0.468",,,,,,
"1","동구(인천)","성인","출장","29","관리자","2등급","20250225","M","171.2","72.6","21.2",,"87","143","45.6","42.1",,,"22.8",,,,,,"24.8","45",,,,,,,,,"62.8",,,,,,,,"103","45.4",,,"0.356","0.608",,,,,,
"1","동구(인천)","성인","출장","52","관리자","참가","20250225","F","162.9","69.4","37.8",,"82","138","22.2","28.8",,,"22.5",,,,,,"26.2","32",,,,,,,,,"41.5",,,,,,,,"125","28.2",,,"0.385","0.403",,,,,,
"1","동구(인천)","성인","출장","29","관리자","참가","20250225","M","180.9","80.6","23.9",,"81","149","42.9","41.2",,,"-6.1",,,,,,"24.6","52",,,,,,,,,"53.2",,,,,,,,"120","41.9",,,"0.321","0.617",,,,,,
"1","동구(인천)","성인","출장","37","관리자","참가","20250225","M","173.7","77.1","27.4",,"91","135","43.3","46.2",,,"-5.2",,,,,,"25.6","23",,,,,,,,,"59.9",,,,,,,,"101","42.9",,,"0.396","0.453",,,,,,
"1","포항","성인","출장","26","관리자","참가","20250225","M","185.6","86","20.7",,"74","120","48.7","51.4",,,"-0.5",,,,,,"25.0","49",,,,,,,,,"59.8",,,,,,,,"111","43.1",,,"0.298","0.577",,,,,,
"1","동구(인천)","성인","출장","33","관리자","3등급","20250225","M","176.8","71.1","26.3",,"81","132","37.4","40",,,"14.2",,,,,,"22.7","39",,,,,,,,,"56.3",,,,,,,,"110","44.1",,,"0.386","0.526",,,,,,
"1","동구(인천)","성인","출장","57","관리자","참가","20250225","M","174.2","68.1","15.3",,"73","141","39.2","37.6",,,"-4",,,,,,"22.4","38",,,,,,,,,"57.6",,,,,,,,"91","41.5",,,"0.427","0.454",,,,,,
"1","포항","성인","출장","28","관리자","참가","20250225","F","157.7","49.7","31.5",,"67","123","22.4","22.3",,,"-2",,,,,,"20.0","4",,,,,,,,,"45.1",,,,,,,,"140","35.1",,,"0.368","0.414",,,,,,
"4","포항","성인","출장","41","관리자","참가","20250225","M","167.9","69.2","24.7",,"82","141","36.3","39.9",,,"1.5",,,,,,"24.5","45",,,,,,,,,"57.7",,,,,,,,"114","41.3",,,"0.333","0.489",,,,,,
"1","동구(인천)","성인","출장","29","관리자","참가","20250225","F","160.9","82.9","43.1",,"94","151",,"31.5",,,"5.1",,,,,,"32.0","21",,,,,,,,,"38.0",,,,,,,,"120","29.5",,,"0.445","0.381",,,,,,
"1","포항","성인","출장","44","관리자","3등급","20250225","M","171","77","23.4",,"98","129","43.7","46.8",,,"11.3",,,,,,"26.3","35",,,,,,,,,"60.8",,,,,,,,"130","36.7",,,"0.433","0.539",,,,,,
"1","동구(인천)","성인","출장","42","관리자","3등급","20250225","M","173","74.2","25.2",,"64","113","41.2","40",,,"5.1",,,,,,"24.8","39",,,,,,,,,"55.5",,,,,,,,"111","40.8",,,"0.35","0.576",,,,,,
"1","포항","성인","출장","51","관리자","3등급","20250225","F","158.8","59.4","33.4",,"64","110","31.2","29.2",,,"15.3",,,,,,"23.6","15",,,,,,,,,"52.5",,,,,,,,"119","31.2",,,"0.304","0.452",,,,,,
"1","동구(인천)","성인","출장","32","관리자","3등급","20250225","M","175","58.2","19.5",,"76","127","37","38.2",,,"18.3",,,,,,"19.0","39",,,,,,,,,"65.6",,,,,,,,"103","48.1",,,"0.351","0.571",,,,,,
"1","포항","성인","출장","53","관리자","3등급","20250225","M","175.2","81.2","21.3",,"99","137","41","52.9",,,"12.5",,,,,,"26.5","34",,,,,,,,,"65.1",,,,,,,,"118","35.7",,,"0.315","0.477",,,,,,
"1","동구(인천)","성인","출장","45","관리자","참가","20250225","F","156.7","52.8","31.3",,"46","97","22.6","25.3",,,"9.6",,,,,,"21.5","22",,,,,,,,,"47.9",,,,,,,,"117","33.9",,,"0.450","0.452",,,,,,
"1","포항","성인","출장","42","관리자","참가","20250225","M","177","85.1","28.5",,"84","159","32.1","45.7",,,"6.3",,,,,,"27.2","31",,,,,,,,,"53.7",,,,,,,,"98","40.6",,,"0.379","0.501",,,,,,
"8","구미","성인","일반","46","관리자","2등급","20250225","M","176.8","77.1","21.4","86.6","98","155","49.9","51.8",,,"12.1",,,,,,"24.7","53","52",,"232",,,,,,"67.2",,"42.1",,,,,,,,,,"0.314",,,,,,,
"1","스포원(금정)","성인","일반","39","관리자","참가","20250225","M","180.3","82.2","23.7",,"86","145","46.9","52.3",,,"2.2",,,,,,"25.3","37",,"11.1","219",,,,,,"63.6",,,"90","88","129","159","36.0",,,,,,,,,,,,
"1","영주","성인","일반","19","관리자","3등급","20250225","M","177.2","79.9","19",,"65","134","49.9","52.9",,,"10.2",,,,,,"25.4","49","65",,"216",,,,,,"66.2",,"46.9",,,,,,,,,,"0.36",,,,,,,
"4","KSPO대구","어르신","일반","75","관리자","2등급","20250225","M","165.8","56.6","21.1","76","69","147","34.2","36.5",,,"4.6",,,,,,"20.6",,,,,"25",,"130","5.4","23.8","64.5",,,,,,,,,,,,,,,,,,,"36.5"
"2","성동","어르신","일반","69","관리자","3등급","20250225","F","156.6","55.8","28.8",,"74","143","27","28.8",,,"18",,,,,,"22.8",,,,,"16",,"116","5.88","24.27","51.6",,,,,,,,,,,,,,,,,,,"28.8"
"1","성동","어르신","일반","75","관리자","3등급","20250225","M","155.2","62.3","28.1",,"62","147","26.3","28.7",,,"-1.6",,,,,,"25.9",,,,,"19",,"121","5.51","24.52","46.1",,,,,,,,,,,,,,,,,,,"28.7"
"2","미추홀","성인","일반","23","관리자","3등급","20250225","F","173.9","60.2","27.2","78","72","100","26.5","29.3",,,"27",,,,,,"19.9","41",,"13",,,,,,,"48.7",,,,,,,,"145","34.5",,,,"0.468",,,,,,
"2","미추홀","성인","일반","24","관리자","3등급","20250225","F","168.2","55.5","31.8","74","61","112","21.6","20.7",,,"10.2",,,,,,"19.6","35",,,"143",,,,,,"38.9",,,,,,,,"136","36.0",,,"0.416",,,,,,,
"2","창원","어르신","일반","67","관리자","3등급","20250225","M","165.3","72.4","25.7","94","108","179","39.7","36.8",,,"9.3",,,,,,"26.5",,,,,"19",,"108","5.383","21.320","54.8",,,,,,,,,,,,,,,,,,,"39.7"
"1","시흥","성인","일반","20","관리자","참가","20250225","M","179.3","68.2","15.6","74","79","128","38.3","38.2",,,"13.8",,,,,,"21.2","53","32","10.40","251",,,,,,"56.2",,"40.7",,,,,,,,,,,,,,,,,
"1","북구(광주)","성인","일반","26","관리자","3등급","20250225","M","168.6","63.5","14.5","76.4","57","133","39.6","41.2",,,"13.3",,,,,,"22.3","40",,"10.44",,,,,,,"64.9",,,"98","127","143","176","44.5",,,,,,"0.634",,,,,,
"1","증평","성인","일반","24","관리자","참가","20250225","M","180.1","80.9","21.2","89.4","82","132","53.9","49.2",,,"0.1",,,,,,"24.9","49",,"9.8","229",,,,,,"66.6",,,"105","130","146","163","43.3",,,,,,,,,,,,
"1","의정부","성인","일반","29","관리자","참가","20250225","M","167","69.4","26.1","88.2","95","136","42","41.5",,,"-8.4",,,,,,"24.9","31","34",,,,,,,,"60.5",,"40.5",,,,,,,,,,"0.409","0.347",,,,,,
"1","북구(광주)","성인","일반","31","관리자","참가","20250225","M","164.2","54.7","17.9","74.3","53","109","29.7","32.3",,,"0.9",,,,,,"20.3","31",,"11.2",,,,,,,"59.0",,,"92","118","132","172","46.0",,,,,,"0.618",,,,,,
"1","남구(부산)","성인","일반","32","관리자","참가","20250225","M","166.4","118.6","41.7",,"93","148","45.3","44.9",,,"-2.6",,,,,,"42.8","16",,"12.45","184",,,,,,"38.2",,,,,,,,"152","26.9",,,,,,,,,,
"1","남구(부산)","성인","일반","19","관리자","참가","20250225","M","169.6","52.8","10.7",,"69","108","45.7","44.6",,,"-5.4",,,,,,"18.4","40",,"11.07",,,,,,,"86.6",,,"91","94","119","162","49.8",,,,,,"0.638",,,,,,
"1","포천","성인","일반","47","관리자","참가","20250225","F","162.8","61.2","30.9","73.5","82","123","28.8","29.6",,,"4.5",,,,,,"23.1","13",,"14.38","140",,,,,,"48.4",,,,,,,,"123","31.4",,,,,,,,,,
"4","서구(대전)","성인","일반","26","관리자","2등급","20250225","F","168.9","61.5","22.9",,"62","111","28.2","31.6",,,"25",,,,,,"21.6","36",,,,,,,,,"51.4",,,,,,,,"120","36.1",,,"0.344","0.452",,,,,,
"1","달서","성인","일반","64","관리자","3등급","20250225","F","158.4","51.4","28.8","72","67","102","20.4","22",,,"20.9",,,,,,"20.5","8",,,"112",,,,,,"42.8",,,,,,,,"101","32.9",,,"0.447",,,,,,,
"5","보은","어르신","일반","68","관리자","참가","20250225","F","161.8","54.8","30.2",,"72","157","22.8","26",,,"9.1",,,,,,"20.9",,,,,"20",,"136","5.22","20.97","47.4",,,,,,,,,,,,,,,,,,,"26.0"
"1","서초","어르신","일반","69","관리자","3등급","20250225","F","156.0","61.9","40.3","78.3","90","159","34.2","34.2",,,"21",,,,,,"25.4",,,,,"23",,"97","4.87","22.33","55.3",,,,,,,,,,,,,,,,,,,"34.2"
"3","서초","어르신","일반","69","관리자","참가","20250225","F","165.8","76.7","38.1","96.2","91","159","27.1","23.5",,,"16.0",,,,,,"27.9",,,,,"12",,"98","6.23","26.55","35.3",,,,,,,,,,,,,,,,,,,"27.1"
"1","서초","어르신","일반","69","관리자","3등급","20250225","M","169.1","76.0","30.8","91.6","94","158","55.4","52.9",,,"3.5",,,,,,"26.6",,,,,"27",,"122","4.41","19.07","72.9",,,,,,,,,,,,,,,,,,,"55.4"
"3","서초","어르신","일반","67","관리자","1등급","20250225","M","158.2","60.1","25","80.0","90","159","38.8","40",,,"15.6",,,,,,"24.0",,,,,"30",,"124","4.87","19.60","66.6",,,,,,,,,,,,,,,,,,,"40.0"
"9","마포","어르신","일반","83","관리자","참가","20250225","M","161.3","60.1","27.7","84","63","125","34.5","38.2",,,"-8.6",,,,,,"23.1",,,,,"17",,"98","4.90","23.12","63.6",,,,,,,,,,,,,,,,,,,"38.2"
"1","마포","어르신","일반","74","관리자","3등급","20250225","F","157.2","69.6","41.7","90","83","142","28.1","29.8",,,"11.6",,,,,,"28.2",,,,,"20",,"118","5.58","22.08","42.8",,,,,,,,,,,,,,,,,,,"29.8"
"1","서초","어르신","일반","74","관리자","2등급","20250225","M","156.2","56.9","21.7","79.8","92","158","33","33.8",,,"16.0",,,,,,"23.3",,,,,"29",,"105","5.75","23.08","59.4",,,,,,,,,,,,,,,,,,,"33.8"
"1","달서","성인","일반","22","관리자","참가","20250225","M","173.5","67.7","20.4","76.5","87","154","31.2","35.7",,,"17.5",,,,,,"22.5","27","25",,"195",,,,,,"52.7",,"39.1",,,,,,,,,,"0.366",,,,,,,
"2","서초","어르신","일반","69","관리자","3등급","20250225","M","171.3","68.4","28","83.2","96","158","35.7","34.2",,,"5.4",,,,,,"23.3",,,,,"27",,"117","4.51","17.27","52.2",,,,,,,,,,,,,,,,,,,"35.7"
"1","서초","어르신","일반","67","관리자","2등급","20250225","F","151.7","50.7","35.1","84.2","90","159","24.7","24",,,"16.1",,,,,,"22.0",,,,,"24",,"117","5.22","20.69","48.7",,,,,,,,,,,,,,,,,,,"24.7"
"2","서초","어르신","일반","65","관리자","참가","20250225","M","171.4","67.6","24.9","88.0","83","131","43.6","38.8",,,"1.4",,,,,,"23.0",,,,,"35",,"113","4.09","18.21","64.5",,,,,,,,,,,,,,,,,,,"43.6"
"4","창원","성인","일반","50","관리자","2등급","20250225","F","156.3","53.8","29.8","86","63","109","26.3","28.4",,,"19.2",,,,,,"22.0","35",,"12.40","151",,,,,,"52.8",,,,,,,,"110","33.6",,,,,,,,,,
"4","춘천","어르신","일반","68","관리자","2등급","20250225","M","167.5","60.6","23.0","79.6","70","119","42","37.9",,,"8.8",,,,,,"21.6",,,,,"34",,"119","4.75","19.87","69.3",,,,,,,,,,,,,,,,,,,"42.0"
"1","안산","성인","일반","56","관리자","참가","20250225","M","172.0","65.1","25.9","78","89","129","34.3","35.2",,,"-13.7",,,,,,"22.0","17",,,"183",,,,,,"54.1",,,,,,,,"130","36.5",,,"0.466",,,,,,,
"1","부천","성인","일반","19","관리자","참가","20250225","M","177.1","87.5","19.5",,"65","134","48.7","47.8",,,"15.3",,,,,,"27.9","47",,,,,,,,,"55.7",,,,,,,,"134","40.4",,,"0.336","0.552",,,,,,
"1","서구(대전)","성인","일반","23","관리자","2등급","20250225","F","166.8","58","26.2",,"70","123","31.2","26.4",,,"22.5",,,,,,"20.8","42",,"12.94","181",,,,,,"53.8",,,,,,,,"132","35.9",,,,,,,,,,
"1","수원","청소년","일반","18","관리자","참가","20250225","M","177.8","72.7","16.8","81","66","122","44.8","39",,"49","-19","18.2","0.597","43.889","19","44.763","23.0",,"30",,,,,,,,"61.6",,"40.4",,,,,,,,,,,,,,,,,
"4","수원","성인","일반","21","관리자","참가","20250225","M","175.5","77.1","26.8","81","77","138","47.7","47.2",,,"12.9",,,,,,"25.0","48","31",,"208",,,,,,"61.9",,"39.2",,,,,,,,,,"0.458",,,,,,,
"5","포천","성인","일반","60","관리자","참가","20250225","F","162.3","79.8","42.5","100","82","153","25.4","29.9",,,"16.1",,,,,,"30.3","15","8",,,,,,,,"37.5",,"24.5",,,,,,,,,,"0.392","0.385",,,,,,
"1","KSPO송파별관(어르신)","어르신","일반","77","관리자","참가","20250225","M","172","79.5","31.9",,"65","146","30.3","37.3",,,"-17",,,,,,"26.9",,,,,"18",,"124","5.45","22.96","46.9",,,,,,,,,,,,,,,,,,,"37.3"
"1","영암","성인","일반","19","관리자","3등급","20250225","M","165.9","68.2","10.6",,"90","145","49.3","48.3",,,"16.5",,,,,,"24.8","55","46",,"224",,,,,,"72.3",,"44.4",,,,,,,,,,"0.320",,,,,,,
"2","남구(울산)","청소년","일반","18","관리자","참가","20250225","M","175","76.2","23.2","88.3","64","126","38.6","45.9","42",,"14.9","17.9","0.584","43.347","9","43.761","24.9",,"34",,,,,,,,"60.2",,"40.1",,,,,,,,,,,,,,,,,
"3","서구(광주)","성인","일반","52","관리자","참가","20250225","F","160.2","56.3","29.5","77","68","110","17.6","25.3",,,"-3.9",,,,,,"21.9","15","12","15.54",,,,,,,"44.9",,"29.8",,,,,,,,,,,"0.430",,,,,,
"2","KSPO송파","성인","일반","20","관리자","3등급","20250225","M","176.3","67.6","18.9","80.4","68","122","36.1","40.1",,,"7.7",,,,,,"21.7","58",,,"217",,,,,,"59.3",,,,,,,,"139","43.8",,,"0.345",,,,,,,
"1","서대문","청소년","일반","17","관리자","3등급","20250225","F","158.4","53.4","31.9",,"74","115","34","25.9","49",,"22.9","20.36","0.516","59.977","11","60.483","21.3",,,,,,,,,,"63.7",,,"101","132","165",,"35.5",,,,,,,,,,,,
"2","KSPO송파","성인","일반","62","관리자","참가","20250225","F","146.7","56.5","39.6",,"87","157","23.2","25.1",,,"14.4",,,,,,"26.3","3",,,"82",,,,,,"44.4",,,"82","136","160",,"29.0",,,,,"0.431",,,,,,,
"3","청주","성인","일반","24","관리자","3등급","20250225","F","164.8","57.3","32.5","77.9","57","109","26.8","30.5",,,"19.4",,,,,,"21.1","23",,,"151",,,,,,"53.2",,,"85","109","149",,"36.6",,,,,"0.349",,,,,,,
"1","KSPO송파별관(어르신)","어르신","일반","75","관리자","1등급","20250225","F","155.6","50.8","32.8",,"76","147","20.1","21.1",,,"20",,,,,,"21.0",,,,,"29",,"127","5.45","24.67","41.5",,,,,,,,,,,,,,,,,,,"21.1"
"3","남구(울산)","성인","일반","19","관리자","2등급","20250225","M","178.5","73.2","21.3","87.8","80","123","41.1","42.2",,,"13.6",,,,,,"23.0","48",,,"209",,,,,,"57.7",,,,,,,,"107","47.7",,,"0.300",,,,,,,
"1","서대문","청소년","일반","16","관리자","3등급","20250225","F","165.4","49.2","21.3",,"64","116","29.7","29.2","25",,"20.1","22.11","0.515","51.803","23","52.861","18.0",,,,,,,,,,"60.4",,,"105","148","164",,"39.3",,,,,,,,,,,,
"3","청주","성인","일반","24","관리자","3등급","20250225","F","173.8","55.8","23.7","77.2","63","110","28","28.2",,,"12.8",,,,,,"18.5","23",,,,,,,,,"50.5",,,"82","118","152",,"38.2",,,,,"0.369","0.278",,,,,,
"1","세종","청소년","일반","18","관리자","참가","20250225","M","174.4","74.7","23.5","87.7","81","136","44.6","49.4",,"51","18.1","19.37","0.664","50.455","14","51.099","24.6",,"28",,,,,,,,"66.1",,"39.1",,,,,,,,,,,,,,,,,
"2","성남","성인","일반","63","관리자","참가","20250225","F","152.7","49.2","30.5",,"74","134","24.3","26.2",,,"12.1",,,,,,"21.1","0",,,"123",,,,,,"53.3",,,,,,,,"142","28.1",,,"0.404",,,,,,,
"1","삼척","성인","일반","27","관리자","참가","20250225","M","179.1","82.0","32.3",,"87","136","40.9","50.3",,,"11.2",,,,,,"25.6","29",,"10.75","203",,,,,,"61.3",,,"102","129","154",,"38.6",,,,,,,,,,,,
"1","KSPO송파별관(어르신)","어르신","일반","72","관리자","3등급","20250225","M","169","58.4","28.8",,"66","159","36.8","34.6",,,"2.8",,,,,,"20.4",,,,,"25",,"120","5.5","23.67","63.0",,,,,,,,,,,,,,,,,,,"36.8"
"1","KSPO송파별관(어르신)","어르신","일반","74","관리자","2등급","20250225","M","163.5","52.3","21.4",,"90","162","27.8","27.8",,,"5.9",,,,,,"19.6",,,,,"24",,"108","5.95","24.65","53.2",,,,,,,,,,,,,,,,,,,"27.8"
"1","달서","성인","일반","60","관리자","참가","20250225","M","175.7","90.14","24.1","91.2","94","141","38.8","41",,,"7.5",,,,,,"29.2","28",,,"169",,,,,,"45.5",,,,,,,,"113","32.7",,,"0.366",,,,,,,
"3","서구(대전)","성인","일반","22","관리자","2등급","20250225","F","160.1","51.3","26.5",,"67","113","26.5","27.4",,,"19.1",,,,,,"20.0","40","27",,"170",,,,,,"53.4",,"36.3",,,,,,,,,,"0.329",,,,,,,
"3","강북","성인","일반","28","관리자","3등급","20250225","F","162.6","56.70","33.5","69","73","116","24.3","25.4",,,"20.8",,,,,,"21.4","26",,,,,,,,,"44.8",,,"86","122","153",,"36.3",,,,,"0.337","0.416",,,,,,
"1","북구(광주)","성인","일반","26","관리자","3등급","20250225","M","176.9","74.1","18.3","82.3","88","140","46.9","45.9",,,"9.7",,,,,,"23.7","53",,,"223",,,,,,"63.3",,,,,,,,"92","47.8",,,"0.313",,,,,,,
"1","오산","어르신","일반","70","관리자","3등급","20250225","F","149.4","52.7","37","80.6","79","139","21.7","21.3",,,"10.6",,,,,,"23.6",,,,,"25",,"122","5.47","23.25","41.2",,,,,,,,,,,,,,,,,,,"21.7"
"3","강북","성인","일반","27","관리자","3등급","20250225","F","165.3","58.50","31.8","66.9","75","111","30.2","32.7",,,"10.5",,,,,,"21.4","28",,,"159",,,,,,"55.9",,,"89","131","155",,"36.6",,,,,"0.366",,,,,,,
"1","성남","어르신","일반","65","관리자","1등급","20250225","F","152.1","44.3","26.1",,"63","114","22.2","19.7",,,"20.5",,,,,,"19.1",,,,,"25",,"120","5.01","19.90","50.1",,,,,,,,,,,,,,,,,,,"22.2"
"1","나주","성인","일반","45","관리자","3등급","20250225","F","165.2","60.6","32.8","82.1","64","103","24.1","24.5",,,"11.7",,,,,,"22.2","31",,,"173",,,,,,"40.4",,,,,,,,"114","33.2",,,"0.382",,,,,,,
"1","성남","어르신","일반","74","관리자","2등급","20250225","M","174.6","69.9","22.9",,"70","121","35.4","38.8",,,"11.0",,,,,,"22.9",,,,,"21",,"111","5.43","22.12","55.5",,,,,,,,,,,,,,,,,,,"38.8"
"4","스포원(금정)","성인","일반","19","관리자","2등급","20250225","M","172.4","61.8","15.8",,"83","143","46.5","43.4",,,"14.3",,,,,,"20.8","50",,"9.9","196",,,,,,"75.2",,,,,,,,"118","48.1",,,,,,,,,,
"1","스포원(금정)","성인","일반","24","관리자","참가","20250225","F","166.4","52.4","29.2",,"64","103","23.8","25.7",,,"12.8",,,,,,"18.9","14",,,"163",,,,,,"49.0",,,"109","90","125",,"39.8",,,,,"0.337",,,,,,,
"1","스포원(금정)","성인","일반","59","관리자","참가","20250225","M","175.2","63.2","14.2",,"85","141","46.3","50.9",,,"22.2",,,,,,"20.6","11",,"12","187",,,,,,"80.5",,,,,,,,"107","39.8",,,,,,,,,,
"1","오산","성인","일반","24","관리자","3등급","20250225","M","169.1","59.9","12.8","76.8","78","125","39.5","49",,,"10.1",,,,,,"20.9","46",,,"243",,,,,,"81.8",,,,,,,,"105","49.0",,,"0.269",,,,,,,
"1","정읍","성인","일반","19","관리자","참가","20250225","M","177.1","76.5","21.5",,"86","145","49.1","48.8",,,"15",,,,,,"24.4","37","30","10.12","233",,,,,,"64.2",,"39.2",,,,,,,,,,,,,,,,,
"2","스포원(금정)","성인","일반","53","관리자","3등급","20250225","F","157.8","59.8","31.7",,"60","121","30.3","32",,,"17.9",,,,,,"24.0","13",,,"134",,,,,,"53.5",,,"75","95","116",,"35.3",,,,,"0.439",,,,,,,
"1","KSPO대구","성인","일반","23","관리자","참가","20250225","F","167.2","55","25.5","68","78","108","22.3","26.8",,,"19.2",,,,,,"19.7","18",,,"171",,,,,,"48.7",,,,,,,,"140","35.7",,,"0.337",,,,,,,
"1","청주","성인","일반","22","관리자","참가","20250225","F","165.9","61","30","82.2","57","111","21.1","23",,,"8.3",,,,,,"22.2","17","15",,"144",,,,,,"37.7",,"31.2",,,,,,,,,,"0.435",,,,,,,
"1","청주","성인","일반","22","관리자","참가","20250225","M","180.5","71.3","20.7","81.6","65","134","33.4","36.9",,,"-10.6",,,,,,"21.9","28","22",,"217",,,,,,"51.8",,"37.7",,,,,,,,,,"0.404",,,,,,,
"1","안산","성인","일반","25","관리자","참가","20250225","F","165.4","53.8","30.5","63","65","118","24","25.3",,,"17.3",,,,,,"19.7","19",,,"132",,,,,,"47.0",,,,,,,,"138","35.7",,,"0.371",,,,,,,
"1","시흥","성인","일반","25","관리자","참가","20250225","F","168.5","52.9","28","71","68","113","21.5","24.5",,,"11.4",,,,,,"18.6","5","18",,,,,,,,"46.3",,"33.3",,,,,,,,,,"0.390",,,,,,,
"1","KSPO송파","성인","일반","24","관리자","참가","20250225","F","170.9","61.4","31.3","84","86","116","31.4","30",,,"17.9",,,,,,"21.0","17",,,,,,,,,"51.1",,,"92","143","169",,"35.4",,,,,"0.440","0.437",,,,,,
"1","보은","어르신","일반","69","관리자","참가","20250225","F","147.1","50.2","33.4",,"82","147","15.7","16.2",,,"20.4",,,,,,"23.2",,,,,"20",,"75","5.06","23.03","32.3",,,,,,,,,,,,,,,,,,,"16.2"
"1","KSPO송파","성인","일반","31","관리자","참가","20250225","M","167.6","88.6","35.5","107","85","152","43.3","46.2",,,"7.4",,,,,,"31.5","28",,,"191",,,,,,"52.1",,,"111","134","150","181","35.0",,,,,"0.369",,,,,,,
"1","오산","성인","일반","37","관리자","참가","20250225","F","155","55.6","30.1","79.1","68","110","24.4","26.2",,,"-6.9",,,,,,"23.1","18",,,"149",,,,,,"47.1",,,,,,,,"110","35.4",,,"0.5",,,,,,,
"4","증평","성인","일반","62","관리자","2등급","20250225","M","159.1","66.8","28.5","85.6","89","140","34.9","38.7",,,"9.6",,,,,,"26.4","25","23","11.9","169",,,,,,"57.9",,"35.9",,,,,,,,,,,,,,,,,
"1","동작","성인","일반","23","관리자","2등급","20250225","F","158","49","24.1","62","78","139","32.1","32.7",,,"19.2",,,,,,"19.6","38",,,"169",,,,,,"66.7",,,,,,,,"115","39.3",,,"0.335",,,,,,,
"2","진천","성인","일반","25","관리자","1등급","20250225","M","168.8","71.5","21.5","74.2","79","137","43.2","48.4",,,"19.9",,,,,,"25.1","55","66",,"234",,,,,,"67.7",,"48.0",,,,,,,,,,"0.307",,,,,,,
"7","마포","성인","일반","27","관리자","3등급","20250225","F","169.2","55.6","23.4","74","74","114","24.8","27.7",,,"15.8",,,,,,"19.4","21",,,"147",,,,,,"49.8",,,,,,,,"120","37.4",,,"0.348",,,,,,,
"2","마포","성인","일반","24","관리자","3등급","20250225","F","161.5","56.7","25.3","65","81","123","32.8","31.5",,,"11.4",,,,,,"21.7","38",,,"172",,,,,,"57.8",,,,,,,,"117","37.3",,,"0.478",,,,,,,
"1","천안","성인","일반","64","관리자","참가","20250225","F","154.9","56.5","34.6",,"69","122","25.1","26.3",,,"25",,,,,,"23.5","0",,,"113",,,,,,"46.5",,,"84","117","140",,"31.3",,,,,"0.397",,,,,,,
"1","광주","어르신","출장","68","관리자","참가","20250225","F","164.1","77.2","39.2",,"93","139","27.8","25.9",,,"15",,,,,,"28.7",,,,,"21",,"85","5.24","23.68","36.0",,,,,,,,,,,,,,,,,,,"27.8"
"1","서구(대전)","성인","일반","31","관리자","3등급","20250225","M","176.1","65","20.5",,"62","115","30.9","33.8",,,"17.8",,,,,,"21.0","38","53","12.01","202",,,,,,"52.0",,"45.3",,,,,,,,,,,,,,,,,
"2","성남","성인","일반","45","관리자","3등급","20250225","M","191.2","109.0","24.0",,"94","152","58","56.4",,,"14.5",,,,,,"29.8","41","33",,"229",,,,,,"53.2",,"32.7",,,,,,,,,,"0.366",,,,,,,
"1","광주","어르신","출장","80","관리자","참가","20250225","M","171.3","86.1","34.7",,"86","158","20.8","18.9",,,"-10",,,,,,"29.3",,,,,"13",,"104","6.64","25.43","24.2",,,,,,,,,,,,,,,,,,,"20.8"
"2","광주","어르신","출장","76","관리자","2등급","20250225","F","153.5","66.1","40.6",,"74","159","24.3","27.3",,,"23.5",,,,,,"28.1",,,,,"17",,"103","5.92","26.34","41.3",,,,,,,,,,,,,,,,,,,"27.3"
"1","광주","어르신","출장","70","관리자","참가","20250225","M","156.8","58.4","27.1",,"72","110","31.3","31",,,"-2",,,,,,"23.8",,,,,"22",,"115","4.58","20.98","53.6",,,,,,,,,,,,,,,,,,,"31.3"
"1","광주","어르신","출장","80","관리자","참가","20250225","F","155","49.7","35.4",,"95","140","17.4","19.8",,,"2.5",,,,,,"20.7",,,,,"17",,"103","5.8","25.81","39.8",,,,,,,,,,,,,,,,,,,"19.8"
"2","포천","어르신","일반","71","관리자","3등급","20250225","M","151.8","70.3","34.9","92","88","144","23.4","31.9",,,"11.5",,,,,,"30.5",,,,,"32",,"124","5.82","25.72","45.4",,,,,,,,,,,,,,,,,,,"31.9"
"1","KSPO아산","성인","일반","62","관리자","참가","20250225","M","165.4","71.5","26.5","87","90","157","34.7","35.9",,,"14.5",,,,,,"26.1","30","20",,"172",,,,,,"50.2",,"34.4",,,,,,,,,,"0.340",,,,,,,
"2","광주","어르신","출장","74","관리자","참가","20250225","F","148.2","57.3","38",,"57.3","157","19.3","20.5",,,"22.3",,,,,,"26.1",,,,,"20",,"0","6.04","25.45","35.8",,,,,,,,,,,,,,,,,,,"20.5"
"1","광주","어르신","출장","81","관리자","참가","20250225","F","155.3","60.7","37.1",,"52","117","9.8","20.7",,,"16",,,,,,"25.2",,,,,"15",,"49","7.57","29.28","34.1",,,,,,,,,,,,,,,,,,,"20.7"
"3","광주","어르신","출장","68","관리자","2등급","20250225","F","155","65","33.8",,"83","138","30.6","31.9",,,"22.8",,,,,,"27.1",,,,,"20",,"115","5.53","22.47","49.1",,,,,,,,,,,,,,,,,,,"31.9"
"1","광주","어르신","출장","78","관리자","2등급","20250225","F","151","62.5","44.5",,"77","132","26.3","29.1",,,"14.5",,,,,,"27.4",,,,,"20",,"98","6.17","23.72","46.6",,,,,,,,,,,,,,,,,,,"29.1"
"3","광주","어르신","출장","73","관리자","참가","20250225","F","155.3","57.6","41.2",,"60","142","20.9","26.6",,,"3.5",,,,,,"23.9",,,,,"20",,"105","5.53","23.26","46.2",,,,,,,,,,,,,,,,,,,"26.6"
"1","광주","어르신","출장","67","관리자","참가","20250225","F","155","64.5","46.8",,"69","129","16.5","20.1",,,"-1",,,,,,"26.8",,,,,"17",,"103","5.14","23","31.2",,,,,,,,,,,,,,,,,,,"20.1"
"1","KSPO아산","성인","일반","64","관리자","참가","20250225","M","162.9","80.5","34.8","105.3","82","151","38.8","48.4",,,"1.0",,,,,,"30.3","18",,,,,,,,,"60.1",,,"97","125","160","179","26.0",,,,,"0.361","0.440",,,,,,
"4","광주","어르신","출장","70","관리자","2등급","20250225","F","157.3","70.6","45",,"63","129","24.7","23.5",,,"23.8",,,,,,"28.5",,,,,"18",,"105","5.29","23.42","35.0",,,,,,,,,,,,,,,,,,,"24.7"
"3","광주","어르신","출장","67","관리자","참가","20250225","M","158.9","69.6","33.2",,"80","138","29.9","35",,,"1.8",,,,,,"27.6",,,,,"17",,"0","8.09","38.92","50.3",,,,,,,,,,,,,,,,,,,"35.0"
"3","광주","어르신","출장","66","관리자","참가","20250225","F","158.4","61","37.3",,"73","132","22.2","24",,,"9.8",,,,,,"24.3",,,,,"19",,"105","4.82","24.23","39.3",,,,,,,,,,,,,,,,,,,"24.0"
"1","천안","성인","일반","19","관리자","3등급","20250225","M","181","80.6","22.3",,"71","131","39.9","45.6",,,"14",,,,,,"24.6","57","54",,"224",,,,,,"56.6",,"44.1",,,,,,,,,,"0.342",,,,,,,
"1","동작","성인","일반","38","관리자","1등급","20250225","M","184.5","71.1","10.3","80","85","134","53","51",,,"16.6",,,,,,"20.9","46","47",,"238",,,,,,"74.5",,"42.3",,,,,,,,,,"0.311",,,,,,,
"3","광주","어르신","출장","68","관리자","2등급","20250225","M","164","58.9","20.5",,"75","115","29.1","30.3",,,"7.5",,,,,,"21.9",,,,,"32",,"112","4.98","17.98","51.4",,,,,,,,,,,,,,,,,,,"30.3"
"3","광주","어르신","출장","68","관리자","참가","20250225","F","150.1","55.1","38.4",,"57","121","15.3","15.3",,,"22",,,,,,"24.5",,,,,"19",,"115","5.87","24.12","27.8",,,,,,,,,,,,,,,,,,,"15.3"
"1","광주","어르신","출장","66","관리자","3등급","20250225","F","156","63","34.5",,"76","156","23.2","22.9",,,"14",,,,,,"25.9",,,,,"26",,"116","5.88","22.62","36.8",,,,,,,,,,,,,,,,,,,"23.2"
"1","광주","어르신","출장","80","관리자","참가","20250225","F","151.2","54.3","40.8",,"76","146","15.8","16.3",,,"10.2",,,,,,"23.8",,,,,"14",,"52","8.11","35.21","30.0",,,,,,,,,,,,,,,,,,,"16.3"
"1","광주","어르신","출장","80","관리자","1등급","20250225","F","154.6","58.7","41.1",,"82","158","20.4","20.7",,,"26.3",,,,,,"24.6",,,,,"20",,"107","5.37","21.93","35.3",,,,,,,,,,,,,,,,,,,"20.7"
"3","광주","어르신","출장","69","관리자","참가","20250225","F","163","71.1","42.1",,"57","138","17.8","19.4",,,"9.5",,,,,,"26.8",,,,,"16",,"102","6.38","25.3","27.3",,,,,,,,,,,,,,,,,,,"19.4"
"1","광주","어르신","출장","79","관리자","참가","20250225","M","170.4","66.3","23",,"64","133","28.2","29.1",,,"-10",,,,,,"22.8",,,,,"13",,"72","7.8","31.90","43.9",,,,,,,,,,,,,,,,,,,"29.1"
"1","광주","어르신","출장","74","관리자","참가","20250225","F","155.2","58.2","41.1",,"70","119","12.7","19.2",,,"3",,,,,,"24.2",,,,,"16",,"100","6.69","31.43","33.0",,,,,,,,,,,,,,,,,,,"19.2"
"1","광주","어르신","출장","65","관리자","참가","20250225","F","153.9","55.6","40.7",,"74","118","23.3","22.4",,,"15.5",,,,,,"23.5",,,,,"12",,"107","5.07","23.24","41.9",,,,,,,,,,,,,,,,,,,"23.3"
"2","광주","어르신","출장","72","관리자","2등급","20250225","F","153.9","58.4","38.4",,"87","157","23.5","23.8",,,"17",,,,,,"24.7",,,,,"26",,"111","5.45","20.4","40.8",,,,,,,,,,,,,,,,,,,"23.8"
"4","KSPO아산","성인","일반","19","관리자","2등급","20250225","M","177.2","83.7","18.1","83","70","133","46.3","54.2",,,"11.2",,,,,,"26.7","53",,"9.9","235",,,,,,"64.8",,,,,,,,"95","47.0",,,,,,,,,,
"4","의정부","어르신","일반","68","관리자","2등급","20250225","F","157.3","68.9","42.1","94","101","145","27.3","31.7",,,"18.2",,,,,,"27.8",,,,,"21","615",,"5.81","21.50","46.0",,,,,,,,,,,,,,,,,,,"31.7"
"1","의정부","어르신","일반","71","관리자","참가","20250225","M","154.3","70.5","40.1","95.8","83","138","24.8","27.3",,,"-5.8",,,,,,"29.6",,,,,"21","594",,"5.40","24.60","38.7",,,,,,,,,,,,,,,,,,,"27.3"
"1","광주","어르신","출장","74","관리자","2등급","20250225","F","152.8","51.2","35.2",,"58","114","15.6","18",,,"23.4",,,,,,"21.9",,,,,"18",,"107","5.46","22.5","35.2",,,,,,,,,,,,,,,,,,,"18.0"
"6","서대문","성인","일반","25","관리자","3등급","20250225","F","167.2","55.5","31.8",,"71","111","21.3","26",,,"22.4",,,,,,"19.9","25",,,"170",,,,,,"46.8",,,,,,,,"126","36.9",,,"0.352",,,,,,,
"1","서구(대전)","성인","일반","33","관리자","참가","20250225","M","175.7","86","27.6",,"86","136","42.1","49.1",,,"1.4",,,,,,"27.9","40",,,,,,,,,"57.1",,,,,,,,"130","37.8",,,"0.340","0.502",,,,,,
"4","KSPO대구","성인","일반","22","관리자","참가","20250225","M","174.7","58.6","15.8","67","82","123","35.8","40.6",,,"-4.8",,,,,,"19.2","40","41",,,,,,,,"69.3",,"44.2",,,,,,,,,,"0.365","0.582",,,,,,
"1","오산","성인","일반","26","관리자","2등급","20250225","M","173","68.6","18.5","81.6","63","136","37.5","43.8",,,"12.2",,,,,,"22.9","48","54","10.94","222",,,,,,"63.8",,"45.5",,,,,,,,,,,,,,,,,
"2","KSPO송파별관(어르신)","어르신","일반","72","관리자","3등급","20250225","M","160.2","64.5","24.5",,"76","159","35.9","29.6",,,"3",,,,,,"25.1",,,,,"29",,"134","4.74","20.30","55.7",,,,,,,,,,,,,,,,,,,"35.9"
"2","창원","성인","일반","24","관리자","참가","20250225","F","162.2","53.9","34","68","83","134","15.4","23",,,"17.9",,,,,,"20.5","19",,,,,,,,,"42.7",,,"91","129","159",,"37.1",,,,,"0.348","0.427",,,,,,
"1","KSPO송파별관(어르신)","어르신","일반","72","관리자","2등급","20250225","M","159.3","63.8","29.5",,"78","124","28.3","32.9",,,"7.5",,,,,,"25.1",,,,,"27",,"130","4.74","21.43","51.6",,,,,,,,,,,,,,,,,,,"32.9"
"1","양평","성인","일반","29","관리자","3등급","20250225","M","178.6","78.9","19.3",,"88","152","54.7","56.5",,,"7.1",,,,,,"24.7","50","34",,"245",,,,,,"71.6",,"38.9",,,,,,,,,,"0.301",,,,,,,
"3","계룡","성인","일반","56","관리자","1등급","20250225","F","161.5","59","31.3",,"84","136","24","27.2",,,"21.4",,,,,,"22.6","21",,,"140",,,,,,"46.1",,,"71","98","96",,"39.5",,,,,"0.36",,,,,,,
"1","안산","성인","일반","24","관리자","참가","20250225","F","157.2","49.1","29.7","65","69","139","24.3","27.6",,,"-2.8",,,,,,"19.9","19","15",,,,,,,,"56.2",,"32.9",,,,,,,,,,"0.417","0.421",,,,,,
"1","청주","성인","일반","41","관리자","참가","20250225","F","166.9","74.4","33.5","91.3","72","123","26.4","29.9",,,"4.7",,,,,,"26.7","5",,,"130",,,,,,"40.2",,,,,,,,"112","31.0",,,"0.376",,,,,,,
"1","청주","성인","일반","43","관리자","참가","20250225","M","177.2","84.9","25.9","102.4","81","139","47.9","47.3",,,"7.7",,,,,,"27.0","27",,,"190",,,,,,"56.4",,,,,,,,"118","37.5",,,"0.380",,,,,,,
"2","춘천","성인","일반","21","관리자","1등급","20250225","M","174.7","74.5","13.7","81.2","81","135","48.8","55.3",,,"27.6",,,,,,"24.4","67","66","9.56","275",,,,,,"74.2",,"47.8",,,,,,,,,,,,,,,,,
"1","KSPO송파","성인","일반","60","관리자","참가","20250225","M","185.1","82.7","26.4","96","67","123","37","38.8",,,"12.4",,,,,,"24.1","22",,,"174",,,,,,"46.9",,,"99","116","138","167","32.3",,,,,"0.421",,,,,,,
"3","창원마산회원","성인","일반","64","관리자","참가","20250225","M","173.7","73.1","21.8","87","70","119","39.6","49.7",,,"-2.6",,,,,,"24.2","24",,,,,,,,,"68.0",,,,,,,,"146","30.5",,,"0.339","0.470",,,,,,
"1","KSPO송파","성인","일반","27","관리자","2등급","20250225","F","164.6","50.7","21.1","70.8","65","119","21.6","23.5",,,"14",,,,,,"18.7","35",,,"156",,,,,,"46.4",,,,,,,,"116","38.7",,,"0.405",,,,,,,
"1","수원","성인","일반","35","관리자","3등급","20250225","F","168.4","56.8","26.4","72","70","128","27.3","30.5",,,"13",,,,,,"20.0","27",,,,,,,,,"53.7",,,"92","121","147",,"36.4",,,,,"0.349","0.436",,,,,,
"3","수원","성인","일반","24","관리자","1등급","20250225","F","165.6","62.8","32.2","69","72","120","29.6","35.2",,,"25.9",,,,,,"22.9","54","32",,"189",,,,,,"56.1",,"36.0",,,,,,,,,,"0.288",,,,,,,
"2","부천","성인","일반","64","관리자","참가","20250225","M","172.3","81.7","31.4",,"74","130","32.8","33.9",,,"7.2",,,,,,"27.3","21",,,"136",,,,,,"41.5",,,"102","126","137","161","32.5",,,,,"0.378",,,,,,,
"1","양평","성인","일반","30","관리자","3등급","20250225","M","176.2","84.1","23.8",,"77","129","45.8","45.9",,,"5",,,,,,"27.1","36",,"11","219",,,,,,"54.6",,,,,,,,"117","40.9",,,,,,,,,,
"3","시흥","성인","일반","24","관리자","참가","20250225","F","173.5","52.7","16.2","65","73","110","20.5","26.4",,,"16",,,,,,"17.5","18",,,,,,,,,"50.1",,,,,,,,"117","39.5",,,"0.279","0.495",,,,,,
"4","KSPO아산","성인","일반","25","관리자","참가","20250225","M","169.1","67.2","24.6","82.5","87","137","31.2","46.3",,,"9.2",,,,,,"23.5","43",,,,,,,,,"68.9",,,,,,,,"160","39.0",,,"0.358","0.566",,,,,,
"2","영주","성인","일반","41","관리자","3등급","20250225","M","167.7","68.90","17.4","82.2","99","152","43.0","48.1",,,"6.5",,,,,,"24.5","41",,,"192",,,,,,"69.8",,,,,,,,"110","42.0",,,"0.363",,,,,,,
"2","KSPO송파별관(어르신)","어르신","일반","69","관리자","2등급","20250225","M","171.4","73","24.5",,"81","159","34.9","42.7",,,"7.3",,,,,,"24.8",,,,,"25",,"117","5.76","23.34","58.5",,,,,,,,,,,,,,,,,,,"42.7"
"3","서구(대전)","성인","일반","25","관리자","3등급","20250225","F","167.8","59.1","26.9",,"88","142","29.1","30.1",,,"24.5",,,,,,"21.0","26",,,"159",,,,,,"50.9",,,,,,,,"154","32.7",,,"0.405",,,,,,,
"9","KSPO대구","성인","일반","56","관리자","2등급","20250225","F","155.6","55.5","36.7","75","92","151","22.5","26.6",,,"16.4",,,,,,"22.9","17","17",,"118",,,,,,"47.9",,"31.2",,,,,,,,,,"0.397",,,,,,,
"1","창원","성인","일반","31","관리자","참가","20250225","M","180.9","99.4","27.3","90","80","123","46.5","48.3",,,"9.1",,,,,,"30.4","35",,,,,,,,,"48.6",,,,,,,,"73","44.1",,,"0.354","0.526",,,,,,
"1","스포원(금정)","어르신","일반","65","관리자","참가","20250225","F","157.1","57.6","32.1",,"64","158","31.7","35.1",,,"25.9",,,,,,"23.3",,,,,"13",,"92","7.4","32.8","60.9",,,,,,,,,,,,,,,,,,,"35.1"
"1","스포원(금정)","성인","일반","22","관리자","2등급","20250225","F","158.6","55.7","34.2",,"62","103","26.1","27.3",,,"20.6",,,,,,"22.1","31",,,"159",,,,,,"49.0",,,"83","113","139",,"39.1",,,,,"0.329",,,,,,,
"2","스포원(금정)","성인","일반","30","관리자","3등급","20250225","F","161.7","56.1","32.9",,"70","131","22.8","24.4",,,"17.5",,,,,,"21.5","28",,,"137",,,,,,"43.5",,,"85","123","140",,"38.6",,,,,"0.390",,,,,,,
"1","마포","성인","일반","27","관리자","참가","20250225","F","164.7","55.5","32",,"60","100","25.6","28.6",,,"19.6",,,,,,"20.5","2",,,"125",,,,,,"51.5",,,,,,,,"99","39.6",,,"0.437",,,,,,,
"1","마포","성인","일반","21","관리자","참가","20250225","M","163.5","57.2","8.2",,"53","123","43.9","44.5",,,"21.4",,,,,,"21.4","30",,,"246",,,,,,"77.8",,,,,,,,"109","49.3",,,"0.304",,,,,,,
"2","KSPO송파","성인","일반","31","관리자","2등급","20250225","F","166.5","62.2","27.4",,"74","118","29.5","30.4",,,"22.8",,,,,,"22.4","52",,,"154",,,,,,"48.9",,,"97","109","131",,"37.2",,,,,"0.399",,,,,,,
"1","KSPO송파","성인","일반","23","관리자","1등급","20250225","F","167.5","53.2","24.9",,"68","123","27.1","29.3",,,"33.2",,,,,,"19.0","61",,,"182",,,,,,"55.1",,,,,,,,"102","40.8",,,"0.345",,,,,,,
"3","부천","성인","일반","28","관리자","2등급","20250225","F","169.1","54.1","34.0",,"80","129","19.7","26.4",,,"14.1",,,,,,"18.9","39",,,"149",,,,,,"48.8",,,,,,,,"135","35.8",,,"0.357",,,,,,,
"2","세종","성인","일반","23","관리자","2등급","20250225","F","166.7","54.4","18","69.9","78","127","24.4","29",,,"15.7",,,,,,"19.6","33",,,,,,,,,"53.3",,,,,,,,"120","38.2",,,"0.365","0.502",,,,,,
"4","북구(광주)","성인","일반","19","관리자","2등급","20250225","M","171.7","60.2","18.5","72.7","69","121","38","38",,,"13.2",,,,,,"20.4","52",,,"217",,,,,,"63.1",,,"101","116","129","166","49.0",,,,,"0.290",,,,,,,
"1","KSPO아산","성인","일반","45","관리자","참가","20250225","M","186.9","92","20.5","90.8","83","117","53.3","60.5",,,"12.7",,,,,,"26.3","44",,"12.2","208",,,,,,"65.8",,,,,,,,"170","28.5",,,,,,,,,,
"2","창원","성인","일반","25","관리자","3등급","20250225","F","169.8","57.1","27.3","63","83","120","26.6","32.9",,,"14.6",,,,,,"19.8","25",,"13.47","169",,,,,,"57.6",,,,,,,,"137","35.4",,,,,,,,,,
"2","천안","성인","일반","22","관리자","1등급","20250225","F","163.7","47.8","23.6",,"75","111","28.4","30.6",,,"22.4",,,,,,"17.8","40",,"11.15",,,,,,,"64.0",,,,,,,,"121","39.6",,,,"0.452",,,,,,
"1","천안","성인","일반","25","관리자","3등급","20250225","M","177.1","65.1","15",,"78","139","38.2","45.4",,,"15.6",,,,,,"20.8","44",,"9.63","246",,,,,,"69.7",,,,,,,,"146","42.2",,,,,,,,,,
"1","강릉","성인","일반","24","관리자","3등급","20250225","F","165.7","55.2","32.3","78.1","85","135","28.6","28",,,"30.1",,,,,,"20.1","28",,,"163",,,,,,"51.8",,,,,,,,"133","36.2",,,"0.268",,,,,,,
"2","군산","성인","일반","48","관리자","참가","20250225","F","156.8","71","36.5","92","90","139","34.2","34.9",,,"13.8",,,,,,"28.9","29","15",,,,,,,,"49.2",,"28.4",,,,,,,,,,"0.436","0.505",,,,,,
"1","동구(인천)","성인","출장","44","관리자","참가","20250225","M","178.7","64.4","18",,"75","132","40.3","47.2",,,"20.7",,,,,,"20.2","30",,,,,,,,,"73.3",,,,,,,,"132","39.8",,,"0.35","0.618",,,,,,
"1","동구(인천)","성인","출장","32","관리자","참가","20250225","M","168.6","79.1","30.6",,"99","148","28.6","28.1",,,"-12.2",,,,,,"27.8","30",,,,,,,,,"36.2",,,,,,,,"113","41.5",,,"0.386","0.560",,,,,,
"2","포항","성인","출장","44","관리자","참가","20250225","M","169.8","61.9","19.4",,"84","135","35.9","38.7",,,"-3",,,,,,"21.5","19",,,,,,,,,"62.5",,,,,,,,"99","44.6",,,"0.354","0.502",,,,,,
"1","동구(인천)","성인","출장","51","관리자","참가","20250225","M","159.1","69.1","34.7",,"91","125","33.6","30.9",,,"-11",,,,,,"27.3","29",,,,,,,,,"48.6",,,,,,,,"98","40.6",,,"0.395","0.503",,,,,,
"1","포항","성인","출장","27","관리자","참가","20250225","F","160.5","52.5","23.8",,"49","99","20.6","24.9",,,"21",,,,,,"20.4","11",,,,,,,,,"47.4",,,,,,,,"85","41.6",,,"0.328","0.564",,,,,,
"1","동구(인천)","성인","출장","56","관리자","3등급","20250225","M","161.8","58.7","23.4",,"84","143","35.5","41.1",,,"4.2",,,,,,"22.4","35",,,,,,,,,"70.0",,,,,,,,"115","39.3",,,"0.337","0.516",,,,,,
"3","동구(인천)","성인","출장","42","관리자","참가","20250225","M","178.2","89.8","31",,"98","147","30.6","44.2",,,"7.4",,,,,,"28.3","46",,,,,,,,,"49.2",,,,,,,,"126","35.5",,,"0.376","0.612",,,,,,
"4","포항","성인","출장","50","관리자","참가","20250225","M","165.3","89.8","34.6",,"86","142","47.8","50.4",,,"-11.5",,,,,,"32.9","25",,,,,,,,,"56.1",,,,,,,,"151","28.9",,,"0.262","0.539",,,,,,
"1","동구(인천)","성인","출장","28","관리자","참가","20250225","M","176","70.5","19.6",,"73","128","39.9","50.9",,,"-16.4",,,,,,"22.8","32",,,,,,,,,"72.2",,,,,,,,"106","46.0",,,"0.302","0.616",,,,,,
"1","동구(인천)","성인","출장","44","관리자","참가","20250225","M","176.1","93.3","30.2",,"92","158","38.1","41.5",,,"6.2",,,,,,"30.1","45",,,,,,,,,"44.5",,,,,,,,"93","38.9",,,"0.404","0.461",,,,,,
"1","포항","성인","출장","46","관리자","참가","20250225","M","178.4","75.9","14.6",,"98","144","37.5","36.8",,,"5",,,,,,"23.8","38",,,,,,,,,"49.4",,,,,,,,"84","43.8",,,"0.349","0.452",,,,,,
"1","포항","성인","출장","41","관리자","3등급","20250225","F","163.5","60.8","32.7",,"71","124","31.4","29.4",,,"10.8",,,,,,"22.7","21",,,,,,,,,"51.6",,,,,,,,"105","34.8",,,"0.353","0.403",,,,,,
"1","동구(인천)","성인","출장","27","관리자","참가","20250225","M","175.4","89.2","32.5",,"97","152","41.7","49.5",,,"14.2",,,,,,"29.0","24",,,,,,,,,"55.5",,,,,,,,"141","36.9",,,"0.391","0.492",,,,,,
"1","고양","성인","출장","23","관리자","3등급","20250225","M","165.5","54.5","9.3",,"61","109","30.7","26.2",,,"8.5",,,,,,"19.9","52","47","11.02","194",,,,,,"56.3",,"46.3",,,,,,,,,,,,,,,,,
"1","고양","성인","출장","29","관리자","2등급","20250225","M","174","64.7","12.9",,"84","120","37.2","32.6",,,"11.7",,,,,,"21.4","66","61","9.76","217",,,,,,"57.5",,"47.4",,,,,,,,,,,,,,,,,
"1","고양","성인","출장","22","관리자","참가","20250225","M","175","81.6","23.2",,"80","120","36.4","35.2",,,"5.3",,,,,,"26.6","51","39","10.12","190",,,,,,"44.6",,"40.3",,,,,,,,,,,,,,,,,
"1","고양","성인","출장","24","관리자","참가","20250225","M","176.4","79.6","25.8",,"68","121","29.3","29.6",,,"-6.1",,,,,,"25.6","35","35","11.97","155",,,,,,"37.2",,"39.5",,,,,,,,,,,,,,,,,
"1","고양","성인","출장","27","관리자","참가","20250225","M","181.3","72.1","18.7",,"90","143","41.5","50.3",,,"1.3",,,,,,"21.9","53","50","10.53","218",,,,,,"69.8",,"43.8",,,,,,,,,,,,,,,,,
"2","고양","성인","출장","20","관리자","참가","20250225","M","169.1","83.8","32.7",,"60","107","28.1","31.2",,,"7.5",,,,,,"29.3","37","28","11.45","156",,,,,,"37.2",,"37.7",,,,,,,,,,,,,,,,,
"1","고양","성인","출장","22","관리자","3등급","20250225","M","177.3","72.6","18.4",,"53","109","45","41.8",,,"6.1",,,,,,"23.1","55","64","10.71","181",,,,,,"62.0",,"47.4",,,,,,,,,,,,,,,,,
"2","고양","성인","출장","24","관리자","참가","20250225","M","174","89.9","30.6",,"76","128","39.1","51.1",,,"13.4",,,,,,"29.7","47","46","9.96","217",,,,,,"56.8",,"40.6",,,,,,,,,,,,,,,,,
"1","고양","성인","출장","20","관리자","2등급","20250225","M","179.4","70","13.3",,"62","109","36.2","46.8",,,"22.3",,,,,,"21.7","54","63","10.18","250",,,,,,"66.9",,"47.7",,,,,,,,,,,,,,,,,
"1","고양","성인","출장","22","관리자","3등급","20250225","M","171.6","71.9","20.6",,"70","123","41.6","39.6",,,"19.7",,,,,,"24.4","60","50","10.79","180",,,,,,"57.9",,"44.4",,,,,,,,,,,,,,,,,
"1","고양","성인","출장","25","관리자","참가","20250225","M","171.6","66.7","16.8",,"80","135","34.9","40.9",,,"14.1",,,,,,"22.7","40","32","10.59","206",,,,,,"61.3",,"40.7",,,,,,,,,,,,,,,,,
"1","고양","성인","출장","21","관리자","참가","20250225","M","174.8","100.2","27.2",,"70","129","52.7","58.7",,,"20.2",,,,,,"32.8","43","38","9.93","230",,,,,,"58.6",,"37.5",,,,,,,,,,,,,,,,,
"1","고양","성인","출장","21","관리자","참가","20250225","M","164.4","63.7","23.3",,"69","108","36.4","45.1",,,"-3.2",,,,,,"23.6","40","22","10.75","210",,,,,,"70.8",,"39.3",,,,,,,,,,,,,,,,,
"1","고양","성인","출장","20","관리자","3등급","20250225","M","157.9","55.4","21.2",,"61","115","35.4","40.2",,,"22.4",,,,,,"22.2","53","42","10.16","195",,,,,,"72.6",,"45.4",,,,,,,,,,,,,,,,,
"1","고양","성인","출장","22","관리자","3등급","20250225","M","170","61.8","9",,"66","110","44.2","46.9",,,"16.5",,,,,,"21.4","44","77","9.97","232",,,,,,"75.9",,"52.2",,,,,,,,,,,,,,,,,
"1","고양","성인","출장","20","관리자","참가","20250225","M","184","69.7","11.2",,"74","127","45.9","52.3",,,"-9.6",,,,,,"20.6","47","82","10.09","215",,,,,,"75.0",,"52.1",,,,,,,,,,,,,,,,,
"1","고양","성인","출장","20","관리자","참가","20250225","M","173.9","62.3","21.8",,"74","110","22","24.4",,,"-1.2",,,,,,"20.6","28","43","10.70","202",,,,,,"39.2",,"44.3",,,,,,,,,,,,,,,,,
"1","고양","성인","출장","20","관리자","참가","20250225","M","168.1","67.6","13.3",,"64","114","37.6","41.6",,,"18.1",,,,,,"23.9","51","5","10.12","211",,,,,,"61.5",,"34.7",,,,,,,,,,,,,,,,,
"1","고양","성인","출장","22","관리자","참가","20250225","M","167.8","63.2","19.2",,"76","126","37.4","39.6",,,"16.7",,,,,,"22.4","57","36","10.28","232",,,,,,"62.7",,"42.5",,,,,,,,,,,,,,,,,
"1","고양","성인","출장","20","관리자","참가","20250225","M","171.1","66.7","15.6",,"70","127","32.3","37.2",,,"-4.5",,,,,,"22.8","40","44","10.58","198",,,,,,"55.8",,"43.9",,,,,,,,,,,,,,,,,
"1","고양","성인","출장","23","관리자","3등급","20250225","M","174.9","58.9","18.2",,"66","117","38.5","42.4",,,"11.5",,,,,,"19.3","50","46","10.73","219",,,,,,"72.0",,"45.2",,,,,,,,,,,,,,,,,
"1","고양","성인","출장","20","관리자","참가","20250225","M","179.9","67.8","17.1",,"61","112","30.6","29.9",,,"-16.6",,,,,,"20.9","50","54","10.46","217",,,,,,"45.1",,"45.9",,,,,,,,,,,,,,,,,
"1","고양","성인","출장","33","관리자","2등급","20250225","F","158.8","55.7","28.6",,"78","114","20.6","40.5",,,"20.2",,,,,,"22.1","40","25","13.02","147",,,,,,"72.7",,"34.5",,,,,,,,,,,,,,,,,
"1","고양","성인","출장","21","관리자","1등급","20250225","M","175.3","71.5","17.3",,"56","117","37.7","51.7",,,"20.5",,,,,,"23.3","61","82","10.54","239",,,,,,"72.3",,"51.9",,,,,,,,,,,,,,,,,
"1","고양","성인","출장","25","관리자","참가","20250225","M","184.9","96.4","24.5",,"66","123","41.7","36.8",,,"3.6",,,,,,"28.2","42","46","10.02","199",,,,,,"43.3",,"39.4",,,,,,,,,,,,,,,,,
"1","고양","성인","출장","23","관리자","참가","20250225","M","174","65.5","26.4",,"82","118","27","41.5",,,"13.7",,,,,,"21.6","50","21","10.41","224",,,,,,"63.4",,"38.4",,,,,,,,,,,,,,,,,
"1","고양","성인","출장","21","관리자","참가","20250225","M","171.2","56.7","18.8",,"64","105","31.4","35.8",,,"-9.2",,,,,,"19.3","36","60","10.83","184",,,,,,"63.1",,"49.0",,,,,,,,,,,,,,,,,
"1","고양","성인","출장","20","관리자","참가","20250225","M","170.9","66.4","18.6",,"62","117","34.6","31",,,"3.6",,,,,,"22.7","31","38","11.01","157",,,,,,"52.1",,"42.6",,,,,,,,,,,,,,,,,
"1","고양","성인","출장","21","관리자","참가","20250225","M","176.3","74.7","23.5",,"73","120","27.8","37.7",,,"2",,,,,,"24.0","55","64","10.46","184",,,,,,"50.5",,"47.2",,,,,,,,,,,,,,,,,
"1","고양","성인","출장","25","관리자","2등급","20250225","M","173.3","78.1","24.6",,"70","132","40.7","46.8",,,"10.2",,,,,,"26.0","50","52","10.20","202",,,,,,"59.9",,"43.7",,,,,,,,,,,,,,,,,
"1","고양","성인","출장","20","관리자","2등급","20250225","M","186.6","83.7","16.6",,"69","126","51.3","55.8",,,"11.6",,,,,,"24.0","52","54","10.38","255",,,,,,"66.7",,"43.4",,,,,,,,,,,,,,,,,
"1","고양","성인","출장","21","관리자","참가","20250225","M","184.9","80.2","25.7",,"67","132","45.3","42.5",,,"3",,,,,,"23.5","40","27","11.73","134",,,,,,"56.5",,"37.6",,,,,,,,,,,,,,,,,
"1","고양","성인","출장","24","관리자","참가","20250225","M","176","92.4","24.7",,"71","128","49.9","54.6",,,"22.5",,,,,,"29.8","55","23","11.20","214",,,,,,"59.1",,"34.8",,,,,,,,,,,,,,,,,
"1","고양","성인","출장","31","관리자","2등급","20250225","M","172","62.1","17.7",,"89","129","31.6","37.1",,,"21.2",,,,,,"21.0","56","52","10.04","201",,,,,,"59.7",,"45.6",,,,,,,,,,,,,,,,,
"1","고양","성인","출장","20","관리자","3등급","20250225","M","171.4","72","15.9",,"64","104","28.9","44.1",,,"7.1",,,,,,"24.5","51","77","10.37","207",,,,,,"61.3",,"50.9",,,,,,,,,,,,,,,,,
"1","고양","성인","출장","20","관리자","참가","20250225","M","173.7","71.2","21.9",,"71","120","30","33.9",,,"4.5",,,,,,"23.6","34","18","10.93","184",,,,,,"47.6",,"37.1",,,,,,,,,,,,,,,,,
"1","고양","성인","출장","23","관리자","참가","20250225","M","177.7","104","28.2",,"80","115","35.2","52.4",,,"6.2",,,,,,"32.9","37","28","10.41","191",,,,,,"50.4",,"34.3",,,,,,,,,,,,,,,,,
"1","고양","성인","출장","21","관리자","참가","20250225","M","177.9","85.8","21",,"72","134","48.2","60.8",,,"10.7",,,,,,"27.1","53","31","10.09","244",,,,,,"70.9",,"37.9",,,,,,,,,,,,,,,,,
"1","고양","성인","출장","22","관리자","참가","20250225","M","173.6","65.7","17.7",,"78","136","41.2","48.2",,,"-7.1",,,,,,"21.8","36","60","10.53","191",,,,,,"73.4",,"47.6",,,,,,,,,,,,,,,,,
"1","고양","성인","출장","20","관리자","참가","20250225","M","172.3","63","13.5",,"65","111","33.9","28.6",,,"1.4",,,,,,"21.2","45","52","10.48","227",,,,,,"53.8",,"46.3",,,,,,,,,,,,,,,,,
"1","고양","성인","출장","23","관리자","참가","20250225","M","165.8","65.7","34.7",,"88","121","28.1","29.1",,,"17",,,,,,"23.9","45","34","12.44","121",,,,,,"44.3",,"41.6",,,,,,,,,,,,,,,,,
"1","고양","성인","출장","20","관리자","참가","20250225","M","184.5","105.6","33",,"55","112","37.1","37.1",,,"5",,,,,,"31.0","42","34","12.10","158",,,,,,"35.1",,"35.6",,,,,,,,,,,,,,,,,
"1","고양","성인","출장","20","관리자","3등급","20250225","M","179.3","76.6","20.3",,"62","126","34.8","53.1",,,"19.8",,,,,,"23.8","44","46","10.76","170",,,,,,"69.3",,"42.8",,,,,,,,,,,,,,,,,
"1","고양","성인","출장","21","관리자","3등급","20250225","M","174.5","72.7","21.3",,"66","120","43.2","44.6",,,"6.3",,,,,,"23.9","52","70","10.15","212",,,,,,"61.3",,"49.0",,,,,,,,,,,,,,,,,
"1","고양","성인","출장","20","관리자","3등급","20250225","M","171.2","68.7","18.6",,"70","100","40.6","40.1",,,"10.5",,,,,,"23.4","49","71","9.64","249",,,,,,"59.1",,"49.9",,,,,,,,,,,,,,,,,
"1","고양","성인","출장","21","관리자","참가","20250225","M","175.1","75.3","19.6",,"62","125","44.3","53.8",,,"9.5",,,,,,"24.6","46","13","10.36","221",,,,,,"71.4",,"35.2",,,,,,,,,,,,,,,,,
"1","고양","성인","출장","20","관리자","참가","20250225","M","176.8","83","23.9",,"67","126","49.1","28.1",,,"0.6",,,,,,"26.6","33","23","11.59","183",,,,,,"59.2",,"36.5",,,,,,,,,,,,,,,,,
"2","고양","성인","출장","21","관리자","참가","20250225","M","177.8","77.2","14.5",,"65","106","48.2","59.4",,,"15.6",,,,,,"24.4","48","19","10.07","217",,,,,,"76.9",,"36.3",,,,,,,,,,,,,,,,,
"1","고양","성인","출장","20","관리자","2등급","20250225","M","170.2","70.4","18.1",,"58","120","42.2","46.3",,,"17.7",,,,,,"24.3","50","63","10.72","214",,,,,,"65.8",,"47.8",,,,,,,,,,,,,,,,,
"1","고양","성인","출장","20","관리자","참가","20250225","M","169","76.8","28.8",,"88","138","37.7","38.4",,,"24.2",,,,,,"26.9","35","42","11.18","178",,,,,,"50.0",,"42.0",,,,,,,,,,,,,,,,,
"1","고양","성인","출장","20","관리자","참가","20250225","M","169.5","70.6","25.1",,"75","133","35.2","36.5",,,"1.6",,,,,,"24.6","40","35","11.40","151",,,,,,"51.7",,"41.3",,,,,,,,,,,,,,,,,
"1","고양","성인","출장","21","관리자","참가","20250225","M","171.6","77","22.9",,"70","132","35.5","36.1",,,"7",,,,,,"26.1","44","54","11.72","158",,,,,,"46.9",,"44.7",,,,,,,,,,,,,,,,,
"1","고양","성인","출장","20","관리자","참가","20250225","M","178.5","74.5","19.8",,"80","120","38.6","37",,,"2",,,,,,"23.4","32","23","11.06","170",,,,,,"51.8",,"37.7",,,,,,,,,,,,,,,,,
"1","고양","성인","출장","20","관리자","참가","20250225","M","173.4","72.2","19",,"69","117","25.9","31.3",,,"8.3",,,,,,"24.0","39","51","10.91","218",,,,,,"43.4",,"44.7",,,,,,,,,,,,,,,,,
"1","고양","성인","출장","20","관리자","참가","20250225","M","183.9","68.3","16.5",,"66","116","39.9","33",,,"-11",,,,,,"20.2","58","52","10.30","219",,,,,,"58.4",,"45.3",,,,,,,,,,,,,,,,,
"4","고양","성인","출장","21","관리자","3등급","20250225","M","167.7","65.6","25.4",,"80","127","35.2","44.5",,,"14.1",,,,,,"23.3","44","41","10.62","181",,,,,,"67.8",,"43.4",,,,,,,,,,,,,,,,,
"2","고양","성인","출장","20","관리자","참가","20250225","M","177.6","64.9","17.7",,"63","121","28.3","27.9",,,"0.3",,,,,,"20.6","40","42","11.06","181",,,,,,"43.6",,"43.6",,,,,,,,,,,,,,,,,
"1","고양","성인","출장","20","관리자","참가","20250225","M","170.5","77","21.7",,"66","127","23.6","30.6",,,"-9",,,,,,"26.5","48","36","10.90","211",,,,,,"39.7",,"40.6",,,,,,,,,,,,,,,,,
"1","고양","성인","출장","20","관리자","참가","20250225","M","181.6","80.3","15.6",,"67","117","51.8","49.7",,,"7.1",,,,,,"24.3","57","11","10.82","221",,,,,,"64.5",,"34.0",,,,,,,,,,,,,,,,,
"1","고양","성인","출장","20","관리자","2등급","20250225","M","177.5","83.7","21.9",,"65","138","49.1","45.1",,,"18.2",,,,,,"26.6","48","71","10.23","232",,,,,,"58.7",,"47.6",,,,,,,,,,,,,,,,,
"1","고양","성인","출장","20","관리자","참가","20250225","M","171.4","75.3","22.1",,"67","109","34.2","38.3",,,"-17.5",,,,,,"25.6","38","34","10.87","198",,,,,,"50.9",,"40.3",,,,,,,,,,,,,,,,,
"1","고양","성인","출장","20","관리자","3등급","20250225","M","180.5","75.9","22",,"69","114","33.5","45.9",,,"7.7",,,,,,"23.3","43","56","10.31","225",,,,,,"60.5",,"45.2",,,,,,,,,,,,,,,,,
"1","고양","성인","출장","29","관리자","참가","20250225","M","178","98.8","27.7",,"88","130","40.2","45.6",,,"11.6",,,,,,"31.2","38","28","10.71","209",,,,,,"46.2",,"34.6",,,,,,,,,,,,,,,,,
"1","창원","성인","일반","47","관리자","2등급","20250225","F","159.9","51.3","12.9","66","72","141","23.1","23.7",,,"21.4",,,,,,"20.1","26",,,"138",,,,,,"46.2",,,,,,,,"70","40.0",,,"0.446",,,,,,,
"1","창원","성인","일반","45","관리자","참가","20250225","F","136.1","73","38.7","84","88","138","23.7","27.9",,,"15.5",,,,,,"39.4","32",,,"142",,,,,,"38.2",,,,,,,,"92","30.0",,,"0.396",,,,,,,
"1","서구(대전)","성인","일반","34","관리자","2등급","20250225","F","163.1","49.8","18.1",,"68","107","26.6","27.8",,,"26.5",,,,,,"18.7","29",,,"162",,,,,,"55.8",,,"79","105","133",,"39.4",,,,,"0.362",,,,,,,
"2","양평","성인","일반","56","관리자","참가","20250225","F","159","91.5","46.8",,"79","136","20.8","13.6",,,"24.8",,,,,,"36.2","0",,,"104",,,,,,"22.7",,,"127","157","186",,"17.8",,,,,"0.359",,,,,,,
"2","KSPO송파별관(어르신)","어르신","일반","65","관리자","2등급","20250225","F","152.5","59.4","35.8",,"89","157","26.8","29.9",,,"24",,,,,,"25.5",,,,,"23",,"115","4.68","21.29","50.3",,,,,,,,,,,,,,,,,,,"29.9"
"15","군산","성인","일반","64","관리자","3등급","20250225","F","149","51.4","38.6","74","75","143","19.6","20.1",,,"19.8",,,,,,"23.2","25",,,"90",,,,,,"39.1",,,"81","98","125",,"33.1",,,,,"0.526",,,,,,,
"1","원주","성인","일반","36","관리자","참가","20250225","M","161.6","70.2","33.9","88.2","96","150","28.1","35",,,"4.9",,,,,,"26.9","40","16","11.36","196",,,,,,"49.9",,"35.8",,,,,,,,,,,,,,,,,
"9","서구(광주)","어르신","일반","66","관리자","3등급","20250225","F","150.4","44","24.7","70","60","93","15.5","17.2",,,"15.1",,,,,,"19.5",,,,,"19",,"114","5.38","22.68","39.1",,,,,,,,,,,,,,,,,,,"17.2"
"2","성동","어르신","일반","69","관리자","참가","20250225","F","157.9","62.5","36.3",,"72","121","21.3","22.5",,,"11",,,,,,"25.1",,,,,"17",,"114","6.70","25.51","36.0",,,,,,,,,,,,,,,,,,,"22.5"
"1","진천","청소년","일반","13","관리자","3등급","20250225","F","154.6","48.7","22.1","70.3","70","127","18.3","21",,"56","19.6","21.01","0.542","60.106","5","60.336","20.4",,"21",,,,,,,,"43.1",,"34.7",,,,,,,,,,,,,,,,,
"3","성동","어르신","일반","71","관리자","2등급","20250225","F","154.8","57.8","34.8",,"64","119","22.6","22.6",,,"21.3",,,,,,"24.1",,,,,"20",,"114","5.95","25.76","39.1",,,,,,,,,,,,,,,,,,,"22.6"
"2","미추홀","성인","일반","19","관리자","3등급","20250225","M","163.1","50","15.5","68","65","123","30.1","32.8",,,"17.3",,,,,,"18.8","54","46","11.10",,,,,,,"65.6",,"47.1",,,,,,,,,,,"0.583",,,,,,
"1","오산","성인","일반","34","관리자","참가","20250225","M","174.2","79.8","31.6","93.5","92","143","36.7","40.2",,,"8",,,,,,"26.3","20",,,,,,,,,"50.4",,,,,,,,"105","42.5",,,"0.296","0.514",,,,,,
"1","KSPO대구","성인","일반","37","관리자","참가","20250225","M","174.6","77.4","28.7","87.5","92","158","36.1","37.9",,,"-10",,,,,,"25.4","36","14","13","152",,,,,,"49.0",,"33.9",,,,,,,,,,,,,,,,,
"5","서구(광주)","어르신","일반","69","관리자","참가","20250225","M","176.8","83.7","24.7","95","96","146","39.4","45",,,"-12.4",,,,,,"26.8",,,,,"19",,"100","4.32","20.69","53.8",,,,,,,,,,,,,,,,,,,"45.0"
"5","서대문","어르신","일반","69","관리자","2등급","20250225","M","165.6","65.3","25.6",,"82","145","35.2","36.9",,,"8.3",,,,,,"23.8",,,,,"28",,"126","4.90","20.82","56.5",,,,,,,,,,,,,,,,,,,"36.9"
"2","삼척","어르신","일반","67","관리자","2등급","20250225","M","175.8","73.2","24.6",,"66","129","39.5","45.3",,,"19.4",,,,,,"23.7",,,,,"30",,"117","4.94","22.99","61.9",,,,,,,,,,,,,,,,,,,"45.3"
"1","중구(서울)","성인","일반","39","관리자","참가","20250225","F","167.9","73.3","37.5","90","80","130","28.5","31.5",,,"18.1",,,,,,"26.0","1",,,"114",,,,,,"43.0",,,,,,,,,,,,"0.459",,,,,,,
"7","동작","어르신","일반","85","관리자","2등급","20250225","M","165.3","75.9","35.8","101","90","155","36","29.1",,,"1.1",,,,,,"27.8",,,,,"21",,"107","5.66","25.75","47.4",,,,,,,,,,,,,,,,,,,"36.0"
"1","창원마산회원","성인","일반","55","관리자","참가","20250225","F","159.6","62.7","31.7","87","96","158","28.1","31.6",,,"8.2",,,,,,"24.6","15",,,,,,,,,"50.4",,,,,,,,"113","30.4",,,"0.393","0.431",,,,,,
"4","창원","성인","일반","42","관리자","참가","20250225","M","175.6","96.9","26.3","94","91","141","43.5","50.7",,,"11.1",,,,,,"31.4","37",,"10.75","212",,,,,,"52.3",,,,,,,,"89","39.2",,,,,,,,,,
"1","원주","성인","일반","48","관리자","2등급","20250225","M","165.5","72.3","24.3","90.3","95","140","40.8","43.5",,,"10.5",,,,,,"26.4","36","37","11.37","208",,,,,,"60.2",,"39.3",,,,,,,,,,,,,,,,,
"4","서대문","성인","일반","26","관리자","1등급","20250225","F","170.1","55.4","24.5",,"72","114","28.5","30.5",,,"25.6",,,,,,"19.1","33","28","13.71","157",,,,,,"55.1",,"36.0",,,,,,,,,,,,,,,,,
"4","수원","성인","일반","24","관리자","1등급","20250225","F","163.8","44.3","17.6","59","77","117","22.8","25.6",,,"23",,,,,,"16.5","36",,,"173",,,,,,"57.8",,,"98","133","142",,"43.0",,,,,"0.503",,,,,,,
"3","수원","성인","일반","24","관리자","2등급","20250225","M","174.5","74.9","16.7","76","62","132","48.8","44.2",,,"18.6",,,,,,"24.6","50",,,,,,,,,"65.2",,,,,,,,"102","46.5",,,"0.438","0.579",,,,,,
"1","남구(울산)","어르신","일반","66","관리자","참가","20250225","M","169.6","69.4","19.6","85.7","87","150","47.9","46.6",,,"-10.5",,,,,,"24.1",,,,,"29",,"105","4.28","18.47","69.0",,,,,,,,,,,,,,,,,,,"47.9"
"1","스포원(금정)","성인","일반","33","관리자","참가","20250225","F","168","75.5","31.4",,"70","126","37.7","39.5",,,"6.6",,,,,,"26.8","48",,,,,,,,,"52.3",,,"73","98","134",,"32.8",,,,,"0.341","0.441",,,,,,
"3","스포원(금정)","성인","일반","23","관리자","3등급","20250225","F","165.9","56","27.7",,"59","127","31.2","32.4",,,"11.8",,,,,,"20.3","36",,,,,,,,,"57.9",,,,,,,,"135","35.9",,,"0.278","0.463",,,,,,
"2","스포원(금정)","성인","일반","25","관리자","2등급","20250225","F","162.7","60.7","32.4",,"72","109","34.1","32.3",,,"16.1",,,,,,"22.9","28",,,,,,,,,"56.2",,,,,,,,"104","37.9",,,"0.363","0.462",,,,,,
"1","창원","성인","일반","45","관리자","참가","20250225","F","158.8","57","34","75","72","123","22.5","23",,,"-6.9",,,,,,"22.6","22",,"16.62","97",,,,,,"40.4",,,"79","102","127",,"36.0",,,,,,,,,,,,
"3","화성","어르신","일반","66","관리자","3등급","20250225","M","180.5","90","18.9",,"87","152","48.2","45",,,"5.3",,,,,,"27.6",,,,,"30",,"128","3.44","15.41","53.6",,,,,,,,,,,,,,,,,,,"48.2"
"5","화성","어르신","일반","74","관리자","3등급","20250225","M","163.7","75.6","36.6",,"96","143","32.2","36",,,"2",,,,,,"28.2",,,,,"29",,"114","4.75","20.72","47.6",,,,,,,,,,,,,,,,,,,"36.0"
"5","마포","어르신","일반","83","관리자","참가","20250225","M","163.9","56.5","14","82","67","137","31.9","36.9",,,"-5.8",,,,,,"21.0",,,,,"20",,"110","5.76","25.32","65.3",,,,,,,,,,,,,,,,,,,"36.9"
"3","계룡","성인","일반","63","관리자","3등급","20250225","M","167.7","69.3","26.1",,"87","157","30.4","32.8",,,"2.9",,,,,,"24.6","25",,,"175",,,,,,"47.3",,,,,,,,"126","34.1",,,"0.383",,,,,,,
"2","세종","성인","일반","22","관리자","3등급","20250225","F","162.1","56.4","25.9","75.3","69","100","24.3","24.1",,,"15.7",,,,,,"21.5","25",,,"155",,,,,,"43.1",,,,,,,,"96","40.4",,,"0.312",,,,,,,
"8","서구(광주)","어르신","일반","66","관리자","1등급","20250225","F","165","58.4","21.0","72.5","90","133","28.3","32.5",,,"27.0",,,,,,"21.5",,,,,"30",,"121","5.10","19.57","55.7",,,,,,,,,,,,,,,,,,,"32.5"
"1","진천","성인","일반","42","관리자","참가","20250225","M","168.7","92.4","41.6","96.6","92","139","44.1","43.5",,,"-15",,,,,,"32.5","0",,,"151",,,,,,"47.7",,,,,,,,"125","34.4",,,"0.394",,,,,,,
"2","KSPO송파별관(어르신)","어르신","일반","84","관리자","1등급","20250225","M","162.8","70.3","31.0",,"75","159","32.7","36",,,"21.1",,,,,,"26.5",,,,,"28",,"119","5.19","21.51","51.2",,,,,,,,,,,,,,,,,,,"36.0"
"1","서대문","성인","일반","51","관리자","1등급","20250225","M","166.3","61.4","16.9",,"93","145","37","37.4",,,"21.2",,,,,,"22.2","40","37",,,,,,,,"60.9",,"40.7",,,,,,,,,,"0.313","0.524",,,,,,
"2","동작","성인","일반","25","관리자","2등급","20250225","F","173.6","61.9","22.3","77","80","126","31.2","31.3",,,"27.7",,,,,,"20.5","30",,,"197",,,,,,"50.6",,,,,,,,"120","36.7",,,"0.413",,,,,,,
"5","부천","어르신","일반","75","관리자","3등급","20250225","M","158","66.9","31.5",,"79","138","36.2","37.1",,,"-0.1",,,,,,"26.4",,,,,"29",,"130","4.41","17.50","55.5",,,,,,,,,,,,,,,,,,,"37.1"
"3","동작","성인","일반","28","관리자","3등급","20250225","F","163.5","49.8","26.7","66","77","127","19","18.4",,,"16.9",,,,,,"18.6","23",,,"137",,,,,,"38.2",,,"78","110","141",,"39.5",,,,,"0.275",,,,,,,
"4","KSPO송파별관(어르신)","어르신","일반","73","관리자","2등급","20250225","F","148.5","59.5","36.8",,"93","157","24.1","24.7",,,"18.3",,,,,,"27.0",,,,,"23",,"103","5.97","25.53","41.5",,,,,,,,,,,,,,,,,,,"24.7"
"9","부천","어르신","일반","74","관리자","참가","20250225","M","168.4","81.9","32.1",,"78","156","29.9","34.6",,,"15.7",,,,,,"28.9",,,,,"21",,"116","5.16","22.28","42.2",,,,,,,,,,,,,,,,,,,"34.6"
"3","화성","어르신","일반","71","관리자","2등급","20250225","M","154.1","63.3","34.4",,"87","125","33.5","36",,,"16.5",,,,,,"26.7",,,,,"23",,"115","5.1","21.7","56.9",,,,,,,,,,,,,,,,,,,"36.0"
"8","화성","어르신","일반","80","관리자","3등급","20250225","M","168","65.9","28.4",,"56","151","36.2","39.3",,,"-3.4",,,,,,"23.3",,,,,"21",,"79","5.4","26.2","59.6",,,,,,,,,,,,,,,,,,,"39.3"
"1","KSPO광주","어르신","일반","66","관리자","3등급","20250225","M","171.1","78","22.8","87.8","88","138","33.8","36.2",,,"6.9",,,,,,"26.6",,,,,"24",,"121","4.29","20.57","46.4",,,,,,,,,,,,,,,,,,,"36.2"
"1","KSPO광주","어르신","일반","68","관리자","참가","20250225","M","167.6","64.5","27.2","85","87","145","35.7","42.9",,,"-5.8",,,,,,"23.0",,,,,"23",,"104","5.10","24.78","66.5",,,,,,,,,,,,,,,,,,,"42.9"
"1","영동","성인","일반","30","관리자","3등급","20250225","M","175.1","65.8","17.4",,"89","134","36.8","35.9",,,"6.3",,,,,,"21.5","40",,"12.18",,,,,,,"55.9",,,"108","135","159","91","54.6",,,,,,"0.564",,,,,,
"3","중구(서울)","성인","일반","64","관리자","참가","20250225","M","162.3","63.9","23.5","88","77","128","31.2","31",,,"11.4",,,,,,"24.3","17",,,"158",,,,,,"48.8",,,"91","146","157","174","35.3",,,,,"0.397",,,,,,,
"1","KSPO아산","성인","일반","52","관리자","3등급","20250225","F","161.2","53.6","32.8","77","76","132","24.4","25.2",,,"20.4",,,,,,"20.6","16",,,"134",,,,,,"47.0",,,,,,,,"135","30.7",,,"0.360",,,,,,,
"1","곡성","성인","일반","57","관리자","참가","20250225","M","173.6","76.9","23.7","92.8","97","155","35.8","42.9",,,"24",,,,,,"25.5","29",,"11.75","174",,,,,,"55.8",,,"88","103","137","169","31.8",,,,,,,,,,,,
"1","KSPO아산","성인","일반","62","관리자","참가","20250225","M","166.7","66.3","26.2","87","86","151","38","40.9",,,"-8.4",,,,,,"23.9","19",,,"127",,,,,,"61.7",,,,,,,,"133","33.9",,,"0.432",,,,,,,
"3","서구(광주)","어르신","일반","79","관리자","3등급","20250225","F","153.3","58.4","31.9","90","75","156","15.5","18.5",,,"19.3",,,,,,"24.9",,,,,"24",,"87","6.50","27.26","31.7",,,,,,,,,,,,,,,,,,,"18.5"
"7","광주","어르신","일반","78","관리자","3등급","20250225","M","175.7","72.2","29.3",,"50","158","29","31.8",,,"2.4",,,,,,"23.4",,,,,"25",,"102","6.18","22.80","44.0",,,,,,,,,,,,,,,,,,,"31.8"
"5","광주","어르신","일반","77","관리자","참가","20250225","M","169.5","78.3","34.5",,"73","137","32.1","33.3",,,"4.3",,,,,,"27.3",,,,,"17",,"76","7.51","28.29","42.5",,,,,,,,,,,,,,,,,,,"33.3"
"1","안동","성인","일반","31","관리자","참가","20250225","M","166","72.8","31.2","88.5","96","134","43.5","43.1",,,"-0.4",,,,,,"26.4","41",,,"206",,,,,,"59.8",,,"80","109","139",,"40.4",,,,,"0.295",,,,,,,
"1","북구(광주)","성인","일반","51","관리자","참가","20250225","F","159.6","56.7","36.7","84.2","66","122","21.6","20.6",,,"-4.7",,,,,,"22.3","0",,,"110",,,,,,"38.1",,,"75","104","126",,"35.7",,,,,"0.451",,,,,,,
"1","원주","성인","일반","27","관리자","참가","20250225","F","164.4","49.9","33.9","62","61","120","19.8","20.3",,,"1.7",,,,,,"18.5","9",,,"148",,,,,,"40.7",,,,,,,,"115","39.0",,,"0.334",,,,,,,
"1","북구(광주)","성인","일반","23","관리자","참가","20250225","M","177.2","83.8","34.0","93.4","64","116","37","40.5",,,"-13.2",,,,,,"26.7","30",,,"158",,,,,,"48.3",,,"93","114","138","174","40.2",,,,,"0.322",,,,,,,
"3","목포","어르신","일반","68","관리자","3등급","20250225","F","145.4","61.3","46.1","90.9","97","148","20","21.1",,,"11.3",,,,,,"29.0",,,,,"39",,"133","5.40","18.85","34.4",,,,,,,,,,,,,,,,,,,"21.1"
"2","안동","성인","일반","41","관리자","1등급","20250225","M","171.5","74.4","19.5","80","72","129","49","55",,,"24.1",,,,,,"25.3","45","48",,"216",,,,,,"73.9",,"42.0",,,,,,,,,,"0.291",,,,,,,
"2","창원","성인","일반","31","관리자","3등급","20250225","F","165.9","51.6","27.9","68","86","135","21.7","21.6",,,"16.8",,,,,,"18.7","27",,"11.88",,,,,,,"42.1",,,,,,,,"79","42.4",,,,"0.415",,,,,,
"1","성동","어르신","일반","66","관리자","3등급","20250225","F","159.1","50.5","29.1",,"74","113","21.4","23.2",,,"12.7",,,,,,"20.0",,,,,"22",,"120","5.11","18.91","45.9",,,,,,,,,,,,,,,,,,,"23.2"
"1","창원","성인","일반","33","관리자","3등급","20250225","F","163.3","50.8","30.9","70","74","123","21.4","21.4",,,"16.8",,,,,,"19.0","19",,"14.56","134",,,,,,"42.1",,,"89","110","126",,"40.8",,,,,,,,,,,,
"3","서구(대전)","어르신","일반","75","관리자","3등급","20250225","M","170.1","75.1","27.7",,"75","155","26.2","32.9",,,"8",,,,,,"26.0",,,,,"23",,"127","5.81","22.12","43.8",,,,,,,,,,,,,,,,,,,"32.9"
"1","춘천","성인","일반","52","관리자","2등급","20250225","F","161.2","46.5","17.9","70.2","57","117","27.6","29.6",,,"16.9",,,,,,"17.9","33","27",,,,,,,,"63.7",,"35.9",,,,,,,,,,"0.286","0.444",,,,,,
"1","남구(울산)","성인","일반","19","관리자","참가","20250225","M","174.3","97.5","24.4","99.1","63","141","47.1","53.5",,,"18.1",,,,,,"32.1","34",,,"217",,,,,,"54.9",,,,,,,,"78","46.2",,,"0.353",,,,,,,
"2","강북","성인","일반","60","관리자","참가","20250225","M","160.2","75.20","33.4","93.8","88","133","33.5","32.1",,,"21",,,,,,"29.3","31",,,"179",,,,,,"44.5",,,,,,,,"110","35.3",,,"0.379",,,,,,,
"2","중구(서울)","성인","일반","23","관리자","2등급","20250225","F","162.4","49.7","24.4","73.5","65","110","23.7","24.6",,,"25.2",,,,,,"18.8","30",,,"125",,,,,,"49.5",,,"94","119","145",,"39.9",,,,,"0.328",,,,,,,
"1","강북","성인","일반","60","관리자","2등급","20250225","M","169.7","65.00","20.7","82.4","93","139","39.8","41.1",,,"10.2",,,,,,"22.6","34",,,,,,,,,"63.2",,,,,,,,"132","35.1",,,"0.326","0.465",,,,,,
"1","중구(서울)","성인","일반","19","관리자","3등급","20250225","M","181","73.7","12.1","83.3","92","148","53.3","51.4",,,"11.1",,,,,,"22.5","42",,,"233",,,,,,"72.3",,,"92","120","133","152","49.4",,,,,"0.341",,,,,,,
"1","구미","성인","일반","44","관리자","참가","20250225","M","175.3","79.9","27.6","95.8","97","159","42.1","44.2",,,"13.8",,,,,,"26.0","37","22",,"193",,,,,,"55.3",,"34.8",,,,,,,,,,"0.315",,,,,,,
"14","서구(광주)","성인","일반","59","관리자","참가","20250225","F","148.4","54.7","38.6","83","78","118","23.3","23.6",,,"7.3",,,,,,"24.8","24","9","15.88",,,,,,,"43.1",,"28.6",,,,,,,,,,,"0.297",,,,,,
"2","화성","성인","일반","48","관리자","참가","20250225","F","164","61.3","29.1",,"96","142","31.9","32.5",,,"12.9",,,,,,"22.8","0",,,"121",,,,,,"53.0",,,,,,,,"99","34.2",,,"0.879",,,,,,,
"3","마포","성인","일반","24","관리자","참가","20250225","F","172.8","87","36.3","85","78","132","40.7","42.5",,,"16.9",,,,,,"29.1","43",,,"188",,,,,,"48.9",,,,,,,,"106","32.3",,,"0.364",,,,,,,
"1","마포","성인","일반","28","관리자","3등급","20250225","F","164.3","45.7","25.2","62","67","108","20.6","24.5",,,"11",,,,,,"16.9","27",,,"138",,,,,,"53.6",,,,,,,,"118","39.5",,,"0.364",,,,,,,
"2","수원","성인","일반","24","관리자","3등급","20250225","F","168.5","67.7","33","72","68","101","31.7","32.5",,,"14.7",,,,,,"23.8","32",,,"145",,,,,,"48.0",,,,,,,,"101","37.3",,,"0.372",,,,,,,
"1","서구(대전)","성인","일반","40","관리자","참가","20250225","M","184.7","75.3","19.9",,"64","118","47.5","55.1",,,"-3.7",,,,,,"22.1","32",,,"200",,,,,,"73.2",,,"65","88","110","148","44.2",,,,,"0.367",,,,,,,
"2","북구(광주)","성인","일반","25","관리자","참가","20250225","F","164","70.4","37.8","82.8","64","110","22.1","23.4",,,"5.4",,,,,,"26.2","6",,,,,,,,,"33.2",,,"74","117","138",,"36.2",,,,,"0.374","0.456",,,,,,
"7","증평","어르신","일반","69","관리자","2등급","20250225","F","157.7","53.3","33.9","82.9","66","144","26","28.6",,,"16.9",,,,,,"21.4",,,,,"28",,"116","4.19","17.94","53.7",,,,,,,,,,,,,,,,,,,"28.6"
"2","KSPO광주","성인","일반","22","관리자","3등급","20250225","F","166.5","54.6","26.1","67","58","137","19.9","21.9",,,"15.1",,,,,,"19.7","31",,,"156",,,,,,"40.1",,,,,,,,"126","37.6",,,"0.385",,,,,,,
"1","KSPO아산","성인","일반","30","관리자","참가","20250225","M","167.8","82.9","35.4","103.5","85","140","40.1","42.4",,,"4.8",,,,,,"29.4","35",,,,,,,,,"51.1",,,,,,,,"100","43.0",,,"0.408","0.492",,,,,,
"1","남구(울산)","청소년","일반","18","관리자","3등급","20250225","M","167.8","82","18.2","89.5","58","120","56","60.5","53",,"19.8","19.4","0.593","57.24","10","57.700","29.1",,,,,,,,,,"73.8",,,"86","109","134",,"42.8",,,,,,,,,,,,
"1","경산","성인","일반","27","관리자","3등급","20250225","F","170.6","50.6","18.9","67","86","144","24.4","25.6",,,"19",,,,,,"17.4","21",,,"154",,,,,,"50.6",,,,,,,,"121","38.7",,,"0.403",,,,,,,
"1","서구(광주)","성인","일반","58","관리자","참가","20250225","F","158.8","53.5","28.4","73","98","144","23.3",,,,"15.8",,,,,,"21.2","3","8","17.11",,,,,,,"43.6",,"28.7",,,,,,,,,,,"0.379",,,,,,
"1","KSPO송파별관(어르신)","어르신","일반","67","관리자","3등급","20250225","M","167.1","68","27.7",,"77","155","38","42.6",,,"3.5",,,,,,"24.4",,,,,"22",,"135","4.39","19.4","62.6",,,,,,,,,,,,,,,,,,,"42.6"
"7","KSPO송파별관(어르신)","어르신","일반","70","관리자","3등급","20250225","M","162","74.5","37.5",,"82","157","32.4","31.4",,,"14.5",,,,,,"28.4",,,,,"24",,"129","4.803","19.78","43.5",,,,,,,,,,,,,,,,,,,"32.4"
"2","창원","성인","일반","25","관리자","3등급","20250225","F","165.2","56.1","25.6","64","67","123","21.7","22.9",,,"17.5",,,,,,"20.6","35",,,,,,,,,"40.8",,,,,,,,"121","37.2",,,"0.397","0.390",,,,,,
"2","KSPO아산","어르신","일반","74","관리자","2등급","20250225","M","167.1","51.5","11.4","76","57","104","37","37.9",,,"12.2",,,,,,"18.4",,,,,"24",,"110","6.3","19.3","73.6",,,,,,,,,,,,,,,,,,,"37.9"
"3","스포원(금정)","성인","일반","24","관리자","2등급","20250225","F","165.2","51.7","30.5",,"74","122","24.3","25.8",,,"17.7",,,,,,"18.9","31",,,"162",,,,,,"49.9",,,"81","91","123",,"41.3",,,,,"0.352",,,,,,,
"1","KSPO송파","성인","일반","63","관리자","3등급","20250225","M","168.4","72.4","23.9","86.9","79","154","33.7","42.2",,,"3.8",,,,,,"25.5","28",,"13.02","166",,,,,,"58.3",,,"105","124","141","155","34.6",,,,,,,,,,,,
"1","구미","청소년","일반","18","관리자","3등급","20250225","M","178.2","68.2","12.8","79.4","80","137","48.6","60.9","46",,"7","18.84","0.538","49.027","16","49.763","21.5",,"42",,,,,,,,"89.3",,"43.5",,,,,,,,,,,,,,,,,
"2","강북","성인","일반","61","관리자","참가","20250225","F","148.9","52.00","32.7","71.2","94","145","24.8","26.9",,,"17.1",,,,,,"23.5","7","8",,"133",,,,,,"51.7",,"28.7",,,,,,,,,,"0.483",,,,,,,
"2","시흥","성인","일반","55","관리자","참가","20250225","M","178.2","76.3","29.4","81.5","83","140","41.8","40.3",,,"17.5",,,,,,"24.0","31",,,"168",,,,,,"54.8",,,,,,,,"150","31.8",,,"0.328",,,,,,,
"5","부천","어르신","일반","67","관리자","3등급","20250225","M","167.6","72.5","26.7",,"82","156","45.1","43.3",,,"5.7",,,,,,"25.8",,,,,"30",,"131","4.25","17.35","62.2",,,,,,,,,,,,,,,,,,,"45.1"
"1","곡성","성인","일반","63","관리자","참가","20250225","M","170.8","72.3","21.1","84.9","74","131","47.7","43.7",,,"-5",,,,,,"24.8","22",,"13.1",,,,,,,"66.0",,,"61","77","90","109","44.3",,,,,,"0.464",,,,,,
"1","보은","성인","일반","63","관리자","참가","20250225","F","157.4","60.5","33.1",,"75","131","17.5","16.3",,,"11.1",,,,,,"24.4","0",,,"80",,,,,,"28.9",,,"70","100","124",,"32.5",,,,,"0.532",,,,,,,
"1","부천","어르신","일반","69","관리자","2등급","20250225","F","151.9","64.1","39.5",,"70","155","21.7","26.9",,,"18.1",,,,,,"27.8",,,,,"32",,"109","5.25","19.87","42.0",,,,,,,,,,,,,,,,,,,"26.9"
"1","남구(부산)","성인","일반","26","관리자","참가","20250225","F","162.6","58.6","32.2",,"91","141","28.6","30.6",,,"4.9",,,,,,"22.2","20",,,"195",,,,,,"52.2",,,"92","129","150",,"37.2",,,,,"0.249",,,,,,,
"1","보은","성인","일반","64","관리자","참가","20250225","F","155","61.6","36.7",,"81","136","20.5","18.6",,,"12.8",,,,,,"25.6","4",,,"117",,,,,,"33.3",,,"74","114","131",,"31.7",,,,,"0.447",,,,,,,
"1","군산","성인","일반","56","관리자","참가","20250225","M","165.4","75","27.1","87","96","147","35.8","43.8",,,"2.5",,,,,,"27.4","15",,,"169",,,,,,"58.4",,,"93","125","145","168","33.9",,,,,"0.356",,,,,,,
"1","남구(부산)","성인","일반","24","관리자","참가","20250225","F","168.6","44.5","15.6",,"63","124","25.4","30.9",,,"16.7",,,,,,"15.7","27",,"11.9","157",,,,,,"69.4",,,"93","111","133",,"43.1",,,,,,,,,,,,
"1","창원","성인","일반","42","관리자","3등급","20250225","M","183.6","80.3","20.5","77","91","152","44.6","45.6",,,"6.5",,,,,,"23.8","46",,"11.03","224",,,,,,"56.8",,,,,,,,"112","40.1",,,,,,,,,,
"1","성동","어르신","일반","65","관리자","참가","20250225","F","152.7","59","40.1",,"86","156","16.3","19.8",,,"8.7",,,,,,"25.3",,,,,"14",,"106","6.35","26.04","33.6",,,,,,,,,,,,,,,,,,,"19.8"
"7","남구(부산)","성인","일반","39","관리자","참가","20250225","M","179.9","111.6","33.8",,"76","137","59.1","62.8",,,"7.2",,,,,,"34.5","31",,,"240",,,,,,"56.3",,,"104","124","144","164","30.5",,,,,"0.351",,,,,,,
"1","달서","성인","일반","50","관리자","2등급","20250225","M","173.4","72.6","19.7","90.5","95","154","39.1","50.7",,,"10.5",,,,,,"24.1","42",,,"178",,,,,,"69.8",,,,,,,,"101","40.7",,,"0.306",,,,,,,
"1","서구(대전)","성인","일반","26","관리자","3등급","20250225","F","171.6","70.5","29.3",,"70","110","28.5","35.1",,,"9.5",,,,,,"23.9","30",,,,,,,,,"49.8",,,"85","111","129",,"37.4",,,,,"0.324","0.515",,,,,,
"8","중구(서울)","어르신","일반","74","관리자","2등급","20250225","M","168.4","60.6","24.6","86.5","67","141","36.9","42.8",,,"15.0",,,,,,"21.4",,,,,"26",,"108","5.1","19.6","70.6",,,,,,,,,,,,,,,,,,,"42.8"
"2","성동","어르신","일반","65","관리자","참가","20250225","F","152.5","68.7","42.5",,"71","124","18","20.9",,,"14.3",,,,,,"29.5",,,,,"24",,"104","4.72","22.84","30.4",,,,,,,,,,,,,,,,,,,"20.9"
"3","KSPO아산","성인","일반","38","관리자","참가","20250225","M","175.9","80.4","30.1","95","73","120","40.9","35.3",,,"3",,,,,,"26.0","44",,,"201",,,,,,"50.9",,,,,,,,"122","39.0",,,"0.420",,,,,,,
"2","부천","어르신","일반","71","관리자","참가","20250225","F","149.5","64.3","46.9",,"53","147","18.7","19",,,"21",,,,,,"28.8",,,,,"24",,"92","6.22","24.25","29.5",,,,,,,,,,,,,,,,,,,"19.0"
"3","세종","성인","일반","22","관리자","2등급","20250225","F","164.6","50.5","18.1","69.3","76","126","26.2","27.4",,,"19.1",,,,,,"18.6","37","30",,"150",,,,,,"54.3",,"37.4",,,,,,,,,,"0.290",,,,,,,
"2","부천","어르신","일반","75","관리자","2등급","20250225","M","173.2","65.8","32.2",,"61","127","29.8","31.7",,,"6.6",,,,,,"21.9",,,,,"21",,"109","5.28","24.06","48.2",,,,,,,,,,,,,,,,,,,"31.7"
"1","정읍","어르신","일반","66","관리자","2등급","20250225","F","149","47.8","25",,"74","131","21.7","23",,,"19",,,,,,"21.5",,,,,"25",,"120","4.84","22.47","48.1",,,,,,,,,,,,,,,,,,,"23.0"
"2","동작","성인","일반","22","관리자","3등급","20250225","F","160.8","57.8","33.3","72","87","134","24","23",,,"22.9",,,,,,"22.4","36",,,"163",,,,,,"41.5",,,,,,,,"125","36.4",,,"0.286",,,,,,,
"1","정읍","어르신","일반","66","관리자","1등급","20250225","F","156","53.2","29.7",,"81","140","22.7","25.3",,,"22.2",,,,,,"21.9",,,,,"31",,"121","5.52","21.65","47.6",,,,,,,,,,,,,,,,,,,"25.3"
"1","서대문","어르신","일반","80","관리자","1등급","20250225","M","156.8","65.6","28.6",,"99","146","32.2","30",,,"22.3",,,,,,"26.7",,,,,"34",,"135","4.97","21.47","49.1",,,,,,,,,,,,,,,,,,,"32.2"
"5","양평","어르신","일반","80","관리자","2등급","20250225","M","164","65.6","15.5",,"70","144","30.7","29.9",,,"1.4",,,,,,"24.4",,,,,"23",,"103","6.56","26.78","46.8",,,,,,,,,,,,,,,,,,,"30.7"
"1","정읍","어르신","일반","65","관리자","1등급","20250225","F","155.5","53.1","25.4",,"77","158","21.6","26.3",,,"22.2",,,,,,"22.0",,,,,"29",,"122","4.74","20.51","49.5",,,,,,,,,,,,,,,,,,,"26.3"
"1","정읍","성인","일반","60","관리자","2등급","20250225","F","155.8","57","36",,"79","131","19.6","22.3",,,"23",,,,,,"23.5","23",,,,,,,,,"39.1",,,"80","115","136",,"32.6",,,,,"0.389","0.389",,,,,,
"1","KSPO광주","성인","일반","28","관리자","참가","20250225","M","167.5","92.5","32.8","103.5","99","145","46.3","44.4",,,"2.6",,,,,,"33.0","45","17","11.69","180",,,,,,"50.1",,"33.3",,,,,,,,,,,,,,,,,
"1","전주","성인","일반","53","관리자","3등급","20250225","F","156","51","27.6","73","72","108","26.9","26.1",,,"14.5",,,,,,"21.0","26",,,,,,,,,"52.7",,,,,,,,"97","35.3",,,"0.395","0.410",,,,,,
"4","오산","성인","일반","25","관리자","2등급","20250225","F","163.7","56.4","30","80.9","59","96","26.3","26.1",,,"23.8",,,,,,"21.0","29",,,,,,,,,"46.6",,,"94","118","147",,"37.5",,,,,"0.267","0.477",,,,,,
"2","김천","성인","일반","54","관리자","참가","20250225","M","177.3","71.1","15.3","79.4","83","139","41.9","42.5",,,"4.5",,,,,,"22.6","19","26","10.75","194",,,,,,"59.8",,"36.2",,,,,,,,,,,,,,,,,
"1","마포","성인","일반","27","관리자","참가","20250225","F","160.1","49","29.7",,"87","121","28.9","29.5",,,"6.7",,,,,,"19.1","33",,,"147",,,,,,"60.2",,,,,,,,"123","37.8",,,"0.407",,,,,,,
"2","마포","성인","일반","56","관리자","참가","20250225","M","162.7","72.7","29.2","86","91","150","48.4","43.7",,,"13.3",,,,,,"27.5","18",,,"187",,,,,,"66.6",,,,,,,,"137","33.1",,,"0.344",,,,,,,
"1","창원","성인","일반","22","관리자","참가","20250225","F","155.7","49.1","37.6","61","62","103","20","18.1",,,"22.4",,,,,,"20.3","20","19",,,,,,,,"40.7",,"34.1",,,,,,,,,,"0.401","0.278",,,,,,
"3","오산","성인","일반","22","관리자","참가","20250225","M","171.9","95.9","40.7","112.5","98","141","33.4","39.6",,,"7.3",,,,,,"32.5","21",,,,,,,,,"41.3",,,,,,,,"162","33.3",,,"0.334","0.477",,,,,,
"5","오산","성인","일반","55","관리자","참가","20250225","F","158.1","54","34.8","79.3","71","107","25.1","25.6",,,"9.8",,,,,,"21.6","24",,"14.43","140",,,,,,"47.4",,,,,,,,"113","32.4",,,,,,,,,,
"1","서대문","성인","일반","21","관리자","2등급","20250225","M","174.4","72.7","17.7",,"58","124","42.5","53.5",,,"15.4",,,,,,"23.9","51",,"9.58","228",,,,,,"73.6",,,"106","107","120","137","49.3",,,,,,,,,,,,
"1","충주","성인","일반","25","관리자","참가","20250225","M","185.3","84","17.8","84","82","128","49.7","55",,,"18.1",,,,,,"24.5","46",,,"219",,,,,,"65.5",,,"92","111","144","179","38.5",,,,,"0.313",,,,,,,
"3","오산","성인","일반","24","관리자","2등급","20250225","F","161.7","45.2","25.3","69.6","86","119","22.4","26.7",,,"16.9",,,,,,"17.3","37",,,,,,,,,"59.1",,,,,,,,"113","40.7",,,"0.433","0.477",,,,,,
"2","충주","성인","일반","23","관리자","2등급","20250225","F","169.3","62.1","30.5","79","68","120","24.9","30.5",,,"16.7",,,,,,"21.7","33","26",,,,,,,,"49.1",,"34.4",,,,,,,,,,"0.346","0.435",,,,,,
"6","광주","어르신","일반","75","관리자","2등급","20250225","M","161.1","59.9","17",,"64","144","41.4","42.3",,,"5.1",,,,,,"23.1",,,,,"26",,"97","5.40","19.76","70.6",,,,,,,,,,,,,,,,,,,"42.3"
"6","광주","어르신","일반","83","관리자","3등급","20250225","M","153.5","71.5","38.5",,"72","154","25.8","28.3",,,"-1",,,,,,"30.3",,,,,"16",,"77","7.38","31.01","39.6",,,,,,,,,,,,,,,,,,,"28.3"
"2","보은","성인","일반","59","관리자","3등급","20250225","F","160.3","50.7","24.2",,"79","150","17.7","18.9",,,"20",,,,,,"19.7","13",,,,,,,,,"37.3",,,"74","111","136",,"34.7",,,,,"0.398","0.399",,,,,,
"1","달서","성인","일반","41","관리자","참가","20250225","M","170.8","78.8","25.4","93.4","91","134","45.6","52.9",,,"15.1",,,,,,"27","37",,,"235",,,,,,"67.1",,,,,,,,"134","36.5",,,"0.303",,,,,,,
"1","달서","성인","일반","25","관리자","1등급","20250225","M","178.8","80.88","12.9","82.7","90","153","42.3","59.7",,,"18.1",,,,,,"25.3","62",,,"252",,,,,,"73.8",,,,,,,,"88","47.3",,,"0.308",,,,,,,
"1","보은","성인","일반","64","관리자","참가","20250225","F","157.4","62","32.2",,"60","125","16.3","16.8",,,"-3.7",,,,,,"25.0","0",,,"74",,,,,,"27.1",,,"84","110","160",,"25.7",,,,,"0.483",,,,,,,
"3","창원마산회원","성인","일반","26","관리자","1등급","20250225","M","175.1","71.9","12.5","78","63","132","59.6","57.7",,,"14.9",,,,,,"23.5","53",,"9.93","231",,,,,,"82.9",,,,,,,,"114","45.0",,,,,,,,,,
"2","창원마산회원","성인","일반","25","관리자","참가","20250225","F","156","65.1","35.9","81","61","110","27.2","26.3",,,"17.9",,,,,,"26.8","18",,,"139",,,,,,"41.8",,,,,,,,"90","37.8",,,"0.352",,,,,,,
"6","오산","어르신","일반","83","관리자","참가","20250225","F","142.7","49.8","34.8","73.8","68","148","13.6","14.3",,,"4.9",,,,,,"24.5",,,,,"15",,"54","7.59",,"28.7",,,,,,,,,,,,,,,,,,,"14.3"
"2","보은","어르신","일반","79","관리자","3등급","20250225","M","164.6","55.8","15.6",,"75","145","34.2","35.6",,,"-1.3",,,,,,"20.6",,,,,"23",,"113","5.44","28.12","63.8",,,,,,,,,,,,,,,,,,,"35.6"
"1","오산","성인","일반","19","관리자","3등급","20250225","M","175.2","62.4","10.6","72.2","88","144","48.2","43.5",,,"13.2",,,,,,"20.3","50","43","9.99","259",,,,,,"77.2",,"44.3",,,,,,,,,,,,,,,,,
"2","진천","어르신","일반","82","관리자","참가","20250225","M","159.5","63.4","33.4","89.5","92","159","28.8","28",,,"-4.3",,,,,,"24.9",,,,,"25",,"72","7.392","30.292","45.4",,,,,,,,,,,,,,,,,,,"28.8"
"2","중구(서울)","성인","일반","27","관리자","참가","20250225","M","176.4","74.7","21.4","84.5","99","138","40.7","40.8",,,"9.8",,,,,,"24.0","46",,"11.1",,,,,,,"54.6",,,"115","121","147","178","39.1",,,,,,"0.568",,,,,,
"5","KSPO송파별관(어르신)","어르신","일반","70","관리자","1등급","20250225","M","164.2","64.4","19.7",,"85","153","38.4","39.5",,,"29.7",,,,,,"23.9",,,,,"28",,"130","5.49","20.14","61.3",,,,,,,,,,,,,,,,,,,"39.5"
"9","오산","어르신","일반","78","관리자","3등급","20250225","M","165.7","68.5","29.9","86.2","87","154","38.5","41",,,"-0.4",,,,,,"24.9",,,,,"26",,"107","5.60","22.84","59.9",,,,,,,,,,,,,,,,,,,"41.0"
"1","오산","청소년","일반","17","관리자","참가","20250225","M","169.8","64.5","11.9","74","72","134","34.5","43.3","36",,"15.9","20.56","0.526","44.659","6","44.935","22.4",,"33",,,,,,,,"67.1",,"41.2",,,,,,,,,,,,,,,,,
"1","KSPO송파별관(어르신)","어르신","일반","68","관리자","2등급","20250225","M","173.1","78.2","24.3",,"81","133","42.6","48",,,"7.6",,,,,,"26.1",,,,,"24",,"131","4.05","19.35","61.4",,,,,,,,,,,,,,,,,,,"48.0"
"1","창원","성인","일반","20","관리자","3등급","20250225","F","170.7","57.5","30.6","63","79","128","24","24.9",,,"20.6",,,,,,"19.7","32","19",,,,,,,,"43.3",,"33.1",,,,,,,,,,"0.399","0.440",,,,,,
"3","강릉","성인","일반","24","관리자","2등급","20250225","F","162.9","42.9","26.4","72.7","68","125","21.1","25.2",,,"14.9",,,,,,"16.2","30",,,"137",,,,,,"58.7",,,,,,,,"127","39.7",,,"0.231",,,,,,,
"3","강북","성인","일반","28","관리자","2등급","20250225","M","176.2","59.80","11.4","75.6","65","116","47","49.9",,,"14",,,,,,"19.3","48",,"10.3","225",,,,,,"83.4",,,,,,,,"142","43.1",,,,,,,,,,
"1","KSPO송파","성인","일반","22","관리자","참가","20250225","F","158.2","46.9","27.9","63","71","118","22.8","22.7",,,"15.7",,,,,,"18.7","10",,,"157",,,,,,"48.6",,,,,,,,"145","36.4",,,"0.385",,,,,,,
"1","KSPO송파","성인","일반","22","관리자","3등급","20250225","F","160.3","51.2","28","64.7","61","109","24.4","23.6",,,"25.7",,,,,,"19.9","23","33",,"175",,,,,,"47.7",,"38.2",,,,,,,,,,"0.322",,,,,,,
"1","창원","청소년","일반","17","관리자","참가","20250225","F","169.1","64.9","34.3","75","73","122","28.6","29","3",,"6.6","21.54","0.427","66.944","3","67.082","22.7",,,,,,,,,,"44.7",,,"84","130","145",,"38.6",,,,,,,,,,,,
"1","양평","어르신","일반","67","관리자","3등급","20250225","M","165.8","74.9","30.4",,"85","159","38.7","41",,,"2.4",,,,,,"27.2",,,,,"21",,"104","5.9","22.5","54.7",,,,,,,,,,,,,,,,,,,"41.0"
"1","성남","성인","일반","56","관리자","참가","20250225","F","165.9","56.7","33.3",,"74","105","22.5","23.5",,,"10.2",,,,,,"20.6","11","9","15.28","139",,,,,,"41.4",,"28.7",,,,,,,,,,,,,,,,,
"1","서구(대전)","성인","일반","24","관리자","3등급","20250225","F","162.2","44.7","21.7",,"64","122","24.4","22.8",,,"25.5",,,,,,"17.0","25",,,,,,,,,"54.6",,,,,,,,"149","36.5",,,"0.266","0.502",,,,,,
"6","KSPO아산","성인","일반","54","관리자","2등급","20250225","F","165.5","67","31.4","84","57","127","31.6","32.4",,,"19.6",,,,,,"24.5","30",,,"156",,,,,,"48.4",,,"89","123","141",,"31.5",,,,,"0.421",,,,,,,
"1","청주","어르신","일반","67","관리자","1등급","20250225","M","166.3","72.2","26.7","88","89","156","45.1","48.2",,,"11.9",,,,,,"26.1",,,,,"25",,"125","4.72","20.56","66.8",,,,,,,,,,,,,,,,,,,"48.2"
"1","KSPO송파별관(어르신)","어르신","일반","65","관리자","1등급","20250225","M","173","69.3","23.4",,"89","157","37.3","40.4",,,"13",,,,,,"23.2",,,,,"29",,"138","5.03","18.67","58.3",,,,,,,,,,,,,,,,,,,"40.4"
"3","중구(서울)","성인","일반","22","관리자","참가","20250225","F","170.9","55.5","30","71.5","83","123","22.7","28.1",,,"24.2",,,,,,"19.0","18",,,"170",,,,,,"50.6",,,"121","143","163",,"37.3",,,,,"0.429",,,,,,,
"1","보은","성인","일반","42","관리자","2등급","20250225","M","181.5","71.4","10.5",,"80","143","46.3","48.7",,,"13.4",,,,,,"21.7","60","60",,"237",,,,,,"68.2",,"45.0",,,,,,,,,,"0.354",,,,,,,
"2","양평","성인","일반","61","관리자","참가","20250225","F","151.8","57.1","27.7",,"69","129","25.6","25.8",,,"26.5",,,,,,"24.8","6",,,"78",,,,,,"45.2",,,,,,,,"110","30.3",,,"0.326",,,,,,,
"2","성남","성인","일반","25","관리자","2등급","20250225","F","173.5","65.8","26.0",,"64","110","31.3","30.1",,,"18.7",,,,,,"21.9","30",,,"163",,,,,,"47.6",,,,,,,,"126","35.0",,,"0.365",,,,,,,
"2","춘천","성인","일반","58","관리자","2등급","20250225","F","158","58.1","33.2","80.3","75","127","25","27.1",,,"22.6",,,,,,"23.3","15",,"14.7",,,,,,,"46.6",,,"84","104","131",,"32.6",,,,,,"0.377",,,,,,
"3","안동","성인","일반","31","관리자","참가","20250225","F","167.2","58.1","29.9","77.5","88","130","29.6","29.8",,,"9.3",,,,,,"20.8","13",,"12.95","152",,,,,,"51.3",,,,,,,,"129","34.8",,,,,,,,,,
"4","안동","성인","일반","29","관리자","참가","20250225","M","170.1","75","29.9","87","73","110","42.4","44.7",,,"5.2",,,,,,"25.9","25",,,,,,,,,"59.6",,,,,,,,"98","45.5",,,"0.341","0.501",,,,,,
"5","의정부","어르신","일반","74","관리자","1등급","20250225","M","158.2","56.7","26.1","77.4","79","142","34","34.1",,,"12.3",,,,,,"22.7",,,,,"29",,"136","4.71","17.95","60.1",,,,,,,,,,,,,,,,,,,"34.1"
"3","군산","성인","일반","21","관리자","3등급","20250225","F","165.7","54.8","29.8","66","66","106","19.6","21.3",,,"19.9",,,,,,"20.0","28",,,"144",,,,,,"38.9",,,,,,,,"122","38.2",,,"0.300",,,,,,,
"1","KSPO대구","성인","일반","19","관리자","참가","20250225","M","169","80.4","34.3","90","79","139","44.5","50.6",,,"8.7",,,,,,"28.2","46",,,,,,,,,"62.9",,,,,,,,"155","38.3",,,"0.290","0.551",,,,,,
"1","KSPO대구","성인","일반","27","관리자","참가","20250225","M","176.8","76","26","85","87","129","40","39.5",,,"11.7",,,,,,"24.3","34",,,,,,,,,"52.6",,,,,,,,"126","42.2",,,"0.335","0.594",,,,,,
"3","의정부","어르신","일반","67","관리자","3등급","20250225","F","158.8","47.3","30.8","70.8","80","157","20.7","21.1",,,"18.4",,,,,,"18.8",,,,,"24",,"101","5.27","19.04","44.6",,,,,,,,,,,,,,,,,,,"21.1"
"4","KSPO송파","성인","일반","21","관리자","참가","20250225","F","168.1","58.4","26.1","76.3","82","102","22.9","25",,,"28.8",,,,,,"20.7","8",,,"167",,,,,,"42.8",,,,,,,,"157","33.2",,,"0.359",,,,,,,
"3","KSPO송파","성인","일반","26","관리자","3등급","20250225","F","161.6","51.8","32","76.9","61","120","19","23.5",,,"13.5",,,,,,"19.8","30",,,,,,,,,"45.4",,,,,,,,"120","37.8",,,"0.435","0.458",,,,,,
"3","수원","성인","일반","23","관리자","2등급","20250225","F","177.7","64.6","29","69","66","120","30","29.8",,,"15.2",,,,,,"20.5","31",,"12.1","170",,,,,,"46.4",,,,,,,,"118","37.0",,,,,,,,,,
"2","수원","성인","일반","20","관리자","3등급","20250225","M","170.8","64.5","18.4","70","83","129","45.8","51.8",,,"19.5",,,,,,"22.1","46",,,,,,,,,"80.3",,,,,,,,"143","43.5",,,"0.309","0.608",,,,,,
"3","강북","성인","일반","26","관리자","2등급","20250225","M","177.9","72.60","16.4","77.5","91","127","43.3","41.8",,,"16.2",,,,,,"22.9","46",,,"224",,,,,,"59.6",,,,,,,,"124","43.6",,,"0.376",,,,,,,
"2","성동","어르신","일반","74","관리자","참가","20250225","F","153.2","64.3","39.1",,"74","143","20.4","21.3",,,"8.1",,,,,,"27.4",,,,,"21",,"114","5.02","26.15","33.1",,,,,,,,,,,,,,,,,,,"21.3"
"3","성동","어르신","일반","72","관리자","참가","20250225","F","145.4","48","28.9",,"58","142","20.9","24.8",,,"8.8",,,,,,"22.7",,,,,"20",,"97","5.76","25.53","51.7",,,,,,,,,,,,,,,,,,,"24.8"
"1","성동","어르신","일반","65","관리자","참가","20250225","F","159.3","43","29.5",,"59","98","15.8","19.7",,,"6.8",,,,,,"16.9",,,,,"23",,"104","3.75","17.32","45.8",,,,,,,,,,,,,,,,,,,"19.7"
"1","청주","성인","일반","62","관리자","참가","20250225","F","162.6","66.8","36.9","89.6","86","151","27.5","26.8",,,"15.9",,,,,,"25.3","10",,"14.8",,,,,,,"41.2",,,,,,,,"117","27.9",,,,"0.390",,,,,,
"1","달서","성인","일반","25","관리자","참가","20250225","M","180.8","76.3","21.8","90.6","89","134","38.8","39.3",,,"-0.9",,,,,,"23.3","40",,,"190",,,,,,"51.5",,,,,,,,"106","45.8",,,"0.322",,,,,,,
"3","성동","어르신","일반","70","관리자","참가","20250225","F","157.1","68","34.1",,"54","111","16.5","20.2",,,"-5.8",,,,,,"27.6",,,,,"20",,"115","5.58","25.45","29.7",,,,,,,,,,,,,,,,,,,"20.2"
"6","성동","어르신","일반","74","관리자","2등급","20250225","F","155.7","54.4","33.4",,"79","137","26.5","27.9",,,"15.8",,,,,,"22.4",,,,,"25",,"108","4.42","17.4","51.3",,,,,,,,,,,,,,,,,,,"27.9"
"2","청주","성인","일반","62","관리자","3등급","20250225","F","162","53.2","32.8","73.4","77","122","19.4","22.7",,,"15.4",,,,,,"20.3","24",,,"143",,,,,,"42.7",,,,,,,,"85","35.1",,,"0.377",,,,,,,
"3","성동","어르신","일반","75","관리자","2등급","20250225","F","148.1","42.6","28.5",,"67","133","18.9","21.6",,,"12.6",,,,,,"19.4",,,,,"30",,"121","5.08","19.81","50.7",,,,,,,,,,,,,,,,,,,"21.6"
"1","스포원(금정)","성인","일반","35","관리자","참가","20250225","F","157.6","75.3","38.1",,"71","124","29","32.4",,,"9.2",,,,,,"30.3","9",,,"115",,,,,,"43.0",,,"83","115","148",,"30.2",,,,,"0.425",,,,,,,
"4","달서","성인","일반","23","관리자","2등급","20250225","M","177.2","81.2","20.4","90.1","79","150","50.4","57.1",,,"14.4",,,,,,"25.9","48","54",,"224",,,,,,"70.3",,"43.8",,,,,,,,,,"0.282",,,,,,,
"1","스포원(금정)","성인","일반","25","관리자","참가","20250225","M","165.7","57.3","18.4",,"64","108","39.7","42.9",,,"7.9",,,,,,"20.9","33",,,"201",,,,,,"74.9",,,,,,,,"125","46.1",,,"0.383",,,,,,,
"1","중구(서울)","성인","일반","26","관리자","3등급","20250225","F","166.9","51.4","24.5","65.6","90","144","24.1","24.9",,,"16.2",,,,,,"18.5","37",,,,,,,,,"48.4",,,,,,,,"156","34.0",,,"0.354","0.556",,,,,,
"1","순천","어르신","일반","65","관리자","참가","20250225","M","165.5","66.4","27.8","84.2","86","138","37.2","39.3",,,"0.5",,,,,,"24.2",,,,,"27",,"123","4.82","20.06","59.2",,,,,,,,,,,,,,,,,,,"39.3"
"1","스포원(금정)","성인","일반","30","관리자","참가","20250225","F","158.7","72.4","41.1",,"74","118","27.6","33.6",,,"7.1",,,,,,"28.7","8",,,"144",,,,,,"46.4",,,"64","136","141",,"35.9",,,,,"0.413",,,,,,,
"1","창원","성인","일반","24","관리자","참가","20250225","M","177.1","75.8","20","82","66","140","42.1","42.4",,,"19.2",,,,,,"24.2","38","30",,"212",,,,,,"55.9",,"38.9",,,,,,,,,,"0.384",,,,,,,
"1","KSPO광주","성인","일반","24","관리자","3등급","20250225","F","157.7","56.4","34.8","69.5","67","110","23.3","23.6",,,"19.7",,,,,,"22.7","26","25",,,,,,,,"41.8",,"34.8",,,,,,,,,,"0.365","0.432",,,,,,
"1","창원","성인","일반","19","관리자","3등급","20250225","M","171.6","62.5","15.2","70","73","123","40.5","42.8",,,"7.3",,,,,,"21.2","47","43",,"205",,,,,,"68.5",,"44.4",,,,,,,,,,"0.272",,,,,,,
"1","남구(울산)","어르신","일반","66","관리자","참가","20250225","M","163.5","62.1","24.8","81.5","75","120","38.4","35",,,"1.1",,,,,,"23.2",,,,,"27",,"124","4.56","18.78","61.8",,,,,,,,,,,,,,,,,,,"38.4"
"1","전주","청소년","일반","13","관리자","참가","20250225","M","166","72.4","25.5","85.3","80","124","20.4","26.9","14",,"7","18.72","0.555","54.023","15","54.713","26.3",,"25",,,,,,,,"37.2",,"37.3",,,,,,,,,,,,,,,,,
"1","전주","청소년","일반","15","관리자","참가","20250225","F","171.3","62.8","29.2","79.5","70","111","27.2","24.5","15",,"6.7","20.15","0.490","50.929","13","51.527","21.4",,"16",,,,,,,,"43.3",,"33.3",,,,,,,,,,,,,,,,,
"1","원주","성인","일반","29","관리자","3등급","20250225","M","168.1","66.9","30.8","86","81","132","36.2","40.2",,,"12",,,,,,"23.7","43","34","10.27","216",,,,,,"60.1",,"40.9",,,,,,,,,,,,,,,,,
"1","부천","성인","일반","29","관리자","참가","20250225","M","165.9","71.3","21.5",,"86","139","35.7","36",,,"14.1",,,,,,"25.9","43","31",,"190",,,,,,"50.5",,"39.6",,,,,,,,,,"0.395",,,,,,,
"3","강릉","성인","일반","23","관리자","2등급","20250225","F","163.2","51.8","38.0","77.01","89","129","23.1","26.3",,,"20.7",,,,,,"19.4","30",,,"123",,,,,,"50.8",,,,,,,,"116","39.0",,,"0.374",,,,,,,
"1","시흥","성인","일반","24","관리자","참가","20250225","F","170.9","56.5","24.8","70","71","118","28","22.8",,,"6.4",,,,,,"19.3","19",,"12.80","178",,,,,,"49.6",,,"86","104","124",,"41.5",,,,,,,,,,,,
"3","전주","청소년","일반","16","관리자","참가","20250225","M","157","45.7","13.1","65","80","117","26.3","25.7","32",,"-6.2","18.35","0.558","51.942","8","52.310","18.5",,"28",,,,,,,,"57.5",,"42.2",,,,,,,,,,,,,,,,,
"3","계룡","성인","일반","22","관리자","3등급","20250225","F","168","56.3","33.5",,"53","104","24.5","25",,,"17.9",,,,,,"19.9","23",,,,,,,,,"44.4",,,"90","135","165",,"36.8",,,,,"0.352","0.430",,,,,,
"4","성남","어르신","일반","78","관리자","3등급","20250225","M","169.2","73.4","36.2",,"77","131","33.8","37.9",,,"0.4",,,,,,"25.6",,,,,"16",,"94","5.93","26.45","51.6",,,,,,,,,,,,,,,,,,,"37.9"
"1","부천","성인","일반","24","관리자","3등급","20250225","M","183.2","68.4","18.3",,"62","134","33.3","37",,,"12.2",,,,,,"20.4","47","56",,"183",,,,,,"54.1",,"45.9",,,,,,,,,,"0.370",,,,,,,
"2","전주","청소년","일반","13","관리자","참가","20250225","F","157.4","42.7","23.3","65.8","80","132","18.2","18.3","6",,"-7","21.78","0.458","56.827","13","57.425","17.2",,"18",,,,,,,,"42.9",,"35.8",,,,,,,,,,,,,,,,,
"1","안산","성인","일반","63","관리자","3등급","20250225","M","162.6","64.4","26.3","82.5","88","150","34.2","32.1",,,"8.1",,,,,,"24.4","36",,"15.75","133",,,,,,"53.1",,,,,,,,"111","37.0",,,,,,,,,,
"1","양평","성인","일반","60","관리자","참가","20250225","F","152.2","55.9","37.1",,"77","126","19.4","21.4",,,"19.1",,,,,,"24.1","1",,"13.6","138",,,,,,"38.3",,,,,,,,"135","27.8",,,,,,,,,,
"1","전주","청소년","일반","14","관리자","참가","20250225","M","173","63.8","13.3","72.7","80","135","35","34.3","40",,"-5.1","17.47","0.656","56.632","9","57.046","21.3",,"41",,,,,,,,"54.9",,"43.1",,,,,,,,,,,,,,,,,
"2","중구(서울)","성인","일반","29","관리자","참가","20250225","M","171.2","58.4","21.7","80.3","68","122","23.5","26.2",,,"8.9",,,,,,"19.9","36",,"12.6","200",,,,,,"44.9",,,,,,,,"150","41.6",,,,,,,,,,
"1","전주","청소년","일반","15","관리자","참가","20250225","M","172.5","75.4","17.5","80.6","80","105","45.2","49.7","26",,"6.8","17.78","0.588","43.371","9","43.785","25.3",,"41",,,,,,,,"65.9",,"41.1",,,,,,,,,,,,,,,,,
"1","남구(울산)","어르신","일반","66","관리자","참가","20250225","M","166","70.4","31.8","96.5","90","150","33.5","37.1",,,"-0.4",,,,,,"25.5",,,,,"24",,"97","4.84","21.97","52.7",,,,,,,,,,,,,,,,,,,"37.1"
"1","남구(울산)","어르신","일반","69","관리자","참가","20250225","M","167.8","89.3","36.3","112.7","72","135","40.1","41",,,"-8.8",,,,,,"31.7",,,,,"25",,"88","4.87","19.66","45.9",,,,,,,,,,,,,,,,,,,"41.0"
"1","전주","유소년","일반","11","관리자","참가","20250225","M","140.2","40.8",,"66.1",,,"13.5","15.8","17",,"8.5",,,,,,"20.8",,"24",,"122",,,,,,"38.7",,,,,,,,,,,,,,"0.47","33","0",,,
"1","순천","성인","일반","62","관리자","참가","20250225","M","179","61.4","17.7","78.3","68","156","39.2","40.9",,,"-4.9",,,,,,"19.2","11",,,,,,,,,"66.6",,,,,,,,"169","30.7",,,"0.416","0.440",,,,,,
"1","서구(대전)","성인","일반","57","관리자","참가","20250225","F","156.5","53.2","23.2",,"63","105","24.3","24.5",,,"4.5",,,,,,"21.7","24",,,"120",,,,,,"46.1",,,"66","114","140",,"33.9",,,,,"0.438",,,,,,,
"1","남구(울산)","어르신","일반","66","관리자","참가","20250225","M","167.2","86.8","33.8","101.1","73","158","32.7","33",,,"15.3",,,,,,"31.0",,,,,"21",,"77","5.59","20.22","38.0",,,,,,,,,,,,,,,,,,,"33.0"
"1","전주","유소년","일반","11","관리자","참가","20250225","M","147.4","52.9",,"76.6",,,"17.0","19.6","12",,"-2.4",,,,,,"24.3",,"26",,"118",,,,,,"37.1",,,,,,,,,,,,,,"0.52","31","6",,,
"1","전주","유소년","일반","11","관리자","참가","20250225","M","132.2","28.1",,"57.1",,,"13.3","12.6","11",,"12",,,,,,"16.1",,"35",,"138",,,,,,"47.3",,,,,,,,,,,,,,"0.43","31","7",,,
"1","순천","성인","일반","51","관리자","참가","20250225","F","157.5","63.2","40.0","89.9","94","146","27.7","28.6",,,"16.5",,,,,,"25.5","1",,,,,,,,,"45.3",,,,,,,,"136","28.0",,,"0.419","0.366",,,,,,
"2","서초","성인","일반","60","관리자","2등급","20250225","M","163.2","69.1","21.9","78.4","82","137","43","42.3",,,"15.9",,,,,,"25.9","33",,,,,,,,,"62.2",,,,,,,,"122","35.1",,,"0.259","0.514",,,,,,
"1","서초","성인","일반","20","관리자","3등급","20250225","M","182.4","94.1","15","84.3","76","150","64.6","62.9",,,"20.7",,,,,,"28.3","55",,,,,,,,,"68.7",,,,,,,,"98","44.4",,,"0.375","0.601",,,,,,
"1","서초","성인","일반","54","관리자","참가","20250225","M","174.8","77.4","25.8","86.7","70","114","47","53.8",,,"7.8",,,,,,"25.3","25",,,,,,,,,"69.5",,,,,,,,"94","39.8",,,"0.35","0.452",,,,,,
"1","KSPO아산","성인","일반","41","관리자","2등급","20250225","F","163.3","50.5","21.4","75","75","135","23.1","25.1",,,"16.5",,,,,,"18.9","33",,,,,,,,,"49.7",,,"89","98","129",,"37.7",,,,,"0.559","0.439",,,,,,
"6","북구(광주)","성인","일반","23","관리자","1등급","20250225","F","169.3","49.2","20.0","58.4","69","105","18.9","24.2",,,"21.8",,,,,,"17.2","38",,,"176",,,,,,"49.2",,,,,,,,"71","45.7",,,"0.329",,,,,,,
"2","서초","성인","일반","62","관리자","참가","20250225","M","170.3","62.9","25.6","80.8","91","144","41.6","41.6",,,"4.8",,,,,,"21.7","0",,,,,,,,,"66.1",,,,,,,,"116","37.4",,,"0.376","0.452",,,,,,
"1","미추홀","어르신","일반","65","관리자","참가","20250225","M","166.1","62.9","11.4","73","67","122","39.6","41.5",,,"-3.5",,,,,,"22.8",,,,,"23",,"104","5.4","24.6","66.0",,,,,,,,,,,,,,,,,,,"41.5"
"1","KSPO송파별관(어르신)","어르신","일반","70","관리자","2등급","20250225","M","171.8","74.8","29.4",,"74","154","36.5","42.2",,,"7.9",,,,,,"25.3",,,,,"25",,"123","4.93","21.52","56.4",,,,,,,,,,,,,,,,,,,"42.2"
"12","서구(광주)","성인","일반","51","관리자","참가","20250225","M","173.8","77.3","23.9","90","79","122","37.9","36.1",,,"9.1",,,,,,"25.6","35","33","11.96",,,,,,,"49.0",,"37.3",,,,,,,,,,,"0.476",,,,,,
"2","서초","성인","일반","61","관리자","참가","20250225","M","176","83.6","26.7","89.4","92","150","52","52.2",,,"2.7",,,,,,"27.0","38",,,,,,,,,"62.4",,,,,,,,"107","34.9",,,"0.413","0.477",,,,,,
"10","미추홀","어르신","일반","76","관리자","참가","20250225","F","145.9","54.7","45.6","86","68","134","16.5","17.2",,,"-1.7",,,,,,"25.7",,,,,"22",,"76","6","26","31.4",,,,,,,,,,,,,,,,,,,"17.2"
"1","KSPO광주","성인","일반","60","관리자","참가","20250225","M","168.6","79.5","33.5","97.5","88","144","35.4","36.6",,,"-1.2",,,,,,"28.0","14",,,"175",,,,,,"46.0",,,,,,,,"151","29.0",,,"0.389",,,,,,,
"1","전주","유소년","일반","11","관리자","참가","20250225","F","133.7","27",,"55.9",,,"8.5","8.5","7",,"9.9",,,,,,"15.1",,"26",,"102",,,,,,"31.5",,,,,,,,,,,,,,"0.42","15","2",,,
"3","서초","성인","일반","60","관리자","참가","20250225","F","157.4","52.3","32","73.7","72","126","31.1","32.8",,,"9.1",,,,,,"21.1","30",,,,,,,,,"62.7",,,,,,,,"92","34.4",,,"0.369","0.403",,,,,,
"1","전주","유소년","일반","12","관리자","참가","20250225","F","158.7","101.5",,"127.9",,,"23.4","21.6","3",,"-15.4",,,,,,"40.3",,"13",,"132",,,,,,"23.1",,,,,,,,,,,,,,"0.81","21","5",,,
"1","KSPO광주","성인","일반","63","관리자","참가","20250225","M","156.7","65.6",,"92.2","81","153","29.5",,,,"1.8",,,,,,"26.7",,,,,,,,,,"45.0",,,,,,,,,,,,"0.518",,,,,,,
"1","전주","유소년","일반","12","관리자","참가","20250225","F","157","59.2",,"79.6",,,"14.9","16.2","23",,"-0.7",,,,,,"24.0",,"32",,"123",,,,,,"27.4",,,,,,,,,,,,,,"0.51","23","1",,,
"1","서초","성인","일반","20","관리자","3등급","20250225","M","180","86.7","22.2","81.6","90","159","47.7","51",,,"19.2",,,,,,"26.8","42",,,,,,,,,"58.8",,,,,,,,"109","44.3",,,"0.311","0.625",,,,,,
"3","김천","성인","일반","20","관리자","2등급","20250225","M","174.1","84.2","24.0","93.7","81","151","43.7","48.9",,,"20.1",,,,,,"27.8","60","52",,"206",,,,,,"58.1",,"43.2",,,,,,,,,,"0.316",,,,,,,
"1","정읍","성인","일반","34","관리자","참가","20250225","M","178.8","102.6","30.5",,"94","153","41.3","50.6",,,"12.2",,,,,,"32.1","38","28",,"186",,,,,,"49.3",,"33.6",,,,,,,,,,"0.336",,,,,,,
"1","KSPO송파별관(어르신)","어르신","일반","71","관리자","참가","20250225","M","169.1","63.3","25.0",,"78","153","40.6","40.9",,,"-10.1",,,,,,"22.1",,,,,"30",,"113","4.27","17.82","64.6",,,,,,,,,,,,,,,,,,,"40.9"
"1","원주","성인","일반","35","관리자","3등급","20250225","F","165.1","67.8","35.6","80","73","127","31","33.5",,,"13.5",,,,,,"24.9","24","18","13.29","161",,,,,,"49.4",,"30.5",,,,,,,,,,,,,,,,,
"1","서초","성인","일반","25","관리자","참가","20250225","F","171.7","55.4","27.5","79.7","70","118","27.8","29",,,"20.7",,,,,,"18.8","17",,,,,,,,,"52.3",,,,,,,,"125","37.5",,,"0.43","0.452",,,,,,
"1","서초","성인","일반","64","관리자","2등급","20250225","M","164.6","58.7","22.7","70.4","71","123","48.5","48.9",,,"16.1",,,,,,"21.7","38",,,,,,,,,"83.3",,,,,,,,"130","35.4",,,"0.391","0.502",,,,,,
"2","중구(서울)","성인","일반","20","관리자","3등급","20250225","M","171.9","71.1","16.7","78.2","66","118","46.5","52.6",,,"7.7",,,,,,"24.1","48","57",,,,,,,,"74.0",,"46.3",,,,,,,,,,"0.298","0.587",,,,,,
"5","강북","어르신","일반","66","관리자","2등급","20250225","M","160.3","78.50","29.0","100.2","79","143","39.4","38.2",,,"9.1",,,,,,"30.5",,,,,"27",,"119","4.7","19.2","50.2",,,,,,,,,,,,,,,,,,,"39.4"
"1","KSPO아산","유소년","일반","11","관리자","3등급","20250225","F","157.2","44.1",,"63.5",,,"15.2","17.3","20",,"4.6",,,,,,"17.8",,"41",,"110",,,,,,"39.2",,,,,,,,,,,,,,"0.40","25","9",,,
"1","KSPO송파","성인","일반","57","관리자","3등급","20250225","M","167.6","70.5","22.5","92.9","99","159","33.7","35.7",,,"10.6",,,,,,"25.1","38",,,,,,,,,"50.6",,,,,,,,"83","41.6",,,"0.355","0.453",,,,,,
"1","전주","유소년","일반","12","관리자","참가","20250225","F","154.6","53.2",,"79.9",,,"22","23.9","18",,"1.8",,,,,,"22.3",,"30",,"125",,,,,,"44.9",,,,,,,,,,,,,,"0.52","30","9",,,
"10","안산","어르신","일반","76","관리자","참가","20250225","M","161.3","76.3","39.1","95","70","122","42.5","42.3",,,"-5.4",,,,,,"29.3",,,,,"31",,"118","5.0","20.6","55.7",,,,,,,,,,,,,,,,,,,"42.5"
"1","안산","어르신","일반","66","관리자","참가","20250225","M","162.6","65.1","28.8","84","88","132","37.5","30.9",,,"-15.6",,,,,,"24.6",,,,,"29",,"136","4.9","23.7","57.6",,,,,,,,,,,,,,,,,,,"37.5"
"1","전주","유소년","일반","11","관리자","참가","20250225","M","143.4","58.4",,"86.8",,,"13.2","12.7","0",,"-6.4",,,,,,"28.4",,"14",,"103",,,,,,"22.6",,,,,,,,,,,,,,"0.61","23","1",,,
"1","전주","유소년","일반","11","관리자","참가","20250225","M","154.3","61.9",,"83.2",,,"22.5","19","0",,"2.5",,,,,,"26.0",,"8",,"113",,,,,,"36.3",,,,,,,,,,,,,,"0.54","25","2",,,
"1","전주","유소년","일반","11","관리자","참가","20250225","M","146.7","62.7",,"85.7",,,"14.9","10.3","0",,"3.9",,,,,,"29.1",,"12",,"106",,,,,,"23.8",,,,,,,,,,,,,,"0.58","18","0",,,
"2","마포","성인","일반","24","관리자","참가","20250225","F","158.1","44.9","21","59","54","88","28.6","33.4",,,"24.7",,,,,,"18.0","11",,,,,,,,,"74.4",,,"83","107","136",,"41.5",,,,,"0.346","0.438",,,,,,
"1","미추홀","성인","일반","19","관리자","3등급","20250225","M","172.3","72.7","19.4","84.9","75","132","42.8","45.6",,,"19.3",,,,,,"24.5","44","42","10.06","234",,,,,,"62.7",,"42.6",,,,,,,,,,,,,,,,,
"1","서구(광주)","성인","일반","48","관리자","참가","20250225","F","165.9","61.8","31.8","75","85","129","26.3","24.7",,,"2.9",,,,,,"22.5","19","8","14.58",,,,,,,"42.6",,"27.9",,,,,,,,,,,"0.401",,,,,,
"1","미추홀","성인","일반","19","관리자","2등급","20250225","M","177.5","64.8","10.6","73.2","58","107","37.2","43.2",,,"34",,,,,,"20.6","48","54","8.72","267",,,,,,"66.7",,"46.5",,,,,,,,,,,,,,,,,
"1","나주","어르신","일반","65","관리자","2등급","20250225","F","155.4","58","30","85.5","88","172","22.8","32.1",,,"22",,,,,,"24.0",,,,,"21",,"115","4.95","19.24","55.3",,,,,,,,,,,,,,,,,,,"32.1"
"1","순천","성인","일반","56","관리자","3등급","20250225","M","170","58.1","15.4","73.2","73","125","37.3","40.9",,,"5.1",,,,,,"20.1","33",,,,,,,,,"70.4",,,,,,,,"98","42.6",,,"0.422","0.552",,,,,,
"2","청주","성인","일반","26","관리자","참가","20250225","M","178","66","18.9","77.9","72","128","41.8","45.5",,,"2.7",,,,,,"20.8","40","43","10.4","208",,,,,,"68.9",,"43.2",,,,,,,,,,,,,,,,,
"1","KSPO대구","성인","일반","20","관리자","참가","20250225","M","176.8","62.9","14.8","70","78","120","35.7","38.9",,,"14.6",,,,,,"20.1","40","35",,"218",,,,,,"61.8",,"42.2",,,,,,,,,,"0.314",,,,,,,
"1","창원","성인","일반","64","관리자","2등급","20250225","M","166.3","65.1","26.2","86","81","158","35.3","38.2",,,"11.6",,,,,,"23.5","27",,,"168",,,,,,"58.7",,,"75","98","115","135","40.4",,,,,"0.418",,,,,,,
"2","충주","성인","일반","28","관리자","참가","20250225","M","168.1","82.7","26.4","91","87","134","49.4","45.4",,,"3.8",,,,,,"29.3","21",,,,,,,,,"59.7",,,,,,,,"113","41.7",,,"0.393","0.512",,,,,,
"3","포천","어르신","일반","65","관리자","2등급","20250225","M","156.3","39.1","12.8","60","96","143","29.1","30.3",,,"6.7",,,,,,"16.0",,,,,"29",,"112","4.81","21.47","77.5",,,,,,,,,,,,,,,,,,,"30.3"
"1","순천","성인","일반","26","관리자","참가","20250225","M","168.5","59.9","16.8","75.1","83","117","37.4","37.3",,,"18.1",,,,,,"21.1","37",,,,,,,,,"62.4",,,,,,,,"109","47.9",,,"0.401","0.601",,,,,,
"1","창원","성인","일반","47","관리자","참가","20250225","F","162.9","60.7","29.4","73","67","109","20.4","18.7",,,"-0.8",,,,,,"22.9","9",,,,,,,,,"33.6",,,"80","109","123",,"36.5",,,,,"0.651","0.303",,,,,,
"2","순천","성인","일반","59","관리자","참가","20250225","F","153","54.7","34.6","82","96","147","28.2","24.3",,,"18.5",,,,,,"23.4","0",,,,,,,,,"51.6",,,,,,,,"146","27.0",,,"0.392","0.316",,,,,,
"2","군산","성인","일반","30","관리자","3등급","20250225","F","168.5","63","35.4","72","81","123","30.4","31",,,"23.1",,,,,,"22.2","26",,,,,,,,,"49.2",,,"96","123","138",,"37.4",,,,,"0.429","0.412",,,,,,
"2","KSPO송파별관(어르신)","어르신","일반","67","관리자","2등급","20250225","M","172.3","60.9","22.9",,"98","158","37.4","35.4",,,"10.5",,,,,,"20.5",,,,,"27",,"133","5.09","19.17","61.4",,,,,,,,,,,,,,,,,,,"37.4"
"5","양평","성인","일반","63","관리자","1등급","20250225","M","175.3","74","20.8",,"78","140","56.1","55.1",,,"15.5",,,,,,"24.1","42","27","11.44","193",,,,,,"75.8",,"35.3",,,,,,,,,,,,,,,,,
"1","KSPO송파별관(어르신)","어르신","일반","70","관리자","1등급","20250225","F","160","72","42",,"95","147","30","33.3",,,"17.7",,,,,,"28.1",,,,,"26",,"127","5.02","21.13","46.3",,,,,,,,,,,,,,,,,,,"33.3"
"1","부천","어르신","일반","65","관리자","3등급","20250225","F","143.1","61.9","45.6",,"78","150","16","21.3",,,"13.6",,,,,,"30.2",,,,,"20",,"112","6.32","26.71","34.4",,,,,,,,,,,,,,,,,,,"21.3"
"13","KSPO광주","어르신","일반","72","관리자","참가","20250225","F","156","46.6","24.1","71.2","65","135","21.3","17.1",,,"8.5",,,,,,"19.1",,,,,"29",,"118","5.5","19.56","45.7",,,,,,,,,,,,,,,,,,,"21.3"
"1","청주","성인","일반","19","관리자","3등급","20250225","M","176.7","74.8","20.4","90.1","74","143","55.8","59.9",,,"11.8",,,,,,"24.0","49","43","10.2","254",,,,,,"80.1",,"42.5",,,,,,,,,,,,,,,,,
"1","순천","성인","일반","29","관리자","참가","20250225","M","166.5","78.3","34.6","103.8","78","125","33.9","39.7",,,"7.4",,,,,,"28.2","31",,,,,,,,,"50.7",,,,,,,,"108","43.0",,,"0.369","0.477",,,,,,
"1","남구(부산)","어르신","일반","65","관리자","2등급","20250225","M","167.5","79.5","27.6",,"97","149","48.1","53",,,"12.8",,,,,,"28.3",,,,,"32",,"117","4.37","17.16","66.7",,,,,,,,,,,,,,,,,,,"53.0"
"5","서대문","성인","일반","24","관리자","1등급","20250225","F","165.4","54.0","28.1",,"89","116","23.8","26.6",,,"19.9",,,,,,"19.7","40",,,,,,,,,"49.3",,,,,,,,"130","36.8",,,"0.363","0.506",,,,,,
"3","의정부","성인","일반","32","관리자","참가","20250225","M","168.9","77.8","27.8","93","90","132","53","45.8",,,"11.9",,,,,,"27.3","49",,,,,,,,,"68.1",,,,,,,,"128","39.6",,,"0.291","0.570",,,,,,
"1","순천","성인","일반","58","관리자","참가","20250225","F","159","66.9","41.6","99.0","99","146","31.2","28.7",,,"12.1",,,,,,"26.5","20",,,,,,,,,"46.6",,,,,,,,"115","28.5",,,"0.505","0.291",,,,,,
"1","서대문","성인","일반","33","관리자","3등급","20250225","F","165.4","72.8","28.9",,"66","115","29.3","29.9",,,"19.8",,,,,,"26.6","28",,,,,,,,,"41.1",,,"79","109","118",,"37.1",,,,,"0.391","0.459",,,,,,
"1","KSPO아산","성인","일반","28","관리자","참가","20250225","F","169.6","85.7","38.7","97","79","138","26.9","26.3",,,"9.5",,,,,,"29.8","20",,,,,,,,,"31.4",,,"105","136","155",,"29.8",,,,,"0.475","0.378",,,,,,
"1","안산","어르신","일반","66","관리자","참가","20250225","M","173","76.2","22.7","90","94","153","29.3","41",,,,,,,,,"25.5",,,,,"21",,"106","4.9","21.6","53.8",,,,,,,,,,,,,,,,,,,"41.0"
"5","마포","어르신","일반","67","관리자","1등급","20250225","M","169.1","71.7","24.3","79","96","158","43.1","44.9",,,"20.7",,,,,,"25.1",,,,,"33",,"156","3.41","15.43","62.6",,,,,,,,,,,,,,,,,,,"44.9"
"4","수원","어르신","일반","72","관리자","참가","20250225","M","170.4","67.3","35.4","94","88","156","31.1","36.4",,,"-8.2",,,,,,"23.2",,,,,"18",,"101","6.4","24.7","54.1",,,,,,,,,,,,,,,,,,,"36.4"
"3","부천","어르신","일반","69","관리자","참가","20250225","M","161.5","63.9","30.9",,"82","144","22.9","24.5",,,"11.1",,,,,,"24.5",,,,,"28",,"123","4.57","18.28","38.3",,,,,,,,,,,,,,,,,,,"24.5"
"7","부천","어르신","일반","79","관리자","2등급","20250225","M","168.0","68.5","24.7",,"78","136","28.2","33.8",,,"10.3",,,,,,"24.3",,,,,"24",,"123","4.44","18.75","49.3",,,,,,,,,,,,,,,,,,,"33.8"
"1","KSPO송파","성인","일반","59","관리자","참가","20250225","F","146.9","41.1","25.7","64.8","64","109","18.3","18.9",,,"9.2",,,,,,"19.0","0",,,"125",,,,,,"46.0",,,"88","111","134",,"35.8",,,,,"0.325",,,,,,,
"4","수원","성인","일반","25","관리자","참가","20250225","M","172.9","79.9","27.1","83","76","125","37.1","39.9",,,"14.9",,,,,,"26.7","46",,,"210",,,,,,"49.9",,,,,,,,"111","43.7",,,"0.372",,,,,,,
"2","KSPO송파","성인","일반","23","관리자","3등급","20250225","F","166","56.9","30.7","74.6","70","120","20.6","23.1",,,"13.4",,,,,,"20.6","27",,,,,,,,,"40.6",,,,,,,,"119","37.7",,,"0.376","0.409",,,,,,
"2","강릉","성인","일반","24","관리자","3등급","20250225","M","171.5","64.9","16.4","77.3","96","156","50.7","48.9",,,"19.6",,,,,,"22.1","47",,,"238",,,,,,"78.1",,,,,,,,"106","47.9",,,"0.350",,,,,,,
"1","수원","성인","일반","25","관리자","2등급","20250225","F","172.2","69.1","32","81","65","114","34.4","31.5",,,"20.4",,,,,,"23.3","44",,"11.4",,,,,,,"49.8",,,,,,,,"120","34.8",,,,"0.506",,,,,,
"1","KSPO대구","성인","일반","23","관리자","참가","20250225","F","169.3","53.7","25.1","69.5","89","129","26","26.9",,,"7.7",,,,,,"18.7","15",,,,,,,,,"50.1",,,"89","140","168",,"37.4",,,,,"0.350","0.468",,,,,,
"3","안산","성인","일반","61","관리자","3등급","20250225","M","162.3","59.6","17.7","70","84","148","40.6","45.4",,,"14.9",,,,,,"22.6","24","26","12.1","190",,,,,,"76.2",,"37.6",,,,,,,,,,,,,,,,,
"10","남구(부산)","성인","일반","23","관리자","2등급","20250225","M","183.5","80.4","14",,"75","151","53","54.8",,,"19.9",,,,,,"23.9","60",,,,,,,,,"68.2",,,"94","120","136","159","45.3",,,,,"0.277","0.613",,,,,,
"2","포천","성인","일반","62","관리자","2등급","20250225","M","163","77","29.2","91","77","186","40.7","44.8",,,"11.6",,,,,,"29.0","31","22","12.03",,,,,,,"58.2",,"34.1",,,,,,,,,,,"0.530",,,,,,
"1","창원","성인","일반","25","관리자","3등급","20250225","F","155.7","50.2","32.9","66","61","121","22","25.4",,,"19.6",,,,,,"20.7","25",,,"137",,,,,,"50.6",,,,,,,,"135","36.0",,,"0.379",,,,,,,
"11","창원마산회원","성인","일반","48","관리자","1등급","20250225","M","175","68.1","12.4","71.5","83","146","55.8","47.6",,,"19",,,,,,"22.2","52",,"10.15","205",,,,,,"81.9",,,,,,,,"86","44.5",,,,,,,,,,
"3","창원","성인","일반","30","관리자","참가","20250225","F","161.3","59.8","37.7","76","85","147","23.7","22.7",,,"7.7",,,,,,"23.0","31",,,"146",,,,,,"39.6",,,,,,,,"132","33.6",,,"0.398",,,,,,,
"2","마포","어르신","일반","73","관리자","참가","20250225","M","167.7","79","35","94","94","159","37.9","38.1",,,"-2.0",,,,,,"28.1",,,,,"30",,"112","3.78","16.60","48.2",,,,,,,,,,,,,,,,,,,"38.1"
"6","춘천","성인","일반","36","관리자","1등급","20250225","M","173.3","70.3","15.2","75","92","140","46","48.6",,,"21.6",,,,,,"23.4","47","75","11.0","238",,,,,,"69.1",,"49.3",,,,,,,,,,,,,,,,,
"2","서구(대전)","성인","일반","39","관리자","참가","20250225","M","184.1","77.7","15.2",,"74","113","42.6","47.5",,,"3.2",,,,,,"22.9","38","36","10.83","215",,,,,,"61.1",,"38.6",,,,,,,,,,,,,,,,,
"1","춘천","성인","일반","32","관리자","2등급","20250225","M","167.4","61.7","22.2","80.1","96","134","41.6","37",,,"13.1",,,,,,"22.0","43",,"9.03","230",,,,,,"67.4",,,,,,,,"128","43.1",,,,,,,,,,
"1","서구(대전)","유소년","일반","11","관리자","참가","20250225","F","151.7","40.9",,"54.6",,,"15.4","18.7","11",,"2.6",,,,,,"17.8",,"16",,"152",,,,,,"45.7",,,,,,,,,,,,,,"0.36","33","7",,,
"1","서구(대전)","유소년","일반","11","관리자","참가","20250225","F","152.8","40.8",,"58.5",,,"17.3","19.2","14",,"3.1",,,,,,"17.5",,"22",,"158",,,,,,"47.1",,,,,,,,,,,,,,"0.38","36","9",,,
"3","오산","어르신","일반","66","관리자","2등급","20250225","F","159.1","56.5","27.9","79.7","75","114","25.8","27.5",,,"23.6",,,,,,"22.3",,,,,"23",,"111","5.06","19.87","48.7",,,,,,,,,,,,,,,,,,,"27.5"
"1","성동","어르신","일반","69","관리자","참가","20250225","F","146.3","45.7","32.5",,"67","127","15.7","16.1",,,"-30",,,,,,"21.4",,,,,"15",,"40","6.3","25.67","35.2",,,,,,,,,,,,,,,,,,,"16.1"
"1","KSPO아산","성인","일반","42","관리자","참가","20250225","M","172.3","70.4","23.7","79.3","82","140","45.7","54.2",,,"4.2",,,,,,"23.7","57","60","10.2","249",,,,,,"77.0",,"45.3",,,,,,,,,,,,,,,,,
"1","KSPO대구","성인","일반","25","관리자","참가","20250225","F","171.3","58.7","23.3","65","70","122","23.5","25.8",,,"12.2",,,,,,"20.0","12",,,"160",,,,,,"44.0",,,,,,,,"133","35.7",,,"0.317",,,,,,,
"1","KSPO아산","성인","일반","42","관리자","3등급","20250225","M","169.4","61.1","20.8","78.3","97","128","36.6","36.6",,,"10.2",,,,,,"21.3","34","36","11.1","218",,,,,,"59.9",,"41.1",,,,,,,,,,,,,,,,,
"1","KSPO아산","성인","일반","42","관리자","참가","20250225","M","176","61.1","15.1","79.4","66","131","36.8","44",,,"-1",,,,,,"19.7","34","17","10.5","224",,,,,,"72.0",,"36.6",,,,,,,,,,,,,,,,,
"4","성동","어르신","일반","74","관리자","3등급","20250225","F","154.5","61.4","40.5",,"71","142","17","19.8",,,"15.9",,,,,,"25.7",,,,,"16",,"116","5.89","25.86","32.2",,,,,,,,,,,,,,,,,,,"19.8"
"2","KSPO송파별관(어르신)","어르신","일반","66","관리자","2등급","20250225","M","171.1","63.7","21.4",,"88","148","34.4","33.6",,,"8.1",,,,,,"21.8",,,,,"28",,"133","5.32","20.50","54.0",,,,,,,,,,,,,,,,,,,"34.4"
"1","부천","성인","일반","21","관리자","3등급","20250225","M","175.6","66.9","16.1",,"67","116","46.8","45.9",,,"21.3",,,,,,"21.7","42","63","11.16",,,,,,,"70.0",,"48.2",,,,,,,,,,,"0.502",,,,,,
"3","남구(울산)","성인","일반","32","관리자","참가","20250225","M","174.8","84.7","30.9","99.3","86","141","50.1","52.1",,,"16",,,,,,"27.7","45",,,,,,,,,"61.5",,,,,,,,"140","36.8",,,"0.315","0.551",,,,,,
"1","서구(광주)","성인","일반","54","관리자","참가","20250225","F","155.4","54.4","37.1","75","77","114","19.4","16.9",,,"-1.9",,,,,,"22.5","0","6","16.04",,,,,,,"35.7",,"28.1",,,,,,,,,,,"0.364",,,,,,
"1","KSPO송파별관(어르신)","어르신","일반","74","관리자","2등급","20250225","M","157.1","56.6","26.7",,"69","156","33.4","35.2",,,"8.6",,,,,,"22.9",,,,,"27",,"125","5.59","24.25","62.2",,,,,,,,,,,,,,,,,,,"35.2"
"1","남구(울산)","성인","일반","31","관리자","참가","20250225","M","173","101.3","42.4","121.2","91","149","37.7","42.7",,,"-8",,,,,,"33.8","21",,,"136",,,,,,"42.2",,,,,,,,"148","32.0",,,"0.409",,,,,,,
"1","청주","청소년","일반","15","관리자","2등급","20250225","M","177","75.2","15.2","81.4","64","112","56.1","48.1",,"45","22.5","17.88","0.601","43.948","6","44.224","24.0",,"50",,,,,,,,"74.6",,"43.5",,,,,,,,,,,,,,,,,
"3","오산","성인","일반","19","관리자","3등급","20250225","M","177.8","77.4","16.3","83.8","56","115","49.7","53.6",,,"23.8",,,,,,"24.5","42",,"10.28",,,,,,,"69.3",,,,,,,,"95","48.5",,,,"0.576",,,,,,
"3","KSPO송파","성인","일반","22","관리자","3등급","20250225","F","165.9","58","30.4","78.2","92","120","29.5","28",,,"10.2",,,,,,"21.1","25",,,,,,,,,"50.9",,,"94","123","147",,"38.3",,,,,"0.378","0.468",,,,,,
"10","KSPO광주","청소년","일반","18","관리자","2등급","20250225","F","165.7","62.5","28.3","63.5","66","114","28.8","29.9",,"37","17.4","20.65","0.449","46.959","15","47.649","22.8",,,,,,,,,,"47.8",,,"84","113","135",,"39.4",,,,,,,,,,,,
"2","창원","성인","일반","24","관리자","3등급","20250225","F","162.6","51.6","28.8","63","83","143","26","24.5",,,"11.6",,,,,,"19.5","32",,"12.88","163",,,,,,"50.4",,,,,,,,"124","37.8",,,,,,,,,,
"4","동작","어르신","일반","69","관리자","2등급","20250225","M","174.8","79.9","28.2","92","92","159","43.9","46.7",,,"8.2",,,,,,"26.1",,,,,"26",,"109","5.1","19.78","58.4",,,,,,,,,,,,,,,,,,,"46.7"
"2","증평","성인","일반","24","관리자","3등급","20250225","F","167.9","54.0","18.8","69.9","85","131","34.2","35.9",,,"18.4",,,,,,"19.2","28",,"11.6","172",,,,,,"66.5",,,,,,,,"132","36.8",,,,,,,,,,
"3","스포원(금정)","성인","일반","22","관리자","3등급","20250225","F","160.4","49.5","22.1",,"66","111","25.7","30.3",,,"20.5",,,,,,"19.2","23",,,"152",,,,,,"61.2",,,,,,,,"135","37.2",,,"0.373",,,,,,,
"2","오산","성인","일반","25","관리자","1등급","20250225","F","161.2","47.1","28.3","68.5","81","127","23.7","24.6",,,"22.2",,,,,,"18.1","39",,,,,,,,,"52.2",,,,,,,,"136","37.2",,,"0.270","0.477",,,,,,
"1","천안","성인","일반","26","관리자","참가","20250225","M","168.3","75.1","32",,"75","123","35.7","37.4",,,"16",,,,,,"26.5","33",,,"171",,,,,,"49.8",,,,,,,,"140","39.9",,,"0.312",,,,,,,
"1","군산","성인","일반","20","관리자","2등급","20250225","M","170","61.5","12.6","62","77","120","35.6","38.1",,,"12",,,,,,"21.3","53",,"11.03","230",,,,,,"62.0",,,,,,,,"86","52.5",,,,,,,,,,
"2","스포원(금정)","성인","일반","19","관리자","참가","20250225","M","176.6","73.9","17",,"93","148","38.5","46.8",,,"13.2",,,,,,"23.7","41",,,"227",,,,,,"63.3",,,"99","124","150","150","46.9",,,,,"0.417",,,,,,,
"2","마포","성인","일반","29","관리자","3등급","20250225","F","168","65.9","36.4","73","93","146","34.6","37.6",,,"14.6",,,,,,"23.3","42",,,,,,,,,"57.1",,,,,,,,"113","35.3",,,"0.385","0.430",,,,,,
"2","마포","성인","일반","27","관리자","참가","20250225","M","175.5","73.6","22.3","80","68","106","45.2","49",,,"10.6",,,,,,"23.9","35",,,"216",,,,,,"66.6",,,,,,,,"127","42.5",,,"0.295",,,,,,,
"1","강릉","청소년","일반","17","관리자","참가","20250225","M","171.4","86.2","28.1","101.8","86","133","46.1","45.6","18",,"8.8","19.6","0.539","69.341","6","69.617","29.3",,,,,,,,,,"53.5",,,"90","130","158",,"39.1",,,,,,,,,,,,
"3","안산","성인","일반","26","관리자","2등급","20250225","F","162","49.3","20.2","64","72","122","28","29.9",,,"14.5",,,,,,"18.8","33",,"14.47",,,,,,,"60.6",,,"87","114","133",,"41.4",,,,,,"0.487",,,,,,
"4","스포원(금정)","어르신","일반","71","관리자","참가","20250225","M","171.4","68.1","19.8",,"78","158","44.8","48.2",,,"-3.8",,,,,,"23.2",,,,,"21",,"105","4.7","22.8","70.8",,,,,,,,,,,,,,,,,,,"48.2"
"4","KSPO송파","성인","일반","22","관리자","참가","20250225","F","170.7","55.7","28.6","78.3","79","128","22.4","20",,,"19",,,,,,"19.1","19",,,"157",,,,,,"40.2",,,"110","120","140",,"39.7",,,,,"0.375",,,,,,,
"9","강북","성인","일반","26","관리자","참가","20250225","F","168.0","52.80","26.4","63","83","111","18.8","23.8",,,"24.7",,,,,,"18.7","20",,"13.8",,,,,,,"45.1",,,"70","99","139",,"39.2",,,,,,"0.377",,,,,,
"1","강북","성인","일반","64","관리자","참가","20250225","M","173.4","82.30","26.7","99","89","151","32.7","40.3",,,"11.7",,,,,,"27.4","16",,"13.9","166",,,,,,"49.0",,,,,,,,"124","31.7",,,,,,,,,,
"6","광주","어르신","일반","78","관리자","2등급","20250225","M","147.2","53.9","28.9",,"76","146","25.5","19.2",,,"8.4",,,,,,"24.9",,,,,"20",,"97","6.79","25.81","47.3",,,,,,,,,,,,,,,,,,,"25.5"
"6","광주","어르신","일반","80","관리자","3등급","20250225","M","157.8","53.9","25.7",,"65","159","27.4","26.4",,,"-2.5",,,,,,"21.6",,,,,"23",,"96","6.76","27.43","50.8",,,,,,,,,,,,,,,,,,,"27.4"
"2","중구(서울)","어르신","일반","70","관리자","3등급","20250225","F","150.3","50.6","34","78","83","150","19.6","26",,,"21.4",,,,,,"22.4",,,,,"28",,"83","6.5","27.1","51.4",,,,,,,,,,,,,,,,,,,"26.0"
"1","고양","성인","출장","24","관리자","참가","20250226","M","162.5","68","22.3",,"76","113","38.4","35.5",,,"-13.5",,,,,,"25.8","41","52","10.14","230",,,,,,"56.5",,"45.5",,,,,,,,,,,,,,,,,
"2","광주","성인","일반","34","관리자","1등급","20250226","F","156.7","48.4","25.4",,"66","134","26.2","30",,,"23",,,,,,"19.7","45",,,"188",,,,,,"62.0",,,,,,,,"124","36.2",,,"0.315",,,,,,,
"1","고양","성인","출장","34","관리자","참가","20250226","F","167","64.2","26.6",,"80","118","24.8","25.6",,,"24.3",,,,,,"23.0","37","25","11.91","165",,,,,,"39.9",,"33.3",,,,,,,,,,,,,,,,,
"3","고양","성인","출장","40","관리자","2등급","20250226","M","174","72.5","17.7",,"89","129","42.3","48.1",,,"13.5",,,,,,"23.9","61","66","10.57","234",,,,,,"66.3",,"46.6",,,,,,,,,,,,,,,,,
"2","고양","성인","출장","21","관리자","참가","20250226","M","184.3","73.3","14.8",,"59","112","35.1","46",,,"6",,,,,,"21.6","46","54","10.9","243",,,,,,"62.8",,"44.9",,,,,,,,,,,,,,,,,
"1","고양","성인","출장","23","관리자","참가","20250226","M","175.3","67.8","20.3",,"64","117","41.3","39.9",,,"4.2",,,,,,"22.1","52","65","10.37","193",,,,,,"60.9",,"48.3",,,,,,,,,,,,,,,,,
"1","고양","성인","출장","24","관리자","2등급","20250226","M","165.8","67","18.4",,"61","123","42.8","42.6",,,"13.4",,,,,,"24.4","59","72","10.15","219",,,,,,"63.9",,"50.2",,,,,,,,,,,,,,,,,
"1","고양","성인","출장","21","관리자","참가","20250226","M","176.2","104.7","36.3",,"77","136","39.4","39.9",,,"7",,,,,,"33.7","39","16","12.97","163",,,,,,"38.1",,"31.6",,,,,,,,,,,,,,,,,
"1","고양","성인","출장","21","관리자","3등급","20250226","M","179.1","78.5","16.9",,"61","109","43.2","53",,,"10.5",,,,,,"24.5","52","55","10.57","217",,,,,,"67.5",,"44.5",,,,,,,,,,,,,,,,,
"1","고양","성인","출장","24","관리자","1등급","20250226","F","166.7","64.1","24.9",,"72","114","35.9","38.6",,,"28.6",,,,,,"23.1","49","43","11.23","164",,,,,,"60.2",,"39.2",,,,,,,,,,,,,,,,,
"1","고양","성인","출장","31","관리자","참가","20250226","M","178","98.4","36.3",,"85","125","44.3","46.8",,,"15.8",,,,,,"31.1","48","28","11.28","174",,,,,,"47.6",,"34.5",,,,,,,,,,,,,,,,,
"1","고양","성인","출장","24","관리자","참가","20250226","M","167.1","84.6","32.1",,"95","145","43.5","42.1",,,"0.8",,,,,,"30.3","47","36","10.99","149",,,,,,"51.4",,"39.2",,,,,,,,,,,,,,,,,
"1","고양","성인","출장","21","관리자","참가","20250226","M","169","59.5","21.6",,"74","114","29.9","32.9",,,"-10.1",,,,,,"20.8","38","29","12.10","171",,,,,,"55.3",,"41.4",,,,,,,,,,,,,,,,,
"1","고양","성인","출장","19","관리자","참가","20250226","M","182.3","86.6","24.2",,"71","131","41.6","46.6",,,"-1",,,,,,"26.1","43","46","11.68","177",,,,,,"53.8",,"41.3",,,,,,,,,,,,,,,,,
"1","고양","성인","출장","20","관리자","참가","20250226","M","174.4","72.6","23.3",,"62","115","47.1","43.4",,,"-17.2",,,,,,"23.9","49","26","10.81","185",,,,,,"64.9",,"38.8",,,,,,,,,,,,,,,,,
"1","고양","성인","출장","21","관리자","참가","20250226","M","168.5","72.4","25.5",,"53","96","39.9","43.7",,,"10.2",,,,,,"25.5","49","52","11.16","178",,,,,,"60.4",,"44.9",,,,,,,,,,,,,,,,,
"1","고양","성인","출장","20","관리자","3등급","20250226","M","181.9","77.6","18.1",,"82","132","42.4","37.5",,,"23.3",,,,,,"23.5","44","42","10.77","185",,,,,,"54.6",,"41.6",,,,,,,,,,,,,,,,,
"1","고양","성인","출장","22","관리자","참가","20250226","M","172.9","68.1","18.8",,"64","111","34.9","38.1",,,"2.6",,,,,,"22.8","32","11","12.57","196",,,,,,"55.9",,"35.8",,,,,,,,,,,,,,,,,
"1","고양","성인","출장","21","관리자","참가","20250226","M","168.9","75.3","23.5",,"58","124","37.2","28.3",,,"12",,,,,,"26.4","41","37","11.55","191",,,,,,"49.4",,"41.0",,,,,,,,,,,,,,,,,
"1","고양","성인","출장","27","관리자","2등급","20250226","M","170","67","20.4",,"79","122","35.8","39.5",,,"17.1",,,,,,"23.2","55","56","10.63","224",,,,,,"59.0",,"46.1",,,,,,,,,,,,,,,,,
"1","고양","성인","출장","20","관리자","3등급","20250226","M","168","65.8","14",,"61","118","43.5","44.6",,,"28.6",,,,,,"23.3","52","41","11.07","193",,,,,,"67.8",,"43.4",,,,,,,,,,,,,,,,,
"2","고양","성인","출장","38","관리자","참가","20250226","M","184.4","90.2","19.3",,"87","134","58.3","55.8",,,"3.6",,,,,,"26.5","54","49","10.18","212",,,,,,"64.6",,"39.9",,,,,,,,,,,,,,,,,
"1","고양","성인","출장","22","관리자","참가","20250226","M","168.7","71","20.4",,"89","137","35.8","32.6",,,"-6",,,,,,"24.9","39","55","10.67","211",,,,,,"50.4",,"45.8",,,,,,,,,,,,,,,,,
"1","고양","성인","출장","24","관리자","참가","20250226","M","166.5","67.2","16.4",,"57","116","40.6","44.9",,,"3",,,,,,"24.2","68","83","9.66","197",,,,,,"66.8",,"52.7",,,,,,,,,,,,,,,,,
"1","고양","성인","출장","23","관리자","참가","20250226","M","172.9","77.6","23.2",,"57","104","32.9","38.1",,,"-7",,,,,,"26.0","54","28","11.15","193",,,,,,"49.1",,"38.3",,,,,,,,,,,,,,,,,
"2","고양","성인","출장","20","관리자","참가","20250226","M","176.7","82.3","19.4",,"66","124","39.7","46.3",,,"21.2",,,,,,"26.4","50","34","11.31","187",,,,,,"56.3",,"39.2",,,,,,,,,,,,,,,,,
"1","고양","성인","출장","21","관리자","2등급","20250226","M","169","75.5","18",,"68","133","43.2","43.2",,,"33",,,,,,"26.4","66","61","9.93","247",,,,,,"57.2",,"46.6",,,,,,,,,,,,,,,,,
"1","고양","성인","출장","22","관리자","참가","20250226","M","173.1","70.8","22.4",,"75","133","36.5","45",,,"5",,,,,,"23.6","30","36","11.15","207",,,,,,"63.6",,"41.2",,,,,,,,,,,,,,,,,
"1","고양","성인","출장","27","관리자","참가","20250226","M","179.8","88","24.9",,"71","126","46.6","43.2",,,"20",,,,,,"27.2","41","20","11.15","186",,,,,,"53.0",,"34.4",,,,,,,,,,,,,,,,,
"1","고양","성인","출장","20","관리자","참가","20250226","M","178.2","61.5","12",,"75","124","41.3","44.3",,,"-11.5",,,,,,"19.4","50","51","10.80","195",,,,,,"72.0",,"46.2",,,,,,,,,,,,,,,,,
"1","고양","성인","출장","19","관리자","참가","20250226","M","178.4","84","24.4",,"75","120","39","44.9",,,"7.1",,,,,,"26.4","25","28","11.38","172",,,,,,"53.5",,"37.6",,,,,,,,,,,,,,,,,
"1","고양","성인","출장","22","관리자","참가","20250226","M","167.3","82.8","27.6",,"72","128","45","50.6",,,"3.4",,,,,,"29.6","39","45","10.44","199",,,,,,"61.1",,"41.7",,,,,,,,,,,,,,,,,
"2","고양","성인","출장","21","관리자","참가","20250226","M","172.4","64.3","19.7",,"68","104","41.6","47.2",,,"16.9",,,,,,"21.6","55","36","10.47","221",,,,,,"73.4",,"42.3",,,,,,,,,,,,,,,,,
"1","고양","성인","출장","20","관리자","참가","20250226","M","176.4","84.5","30.6",,"71","135","29.9","43.8",,,"-19",,,,,,"27.2","14","23","11.23","152",,,,,,"51.8",,"36.3",,,,,,,,,,,,,,,,,
"1","고양","성인","출장","23","관리자","참가","20250226","M","179.2","93.5","25.1",,"59","125","53.3","55.4",,,"16.6",,,,,,"29.1","47","61","10.89","234",,,,,,"59.3",,"43.6",,,,,,,,,,,,,,,,,
"1","고양","성인","출장","21","관리자","참가","20250226","M","173.6","73.1","22.4",,"75","123","34.6","44.3",,,"-15.5",,,,,,"24.3","36","44","10.73","170",,,,,,"60.6",,"42.8",,,,,,,,,,,,,,,,,
"1","고양","성인","출장","20","관리자","참가","20250226","M","186.7","79.8","19.6",,"63","128","39","38.6",,,"-16",,,,,,"22.9","40","46","10.96","223",,,,,,"48.9",,"42.1",,,,,,,,,,,,,,,,,
"1","고양","성인","출장","21","관리자","참가","20250226","M","168.9","74.5","20.6",,"69","124","41.2","47.4",,,"8",,,,,,"26.1","50","36","10.16","182",,,,,,"63.6",,"40.9",,,,,,,,,,,,,,,,,
"2","고양","성인","출장","21","관리자","참가","20250226","M","176.4","69.2","18",,"52","100","32.4","31",,,"8.2",,,,,,"22.2","49","67","10.33","224",,,,,,"46.8",,"48.7",,,,,,,,,,,,,,,,,
"1","고양","성인","출장","21","관리자","참가","20250226","M","169.5","79.6","27.8",,"62","121","35.9","40.6",,,"20.5",,,,,,"27.7","41","22","10.72","204",,,,,,"51.0",,"36.8",,,,,,,,,,,,,,,,,
"1","고양","성인","출장","20","관리자","3등급","20250226","M","174.5","65.4","20.6",,"67","105","36.5","36.8",,,"21",,,,,,"21.5","55","58","10.31","232",,,,,,"56.3",,"47.3",,,,,,,,,,,,,,,,,
"1","고양","성인","출장","21","관리자","참가","20250226","M","174.8","72.6","20.2",,"67","126","29.7","40.3",,,"4.7",,,,,,"23.8","38","37","10.51","212",,,,,,"55.5",,"41.3",,,,,,,,,,,,,,,,,
"1","고양","성인","출장","20","관리자","3등급","20250226","M","165.9","58.6","16.6",,"70","129","52.2","52.2",,,"17.5",,,,,,"21.3","63","41","10.61","197",,,,,,"89.1",,"44.5",,,,,,,,,,,,,,,,,
"4","고양","성인","출장","23","관리자","참가","20250226","F","155.5","44.7","27.3",,"90","131","25","25.6",,,"5.6",,,,,,"18.5","43","38","11.54","167",,,,,,"57.3",,"40.6",,,,,,,,,,,,,,,,,
"1","고양","성인","출장","20","관리자","참가","20250226","M","179.4","92.8","26.3",,"76","134","38.3","39.3",,,"2.7",,,,,,"28.8","35","41","10.61","172",,,,,,"42.3",,"39.2",,,,,,,,,,,,,,,,,
"2","고양","성인","출장","20","관리자","참가","20250226","M","171.7","70","21.7",,"76","126","32.9","32.8",,,"-9",,,,,,"23.7","56","62","11.11","207",,,,,,"47.0",,"47.6",,,,,,,,,,,,,,,,,
"1","고양","성인","출장","21","관리자","참가","20250226","M","174.1","76.5","18.8",,"79","135","30.4","34.3",,,"12.2",,,,,,"25.2","49","42","11.15","192",,,,,,"44.8",,"41.9",,,,,,,,,,,,,,,,,
"1","고양","성인","출장","20","관리자","참가","20250226","M","172","66.5","18.3",,"57","113","25.9","32.3",,,"-13",,,,,,"22.5","57","87","10.37","215",,,,,,"48.6",,"54.0",,,,,,,,,,,,,,,,,
"1","고양","성인","출장","20","관리자","3등급","20250226","M","173.7","76.5","23.1",,"66","110","49","55.4",,,"12",,,,,,"25.4","56","41","10.27","217",,,,,,"72.4",,"41.7",,,,,,,,,,,,,,,,,
"1","고양","성인","출장","20","관리자","참가","20250226","M","166.1","58.9","12.7",,"78","124","43.4","42.5",,,"-6",,,,,,"21.3","55","94","10.35","200",,,,,,"73.7",,"56.9",,,,,,,,,,,,,,,,,
"1","고양","성인","출장","20","관리자","3등급","20250226","M","177.9","66.4","16",,"86","132","37","48.7",,,"9.6",,,,,,"21.0","56","73","10.15","217",,,,,,"73.3",,"50.6",,,,,,,,,,,,,,,,,
"1","고양","성인","출장","20","관리자","참가","20250226","M","171","77","21.6",,"68","118","33.9","37.5",,,"15",,,,,,"26.3","59","60","10.88","230",,,,,,"48.7",,"46.2",,,,,,,,,,,,,,,,,
"1","고양","성인","출장","20","관리자","참가","20250226","M","167.4","58.3","17.4",,"76","114","26.3","33.7",,,"-1",,,,,,"20.8","39","51","12.21","180",,,,,,"57.8",,"46.9",,,,,,,,,,,,,,,,,
"1","고양","성인","출장","20","관리자","참가","20250226","M","178.8","73.2","16.9",,"67","119","32.6","31.4",,,"5",,,,,,"22.9","44","62","11.43","217",,,,,,"44.5",,"47.0",,,,,,,,,,,,,,,,,
"1","고양","성인","출장","20","관리자","참가","20250226","M","166.4","55.7","19.9",,"69","113","33.1","34.1",,,"2.7",,,,,,"20.1","56","70","10.06","195",,,,,,"61.2",,"51.7",,,,,,,,,,,,,,,,,
"1","고양","성인","출장","33","관리자","2등급","20250226","M","170","61","15.9",,"82","124","40","42.5",,,"18.3",,,,,,"21.1","48","46","10.49","209",,,,,,"69.7",,"44.2",,,,,,,,,,,,,,,,,
"1","고양","성인","출장","23","관리자","참가","20250226","M","186.4","81.4","19.4",,"65","132","36.8","44.9",,,"2.5",,,,,,"23.4","62","77","9.96","232",,,,,,"55.2",,"48.9",,,,,,,,,,,,,,,,,
"1","고양","성인","출장","22","관리자","3등급","20250226","M","174.8","70.6","18.5",,"57","122","36.5","38.7",,,"13.6",,,,,,"23.1","59","71","10.61","224",,,,,,"54.8",,"49.4",,,,,,,,,,,,,,,,,
"1","고양","성인","출장","24","관리자","3등급","20250226","M","183.2","79.6","23.8",,"78","124","41.6","47.2",,,"9",,,,,,"23.7","43","63","10.52","185",,,,,,"59.3",,"45.9",,,,,,,,,,,,,,,,,
"1","고양","성인","출장","21","관리자","2등급","20250226","M","170.5","67.7","18.2",,"82","135","37.7","49.1",,,"19",,,,,,"23.3","62","66","10.58","200",,,,,,"72.5",,"48.8",,,,,,,,,,,,,,,,,
"4","고양","성인","출장","24","관리자","2등급","20250226","M","182.2","87.4","24.6",,"75","121","49.3","54.9",,,"16.5",,,,,,"26.3","53","59","9.53","207",,,,,,"62.8",,"43.8",,,,,,,,,,,,,,,,,
"3","고양","성인","출장","24","관리자","3등급","20250226","M","166.7","64.1","16.6",,"82","128","33.9","39",,,"17",,,,,,"23.1","47","80","10.22","187",,,,,,"60.8",,"52.5",,,,,,,,,,,,,,,,,
"1","고양","성인","출장","27","관리자","참가","20250226","F","163.8","72.5","39.3",,"62","115","25.1","26.1",,,"19.1",,,,,,"27.0","44","29","11.75","149",,,,,,"36.0",,"33.4",,,,,,,,,,,,,,,,,
"1","고양","성인","출장","20","관리자","참가","20250226","M","170.5","81","28.6",,"68","138","30.9","30.9",,,"6.5",,,,,,"27.9","34","42","10.66","197",,,,,,"38.1",,"41.4",,,,,,,,,,,,,,,,,
"1","고양","성인","출장","37","관리자","참가","20250226","M","170","74.7","28.3",,"85","129","37","34.3",,,"-18.3",,,,,,"25.8","52","41","10.93","175",,,,,,"49.5",,"40.7",,,,,,,,,,,,,,,,,
"1","고양","성인","출장","40","관리자","참가","20250226","M","167.7","69.5","27.2",,"91","127","35.7","44.6",,,"-1.3",,,,,,"24.7","39","34","11.93","193",,,,,,"64.2",,"39.6",,,,,,,,,,,,,,,,,
"1","고양","성인","출장","32","관리자","2등급","20250226","M","173.2","85.6","27.9",,"95","138","36.8","51",,,"12.5",,,,,,"28.5","60","50","10.55","217",,,,,,"59.6",,"41.6",,,,,,,,,,,,,,,,,
"1","고양","성인","출장","29","관리자","참가","20250226","M","180.5","84.9","19",,"99","150","50.1","48.2",,,"3.3",,,,,,"26.1","60","40","10.52","203",,,,,,"59.0",,"39.4",,,,,,,,,,,,,,,,,
"1","안산","성인","일반","60","관리자","1등급","20250226","M","172.5","70","22.9","79","92","135","43.1","47.6",,,"15.7",,,,,,"23.5","32",,"11.56","184",,,,,,"68.0",,,,,,,,"104","38.3",,,,,,,,,,
"2","천안","성인","일반","24","관리자","3등급","20250226","F","170","53.7","32.2",,"80","123","23","23.7",,,"16.5",,,,,,"18.6","26",,,,,,,,,"44.1",,,,,,,,"121","38.4",,,"0.369","0.440",,,,,,
"1","부천","어르신","출장","78","관리자","2등급","20250226","F","151.1","56.7","38.1",,"89","133","22.4","22.9",,,"18.6",,,,,,"24.8",,,,,"23",,"95","5.81","27.00","40.4",,,,,,,,,,,,,,,,,,,"22.9"
"3","천안","성인","일반","24","관리자","2등급","20250226","F","162.9","53.7","30",,"46","107","24.1","27.4",,,"16.4",,,,,,"20.2","30",,,"164",,,,,,"51.0",,,,,,,,"97","40.7",,,"0.365",,,,,,,
"2","KSPO대구","성인","일반","20","관리자","참가","20250226","M","177.2","62.7","14.3","80","83","129","38.6","40.2",,,"14.2",,,,,,"20.0","34","43",,"214",,,,,,"64.1",,"44.1",,,,,,,,,,"0.315",,,,,,,
"3","포천","어르신","일반","75","관리자","1등급","20250226","M","165.1","65.4","27.1","80","76","148","34.4","34.1",,,"16.2",,,,,,"24.0",,,,,"29",,"150","3.97","17.72","52.6",,,,,,,,,,,,,,,,,,,"34.4"
"2","양평","성인","일반","31","관리자","3등급","20250226","M","173.5","72.3","25.3",,"66","112","38.9","40.1",,,"9.8",,,,,,"24.0","38",,"12.35","184",,,,,,"55.5",,,,,,,,"117","43.1",,,,,,,,,,
"2","KSPO광주","성인","일반","29","관리자","참가","20250226","M","166.8","78.1","31.5","93","73","127","41.2","40.4",,,"7.6",,,,,,"28.1","30",,,"174",,,,,,"52.8",,,,,,,,"134","39.3",,,"0.324",,,,,,,
"4","부천","어르신","출장","86","관리자","1등급","20250226","F","150.3","61.1","40.8",,"68","146","22.6","23.2",,,"19.4",,,,,,"27.0",,,,,"14",,"91","6.43","28.44","38.0",,,,,,,,,,,,,,,,,,,"23.2"
"5","화성","어르신","일반","78","관리자","2등급","20250226","M","164.1","48.9","10.9",,"85","154","35.1","35.9",,,"4.4",,,,,,"18.2",,,,,"21",,"119","4.9","21.69","73.4",,,,,,,,,,,,,,,,,,,"35.9"
"1","부천","어르신","출장","70","관리자","3등급","20250226","F","151.3","54.8","40.2",,"84","136","16.6","20.7",,,"10.5",,,,,,"23.6",,,,,"19",,"92","5.50","23.75","37.8",,,,,,,,,,,,,,,,,,,"20.7"
"1","제주","성인","일반","24","관리자","참가","20250226","M","181.7","75.5","18.7","83.4","80","122","34.5","38.9",,,"1",,,,,,"22.9","24",,,"209",,,,,,"51.5",,,,,,,,"110","45.8",,,"0.358",,,,,,,
"1","보은","성인","일반","42","관리자","참가","20250226","M","173.9","93.1","22.9",,"95","151","67.4","64.1",,,"14.7",,,,,,"30.8","50","26","10.74","240",,,,,,"72.4",,"34.0",,,,,,,,,,,,,,,,,
"1","KSPO송파별관(어르신)","어르신","일반","79","관리자","2등급","20250226","M","159","63.2","37",,"79","155","22.7","29",,,"13.4",,,,,,"25.0",,,,,"23",,"105","5.74","24.05","45.9",,,,,,,,,,,,,,,,,,,"29.0"
"2","춘천","성인","일반","31","관리자","참가","20250226","M","180.9","109.8","31","114.7","62","136","53.7","60.4",,,"7.4",,,,,,"33.6","42","32","10.79",,,,,,,"55.0",,"33.7",,,,,,,,,,,"0.607",,,,,,
"9","KSPO송파별관(어르신)","어르신","일반","69","관리자","1등급","20250226","M","166","64.2","23.8",,"70","134","33.3","36",,,"11.8",,,,,,"23.3",,,,,"29",,"135","4.78","18.34","56.1",,,,,,,,,,,,,,,,,,,"36.0"
"1","북구(광주)","성인","일반","25","관리자","참가","20250226","M","177.3","88.1","28.6","102.6","92","154","40.9","43.2",,,"-4.5",,,,,,"28.0","50","32",,"202",,,,,,"49.0",,"37.5",,,,,,,,,,"0.416",,,,,,,
"1","북구(광주)","성인","일반","28","관리자","참가","20250226","M","166.1","47","16.9","71.1","83","121","31.7","27.6",,,"11.7",,,,,,"17.0","32","32",,,,,,,,"67.4",,"43.4",,,,,,,,,,"0.349","0.599",,,,,,
"1","부천","어르신","출장","81","관리자","3등급","20250226","M","161.1","69.2","34.0",,"75","151","35","36.7",,,"4.3",,,,,,"26.7",,,,,"17",,"99","7.03","32.69","53.0",,,,,,,,,,,,,,,,,,,"36.7"
"1","부천","어르신","출장","77","관리자","참가","20250226","M","169.2","70.1","26.3",,"86","156","35","33.9",,,"-11.7",,,,,,"24.5",,,,,"21",,"105","5.72","24.19","49.9",,,,,,,,,,,,,,,,,,,"35.0"
"1","KSPO아산","성인","일반","54","관리자","참가","20250226","F","157.8","63","40.9","89","79","139","20.6","22.9",,,"3.5",,,,,,"25.3","6",,,"109",,,,,,"36.3",,,"91","110","130",,"32.6",,,,,"0.423",,,,,,,
"1","KSPO아산","성인","일반","19","관리자","3등급","20250226","M","172.1","73","24.3","83","66","120","41","53.3",,,"16.2",,,,,,"24.6","49",,,"231",,,,,,"73.0",,,"115","129","144",,"44.1",,,,,"0.305",,,,,,,
"1","사천","성인","일반","31","관리자","참가","20250226","M","168","81.2","33.2","97.5","96","143","33.6","42.8",,,"9.8",,,,,,"28.8","43","44",,,,,,,,"52.7",,"41.0",,,,,,,,,,"0.257","0.501",,,,,,
"1","부천","어르신","출장","70","관리자","참가","20250226","F","154.6","46.2","28.2",,"69","94","22.7","21.7",,,"2.2",,,,,,"19.3",,,,,"20",,"91","6.22","26.03","49.1",,,,,,,,,,,,,,,,,,,"22.7"
"1","서구(대전)","성인","일반","22","관리자","3등급","20250226","F","168.6","49.5","19.5",,"70","113","28.5","33.7",,,"11.9",,,,,,"17.4","48","31","11.25","189",,,,,,"68.1",,"38.0",,,,,,,,,,,,,,,,,
"10","남구(부산)","성인","일반","26","관리자","2등급","20250226","M","176.9","70.9","19.1",,"63","121","42.4","16.1",,,"13.7",,,,,,"22.7","52",,,"225",,,,,,"59.8",,,,,,,,"119","44.6",,,"0.351",,,,,,,
"2","부천","어르신","출장","72","관리자","2등급","20250226","F","153.7","45.3","29.6",,"78","140","17.3","20.1",,,"18.1",,,,,,"19.2",,,,,"21",,"97","6.03","24.40","44.4",,,,,,,,,,,,,,,,,,,"20.1"
"1","동해","성인","일반","40","관리자","참가","20250226","M","166.5","74.5","32.2",,"88","138","37.2","41.6",,,"11.7",,,,,,"26.9","43",,,"185",,,,,,"55.8",,,,,,,,"133","37.5",,,"0.330",,,,,,,
"5","남구(부산)","성인","일반","24","관리자","참가","20250226","F","164.1","51.7","23.5",,"74","137","25.6","27.9",,,"19.3",,,,,,"19.2","17",,,"184",,,,,,"54.0",,,,,,,,"126","37.7",,,"0.290",,,,,,,
"4","오산","어르신","일반","66","관리자","2등급","20250226","F","158","51.1","26.9","76.7","94","148","24.4","23.4",,,"18.8",,,,,,"20.5",,,,,"21",,"128","4.81","19.66","47.7",,,,,,,,,,,,,,,,,,,"24.4"
"8","성남","어르신","일반","79","관리자","참가","20250226","M","157.5","60.9","26.1",,"68","138","28.4","34.7",,,"-5.0",,,,,,"24.6",,,,,"23",,"112","6.20","25.51","57.0",,,,,,,,,,,,,,,,,,,"34.7"
"1","부천","어르신","출장","67","관리자","3등급","20250226","F","157.7","51.6","30",,"86","132","23.3","25.1",,,"25",,,,,,"20.7",,,,,"21",,"98","5.57","24.85","48.6",,,,,,,,,,,,,,,,,,,"25.1"
"1","부천","어르신","출장","68","관리자","참가","20250226","F","148.7","45.8","28.5",,"65","103","18.3","21.1",,,"10.6",,,,,,"20.7",,,,,"19",,"92","6.07","28.21","46.1",,,,,,,,,,,,,,,,,,,"21.1"
"2","동작","성인","일반","24","관리자","2등급","20250226","F","165.2","60","34.3","70","63","101","28","27.1",,,"18.1",,,,,,"22.0","35",,,,,,,,,"46.7",,,,,,,,"119","36.6",,,"0.330","0.328",,,,,,
"3","춘천","성인","일반","34","관리자","참가","20250226","M","177.3","92.2","27.2","101","97","154","48.9","53.5",,,"10.3",,,,,,"29.3","39",,,"227",,,,,,"58.0",,,"85","97","133","164","35.0",,,,,"0.335",,,,,,,
"6","화성","성인","일반","55","관리자","3등급","20250226","F","157.6","54.2","32.6",,"65","126","28.2","29.7",,,"15",,,,,,"21.8","25",,"14.1","127",,,,,,"54.8",,,,,,,,"109","32.8",,,,,,,,,,
"1","세종","성인","일반","26","관리자","1등급","20250226","M","168.8","60","13","73.8","84","135","44.4","53.2",,,"16.9",,,,,,"21.1","55",,,"230",,,,,,"88.7",,,,,,,,"109","47.9",,,"0.289",,,,,,,
"2","구미","성인","일반","34","관리자","2등급","20250226","M","175.6","90.4","21.7","98.7","90","154","66.7","55.6",,,"12.4",,,,,,"29.3","52","56","11.3","233",,,,,,"73.8",,"42.0",,,,,,,,,,,,,,,,,
"1","마포","어르신","일반","69","관리자","1등급","20250226","M","162","67.3","29","87","83","146","34.6","45.5",,,"12.4",,,,,,"25.6",,,,,"35",,"135","3.43","15.12","67.6",,,,,,,,,,,,,,,,,,,"45.5"
"1","청주","청소년","일반","18","관리자","참가","20250226","M","175.4","58","10.8","72.9","78","128","31.9","38","24",,"2.3","19.5","0.589","65.199","7","65.521","18.9",,"30",,,,,,,,"65.5",,"42.5",,,,,,,,,,,,,,,,,
"1","동작","성인","일반","31","관리자","2등급","20250226","M","176.5","65.9","17.3","72","86","125","47.1","48.3",,,"16.2",,,,,,"21.2","44",,,"236",,,,,,"73.3",,,,,,,,"100","47.2",,,"0.369",,,,,,,
"6","마포","어르신","일반","69","관리자","2등급","20250226","M","170.3","78.1","24.4","85","84","139","43.9","51.8",,,"10.1",,,,,,"26.9",,,,,"28",,"135","3.93","15.44","66.3",,,,,,,,,,,,,,,,,,,"51.8"
"2","북구(광주)","성인","일반","19","관리자","참가","20250226","F","162.1","67.4","36.9","76.1","74","133","24.2","23.6",,,"15.2",,,,,,"25.7","49",,,"181",,,,,,"35.9",,,,,,,,"134","33.6",,,"0.415",,,,,,,
"1","경산","성인","일반","64","관리자","참가","20250226","M","165.9","78.6","27.7","97","98","153","38.7","39.1",,,"16.6",,,,,,"28.6","33",,,"151",,,,,,"49.7",,,,,,,,"123","32.1",,,"0.343",,,,,,,
"2","부천","어르신","출장","72","관리자","참가","20250226","F","158.3","58.2","32.9",,"74","136","23.9","27.3",,,"5.4",,,,,,"23.2",,,,,"26",,"129","5.25","22.94","46.9",,,,,,,,,,,,,,,,,,,"27.3"
"1","부천","어르신","출장","67","관리자","참가","20250226","M","163.0","72.3","33.3",,"77","121","30.4","32.9",,,"1.0",,,,,,"27.2",,,,,"17",,"108","6.10","27.15","45.5",,,,,,,,,,,,,,,,,,,"32.9"
"2","중구(서울)","어르신","일반","69","관리자","2등급","20250226","M","172.2","69","25.2","92.5","92","138","35.2","36.4",,,"15.9",,,,,,"23.3",,,,,"29",,"124","4.7","20.4","52.8",,,,,,,,,,,,,,,,,,,"36.4"
"1","전주","성인","일반","33","관리자","참가","20250226","M","165.1","66.8","29.7","86.6","71","118","26.9","33.1",,,"-1.3",,,,,,"24.5","31",,,,,,,,,"49.6",,,,,,,,"92","46.8",,,"0.376","0.545",,,,,,
"1","성남","어르신","일반","65","관리자","3등급","20250226","F","155.4","62.4","38.9",,"85","156","20.4","26.6",,,"11.3",,,,,,"25.8",,,,,"20",,"91","5.45","23.11","42.6",,,,,,,,,,,,,,,,,,,"26.6"
"2","성남","어르신","일반","65","관리자","참가","20250226","F","150.5","53.4","37.7",,"81","157","22.8","25.4",,,"10.6",,,,,,"23.6",,,,,"25",,"111","5.25","22.60","47.6",,,,,,,,,,,,,,,,,,,"25.4"
"3","목포","성인","일반","19","관리자","참가","20250226","M","173","56.7","19.2","73.7","64","123","27","30.8",,,"16",,,,,,"18.9","39",,,"221",,,,,,"54.3",,,,,,,,"100","52.0",,,"0.274",,,,,,,
"1","화성","어르신","일반","72","관리자","참가","20250226","M","169.4","85","35.2",,"64","124","36.3","40.9",,,"-3.3",,,,,,"29.6",,,,,"17",,"97","5.3","22","48.1",,,,,,,,,,,,,,,,,,,"40.9"
"1","포천","성인","일반","52","관리자","2등급","20250226","M","181.9","86","23.4","88","82","139","42","57.9",,,"22.3",,,,,,"26.0","49","34",,"181",,,,,,"67.3",,"36.0",,,,,,,,,,"0.374",,,,,,,
"3","부천","어르신","출장","73","관리자","참가","20250226","M","163.6","73.0","31.6",,"75","134","28.7","28",,,,,,,,,"27.3",,,,,"13",,"65","8.16","34.44","39.3",,,,,,,,,,,,,,,,,,,"28.7"
"5","오산","성인","일반","25","관리자","1등급","20250226","F","164.7","46.9","23.3","68.7","67","117","25.1","26.3",,,"18.6",,,,,,"17.3","40",,,"165",,,,,,"56.1",,,,,,,,"126","38.8",,,"0.301",,,,,,,
"1","오산","성인","일반","47","관리자","참가","20250226","M","173.1","63.1","22.4","82.8","86","120","37.8","41.3",,,"12",,,,,,"21.1","23","14","13.83","197",,,,,,"65.5",,"35.2",,,,,,,,,,,,,,,,,
"1","KSPO아산","성인","일반","21","관리자","참가","20250226","F","163.3","51.1","26.4","71","71","120","18.4","18.2",,,"-11.4",,,,,,"19.2","38",,,"163",,,,,,"36.0",,,,,,,,"145","36.0",,,"0.400",,,,,,,
"5","서대문","성인","일반","24","관리자","3등급","20250226","F","165.3","53.4","22.2",,"72","112","28.6","30.7",,,"23.5",,,,,,"19.5","24","24","13.88",,,,,,,"57.5",,"35.1",,,,,,,,,,,"0.485",,,,,,
"1","부천","어르신","출장","67","관리자","참가","20250226","F","149.9","54.5","36.7",,"72","120","19.7","18.7",,,"7",,,,,,"24.3",,,,,"21",,"110","5.28","22.37","36.1",,,,,,,,,,,,,,,,,,,"19.7"
"7","서대문","성인","일반","23","관리자","3등급","20250226","F","165.4","49.4","24.1",,"67","102","22.4","23.6",,,"21.1",,,,,,"18.1","30","22","14.08",,,,,,,"47.8",,"35.1",,,,,,,,,,,"0.460",,,,,,
"1","서대문","성인","일반","27","관리자","1등급","20250226","F","161.3","56.5","26.8",,"71","124","31.6","31.1",,,"26.0",,,,,,"21.7","49","32","11.66",,,,,,,"55.9",,"36.8",,,,,,,,,,,"0.509",,,,,,
"2","부천","어르신","출장","80","관리자","2등급","20250226","M","150.5","59.9","35.8",,"86","137","24.6","25.6",,,"1.0",,,,,,"26.4",,,,,"16",,"92","6.62","26.40","42.7",,,,,,,,,,,,,,,,,,,"25.6"
"1","서대문","성인","일반","26","관리자","2등급","20250226","M","173.6","62.3","12.4",,"67","142","35","41.9",,,"15.8",,,,,,"20.7","53","52","11.90",,,,,,,"67.3",,"45.9",,,,,,,,,,,"0.593",,,,,,
"1","KSPO송파별관(어르신)","어르신","일반","71","관리자","3등급","20250226","M","175.2","80.8","28.5",,"99","152","37.8","43.6",,,"1.1",,,,,,"26.3",,,,,"30",,"140","4.78","19.1","54.0",,,,,,,,,,,,,,,,,,,"43.6"
"1","KSPO송파별관(어르신)","어르신","일반","67","관리자","1등급","20250226","M","164","64.8","32.4",,"97","154","32.6","36.4",,,"20.4",,,,,,"24.1",,,,,"32",,"130","4.7","17.41","56.2",,,,,,,,,,,,,,,,,,,"36.4"
"1","KSPO송파","청소년","일반","17","관리자","참가","20250226","M","174","102.5","32.9","104.8","83","122","34.9","42",,"17","15.1","27.2","0.391","76.327","12","76.879","33.9",,,,,,,,,,"41.0",,,"94","119","140",,"38.6",,,,,,,,,,,,
"3","부천","어르신","출장","82","관리자","2등급","20250226","M","158.8","51.0","23.7",,"61","128","32","25.9",,,"2.0",,,,,,"20.2",,,,,"25",,"128","5.56","28.88","62.7",,,,,,,,,,,,,,,,,,,"32.0"
"2","KSPO송파","성인","일반","59","관리자","3등급","20250226","M","171.3","68.1","20.9","81","94","129","38.5","45.3",,,"4.5",,,,,,"23.2","29","22",,"207",,,,,,"66.5",,"35.4",,,,,,,,,,"0.344",,,,,,,
"1","서대문","성인","일반","63","관리자","2등급","20250226","M","155.8","61.2","23.3",,"80","120","36.2","35.9",,,"19.1",,,,,,"25.2","35","20","12.68",,,,,,,"59.2",,"36.0",,,,,,,,,,,"0.480",,,,,,
"3","서대문","성인","일반","45","관리자","1등급","20250226","M","174.3","80.7","22.9",,"80","120","48","53",,,"15.4",,,,,,"26.6","49","46","11.91",,,,,,,"65.7",,"40.3",,,,,,,,,,,"0.550",,,,,,
"1","안산","성인","일반","62","관리자","참가","20250226","M","179","71.4","21.4","80","95","144","37.6","39.3",,,"-8.8",,,,,,"22.3","28","6","12.2","186",,,,,,"55.0",,"30.8",,,,,,,,,,,,,,,,,
"1","서대문","성인","일반","23","관리자","참가","20250226","M","185.8","72.3","18.8",,"80","120","46.4","50.7",,,"6.7",,,,,,"20.9","67","40","12.11",,,,,,,"70.1",,"41.6",,,,,,,,,,,"0.546",,,,,,
"1","서대문","성인","일반","20","관리자","2등급","20250226","M","181.6","65.9","34.6",,"80","120","56.4","59.7",,,"17.6",,,,,,"20.0","54","62","11.37",,,,,,,"90.6",,"48.0",,,,,,,,,,,"0.614",,,,,,
"2","광주","성인","일반","19","관리자","2등급","20250226","M","180.6","75.2","12.7",,"71","139","46.5","46.5",,,"20.1",,,,,,"23.1","57","62","10.38","254",,,,,,"61.8",,"46.8",,,,,,,,,,,,,,,,,
"2","광주","성인","일반","46","관리자","참가","20250226","F","172.1","71.3","31.3",,"90","138","28.8","27.7",,,"7.2",,,,,,"24.1","33",,,"144",,,,,,"40.4",,,,,,,,"114","31.1",,,"0.491",,,,,,,
"1","사상","성인","일반","28","관리자","3등급","20250226","M","175.2","76.8","15.4","79.2","82","150","40.5","41.7",,,"13",,,,,,"25.0","51",,,"157",,,,,,"54.3",,,"99","119","130","160","44.1",,,,,"0.368",,,,,,,
"5","광주","성인","일반","22","관리자","참가","20250226","F","158","55.1","31",,"56","103","19.9","20.4",,,"26.5",,,,,,"22.1","34","24",,"144",,,,,,"37.0",,"34.7",,,,,,,,,,"0.485",,,,,,,
"1","사상","성인","일반","52","관리자","2등급","20250226","F","155.1","48.9","31.4","73.8","81","137","21.3","22.3",,,"20.1",,,,,,"20.3","22",,,"141",,,,,,"45.6",,,,,,,,"104","35.0",,,"0.398",,,,,,,
"1","KSPO아산","청소년","일반","15","관리자","참가","20250226","F","162.3","50.6","33.0","71.5","70","112","16.2","20.9","14",,"6.0","25.22","0.399","62.564","20","63.484","19.2",,"7",,,,,,,,"41.3",,"32.7",,,,,,,,,,,,,,,,,
"2","KSPO대구","성인","일반","24","관리자","참가","20250226","F","165.6","46.3","23.7","65","66","110","24.2","23.2",,,"0",,,,,,"16.9","33",,,"166",,,,,,"52.3",,,,,,,,"135","38.1",,,"0.37",,,,,,,
"4","KSPO대구","성인","일반","27","관리자","2등급","20250226","F","161.5","49.2","34.3","60.3","80","117","21.1","23.4",,,"14.2",,,,,,"18.9","27",,,,,,,,,"47.6",,,,,,,,"150","34.6",,,"0.374","0.412",,,,,,
"4","오산","어르신","일반","68","관리자","참가","20250226","M","165.1","77.5","34.5","99.9","95","159","43","41.5",,,"0.7",,,,,,"28.4",,,,,"30",,"116","5.15","21.61","55.5",,,,,,,,,,,,,,,,,,,"43.0"
"1","KSPO아산","유소년","일반","11","관리자","참가","20250226","M","141.8","46.8",,"79",,,"12.9","15.4","14",,"-5.3",,,,,,"23.3",,"16",,"112",,,,,,"32.9",,,,,,,,,,,,,,"0.56","25","0",,,
"1","북구(광주)","성인","일반","25","관리자","2등급","20250226","F","159.7","52.1","30.9","62.6","65","120","26","24.2",,,"25",,,,,,"20.4","34",,,"130",,,,,,"49.9",,,,,,,,"148","34.3",,,"0.326",,,,,,,
"3","진천","성인","일반","40","관리자","2등급","20250226","M","172.3","78.4","27","91","99","139","41.4","45.8",,,"10",,,,,,"26.4","38","35","11.44","214",,,,,,"58.4",,"38.5",,,,,,,,,,,,,,,,,
"2","창원","성인","일반","23","관리자","3등급","20250226","F","154.9","57.2","36.9","74","67","121","24","23.3",,,"17.6",,,,,,"23.8","44",,,"170",,,,,,"42.0",,,,,,,,"127","35.5",,,"0.346",,,,,,,
"1","창원","성인","일반","24","관리자","참가","20250226","F","175.3","71.1","37.2","76","71","120","20.8","26.6",,,"-0.8",,,,,,"23.1","26",,,"128",,,,,,"37.4",,,,,,,,"121","34.6",,,"0.382",,,,,,,
"1","나주","성인","일반","54","관리자","참가","20250226","F","156","62.8","42.2","84.4","97","134","30.2","24.5",,,"17.4",,,,,,"25.8","12",,,"135",,,,,,"48.1",,,"109","139","176",,"26.0",,,,,"0.452",,,,,,,
"4","전주","성인","일반","23","관리자","3등급","20250226","M","184.1","83.2","19.6","89.4","87","137","50.3","45.9",,,"13.4",,,,,,"24.5","46","42",,,,,,,,"60.5",,"40.5",,,,,,,,,,"0.418","0.605",,,,,,
"6","KSPO송파별관(어르신)","어르신","일반","81","관리자","2등급","20250226","M","166.1","60.9","22.8",,"90","178","25","26.2",,,"17.3",,,,,,"22.1",,,,,"20",,"115","5.94","25","43.0",,,,,,,,,,,,,,,,,,,"26.2"
"1","세종","청소년","일반","18","관리자","참가","20250226","F","158.2","67","33.4","83.6","60","118","23.2","25.6",,"54","-2.4","20.18","0.501","44.090","11","44.596","26.8",,"34",,,,,,,,"38.2",,"34.2",,,,,,,,,,,,,,,,,
"1","수원","성인","일반","21","관리자","참가","20250226","M","167.6","85.4","19.9","83","50","107","48","49",,,"0",,,,,,"30.4","42",,,"229",,,,,,"57.4",,,"88","96","113",,"44.3",,,,,"0.322",,,,,,,
"1","성동","성인","일반","54","관리자","참가","20250226","F","165.5","58.6","25.2",,"84","140","21.3","22.8",,,"-0.5",,,,,,"21.4","28",,,,,,,,,"38.9",,,,,,,,"80","36.2",,,"0.342","0.415",,,,,,
"5","달서","성인","일반","21","관리자","3등급","20250226","M","180.3","79.5","20.2","90.5","97","156","44.3","42.2",,,"12",,,,,,"24.5","42","42",,,,,,,,"55.7",,"41.3",,,,,,,,,,"0.254","0.576",,,,,,
"4","창원마산회원","성인","일반","64","관리자","참가","20250226","M","174.2","73.7","21.7","94.5","61","110","37.2","48.1",,,"2.4",,,,,,"24.3","18",,,,,,,,,"65.3",,,,,,,,"125","33.5",,,"0.344","0.427",,,,,,
"1","KSPO송파별관(어르신)","어르신","일반","74","관리자","3등급","20250226","M","167.8","60.8","28.1",,"75","130","33.9","31.6",,,"1.5",,,,,,"21.6",,,,,"18",,"119","5.69","23.15","55.8",,,,,,,,,,,,,,,,,,,"33.9"
"3","마포","성인","일반","23","관리자","1등급","20250226","M","179.1","78.3","16.8","78","82","142","51.3","53.9",,,"20",,,,,,"24.4","57",,,"236",,,,,,"68.8",,,,,,,,"86","48.7",,,"0.335",,,,,,,
"4","마포","성인","일반","24","관리자","3등급","20250226","F","161.1","48.5","28.4","75","73","117","24.7","26",,,"11.6",,,,,,"18.7","26",,,"163",,,,,,"53.6",,,,,,,,"116","39.4",,,"0.362",,,,,,,
"1","춘천","성인","일반","29","관리자","참가","20250226","M","178","72.4","9.9","73.2","85","125","47.5","50.1",,,"-5.6",,,,,,"22.9","37","49",,"217",,,,,,"69.2",,"43.4",,,,,,,,,,"0.340",,,,,,,
"2","서대문","성인","일반","24","관리자","1등급","20250226","F","165.3","50.9","21.1",,"84","117","25.9","29.9",,,"19.7",,,,,,"18.6","38","30","11.60",,,,,,,"58.7",,"37.3",,,,,,,,,,,"0.544",,,,,,
"2","제주","성인","일반","41","관리자","3등급","20250226","M","176.7","80.7","18.9","88.6","93","148","40.1","44.4",,,"14.5",,,,,,"25.8","41",,,"220",,,,,,"55.0",,,,,,,,"124","38.0",,,"0.347",,,,,,,
"2","서대문","성인","일반","25","관리자","3등급","20250226","F","163.8","57.6","35.4",,"78","126","21.6","24.6",,,"20.0",,,,,,"21.5","23","20","13.08",,,,,,,"42.7",,"33.1",,,,,,,,,,,"0.404",,,,,,
"2","포천","성인","일반","57","관리자","참가","20250226","M","168.6","79.3","31.7","94","94","144","21.9","38.1",,,"4.2",,,,,,"27.9","26",,,,,,,,,"48.0",,,,,,,,"135","32.1",,,"0.421","0.376",,,,,,
"1","양평","성인","일반","21","관리자","참가","20250226","M","168.9","62.8","14.9",,"74","109","43.3","43.2",,,"-8.1",,,,,,"22.0","48",,,"217",,,,,,"68.9",,,,,,,,"130","45.4",,,"0.282",,,,,,,
"2","KSPO대구","성인","일반","25","관리자","2등급","20250226","F","165.2","56.5","31.7","64","75","117","25.7","25.8",,,"30.1",,,,,,"20.7","30",,,"145",,,,,,"45.7",,,,,,,,"116","37.7",,,"0.328",,,,,,,
"2","서대문","성인","일반","25","관리자","3등급","20250226","M","174.0","69.7","18.9",,"75","132","43.6","41.9",,,"9.0",,,,,,"23.0","46","62","9.99",,,,,,,"62.6",,"47.2",,,,,,,,,,,"0.576",,,,,,
"1","서대문","성인","일반","25","관리자","2등급","20250226","M","178.9","75.4","18.0",,"71","123","32","46.6",,,"14.9",,,,,,"23.6","61","62","10.18",,,,,,,"61.8",,"46.3",,,,,,,,,,,"0.592",,,,,,
"1","동작","성인","일반","27","관리자","참가","20250226","F","161.4","51.9","31.0","77","84","118","22","25.1",,,"31.5",,,,,,"19.9","20",,,"160",,,,,,"48.4",,,,,,,,"107","39.2",,,"0.25",,,,,,,
"1","동작","성인","일반","26","관리자","3등급","20250226","F","166.8","56.8","28.7","77.5","80","127","27.2","28.8",,,"12.1",,,,,,"20.4","34",,,,,,,,,"50.7",,,,,,,,"109","38.4",,,"0.307","0.477",,,,,,
"4","화성","성인","일반","19","관리자","참가","20250226","M","177.6","80.3","18.5",,"55","113","52","54",,,"6.8",,,,,,"25.5","40",,,,,,,,,"67.2",,,"100","114","134",,"43.8",,,,,"0.285","0.626",,,,,,
"4","KSPO송파","성인","일반","64","관리자","2등급","20250226","M","173.9","65.1","15.6",,"82","123","34.2","36",,,"11.6",,,,,,"21.5","36","22","13.03","187",,,,,,"55.3",,"35.4",,,,,,,,,,,,,,,,,
"3","KSPO광주","청소년","일반","18","관리자","참가","20250226","M","165","73.5","28.4","87.7","89","155","38.2","39.3",,"37","18.5","19.38","0.458","42.438","13","43.036","27.0",,"10",,,,,,,,"53.5",,"34.3",,,,,,,,,,,,,,,,,
"10","KSPO아산","성인","일반","52","관리자","2등급","20250226","F","163.9","56.8","26.5","79","59","98","27.3","30.2",,,"15.6",,,,,,"21.1","22",,"13","160",,,,,,"53.2",,,,,,,,"105","33.8",,,,,,,,,,
"3","KSPO아산","성인","일반","27","관리자","2등급","20250226","F","160.2","53.7","29.6","67","68","115","27.2","27.1",,,"21.6",,,,,,"20.9","40",,,"166",,,,,,"50.7",,,,,,,,"133","35.4",,,"0.311",,,,,,,
"1","오산","성인","일반","19","관리자","참가","20250226","M","166.9","55.6","11.2","71.3","66","110","42.2","46.3",,,"20.1",,,,,,"20.0","42","35",,"233",,,,,,"83.3",,"43.6",,,,,,,,,,"0.303",,,,,,,
"3","창원","성인","일반","44","관리자","2등급","20250226","M","183.2","87.1","15.1","85","99","159","52.1","55.5",,,"22.5",,,,,,"26.0","48",,"9.97","234",,,,,,"63.7",,,,,,,,"101","39.7",,,,,,,,,,
"9","화성","어르신","일반","75","관리자","2등급","20250226","F","148.6","75.2","52.2",,"70","158","20.9","26.5",,,"12.9",,,,,,"34.1",,,,,"22",,"96","5.06","19.91","35.2",,,,,,,,,,,,,,,,,,,"26.5"
"3","화성","성인","일반","64","관리자","2등급","20250226","F","157.5","52.6","25.2",,"67","139","22.1","24.6",,,"21",,,,,,"21.2","13",,,,,,,,,"46.8",,,"79","104","125",,"34.2",,,,,"0.411","0.353",,,,,,
"1","나주","성인","일반","64","관리자","참가","20250226","F","159.7","42.4","21.3","65.1","81","126","18.8","20.4",,,"1.9",,,,,,"16.6","0",,,"100",,,,,,"48.1",,,"110","153","179",,"30.6",,,,,"0.495",,,,,,,
"2","KSPO송파별관(어르신)","어르신","일반","66","관리자","3등급","20250226","M","167.7","87.5","35.7",,"73","148","39.8","43.1",,,"21.5",,,,,,"31.1",,,,,"28",,"113","5.39","20.13","49.3",,,,,,,,,,,,,,,,,,,"43.1"
"2","창원","성인","일반","26","관리자","참가","20250226","M","164.1","74.7","30.3","86","92","150","38.1","43.8",,,"14.5",,,,,,"27.7","43","27",,,,,,,,"58.6",,"38.4",,,,,,,,,,"0.313","0.452",,,,,,
"3","KSPO송파별관(어르신)","어르신","일반","67","관리자","3등급","20250226","M","172.2","69","24.8",,"78","152","37.8","38.9",,,"2.7",,,,,,"23.3",,,,,"35",,"124","4.55","16.8","56.4",,,,,,,,,,,,,,,,,,,"38.9"
"3","의정부","성인","일반","22","관리자","참가","20250226","F","155.3","59","35.2","83.9","94","162","20.3","26",,,"16",,,,,,"24.5","53","17",,"165",,,,,,"44.1",,"31.9",,,,,,,,,,"0.425",,,,,,,
"1","안산","성인","일반","22","관리자","3등급","20250226","F","157.3","50.1","26.2","61","66","104","24.7","23.1",,,"17.8",,,,,,"20.2","24",,,,,,,,,"49.3",,,"102","135","154",,"39.0",,,,,"0.366","0.450",,,,,,
"1","안산","성인","일반","31","관리자","참가","20250226","M","175","89","30.5","90","58","110","47.7","50.9",,,"15.4",,,,,,"29.1","35",,,,,,,,,"57.2",,,"93","125","145","165","38.6",,,,,"0.364","0.524",,,,,,
"1","시흥","성인","일반","26","관리자","참가","20250226","M","176.6","101.8","35","109","99","159","34.3","37.8",,,"1.2",,,,,,"32.6","12",,,,,,,,,"37.1",,,,,,,,"145","33.9",,,"0.361","0.452",,,,,,
"5","포항","성인","출장","52","관리자","참가","20250226","M","177.2","87.8","20.5",,"78","139","47.4","41.8",,,"7.6",,,,,,"28.0","32",,,,,,,,,"54.0",,,,,,,,"119","34.5",,,"0.325","0.452",,,,,,
"2","사상","성인","일반","24","관리자","2등급","20250226","F","167.1","50.2","22.9","61","68","116","23.6","25.4",,,"20.5",,,,,,"18.0","30",,,"162",,,,,,"50.6",,,"79","110","135",,"41.6",,,,,"0.368",,,,,,,
"5","KSPO송파","성인","일반","32","관리자","2등급","20250226","F","162.2","50.9","28","80","59","112","21.3","25",,,"19.8",,,,,,"19.3","40",,,"157",,,,,,"49.1",,,,,,,,"118","37.2",,,"0.334",,,,,,,
"3","포항","성인","출장","54","관리자","3등급","20250226","M","176.5","75.5","26.6",,"75","135","43.1","40.6",,,"5.6",,,,,,"24.2","29",,,,,,,,,"57.1",,,,,,,,"122","36.2",,,"0.376","0.440",,,,,,
"1","KSPO송파","성인","일반","26","관리자","2등급","20250226","F","170.7","59.5","22.1","72","78","124","33.2","33.4",,,"19.3",,,,,,"20.4","27",,,"177",,,,,,"56.1",,,,,,,,"141","34.2",,,"0.345",,,,,,,
"5","성남","성인","일반","23","관리자","1등급","20250226","F","157.4","57.7","18.3",,"55","98","38.3","35.4",,,"26.3",,,,,,"23.3","46",,,,,,,,,"66.4",,,,,,,,"91","40.1",,,"0.329","0.588",,,,,,
"2","증평","청소년","일반","17","관리자","2등급","20250226","M","172.7","72.0","20.2","87.4","63","114","39","45.6",,"51","11.8","18.1","0.587","58.987","6","59.263","24.1",,,,,,,,,,"63.3",,,"76","100","128",,"46.4",,,,,,,,,,,,
"12","성남","성인","일반","46","관리자","1등급","20250226","F","168","58","21.2",,"80","120","32","33.5",,,"21.6",,,,,,"20.5","51",,,,,,,,,"57.8",,,,,,,,"110","34.4",,,"0.334","0.534",,,,,,
"2","성남","성인","일반","26","관리자","2등급","20250226","M","167.4","76.2","20.3",,"71","122","42.9","51.8",,,"19.9",,,,,,"27.2","51",,,,,,,,,"68.0",,,,,,,,"107","44.4",,,"0.348","0.600",,,,,,
"1","포항","성인","출장","28","관리자","참가","20250226","M","170.2","80","34.7",,"79","139","41.6","37.5",,,"-1.8",,,,,,"27.6","32",,,,,,,,,"52.0",,,,,,,,"136","39.1",,,"0.339","0.501",,,,,,
"1","사상","성인","일반","26","관리자","2등급","20250226","M","173.2","84.2","27.2","79","82","136","50.6","52.6",,,"22.6",,,,,,"28.1","53","44",,"227",,,,,,"62.5",,"40.8",,,,,,,,,,"0.316",,,,,,,
"2","포항","성인","출장","42","관리자","참가","20250226","M","179.4","75.5","19.5",,"89","150","34.6","40.6",,,"-13.5",,,,,,"23.5","38",,,,,,,,,"53.8",,,,,,,,"117","40.1",,,"0.306","0.502",,,,,,
"2","KSPO대구","성인","일반","22","관리자","3등급","20250226","F","167.8","58.6","31.3","72","87","136","24","27.8",,,"10.9",,,,,,"20.8","27",,,"157",,,,,,"47.4",,,,,,,,"100","39.9",,,"0.419",,,,,,,
"1","KSPO대구","성인","일반","22","관리자","3등급","20250226","F","167.4","49.5","31.7","61","67","114","22.9","28.3",,,"17.6",,,,,,"17.7","28",,,"163",,,,,,"57.2",,,,,,,,"145","36.6",,,"0.364",,,,,,,
"2","중구(서울)","어르신","일반","72","관리자","1등급","20250226","M","165.3","70.2","24.3","88.8","86","148","35.9","38.1",,,"14.4",,,,,,"25.7",,,,,"31",,"123","4.9","19.5","54.3",,,,,,,,,,,,,,,,,,,"38.1"
"2","중구(서울)","어르신","일반","68","관리자","참가","20250226","M","175.4","73.4","22.1","92.3","94","158","39.1","42.5",,,"3.7",,,,,,"23.9",,,,,"14",,"107","5.3","21","57.9",,,,,,,,,,,,,,,,,,,"42.5"
"1","포항","성인","출장","40","관리자","참가","20250226","M","173.7","80.2","33.4",,"85","148","37.9","40.4",,,"7.8",,,,,,"26.6","34",,,,,,,,,"50.4",,,,,,,,"123","38.2",,,"0.305","0.489",,,,,,
"1","포항","성인","출장","39","관리자","참가","20250226","M","170.4","103.1","41.4",,"90","157","40","42.6",,,"-1.7",,,,,,"35.5","13",,,,,,,,,"41.3",,,,,,,,"123","33.2",,,"0.321","0.489",,,,,,
"3","동구(광주)","어르신","일반","79","관리자","3등급","20250226","F","152.3","52.3","38.2","76","71","120","18.5","21",,,"16.8",,,,,,"22.5",,,,,"14",,"115","5.3","23.22","40.2",,,,,,,,,,,,,,,,,,,"21.0"
"1","동구(광주)","어르신","일반","66","관리자","3등급","20250226","M","159.4","51.3","23.7","73.5","69","98","29.9","33.2",,,"12.1",,,,,,"20.2",,,,,"21",,"97","5.21","22.03","64.7",,,,,,,,,,,,,,,,,,,"33.2"
"1","포항","성인","출장","43","관리자","참가","20250226","F","157.7","47.9","31.5",,"85","143","21","17.4",,,"9.8",,,,,,"19.3","22",,,,,,,,,"43.8",,,,,,,,"88","39.2",,,"0.299","0.427",,,,,,
"6","동구(광주)","어르신","일반","66","관리자","참가","20250226","F","154","52.5","41.8","80","56","109","17.2","17.9",,,"3.1",,,,,,"22.1",,,,,"32",,"120","5.54","23.55","34.1",,,,,,,,,,,,,,,,,,,"17.9"
"1","동구(광주)","어르신","일반","66","관리자","참가","20250226","F","157.3","64","37.5","83","67","123","24.3","25.3",,,"15",,,,,,"25.9",,,,,"15",,"107","6.18","25.97","39.5",,,,,,,,,,,,,,,,,,,"25.3"
"1","포항","성인","출장","41","관리자","참가","20250226","F","158.8","55.1","32.5",,"70","118","24.5","31.1",,,"-2.5",,,,,,"21.8","20",,,,,,,,,"56.4",,,,,,,,"107","35.5",,,"0.402","0.415",,,,,,
"2","동구(광주)","어르신","일반","76","관리자","3등급","20250226","F","160.7","62.5","32.5","86","78","142","18.1","21",,,"8.8",,,,,,"24.2",,,,,"13",,"102","5.5","31.08","33.6",,,,,,,,,,,,,,,,,,,"21.0"
"2","사천","성인","일반","46","관리자","참가","20250226","F","149.6","72.7","40","98.8","78","143","30.5","33.5",,,"10",,,,,,"32.5","25",,,,,,,,,"46.1",,,,,,,,"108","29.3",,,"0.291","0.464",,,,,,
"1","포항","성인","출장","27","관리자","참가","20250226","F","167.4","56.4","28",,"64","103","25.4","26.8",,,"23.5",,,,,,"20.1","20",,,,,,,,,"47.5",,,,,,,,"114","37.8",,,"0.434","0.477",,,,,,
"1","포항","성인","출장","50","관리자","참가","20250226","M","174.5","74","26",,"93","158","37.6","51.3",,,"-9.4",,,,,,"24.3","21",,,,,,,,,"69.3",,,,,,,,"111","39.0",,,"0.235","0.464",,,,,,
"1","동구(광주)","어르신","일반","76","관리자","3등급","20250226","F","156","65.8","45.9","83","56","119","17.5","19.9",,,"11.2",,,,,,"27.0",,,,,"14",,"189","7","31.93","30.2",,,,,,,,,,,,,,,,,,,"19.9"
"2","동구(광주)","어르신","일반","74","관리자","1등급","20250226","F","147.6","49.1","38.6","76","72","132","19.4","19.8",,,"20.4",,,,,,"22.5",,,,,"25",,"123","4.6","22.78","40.3",,,,,,,,,,,,,,,,,,,"19.8"
"1","동구(광주)","성인","일반","63","관리자","3등급","20250226","F","152.2","50.6","38.3","70","86","125","17.3","17.8",,,"18.2",,,,,,"21.8","12",,,"92",,,,,,"35.2",,,,,,,,"102","32.6",,,"0.438",,,,,,,
"1","포항","성인","출장","44","관리자","3등급","20250226","M","182.4","83.7","23.7",,"77","143","53.6","53.6",,,"7.5",,,,,,"25.2","49",,,,,,,,,"64.0",,,,,,,,"113","38.6",,,"0.235","0.782",,,,,,
"2","동구(광주)","어르신","일반","71","관리자","3등급","20250226","F","154.3","51.5","31.3","77","74","130","17.3","16.4",,,"16.8",,,,,,"21.6",,,,,"18",,"122","5.44","26.83","33.6",,,,,,,,,,,,,,,,,,,"17.3"
"4","포항","성인","출장","45","관리자","참가","20250226","M","177.5","79.9","22.9",,"67","131","54.8","54.9",,,"-6.4",,,,,,"25.4","30",,,,,,,,,"68.7",,,,,,,,"94","41.6",,,"0.288","0.539",,,,,,
"3","동구(광주)","성인","일반","64","관리자","2등급","20250226","F","155.4","49.7","29.5","70.5","62","102","21.2","23.5",,,"17.3",,,,,,"20.6","20",,,"116",,,,,,"47.3",,,,,,,,"122","30.5",,,"0.395",,,,,,,
"1","포항","성인","출장","47","관리자","참가","20250226","M","171.4","76.9","23.6",,"86","150","44.5","40.4",,,"1.5",,,,,,"26.2","27",,,,,,,,,"57.9",,,,,,,,"109","39.1",,,"0.412","0.576",,,,,,
"1","포항","성인","출장","26","관리자","참가","20250226","F","158.5","51.4","34",,"63","101","20","25.9",,,"-11.8",,,,,,"20.5","21",,,,,,,,,"50.4",,,,,,,,"128","36.6",,,"0.266","0.402",,,,,,
"1","포항","성인","출장","26","관리자","참가","20250226","M","182.5","89.3","25.8",,"95","157","45","49.6",,,"-15.5",,,,,,"26.8","31",,,,,,,,,"55.5",,,,,,,,"131","39.2",,,"0.296","0.576",,,,,,
"4","포항","성인","출장","45","관리자","참가","20250226","M","174.3","67","19.2",,"90","148","39.7","34.6",,,"6.4",,,,,,"22.1","24",,,,,,,,,"59.3",,,,,,,,"141","37.3",,,"0.256","0.552",,,,,,
"1","포항","성인","출장","30","관리자","참가","20250226","M","169.7","74.4","29.4",,"84","148","31.7","42.6",,,"-12.5",,,,,,"25.8","30",,,,,,,,,"57.3",,,,,,,,"138","39.5",,,"0.262","0.514",,,,,,
"1","포항","성인","출장","33","관리자","참가","20250226","M","182.5","100.8","32.9",,"92","144","48.4","53",,,"12.6",,,,,,"30.3","35",,,,,,,,,"52.6",,,,,,,,"129","35.2",,,"0.404","0.539",,,,,,
"1","포항","성인","출장","43","관리자","3등급","20250226","M","170.6","71.4","28.7",,"92","136","36.9","44.7",,,"10.5",,,,,,"24.5","35",,,,,,,,,"62.6",,,,,,,,"133","37.8",,,"0.309","0.477",,,,,,
"1","포항","성인","출장","28","관리자","참가","20250226","M","179.4","92.6","34.2",,"99","159","47.6","52.6",,,"-4.5",,,,,,"28.8","20",,,,,,,,,"56.8",,,,,,,,"133","37.4",,,"0.388","0.539",,,,,,
"1","포항","성인","출장","30","관리자","참가","20250226","F","163","54.6","30.2",,"84","137","23.7","27.7",,,"1.5",,,,,,"20.6","33",,,,,,,,,"50.7",,,,,,,,"145","33.5",,,"0.249","0.427",,,,,,
"2","동구(인천)","성인","일반","23","관리자","3등급","20250226","F","170","61.4","28.4",,"75","114","25.6","31.6",,,"30.5",,,,,,"21.2","41",,,"169",,,,,,"51.5",,,,,,,,"141","34.3",,,"0.345",,,,,,,
"1","포항","성인","출장","40","관리자","참가","20250226","M","179.2","80.2","21",,"98","159","47.9","51.6",,,"-16",,,,,,"25.0","26",,,,,,,,,"64.3",,,,,,,,"132","37.3",,,"0.263","0.539",,,,,,
"1","포항","성인","출장","42","관리자","참가","20250226","M","176.2","73.4","18.8",,"83","135","52.3","57.1",,,"2.5",,,,,,"23.6","29",,,,,,,,,"77.8",,,,,,,,"127","38.9",,,"0.233","0.563",,,,,,
"3","포항","성인","출장","57","관리자","참가","20250226","M","174","67.5","23.3",,"64","113","41.6","41.2",,,"1.1",,,,,,"22.3","35",,,,,,,,,"61.6",,,,,,,,"112","38.5",,,"0.272","0.452",,,,,,
"1","중구(서울)","성인","일반","25","관리자","2등급","20250226","F","168.7","49","19.9","66","71","116","21.3","23.1",,,"23.5",,,,,,"17.2","32",,,,,,,,,"47.1",,,,,,,,"131","38.0",,,"0.326","0.524",,,,,,
"1","중구(서울)","성인","일반","54","관리자","참가","20250226","F","159.8","53.1","31.7","84","88","152","22.1","19.4",,,"10.1",,,,,,"20.8","24",,,,,,,,,"41.6",,,,,,,,"115","32.8",,,"0.378","0.369",,,,,,
"7","청주","어르신","일반","65","관리자","참가","20250226","F","153.4","61.5","38.1","85.4","54","112","21.2","22.3",,,"5.1",,,,,,"26.1",,,,,"18",,"105","4.84","21.81","36.3",,,,,,,,,,,,,,,,,,,"22.3"
"1","동구(인천)","성인","일반","31","관리자","3등급","20250226","M","171.2","72.5","18.5",,"81","124","32.8","50.5",,,"13.6",,,,,,"24.7","37",,"10.68","224",,,,,,"69.7",,,,,,,,"99","45.5",,,,,,,,,,
"2","동구(인천)","성인","일반","43","관리자","참가","20250226","F","164.2","63.9","31.7",,"84","130","21.9","26.3",,,"18.8",,,,,,"23.7","27",,,"135",,,,,,"41.2",,,"97","140","172",,"29.7",,,,,"0.358",,,,,,,
"4","청주","성인","일반","48","관리자","참가","20250226","F","167.4","55.9","23.2","72.7","68","127","24.1","30",,,"22.5",,,,,,"19.9","10",,,"162",,,,,,"53.7",,,,,,,,"107","34.9",,,"0.378",,,,,,,
"1","청주","성인","일반","48","관리자","참가","20250226","F","161.6","60.7","28.9","79.2","78","151","26.4","31.5",,,"10.3",,,,,,"23.2","27",,,"145",,,,,,"51.9",,,,,,,,"127","30.7",,,"0.391",,,,,,,
"7","청주","성인","일반","51","관리자","2등급","20250226","F","163","58.3","30","77.9","90","143","32.8","33.4",,,"22.1",,,,,,"21.9","24",,,"151",,,,,,"57.3",,,,,,,,"120","31.7",,,"0.322",,,,,,,
"1","청주","성인","일반","62","관리자","참가","20250226","M","168.4","75.9","30.8","91.3","72","126","33.9","40.7",,,"4.2",,,,,,"26.8","16",,,"131",,,,,,"53.6",,,,,,,,"113","34.9",,,"0.311",,,,,,,
"7","청주","성인","일반","64","관리자","1등급","20250226","F","158.1","55.5","31.3","74.6","60","114","23.5","25.2",,,"23.6",,,,,,"22.2","32",,,"142",,,,,,"45.4",,,,,,,,"71","35.5",,,"0.399",,,,,,,
"1","청주","성인","일반","59","관리자","참가","20250226","F","156.8","54.3","32.3","78.1","81","124","25.1","23.9",,,"17.6",,,,,,"22.1","0",,,"103",,,,,,"46.2",,,,,,,,"101","33.0",,,"0.411",,,,,,,
"2","계룡","성인","일반","27","관리자","3등급","20250226","M","172.7","71","22.6",,"91","147","38.1","40.5",,,"20.7",,,,,,"23.8","40","41",,"186",,,,,,"57.0",,"42.0",,,,,,,,,,"0.302",,,,,,,
"6","동구(인천)","성인","일반","20","관리자","참가","20250226","F","172","58.6","30",,"73","124","17.7","24.6",,,"9.1",,,,,,"19.8","24",,,,,,,,,"42.0",,,,,,,,"147","35.0",,,"0.359","0.337",,,,,,
"3","성남","어르신","일반","89","관리자","참가","20250226","M","171.8","70.0","23.3",,"58","119","26.8","31.2",,,"-10.5",,,,,,"23.7",,,,,"17",,"103","5.30","25.34","44.6",,,,,,,,,,,,,,,,,,,"31.2"
"1","화성","성인","일반","34","관리자","참가","20250226","M","172.3","71","24.5",,"99","137","43","49.5",,,"2.4",,,,,,"23.9","42","33",,"213",,,,,,"69.7",,"39.6",,,,,,,,,,"0.392",,,,,,,
"2","화성","어르신","일반","66","관리자","3등급","20250226","M","167","64","21.2",,"78","132","43.4","44.5",,,"6.4",,,,,,"22.9",,,,,"31",,"131","3.75","15.9","69.5",,,,,,,,,,,,,,,,,,,"44.5"
"4","화성","성인","일반","23","관리자","2등급","20250226","F","168.9","50.3","21.6",,"80","137","29","25.9",,,"19.2",,,,,,"17.6","39",,,"160",,,,,,"57.7",,,"89","116","152",,"38.9",,,,,"0.344",,,,,,,
"2","목포","성인","일반","23","관리자","2등급","20250226","F","167.8","55.9","23.4","78.7","83","127","32.2","27.2",,,"17",,,,,,"19.9","38",,,"170",,,,,,"57.6",,,,,,,,"112","38.9",,,"0.311",,,,,,,
"5","창원","성인","일반","51","관리자","2등급","20250226","F","151.7","58.2","31","75","82","140","30.1","30.3",,,"19.7",,,,,,"25.3","36",,"11.56","152",,,,,,"52.1",,,,,,,,"120","30.7",,,,,,,,,,
"1","청주","성인","일반","59","관리자","참가","20250226","F","161.2","60.2","32.8","82.3","67","120","27","27.7",,,"5.2",,,,,,"23.2","0",,,"88",,,,,,"46.0",,,,,,,,"129","28.5",,,"0.468",,,,,,,
"1","KSPO송파별관(어르신)","어르신","일반","75","관리자","3등급","20250226","M","172.6","71.7","23.7",,"99","149","34.3","41.5",,,"-1",,,,,,"24.1",,,,,"23",,"144","4.79","17.30","57.9",,,,,,,,,,,,,,,,,,,"41.5"
"5","창원마산회원","성인","일반","59","관리자","3등급","20250226","M","163.6","65.2","25.7","84","63","117","40","38.5",,,"7.4",,,,,,"24.4","24",,,"170",,,,,,"61.3",,,,,,,,"130","35.1",,,"0.390",,,,,,,
"4","KSPO송파별관(어르신)","어르신","일반","65","관리자","참가","20250226","M","162","61.1","21.5",,"58","137","29.4","35.1",,,"-4",,,,,,"23.3",,,,,"24",,"121","5.04","20.11","57.4",,,,,,,,,,,,,,,,,,,"35.1"
"7","제주","청소년","일반","18","관리자","참가","20250226","M","174.1","69.4","19.5","83.9","65","140","27.3","20.6",,"50","-11.8","21.85","0.415","54.631","5","54.861","22.9",,"23",,,,,,,,"39.3",,"39.0",,,,,,,,,,,,,,,,,
"4","보은","어르신","일반","68","관리자","3등급","20250226","M","163.1","81.9","32.6",,"79","143","37.1","37.4",,,"8.1",,,,,,"30.8",,,,,"27",,"142","5.38","24.13","45.7",,,,,,,,,,,,,,,,,,,"37.4"
"11","창원","성인","일반","53","관리자","3등급","20250226","F","158.8","62.7","34.1","76","83","149","27.7","30",,,"16.5",,,,,,"24.9","23",,"13.59","140",,,,,,"47.8",,,"120","130","155",,"29.1",,,,,,,,,,,,
"1","충주","성인","일반","22","관리자","3등급","20250226","F","164.1","47.7","23.9","68","61","116","24.6","26.9",,,"18.3",,,,,,"17.7","39","20",,"168",,,,,,"56.4",,"34.8",,,,,,,,,,"0.344",,,,,,,
"1","제주","성인","일반","29","관리자","참가","20250226","F","163.3","64.5","40.3","91.1","84","117","21.4","25.3",,,"4",,,,,,"24.2","9",,,,,,,,,"39.2",,,"95","123","151",,"34.3",,,,,"0.431","0.368",,,,,,
"5","나주","어르신","일반","68","관리자","2등급","20250226","M","172","62.3","13.2","74.3","80","140","42.6","41.6",,,"11.1",,,,,,"21.1",,,,,"27",,"147","3.92","16.39","68.4",,,,,,,,,,,,,,,,,,,"42.6"
"1","나주","어르신","일반","69","관리자","참가","20250226","M","167.1","68","26.3","87.4","71","102","40","38.9",,,"5.5",,,,,,"24.4",,,,,"27",,"94","4.82","20.45","58.8",,,,,,,,,,,,,,,,,,,"40.0"
"1","동구(광주)","어르신","일반","68","관리자","참가","20250226","M","170.5","69.1","27.1","89","76","134","37.7","36.5",,,"-4.5",,,,,,"23.8",,,,,"15",,"100","6.38","27.23","54.6",,,,,,,,,,,,,,,,,,,"37.7"
"3","양평","성인","일반","61","관리자","3등급","20250226","M","166.7","65.8","24",,"93","138","36.8","40",,,"6.6",,,,,,"23.7","25","16",,,,,,,,"60.8",,"34.3",,,,,,,,,,"0.340","0.496",,,,,,
"1","광주","성인","일반","26","관리자","참가","20250226","M","169.9","67.1","20",,"95","131","41","47.5",,,"18.1",,,,,,"23.2","36",,,,,,,,,"70.8",,,,,,,,"123","44.3",,,"0.344","0.496",,,,,,
"1","광주","성인","일반","56","관리자","참가","20250226","F","152.7","58.9","30.6",,"77","147","19.5","20.6",,,"21.6",,,,,,"25.3","12",,,"127",,,,,,"35.0",,,,,,,,"120","29.7",,,"0.474",,,,,,,
"1","화성","어르신","일반","80","관리자","2등급","20250226","M","157.5","72","28.9",,"67","126","30.4","34.5",,,"3.6",,,,,,"29.0",,,,,"27",,"96","5.06","21.63","47.9",,,,,,,,,,,,,,,,,,,"34.5"
"1","KSPO광주","성인","일반","22","관리자","참가","20250226","F","169.1","55.7","22.1","60.5","68","122","27.6","28.6",,,"22",,,,,,"19.5","12",,,"154",,,,,,"51.3",,,,,,,,"117","38.7",,,"0.377",,,,,,,
"2","삼척","성인","일반","22","관리자","3등급","20250226","F","167.7","62.4","28.7",,"65","104","26.1","29.8",,,"11.6",,,,,,"22.2","37",,,"170",,,,,,"47.8",,,"57","125","163",,"35.8",,,,,"0.346",,,,,,,
"1","KSPO아산","성인","일반","25","관리자","1등급","20250226","F","161.9","51.1","30","72","90","139","24.8","31.2",,,"20.6",,,,,,"19.5","43",,,,,,,,,"61.1",,,"103","119","146",,"38.6",,,,,"0.302","0.495",,,,,,
"1","부천","성인","일반","23","관리자","3등급","20250226","F","161.2","50.0","27.7",,"64","112","22.1","25.8",,,"25.2",,,,,,"19.2","29",,,,,,,,,"51.6",,,,,,,,"105","40.6",,,"0.312","0.403",,,,,,
"4","북구(광주)","성인","일반","25","관리자","3등급","20250226","M","167.0","48.4","12.0","71.8","74","110","27.6","34.4",,,"20.4",,,,,,"17.4","39",,"11.66",,,,,,,"71.1",,,,,,,,"127","47.9",,,,"0.514",,,,,,
"2","부천","성인","일반","40","관리자","참가","20250226","M","170.2","78.3","27.0",,"59","106","33.6","41.3",,,"11.7",,,,,,"27.0","27",,,,,,,,,"52.7",,,"86","119","132","169","39.2",,,,,"0.366","0.440",,,,,,
"1","포천","유아기","일반","54","관리자","참가","20250226","F","107.7","17.5",,,,,"3.5","5","3",,"6.9",,,,,,"15.1",,"17",,"89",,,,,,"28.6",,,,,,,,,,,,,,,,,"9.97","31.03",
"5","수원","어르신","일반","73","관리자","2등급","20250226","F","152.2","63","38","91","87","155","23.1","24.9",,,"18.4",,,,,,"27.2",,,,,"20",,"118","5.2","24.4","39.5",,,,,,,,,,,,,,,,,,,"24.9"
"1","군산","성인","일반","60","관리자","참가","20250226","F","158","66.8","36.4","90","96","136","19.4","20.7",,,"18.4",,,,,,"26.8","14",,,,,,,,,"31.0",,,"96","114","128",,"31.1",,,,,"0.468","0.333",,,,,,
"2","곡성","성인","일반","57","관리자","2등급","20250226","M","173.9","75.9","23.5","92.4","99","155","41.2","48.7",,,"28.4",,,,,,"25.1","42","29","11.71","198",,,,,,"64.2",,"36.0",,,,,,,,,,,,,,,,,
"1","구미","청소년","일반","18","관리자","2등급","20250226","M","175.4","62.5","14.9","75.2","83","122","42.3","48.2",,"47","16","18.34","0.581","46.459","13","47.057","20.3",,,,,,,,,,"77.1",,,"71","97","118",,"51.4",,,,,,,,,,,,
"2","KSPO송파","성인","일반","37","관리자","참가","20250226","M","174.1","82.4","18.2","93.4","96","134","36.5","41.7",,,"6",,,,,,"27.2","61",,"10.19",,,,,,,"50.6",,,,,,,,"114","39.8",,,,"0.626",,,,,,
"2","KSPO송파","성인","일반","37","관리자","3등급","20250226","M","177.2","78","23.5","90","62","112","34","40",,,"13.9",,,,,,"24.8","49",,"10.09",,,,,,,"51.3",,,,,,,,"86","45.2",,,,"0.614",,,,,,
"2","보은","어르신","일반","65","관리자","참가","20250226","F","156.1","70.9","42.3",,"90","159","17.7","19.4",,,"9.3",,,,,,"29.1",,,,,"25",,"138","4.84","21.53","27.4",,,,,,,,,,,,,,,,,,,"19.4"
"1","원주","성인","일반","21","관리자","참가","20250226","F","164","61.7","34.6","75","66","120","32.1","33.6",,,"5.6",,,,,,"22.9","35",,,"175",,,,,,"54.5",,,,,,,,"130","35.3",,,"0.330",,,,,,,
"2","보은","어르신","일반","69","관리자","참가","20250226","M","169.4","74.2","28.6",,"88","152","35.8","34.8",,,"-2.9",,,,,,"25.9",,,,,"29",,"140","4.94","22.34","48.2",,,,,,,,,,,,,,,,,,,"35.8"
"1","KSPO대구","성인","일반","19","관리자","참가","20250226","M","177.8","71.6","32.8","80","76","128","42.3","48.2",,,"0.5",,,,,,"22.6","51","55","10","239",,,,,,"67.3",,"45.7",,,,,,,,,,,,,,,,,
"1","구미","성인","일반","33","관리자","참가","20250226","M","177.1","81.7","20.1","87.3","88","146","39.9","40.7",,,"6.9",,,,,,"26.0","50",,,,,,,,,"49.8",,,,,,,,"90","44.7",,,"0.367","0.636",,,,,,
"1","구미","성인","일반","36","관리자","참가","20250226","M","183.5","88.5","22.9","94","85","133","48.2","51",,,"22.9",,,,,,"26.3","31",,,,,,,,,"57.6",,,,,,,,"99","41.7",,,"0.385","0.578",,,,,,
"4","성동","성인","일반","49","관리자","참가","20250226","F","162","61.9","31.6",,"69","118","26.7","25.5",,,,,,,,,"23.6","0",,,,,,,,,"43.1",,,,,,,,"107","32.7",,,"0.359","0.39",,,,,,
"5","성동","성인","일반","56","관리자","참가","20250226","F","151.5","55.7","37.8",,"71","114","21.8","23.6",,,,,,,,,"24.3","0",,,,,,,,,"42.4",,,,,,,,"80","35.2",,,"0.322","0.366",,,,,,
"2","북구(광주)","성인","일반","25","관리자","3등급","20250226","M","176.9","74.9","20.6","82.6","67","134","40.8","41.0",,,"8.7",,,,,,"23.9","40",,,,,,,,,"54.7",,,"102","126","144","169","43.2",,,,,"0.382","0.570",,,,,,
"1","창원","성인","일반","26","관리자","1등급","20250226","F","155.6","53.4","25","69","65","116","30.7","35.7",,,"24.1",,,,,,"22.1","40","29",,"194",,,,,,"66.9",,"36.3",,,,,,,,,,"0.331",,,,,,,
"2","미추홀","성인","일반","29","관리자","2등급","20250226","M","174.6","69.5","18","76.8","82","139","37.1","45.7",,,"16.9",,,,,,"22.8","47",,"10.65","184",,,,,,"65.8",,,,,,,,"114","44.7",,,,,,,,,,
"1","KSPO광주","성인","일반","48","관리자","참가","20250226","F","168.8","62.9","35.2","82.8","68","101","20.5","24.3",,,"16.2",,,,,,"22.1","5",,,"106",,,,,,"38.6",,,"99","135","151",,"32.9",,,,,"0.443",,,,,,,
"2","청주","청소년","일반","18","관리자","3등급","20250226","F","163.3","54.3","33.7","76.9","72","106","24.7","27.9","22",,"11.3","20","0.476","35.628","19","36.502","20.4",,"21",,,,,,,,"51.4",,"35.0",,,,,,,,,,,,,,,,,
"1","성동","성인","일반","57","관리자","참가","20250226","F","159.2","60.2","32",,"86","119","23.7","25.4",,,"9.8",,,,,,"23.8","22",,,,,,,,,"42.2",,,,,,,,"105","31.6",,,"0.321","0.452",,,,,,
"15","진천","성인","일반","22","관리자","3등급","20250226","F","158.9","60.1","36.3","72.6","77","132","23.2","20",,,"23.8",,,,,,"23.8","38",,,,,,,,,"38.6",,,,,,,,"104","38.2",,,"0.355","0.452",,,,,,
"1","성동","성인","일반","57","관리자","3등급","20250226","F","162.3","50.6","25.1",,"56","98","21.6","19.2",,,"12.3",,,,,,"19.2","24",,,,,,,,,"42.7",,,,,,,,"104","34.4",,,"0.265","0.415",,,,,,
"1","수원","성인","일반","35","관리자","3등급","20250226","M","171.4","69.9","14.9","89","74","116","36.2","37.7",,,"6.6",,,,,,"23.8","43",,,,,,,,,"53.9",,,,,,,,"104","44.4",,,"0.328","0.508",,,,,,
"2","수원","성인","일반","51","관리자","참가","20250226","F","158","58.4","36.1","78","95","148","24.6","23.9",,,"10.5",,,,,,"23.4","30",,,"131",,,,,,"42.1",,,,,,,,"119","31.3",,,"0.443",,,,,,,
"1","KSPO송파별관(어르신)","어르신","일반","67","관리자","참가","20250226","M","168","78.3","39",,"75","105","27.9","32",,,"1",,,,,,"27.7",,,,,"16",,"104","5.78","25","40.9",,,,,,,,,,,,,,,,,,,"32.0"
"8","춘천","어르신","일반","68","관리자","1등급","20250226","M","160","62.5","31.3","87.3","70","142","41.6","30.3",,,"11.5",,,,,,"24.4",,,,,"33",,"128","4.84","19.31","66.6",,,,,,,,,,,,,,,,,,,"41.6"
"9","KSPO송파별관(어르신)","어르신","일반","69","관리자","3등급","20250226","M","167.3","67.4","29.1",,"70","154","27.4","32.3",,,"11.5",,,,,,"24.1",,,,,"26",,"130","5.08","19","47.9",,,,,,,,,,,,,,,,,,,"32.3"
"1","사천","성인","일반","50","관리자","참가","20250226","M","169.4","79.9","33.8","102.1","84","145","38.6","39.9",,,"16.4",,,,,,"27.8","32",,,,,,,,,"49.9",,,,,,,,"127","34.9",,,"0.312","0.502",,,,,,
"5","포천","어르신","일반","71","관리자","3등급","20250226","M","175.7","80.4","26.9","99","86","139","35.1","41.6",,,"4.2",,,,,,"26.0",,,,,"22",,"120","4.85","21.00","51.7",,,,,,,,,,,,,,,,,,,"41.6"
"9","KSPO아산","성인","일반","47","관리자","3등급","20250226","M","173.4","65.6","16.4","83","84","140","41","44.4",,,"7.3",,,,,,"21.8","46","41",,,,,,,,"67.7",,"41.2",,,,,,,,,,"0.360","0.528",,,,,,
"2","마포","성인","일반","24","관리자","참가","20250226","F","165","59.4","30.9",,"61","110","25.5","29.4",,,"3.6",,,,,,"21.8","21",,,"115",,,,,,"49.5",,,,,,,,"125","36.0",,,"0.365",,,,,,,
"1","KSPO송파","성인","일반","28","관리자","3등급","20250226","M","176","81.7","22.9","82.5","85","133","41.1","45.5",,,"5.7",,,,,,"26.4","50",,,"228",,,,,,"55.7",,,,,,,,"116","42.1",,,"0.314",,,,,,,
"2","KSPO광주","성인","일반","20","관리자","참가","20250226","M","177.8","81.7","15","87.5","80","135","59.3","61.2",,,"18.5",,,,,,"25.8","36",,,"220",,,,,,"74.9",,,,,,,,"102","46.2",,,"0.377",,,,,,,
"1","KSPO아산","성인","일반","23","관리자","참가","20250226","F","166.3","52.9","32.3","72","76","113","21.3","19.3",,,"9",,,,,,"19.1","20",,"14.8","150",,,,,,"40.3",,,,,,,,"141","36.0",,,,,,,,,,
"1","수원","성인","일반","53","관리자","2등급","20250226","M","169.2","69.4","23.8","83","78","122","41.2","44.8",,,"10.7",,,,,,"24.2","50","31","11.5","193",,,,,,"64.6",,"37.9",,,,,,,,,,,,,,,,,
"3","미추홀","어르신","일반","68","관리자","2등급","20250226","M","166.2","68.3","29.4","91","89","133","31.2","34.9",,,"12.9",,,,,,"24.7",,,,,"29",,"110","5.4","23.2","51.1",,,,,,,,,,,,,,,,,,,"34.9"
"1","부천","어르신","일반","65","관리자","참가","20250226","M","171.4","75.8","24.8",,"81","142","31.9","37.1",,,"-2.1",,,,,,"25.8",,,,,"23",,"119","4.65","21.34","48.9",,,,,,,,,,,,,,,,,,,"37.1"
"3","원주","성인","일반","22","관리자","3등급","20250226","M","168.2","70.3","19.2","79.5","78","126","42.5","46.4",,,"18",,,,,,"24.8","42",,"9.59",,,,,,,"66.0",,,,,,,,"95","48.6",,,,"0.601",,,,,,
"2","강북","어르신","출장","68","관리자","3등급","20250226","M","167.7","65.9","27","91.8","76","157","31.7","31",,,"12.6",,,,,,"23.4",,,,,"19",,"113","5.1","25.3","48.1",,,,,,,,,,,,,,,,,,,"31.7"
"1","사상","성인","일반","25","관리자","2등급","20250226","F","159.8","62.8","32.2","74.8","66","121","33.4","32.4",,,"18.5",,,,,,"24.6","46",,"12","163",,,,,,"53.2",,,,,,,,"118","35.4",,,,,,,,,,
"1","영동","성인","일반","49","관리자","3등급","20250226","F","160.6","56.8","25.4",,"94","158","23.1","24.3",,,"24",,,,,,"22.0","19",,"12.59","155",,,,,,"42.8",,,"75","102","129",,"35.3",,,,,,,,,,,,
"1","강북","어르신","출장","67","관리자","2등급","20250226","M","173.1","68.8","24.5","90.2","86","142","32.1","35.1",,,"16.4",,,,,,"23.0",,,,,"25",,"117","4.1","20.2","51.0",,,,,,,,,,,,,,,,,,,"35.1"
"4","사상","성인","일반","25","관리자","3등급","20250226","F","168.2","69.9","36.3","81.7","71","110","27","29",,,"16.6",,,,,,"24.7","34",,,"138",,,,,,"41.5",,,,,,,,"117","34.6",,,"0.415",,,,,,,
"1","북구(광주)","성인","일반","28","관리자","참가","20250226","M","172.3","91.6","24.9","97.5","88","139","39.9","47.9",,,"-1.8",,,,,,"30.9","31",,,"181",,,,,,"52.3",,,"91","122","139","169","38.3",,,,,"0.362",,,,,,,
"1","북구(광주)","성인","일반","40","관리자","참가","20250226","M","170.9","80.4","31.9","93.7","87","142","33.1","27.6",,,"8.7",,,,,,"27.5","32",,,"173",,,,,,"41.2",,,"103","112","137","177","34.4",,,,,"0.342",,,,,,,
"6","부천","어르신","일반","80","관리자","참가","20250226","M","157.4","50.2","31",,"66","122","26","22.9",,,"-7.4",,,,,,"20.3",,,,,"27",,"118","6.38","25.06","51.8",,,,,,,,,,,,,,,,,,,"26.0"
"2","창원","성인","일반","41","관리자","2등급","20250226","F","163","54.4","24.4","66","79","126","23.1","23.3",,,"27.3",,,,,,"20.5","36",,"13.62",,,,,,,"42.8",,,,,,,,"122","34.3",,,,"0.390",,,,,,
"1","KSPO광주","청소년","일반","18","관리자","참가","20250226","M","161.7","47.5","9.5","66","99","125","30.3","35","26",,"1.9","20.61","0.587","53.478","8","53.846","18.2",,,,,,,,,,"73.7",,,"82","83","80",,"59.8",,,,,,,,,,,,
"1","KSPO광주","어르신","일반","69","관리자","2등급","20250226","M","174.3","60.3","20.4","75","79","148","30.7","35",,,"14",,,,,,"19.8",,,,,"24",,"127","4.96","21.1","58.0",,,,,,,,,,,,,,,,,,,"35.0"
"1","강북","어르신","출장","66","관리자","2등급","20250226","M","164.9","66.2","27.6","85.7","93","155","40.4","44",,,"17.4",,,,,,"24.3",,,,,"26",,"122","4.6","22.8","66.5",,,,,,,,,,,,,,,,,,,"44.0"
"2","창원","성인","일반","40","관리자","3등급","20250226","M","172.1","73.3","22.8","85","86","145","39.1","38.8",,,"5.4",,,,,,"24.7","49",,"10.12","239",,,,,,"53.3",,,,,,,,"86","45.1",,,,,,,,,,
"1","스포원(금정)","성인","출장","54","관리자","참가","20250226","M","172.7","81.8","29.9",,"77","123","38.2","41.1",,,"-8.9",,,,,,"27.4","7","9",,,,,,,,"50.2",,"30.8",,,,,,,,,,"0.544","0.392",,,,,,
"1","나주","성인","일반","60","관리자","참가","20250226","F","149.2","48.8","36.5","81.7","71","136","18.2","19.8",,,"5.9",,,,,,"21.9","0",,,"120",,,,,,"40.6",,,,,,,,"114","31.8",,,"0.410",,,,,,,
"3","스포원(금정)","어르신","출장","66","관리자","참가","20250226","M","169.9","72.7","25.6",,"85","154","27.3","32.3",,,"1.5",,,,,,"25.2",,,,,"18",,"92","7","29.9","44.4",,,,,,,,,,,,,,,,,,,"32.3"
"1","사천","어르신","일반","68","관리자","3등급","20250226","M","174.5","66.1","23.1","88.6","78","140","44.3","45.7",,,"2",,,,,,"21.7",,,,,"21",,"102","4.56","18.95","69.1",,,,,,,,,,,,,,,,,,,"45.7"
"1","스포원(금정)","성인","출장","58","관리자","참가","20250226","M","169.3","59.7","23.9",,"76","143","33.8","37",,,"5.3",,,,,,"20.8","11","16",,,,,,,,"62.0",,"35.4",,,,,,,,,,"0.493","0.433",,,,,,
"1","강북","어르신","출장","66","관리자","3등급","20250226","F","151.6","50.6","28.8","73.5","92","144","26.5","21.8",,,"23.2",,,,,,"22.0",,,,,"19",,"103","4.9","22.9","52.4",,,,,,,,,,,,,,,,,,,"26.5"
"1","스포원(금정)","어르신","출장","67","관리자","참가","20250226","M","169.5","61.9","18.7",,"77","153","33","40",,,"11.1",,,,,,"21.5",,,,,"14",,"79","6.4","26.8","64.6",,,,,,,,,,,,,,,,,,,"40.0"
"3","광주","어르신","일반","66","관리자","참가","20250226","F","153.7","44.3","19.9",,"86","135","21.3","23.7",,,"6.7",,,,,,"18.8",,,,,"21",,"93","5.52","21.09","53.5",,,,,,,,,,,,,,,,,,,"23.7"
"1","스포원(금정)","어르신","출장","76","관리자","3등급","20250226","M","167.4","68.4","31.7",,"64","122","38.1","42.9",,,"10.6",,,,,,"24.4",,,,,"15",,"94","6.1","29.3","62.7",,,,,,,,,,,,,,,,,,,"42.9"
"3","광주","어르신","일반","65","관리자","3등급","20250226","F","151.3","49.9","29",,"76","120","23.8","27.4",,,"11.8",,,,,,"21.8",,,,,"27",,"112","5.18","21.74","54.9",,,,,,,,,,,,,,,,,,,"27.4"
"4","경산","성인","일반","23","관리자","참가","20250226","F","162.8","48.7","22.5","70","71","115","21.4","19.5",,,"12.1",,,,,,"18.4","21",,,"139",,,,,,"43.9",,,,,,,,"157","34.7",,,"0.403",,,,,,,
"1","스포원(금정)","어르신","출장","66","관리자","참가","20250226","M","166.1","71.9","28",,"83","123","32","43.4",,,"1.5",,,,,,"26.1",,,,,"17",,"105","5","22.4","60.4",,,,,,,,,,,,,,,,,,,"43.4"
"4","광주","어르신","일반","79","관리자","3등급","20250226","M","168.9","76.5","30.6",,"71","147","39.3","40.9",,,"6.2",,,,,,"26.8",,,,,"24",,"96","5.96","23.10","53.5",,,,,,,,,,,,,,,,,,,"40.9"
"2","진천","성인","일반","45","관리자","참가","20250226","M","172.1","87.8","31.8","90.8","91","143","43.6","44.1",,,"11.1",,,,,,"29.6","40",,,,,,,,,"50.2",,,,,,,,"81","41.4",,,"0.307","0.53",,,,,,
"1","KSPO송파별관(어르신)","어르신","일반","69","관리자","2등급","20250226","M","169.5","66.8","33.9",,"77","129","40.4","35.3",,,"10.2",,,,,,"23.3",,,,,"30",,"126","4.87","16.80","60.5",,,,,,,,,,,,,,,,,,,"40.4"
"1","KSPO대구","성인","일반","23","관리자","2등급","20250226","F","175.2","57.9","23","70","80","117","36.5","35.2",,,"15.6",,,,,,"18.9","33",,,"156",,,,,,"63.0",,,,,,,,"145","35.1",,,"0.4",,,,,,,
"1","스포원(금정)","어르신","출장","69","관리자","3등급","20250226","M","157.7","53.7","18.3",,"75","137","32.5","34.7",,,"8.5",,,,,,"21.6",,,,,"19",,"107","5.9","23.2","64.6",,,,,,,,,,,,,,,,,,,"34.7"
"1","KSPO대구","성인","일반","19","관리자","참가","20250226","M","181.1","64.5","14.5","70","83","123","35.8","31.5",,,"-13.8",,,,,,"19.7","34",,"10.9","226",,,,,,"55.5",,,,,,,,"145","44.2",,,,,,,,,,
"1","경산","성인","일반","59","관리자","2등급","20250226","M","166.1","69","27.8","84","89","141","42.7","47.9",,,"8.9",,,,,,"25.0","29",,"12.1","183",,,,,,"69.4",,,"80","109","138","150","36.7",,,,,,,,,,,,
"2","진천","성인","일반","45","관리자","참가","20250226","M","179.2","100.8","35.1","103.3","96","148","43.3","52",,,"3.6",,,,,,"31.4","43",,,,,,,,,"51.6",,,,,,,,"133","31.4",,,"0.337","0.503",,,,,,
"5","KSPO송파별관(어르신)","어르신","일반","65","관리자","참가","20250226","M","168","64","24.8",,"99","159","36.3","31.9",,,"-4",,,,,,"22.7",,,,,"32",,"143","4.41","17.20","56.7",,,,,,,,,,,,,,,,,,,"36.3"
"2","정읍","성인","일반","52","관리자","참가","20250226","F","149.5","66.8","37.8",,"72","128","19.2","22.9",,,"18.5",,,,,,"29.9","8",,"13.33",,,,,,,"34.3",,,,,,,,"90","31.8",,,,"0.434",,,,,,
"2","서대문","성인","일반","55","관리자","참가","20250226","F","161.8","67.2","39.1",,"89","149","26.9","26.2",,,"14.8",,,,,,"25.7","15",,,"110",,,,,,"40.0",,,"97","148","152",,"31.0",,,,,"0.416",,,,,,,
"1","성동","성인","일반","46","관리자","참가","20250226","F","167.1","60.9","31.1",,"82","113","28.7","31.5",,,"2.9",,,,,,"21.8","29",,,,,,,,,"51.7",,,,,,,,"108","33.9",,,"0.342","0.453",,,,,,
"1","강북","어르신","출장","74","관리자","1등급","20250226","F","151.6","43.8","23.7","77","84","154","20.6","24.1",,,"23",,,,,,"19.1",,,,,"25",,"123","5.225","22.827","55.0",,,,,,,,,,,,,,,,,,,"24.1"
"2","계룡","청소년","일반","18","관리자","참가","20250226","F","160.4","46.9","20.9",,"68","116","27.8","29.9","23",,"15.2","21.63","0.496","41.272","19","42.146","18.2",,"20",,,,,,,,"63.8",,"36.0",,,,,,,,,,,,,,,,,
"1","서대문","성인","일반","33","관리자","참가","20250226","M","165.4","70.1","24.3",,"81","125","31.1","39.5",,,"19.3",,,,,,"25.6","20",,,,,,,,,"56.3",,,,,,,,"92","46.1",,,"0.356","0.542",,,,,,
"3","김천","성인","일반","54","관리자","참가","20250226","M","177.3","71","15.2","78.5","94","123","38.1","43.1",,,"2.7",,,,,,"22.6","15","30","10.7","194",,,,,,"60.7",,"37.2",,,,,,,,,,,,,,,,,
"1","강북","어르신","출장","71","관리자","3등급","20250226","M","156.9","57.3","24.9","79","79","116","29.4","27.8",,,"5",,,,,,"23.3",,,,,"21",,"108","5.2","25.8","51.3",,,,,,,,,,,,,,,,,,,"29.4"
"2","서구(대전)","성인","일반","52","관리자","2등급","20250226","F","161.1","54.5","33.8",,"86","132","27.2","28.9",,,"22.2",,,,,,"21.0","33","19",,,,,,,,"53.0",,"32.2",,,,,,,,,,"0.346","0.452",,,,,,
"1","강북","어르신","출장","68","관리자","3등급","20250226","M","180.7","85.3","24.1","97","90","149","38.4","37.1",,,"4.8",,,,,,"26.1",,,,,"19",,"105","5.961","26.778","45.0",,,,,,,,,,,,,,,,,,,"38.4"
"3","마포","어르신","일반","71","관리자","1등급","20250226","M","174.3","60.9","12","72","89","156","46.6","50.9",,,"11.5",,,,,,"20.0",,,,,"23",,"127","3.88","15.94","83.6",,,,,,,,,,,,,,,,,,,"50.9"
"7","마포","어르신","일반","67","관리자","1등급","20250226","M","166.9","76.6","22.4","85","79","128","45.8","49",,,"11.6",,,,,,"27.5",,,,,"26",,"144","3.90","15.77","64.0",,,,,,,,,,,,,,,,,,,"49.0"
"1","강북","어르신","출장","73","관리자","참가","20250226","M","159.9","84.2","38.8","108","66","113","37","39",,,"-3.5",,,,,,"32.9",,,,,"21",,"82","6.5","35.2","46.3",,,,,,,,,,,,,,,,,,,"39.0"
"4","남구(부산)","어르신","일반","66","관리자","1등급","20250226","M","171.1","69.3","14.5",,"84","159","44","47",,,"15.4",,,,,,"23.7",,,,,"34",,"142","4.80","16.76","67.8",,,,,,,,,,,,,,,,,,,"47.0"
"1","KSPO대구(출장A)","어르신","출장","84","관리자","참가","20250226","F","150.6","63.7","51.3",,"84","139","10","14.5",,,"-20",,,,,,"28.1",,,,,"5",,,"23.35",,"22.8",,,,,,,,,,,,,,,,,,,"14.5"
"1","서구(광주)","성인","일반","62","관리자","참가","20250226","F","156.4","57.3","29.7","81","78","152","19.3","19.7",,,"19.6",,,,,,"23.4","3",,"14.93",,,,,,,"34.4",,,,,,,,"117","29.7",,,,"0.363",,,,,,
"4","부천","성인","일반","23","관리자","2등급","20250226","F","164","58.8","29.2",,"54","109","26.8","25.4",,,"21.5",,,,,,"21.9","41",,,,,,,,,"45.6",,,"71","115","137",,"39.6",,,,,"0.311","0.502",,,,,,
"2","KSPO아산","성인","일반","21","관리자","참가","20250226","M","166.4","61.1","19.1","82.1","68","123","28.9","28.4",,,"2.6",,,,,,"22.1","44",,,,,,,,,"47.3",,,,,,,,"128","45.9",,,"0.324","0.507",,,,,,
"1","부천","성인","일반","62","관리자","참가","20250226","F","154.8","45.4","22.0",,"82","132","24.1","25.5",,,"8.6",,,,,,"18.9","9",,,,,,,,,"56.2",,,,,,,,"128","31.1",,,"0.399","0.365",,,,,,
"1","서구(대전)","성인","일반","37","관리자","3등급","20250226","M","170.5","71.6","20.9",,"65","120","47.2","50",,,"6.7",,,,,,"24.6","41",,,"222",,,,,,"69.8",,,,,,,,"106","43.1",,,"0.287",,,,,,,
"1","KSPO아산","성인","일반","22","관리자","참가","20250226","F","170.1","58.1","30.9","74.6","59","107","25.8","24.5",,,"1.7",,,,,,"20.1","6",,,"161",,,,,,"44.4",,,"94","128","152",,"38.2",,,,,"0.404",,,,,,,
"6","수원","어르신","일반","71","관리자","참가","20250226","M","159.1","64.9","31.1","84","83","159","31.1","11.9",,,"15.7",,,,,,"25.6",,,,,"20",,"86","7.4","26.5","47.9",,,,,,,,,,,,,,,,,,,"31.1"
"3","제주","성인","일반","20","관리자","3등급","20250226","M","174.8","68.2","12.2","76","87","135","36.1","38.2",,,"16.6",,,,,,"22.3","50",,,"235",,,,,,"56.0",,,,,,,,"144","42.8",,,"0.23",,,,,,,
"3","달서","성인","일반","24","관리자","참가","20250226","F","162.4","58.98","34.5","82.7","79","118","21.4","23.4",,,"8.6",,,,,,"22.4","22",,,"138",,,,,,"39.7",,,,,,,,"140","34.1",,,"0.306",,,,,,,
"2","KSPO송파","성인","일반","28","관리자","2등급","20250226","M","178.7","77.3","16.9","78.9","78","121","36.8","48",,,"12.2",,,,,,"24.2","52",,"9.55","253",,,,,,"62.1",,,,,,,,"101","45.5",,,,,,,,,,
"7","달서","성인","일반","24","관리자","참가","20250226","F","167.8","52.14","30.5","75.6","76","100","21.1","20",,,"25.8",,,,,,"18.5","15",,,"141",,,,,,"40.5",,,,,,,,"91","42.2",,,"0.355",,,,,,,
"1","KSPO송파","성인","일반","44","관리자","참가","20250226","F","169.8","70","35.4","77.4","79","117","25.7","27.7",,,"14.2",,,,,,"24.3","18","15",,,,,,,,"39.6",,"29.0",,,,,,,,,,"0.432","0.415",,,,,,
"1","KSPO대구(출장A)","어르신","출장","73","관리자","참가","20250226","F","148.7","64.5","49.1",,"67","159","13.9","19.5",,,"8.2",,,,,,"29.2",,,,,"10",,"82","8.76","35.36","30.2",,,,,,,,,,,,,,,,,,,"19.5"
"3","수원","성인","일반","27","관리자","참가","20250226","M","176","68.1","22.9","74","92","138","41.8","44.8",,,"22.3",,,,,,"22.0","32",,,"218",,,,,,"65.8",,,,,,,,"134","42.7",,,"0.388",,,,,,,
"2","남구(부산)","성인","일반","19","관리자","1등급","20250226","M","171.1","72.2","11.8",,"92","140","51.2","55.9",,,"20.6",,,,,,"24.7","62",,"9.73","262",,,,,,"77.4",,,,,,,,"91","49.7",,,,,,,,,,
"1","KSPO대구(출장A)","어르신","출장","83","관리자","참가","20250226","F","143","54.2","41.9",,"65","115","14.5","15.3",,,"-0.2",,,,,,"26.5",,,,,"13",,"55","10.48","42.67","28.2",,,,,,,,,,,,,,,,,,,"15.3"
"1","수원","성인","일반","24","관리자","2등급","20250226","F","160.3","56.8","25.1","64","64","104","28.1","33",,,"31",,,,,,"22.1","30",,,"173",,,,,,"58.1",,,,,,,,"90","40.5",,,"0.413",,,,,,,
"1","KSPO대구(출장A)","어르신","출장","75","관리자","3등급","20250226","F","157.2","58.5","30.9",,"66","138","19.5","19.9",,,"8",,,,,,"23.7",,,,,"15",,"96","8.18","30.77","34.0",,,,,,,,,,,,,,,,,,,"19.9"
"1","화성","성인","일반","29","관리자","3등급","20250226","M","176.3","69.3","21.4",,"83","141","41.8","49",,,"8",,,,,,"22.3","44","34",,"235",,,,,,"70.7",,"40.4",,,,,,,,,,"0.329",,,,,,,
"3","화성","성인","일반","22","관리자","3등급","20250226","F","166","50","21.3",,"83","131","21.9","25.5",,,"19.9",,,,,,"18.1","25",,"12.10","172",,,,,,"51.0",,,,,,,,"99","42.0",,,,,,,,,,
"1","남구(부산)","성인","일반","64","관리자","참가","20250226","M","176.1","79.5","24.9",,"73","135","37.3","42.1",,,"1.9",,,,,,"25.6","18",,,,,,,,,"53.0",,,,,,,,"90","37.5",,,"0.396","0.477",,,,,,
"1","KSPO대구(출장A)","어르신","출장","82","관리자","참가","20250226","F","150.6","66.6","50.1",,"53","125","15.2","15.9",,,"1",,,,,,"29.4",,,,,"16",,"106","14.2","38","23.9",,,,,,,,,,,,,,,,,,,"15.9"
"1","창원","성인","일반","33","관리자","참가","20250226","F","179.4","63.4","31.1","69","73","112","24","28.9",,,"-3.2",,,,,,"19.7","23","12",,"151",,,,,,"45.6",,"29.7",,,,,,,,,,"0.335",,,,,,,
"1","보은","어르신","일반","66","관리자","참가","20250226","F","157.3","51","21.4",,"83","144","26.7","30",,,"1.1",,,,,,"20.6",,,,,"18",,"105","4.78","24.50","58.8",,,,,,,,,,,,,,,,,,,"30.0"
"1","군산","성인","일반","36","관리자","참가","20250226","M","171.3","67.9","21.9","77","97","159","31.2","38.4",,,"17.8",,,,,,"23.1","34","24","12.33","167",,,,,,"56.6",,"37.8",,,,,,,,,,,,,,,,,
"1","경산","성인","일반","26","관리자","참가","20250226","M","179.4","99.6","23.4","103","97","148","44","49.9",,,"-8.8",,,,,,"30.9","19",,,"199",,,,,,"50.1",,,,,,,,"107","40.2",,,"0.364",,,,,,,
"1","창원","성인","일반","36","관리자","참가","20250226","M","172.5","67.9","23.1","81","83","123","29.4","34.8",,,"3.2",,,,,,"22.8","23",,,"173",,,,,,"51.3",,,,,,,,"110","43.8",,,"0.349",,,,,,,
"1","KSPO대구(출장A)","어르신","출장","83","관리자","참가","20250226","F","165.1","57.6","30.6",,"73","140","16.4","17.9",,,"-13",,,,,,"21.1",,,,,"15",,"99","7.23","26.86","31.1",,,,,,,,,,,,,,,,,,,"17.9"
"1","KSPO대구","성인","일반","39","관리자","참가","20250226","M","176","80.7","27.3","94","58","114","33.9","38",,,"-0.7",,,,,,"26.1","37","31","11","198",,,,,,"47.1",,"37.2",,,,,,,,,,,,,,,,,
"1","경산","성인","일반","26","관리자","참가","20250226","M","181.3","75.7","19","87","78","151","44.6","44",,,"1",,,,,,"23.0","28",,,"197",,,,,,"58.9",,,,,,,,"117","44.2",,,"0.347",,,,,,,
"1","KSPO대구","성인","일반","34","관리자","참가","20250226","F","161.8","45.3","18.8","66","62","102","27.4","29.2",,,"12.2",,,,,,"17.3","18",,,,,,,,,"64.5",,,"82","105","108",,"45.0",,,,,"0.416","0.442",,,,,,
"1","KSPO대구(출장A)","어르신","출장","87","관리자","참가","20250226","F","152.7","53","42.1",,"62","121","9.9","14.8",,,"0",,,,,,"22.7",,,,,"7",,"59","13.98","42","27.9",,,,,,,,,,,,,,,,,,,"14.8"
"1","KSPO대구(출장A)","어르신","출장","85","관리자","참가","20250226","F","148.7","48.1","35",,"65","146","7.2","8.7",,,"-9",,,,,,"21.8",,,,,"11",,"77","10.38","31.14","18.1",,,,,,,,,,,,,,,,,,,"8.7"
"1","군산","청소년","일반","18","관리자","3등급","20250226","M","166.3","47.1","15.8","62","73","123","24.1","27.6","31",,"11.8","19.88","0.486","60.813","21","61.779","17.0",,,,,,,,,,"58.6",,,"97","115","140",,"50.7",,,,,,,,,,,,
"1","계룡","청소년","일반","18","관리자","참가","20250226","M","174","69.8","22.9",,"63","121","35","41.6",,"32","0.4","18.88","0.560","48.728","14","49.372","23.1",,"33",,,,,,,,"59.6",,"40.9",,,,,,,,,,,,,,,,,
"1","서구(대전)","성인","일반","25","관리자","참가","20250226","M","179.1","76.1","21.5",,"88","137","39.3","48.5",,,"7.9",,,,,,"23.7","37",,,,,,,,,"63.7",,,,,,,,"159","38.0",,,"0.320","0.614",,,,,,
"1","김천","성인","일반","27","관리자","참가","20250226","M","172.2","80.2","29.6","98.6","69","128","34.3","47.3",,,"-14.9",,,,,,"27.0","33",,,"198",,,,,,"59.0",,,,,,,,"155","36.6",,,"0.455",,,,,,,
"1","KSPO대구(출장A)","어르신","출장","86","관리자","2등급","20250226","F","144","48.4","39",,"99","159","10.8","14.5",,,"11",,,,,,"23.3",,,,,"14",,"86","7.52","35.69","30.0",,,,,,,,,,,,,,,,,,,"14.5"
"4","중구(서울)","성인","일반","55","관리자","2등급","20250226","F","153.6","60.3","32.7","87","77","125","22.9","26",,,"16.9",,,,,,"25.6","21",,,"128",,,,,,"43.1",,,"80","112","136",,"32.2",,,,,"0.368",,,,,,,
"3","사상","성인","일반","24","관리자","참가","20250226","M","180.2","75.9","16.8","78","69","109","45.7","45.5",,,"16.5",,,,,,"23.4","36",,,,,,,,,"60.2",,,,,,,,"128","42.9",,,"0.402","0.539",,,,,,
"1","KSPO대구(출장A)","어르신","출장","84","관리자","참가","20250226","F","151.3","43.2","37.5",,"74","146","7.5","8.7",,,"-1",,,,,,"18.9",,,,,"0",,"95","8.85","34.04","20.1",,,,,,,,,,,,,,,,,,,"8.7"
"1","중구(서울)","성인","일반","31","관리자","3등급","20250226","M","171.9","75.6","21.9","77.9","90","133","40.8","50.1",,,"18.4",,,,,,"25.6","38",,,,,,,,,"66.3",,,"82","98","120","156","42.9",,,,,"0.407","0.535",,,,,,
"7","양평","어르신","일반","77","관리자","1등급","20250226","M","172.1","66.7","26.6",,"77","158","37.7","37.5",,,"12.7",,,,,,"22.5",,,,,"26",,"112","4.09","17.84","56.5",,,,,,,,,,,,,,,,,,,"37.7"
"2","동구(광주)","성인","일반","26","관리자","3등급","20250226","F","165","54.8","25.7","64","87","132","26.1","28.2",,,"14.3",,,,,,"20.1","28",,,,,,,,,"51.5",,,,,,,,"154","33.3",,,"0.343","0.452",,,,,,
"2","달서","성인","일반","55","관리자","1등급","20250226","F","153","50.3","22.9","72.8","83","137","28.3","30.7",,,"25.3",,,,,,"21.5","29",,,"154",,,,,,"61.0",,,,,,,,"106","33.7",,,"0.3",,,,,,,
"1","KSPO대구(출장A)","어르신","출장","87","관리자","참가","20250226","F","142.4","48.3","39.8",,"85","142","10.5","12.9",,,"0",,,,,,"23.8",,,,,"12",,"86","8.19","34.71","26.7",,,,,,,,,,,,,,,,,,,"12.9"
"1","KSPO대구(출장A)","어르신","출장","85","관리자","3등급","20250226","F","154.9","53.9","33.7",,"63","131","14.4","14.8",,,"4",,,,,,"22.5",,,,,"13",,"50","9.92","35.88","27.5",,,,,,,,,,,,,,,,,,,"14.8"
"3","마포","성인","일반","25","관리자","2등급","20250226","F","165.1","54.5","25.4",,"63","95","28.6","31",,,"17.2",,,,,,"20.0","35",,,,,,,,,"56.9",,,,,,,,"95","40.7",,,"0.381","0.440",,,,,,
"1","제주","성인","일반","24","관리자","3등급","20250226","M","179","75.3","14","80.4","95","137","38.8","39.7",,,"12.2",,,,,,"23.5","44","42",,"220",,,,,,"52.7",,"41.7",,,,,,,,,,"0.265",,,,,,,
"1","KSPO대구(출장A)","어르신","출장","88","관리자","참가","20250226","M","151.5","53.5","29",,"56","125","15.6","23.7",,,"-16",,,,,,"23.3",,,,,"30",,"107","6.32","26.25","44.3",,,,,,,,,,,,,,,,,,,"23.7"
"4","세종","어르신","일반","65","관리자","3등급","20250226","F","170.7","72.8","36.9","100.1","79","122","22.2","25.3",,,"20.6",,,,,,"25.0",,,,,"30",,"135","4.21","17.72","34.8",,,,,,,,,,,,,,,,,,,"25.3"
"1","목포","성인","일반","31","관리자","참가","20250226","M","174.9","80.8","31.1","100.1","94","151","31.8","31.3",,,"5.5",,,,,,"26.4","35","31",,,,,,,,"39.4",,"37.9",,,,,,,,,,"0.318","0.502",,,,,,
"4","세종","성인","일반","64","관리자","참가","20250226","F","160.5","74.9","34.1","88.7","82","138","24.4","27.5",,,"16.1",,,,,,"29.1","10",,,"102",,,,,,"36.7",,,,,,,,"127","24.1",,,"0.426",,,,,,,
"1","KSPO대구(출장A)","어르신","출장","79","관리자","참가","20250226","F","152","58.1","38.8",,"99","159","12","13.8",,,"17",,,,,,"25.1",,,,,"10",,"58","13.2","44.73","23.8",,,,,,,,,,,,,,,,,,,"13.8"
"3","포천","성인","일반","59","관리자","2등급","20250226","F","159.1","62.1","33.9","80","85","136","23.5","26.4",,,"16.7",,,,,,"24.5","19","14",,,,,,,,"42.5",,"29.1",,,,,,,,,,"0.411","0.381",,,,,,
"2","강북","어르신","출장","71","관리자","2등급","20250226","M","166.2","64.1","27.6","82.8","76","135","34.6","35.7",,,"17.1",,,,,,"23.2",,,,,"24",,"109","4","21.5","55.7",,,,,,,,,,,,,,,,,,,"35.7"
"15","세종","어르신","일반","69","관리자","1등급","20250226","F","155.5","52.1","31.9","76.4","76","124","21.9","24.9",,,"23.9",,,,,,"21.5",,,,,"31",,"123","4.24","18.73","47.8",,,,,,,,,,,,,,,,,,,"24.9"
"4","양평","성인","일반","35","관리자","참가","20250226","M","178.7","78.5","21.9",,"91","139","36.3","37",,,"9.8",,,,,,"24.6","46","45","11.2","206",,,,,,"47.1",,"41.1",,,,,,,,,,,,,,,,,
"4","부천","성인","일반","24","관리자","참가","20250226","M","177.1","80.7","20.3",,"82","123","55.7","56.8",,,"-9.3",,,,,,"25.7","47",,"10.27",,,,,,,"70.4",,,,,,,,"123","42.3",,,,"0.576",,,,,,
"1","사천","성인","일반","57","관리자","참가","20250226","M","171.6","70.3","23","86.3","72","138","27.6","32.9",,,"8",,,,,,"23.9","36",,,"172",,,,,,"46.8",,,,,,,,"128","35.4",,,"0.318",,,,,,,
"1","사천","성인","일반","21","관리자","참가","20250226","M","187","102.7","33.3","113.4","90","149","43.1","54.3",,,"20",,,,,,"29.4","42",,,"214",,,,,,"52.9",,,,,,,,"120","39.4",,,"0.263",,,,,,,
"12","김천","성인","일반","54","관리자","3등급","20250226","F","161.6","58.5","30.7","81.9","58","106","26.2","28",,,"14.4",,,,,,"22.4","31",,,,,,,,,"47.9",,,,,,,,"100","33.4",,,"0.424","0.412",,,,,,
"1","강북","어르신","출장","65","관리자","참가","20250226","M","167.5","71.4","29.9","95","79","153","35.9","40.7",,,"-9.5",,,,,,"25.4",,,,,"26",,"104","4.874","23.165","57.0",,,,,,,,,,,,,,,,,,,"40.7"
"1","부천","성인","일반","24","관리자","참가","20250226","F","169.8","57.0","27.0",,"73","123","21.8","24.9",,,"26.9",,,,,,"19.8","15",,,"165",,,,,,"43.7",,,,,,,,"128","36.7",,,"0.407",,,,,,,
"1","강북","어르신","출장","71","관리자","참가","20250226","M","165.5","67.1","29.1","94.3","87","145","28.7","28.7",,,"-3.5",,,,,,"24.5",,,,,"16",,"92","5","24.5","42.8",,,,,,,,,,,,,,,,,,,"28.7"
"30","세종","어르신","일반","66","관리자","1등급","20250226","F","160.7","53","27.3","74.8","67","110","27.1","25",,,"27.3",,,,,,"20.5",,,,,"31",,"135","4.22","16.38","51.1",,,,,,,,,,,,,,,,,,,"27.1"
"1","목포","성인","일반","38","관리자","2등급","20250226","M","180.1","83.9","12.9","82.9","84","130","47.4","54.3",,,"13.8",,,,,,"25.9","51",,"10.63",,,,,,,"64.7",,,,,,,,"112","40.0",,,,"0.638",,,,,,
"1","오산","성인","일반","26","관리자","2등급","20250226","F","163.7","48.1","23.5","71.8","70","117","26.2","30.7",,,"23.2",,,,,,"17.9","28",,"12.50","180",,,,,,"63.8",,,,,,,,"123","38.6",,,,,,,,,,
"1","KSPO대구(출장A)","어르신","출장","87","관리자","참가","20250226","F","142.9","54.4","45",,"95","159","10.3","6.3",,,"-5",,,,,,"26.6",,,,,"16",,"51","7.09","32.01","18.9",,,,,,,,,,,,,,,,,,,"10.3"
"18","오산","어르신","일반","78","관리자","참가","20250226","M","170.9","94.2","33.9","109","83","153","40.1","39.5",,,"-5.3",,,,,,"32.3",,,,,"17",,"106","5.69","28.22","42.6",,,,,,,,,,,,,,,,,,,"40.1"
"3","남원","성인","일반","37","관리자","1등급","20250226","M","170.8","64.4","22.6","86.4","83","144","42.7","45.8",,,"14.8",,,,,,"22.1","46","46","9.9","229",,,,,,"71.1",,"43.4",,,,,,,,,,,,,,,,,
"1","KSPO대구(출장A)","어르신","출장","82","관리자","참가","20250226","F","158.9","66.8","37",,"94","152","18","19.8",,,"2",,,,,,"26.5",,,,,"12",,"76","9.27","29.77","29.6",,,,,,,,,,,,,,,,,,,"19.8"
"1","KSPO대구(출장A)","어르신","출장","90","관리자","2등급","20250226","F","145.9","57","43.4",,"77","156","16.5","18.3",,,"10",,,,,,"26.8",,,,,"19",,"96","7.54","35.33","32.1",,,,,,,,,,,,,,,,,,,"18.3"
"1","스포원(금정)","어르신","출장","71","관리자","참가","20250226","M","166.3","78.2","37.2",,"85","159","36.7","36.2",,,"-4.1",,,,,,"28.3",,,,,"13",,"91","6.4","27.6","46.9",,,,,,,,,,,,,,,,,,,"36.7"
"1","KSPO대구(출장A)","어르신","출장","77","관리자","참가","20250226","F","157","64.1","36",,"71","133","14.4","14.4",,,"0",,,,,,"26.0",,,,,"16",,"77","6.58","23.93","22.5",,,,,,,,,,,,,,,,,,,"14.4"
"1","스포원(금정)","어르신","출장","66","관리자","참가","20250226","M","169.3","56.3","15",,"71","118","41","40.5",,,"-6.1",,,,,,"19.6",,,,,"15",,"90","5.6","26.9","72.8",,,,,,,,,,,,,,,,,,,"41.0"
"1","강북","어르신","출장","65","관리자","2등급","20250226","F","149.8","48.4","32.7","70.5","82","150","23.5","25.3",,,"20.4",,,,,,"21.6",,,,,"23",,"114","4.9","22.6","52.3",,,,,,,,,,,,,,,,,,,"25.3"
"1","충주","성인","일반","63","관리자","참가","20250226","M","152","55.8","30.8","86","97","150","32.5","35.5",,,"5.8",,,,,,"24.2","11","12",,"132",,,,,,"63.6",,"35.0",,,,,,,,,,"0.396",,,,,,,
"1","오산","성인","일반","25","관리자","참가","20250226","M","177.5","76.4","19.8","90.3","71","125","45","47.2",,,"7.9",,,,,,"24.2","36",,"11.69","205",,,,,,"61.8",,,"99","129","151","126","49.0",,,,,,,,,,,,
"1","KSPO대구(출장A)","어르신","출장","84","관리자","3등급","20250226","F","152.7","54.8","33.5",,"70","151","14.1","19.1",,,"15",,,,,,"23.5",,,,,"14",,"68","9.17","31.85","34.9",,,,,,,,,,,,,,,,,,,"19.1"
"1","충주","성인","일반","30","관리자","3등급","20250226","M","181.1","87.6","22.3","95","94","155","49","55.6",,,"7.5",,,,,,"26.7","42","36",,"202",,,,,,"63.5",,"38.0",,,,,,,,,,"0.362",,,,,,,
"1","스포원(금정)","성인","출장","60","관리자","3등급","20250226","M","162.8","55","21.8",,"88","135","36","36.8",,,"14.7",,,,,,"20.8","19","25",,,,,,,,"66.9",,"38.2",,,,,,,,,,"0.450","0.483",,,,,,
"1","강북","어르신","출장","72","관리자","참가","20250226","F","157.4","64.6","40.6","90","78","153","25.3","25.9",,,"16.4",,,,,,"26.1",,,,,"18",,"87","6.7","32.9","40.1",,,,,,,,,,,,,,,,,,,"25.9"
"1","KSPO대구(출장A)","어르신","출장","78","관리자","참가","20250226","F","153.7","61.6","34.9",,"75","148","20.1","24.3",,,"3",,,,,,"26.1",,,,,"12",,"73","10.71","34.17","39.4",,,,,,,,,,,,,,,,,,,"24.3"
"1","강북","어르신","출장","72","관리자","참가","20250226","M","161.9","75.2","33.7","94","88","150","26.8","24.6",,,"-5",,,,,,"28.7",,,,,"31",,"124","4.8","23.1","35.6",,,,,,,,,,,,,,,,,,,"26.8"
"1","스포원(금정)","성인","출장","23","관리자","참가","20250226","M","174.5","67","22.9",,"78","130","41.9","44.3",,,"-8",,,,,,"22.0","28","40",,,,,,,,"66.1",,"42.6",,,,,,,,,,"0.389","0.471",,,,,,
"1","KSPO대구(출장A)","어르신","출장","78","관리자","참가","20250226","F","155","82.8","47.2",,"68","136","17.7","20.4",,,"11",,,,,,"34.5",,,,,"17",,"73","10.86","39.37","24.6",,,,,,,,,,,,,,,,,,,"20.4"
"1","스포원(금정)","성인","출장","62","관리자","참가","20250226","M","169.5","70.7","30.3",,"85","141","41.4","43.4",,,"15.7",,,,,,"24.6","21","11",,,,,,,,"61.4",,"32.3",,,,,,,,,,"0.444","0.4",,,,,,
"1","스포원(금정)","성인","출장","64","관리자","참가","20250226","M","174.7","71.8","20.4",,"78","145","43.5","48.9",,,"22.2",,,,,,"23.5","27","13",,,,,,,,"68.1",,"32.3",,,,,,,,,,"0.434","0.437",,,,,,
"1","KSPO대구(출장A)","어르신","출장","80","관리자","참가","20250226","F","143.9","44.3","40.7",,"70","148","5.8","11.5",,,"-8",,,,,,"21.4",,,,,"10",,"28","11.17","41.85","26.0",,,,,,,,,,,,,,,,,,,"11.5"
"2","강북","어르신","출장","68","관리자","참가","20250226","M","169.8","79","30.1","98","99","154","35.3","37.8",,,"-4",,,,,,"27.4",,,,,"27",,"101","4.4","23.8","47.8",,,,,,,,,,,,,,,,,,,"37.8"
"1","KSPO대구(출장A)","어르신","출장","72","관리자","참가","20250226","F","146.5","57.3","45.7",,"60","149","17.7","18",,,"2",,,,,,"26.7",,,,,"15",,"76","7.64","29.32","31.4",,,,,,,,,,,,,,,,,,,"18.0"
"1","KSPO대구(출장A)","어르신","출장","85","관리자","참가","20250226","F","150.8","43.7","35.4",,"77","155","15.1","18.8",,,"-1",,,,,,"19.2",,,,,"15",,"84","8.56","36.24","43.0",,,,,,,,,,,,,,,,,,,"18.8"
"1","KSPO대구(출장A)","어르신","출장","70","관리자","참가","20250226","F","149.5","47.3","26.1",,"76","130","16.9","18.3",,,"17",,,,,,"21.2",,,,,"15",,"84","8.51","32.68","38.7",,,,,,,,,,,,,,,,,,,"18.3"
"1","KSPO대구(출장A)","어르신","출장","72","관리자","참가","20250226","F","148","48","36.2",,"71","136","17.6",,,,,,,,,,"21.9",,,,,"16",,"86","5.4","22.17","36.7",,,,,,,,,,,,,,,,,,,
"1","KSPO대구(출장A)","어르신","출장","73","관리자","참가","20250226","F","143.1","43.3","28.8",,"83","148","20.9","21.3",,,"20",,,,,,"21.1",,,,,"16",,"0","8.84","34.67","49.2",,,,,,,,,,,,,,,,,,,"21.3"
"1","KSPO대구(출장A)","어르신","출장","82","관리자","참가","20250226","F","146","51.4","36.2",,"98","158","7.1","16.5",,,"11",,,,,,"24.1",,,,,"12",,"18","13.01","53.53","32.1",,,,,,,,,,,,,,,,,,,"16.5"
"1","KSPO대구(출장A)","어르신","출장","72","관리자","참가","20250226","F","157.7","49.6","22.2",,"85","154","11","13.5",,,"10",,,,,,"19.9",,,,,"14",,"99","10.65","38.86","27.2",,,,,,,,,,,,,,,,,,,"13.5"
"1","광주","성인","일반","20","관리자","참가","20250226","M","183.1","107.1","25.6",,"83","133","60.9","54.8",,,"-4.8",,,,,,"31.9","39",,,,,,,,,"56.9",,,"93","106","113",,"42.6",,,,,"0.390","0.573",,,,,,
"1","KSPO대구(출장A)","어르신","출장","92","관리자","3등급","20250226","F","147.1","35.3","21.8",,"82","150","9.4","15.5",,,"10",,,,,,"16.3",,,,,"18",,"74","7.69","37.23","43.9",,,,,,,,,,,,,,,,,,,"15.5"
"1","KSPO대구(출장A)","어르신","출장","78","관리자","참가","20250226","M","160.8","48.3","16.6",,"63","100","18.5","25.7",,,"0",,,,,,"18.7",,,,,"18",,"73","8.45","37.76","53.2",,,,,,,,,,,,,,,,,,,"25.7"
"7","광주","성인","일반","28","관리자","3등급","20250226","M","170","74.8","24.9",,"85","137","47.6","48",,,"10.4",,,,,,"25.9","47",,,,,,,,,"64.2",,,,,,,,"126","41.7",,,"0.351","0.579",,,,,,
"1","강북","어르신","출장","71","관리자","2등급","20250226","M","161.4","71.2","28.8","90","84","159","39.1","35.7",,,"7.8",,,,,,"27.3",,,,,"19",,"108","4.5","24.3","54.9",,,,,,,,,,,,,,,,,,,"39.1"
"1","KSPO대구(출장A)","어르신","출장","83","관리자","참가","20250226","F","149.4","70.8","44.8",,"76","153","14.5","19.5",,,"0.1",,,,,,"31.7",,,,,"12",,"67","10.51","34.98","27.5",,,,,,,,,,,,,,,,,,,"19.5"
"1","KSPO대구(출장A)","어르신","출장","69","관리자","참가","20250226","F","162.5","75.9","41.4",,"85","128","26.9","28.4",,,"1.5",,,,,,"28.7",,,,,"16",,"101","6.96","24.29","37.4",,,,,,,,,,,,,,,,,,,"28.4"
"1","강북","어르신","출장","69","관리자","참가","20250226","M","165.7","77.3","32.4","95.4","93","133","34.1","39.7",,,"11.6",,,,,,"28.2",,,,,"23",,"95","5.4","27.3","51.4",,,,,,,,,,,,,,,,,,,"39.7"
"1","KSPO대구(출장A)","어르신","출장","88","관리자","참가","20250226","M","159.4","35.5","32.5",,"98","151","15.6","20",,,"-20",,,,,,"14.0",,,,,"9",,"68","11.52","44.5","56.3",,,,,,,,,,,,,,,,,,,"20.0"
"1","강북","어르신","출장","66","관리자","3등급","20250226","F","154.2","65.8","39.9","88.3","84","149","26.3","26.9",,,"12.7",,,,,,"27.7",,,,,"21",,"103","5.3","24.3","40.9",,,,,,,,,,,,,,,,,,,"26.9"
"1","KSPO대구(출장A)","어르신","출장","81","관리자","참가","20250226","M","159.3","60.7","39.5",,"85","119","22.5","23",,,"-5",,,,,,"23.9",,,,,"16",,"67","13.26","44.31","37.9",,,,,,,,,,,,,,,,,,,"23.0"
"1","KSPO대구(출장A)","어르신","출장","89","관리자","참가","20250226","M","165.5","61.5","19.6",,"78","158","28.1","30.1",,,"-7",,,,,,"22.5",,,,,"14",,"93","8.38","28.55","48.9",,,,,,,,,,,,,,,,,,,"30.1"
"2","KSPO대구(출장A)","어르신","출장","82","관리자","3등급","20250226","F","157.8","63.3","44.5",,"89","159","21.3","20.7",,,"17",,,,,,"25.4",,,,,"12",,"98","9.13","30.33","33.6",,,,,,,,,,,,,,,,,,,"21.3"
"1","KSPO대구(출장A)","어르신","출장","83","관리자","참가","20250226","M","161.3","54.2","25.7",,"63","123","26","28.5",,,"-4",,,,,,"20.8",,,,,"6",,"60","12.75","47.86","52.6",,,,,,,,,,,,,,,,,,,"28.5"
"1","진천","어르신","일반","66","관리자","3등급","20250226","M","161","77.3","35.7","96.9","104","165","41.9","41",,,"3.1",,,,,,"29.8",,,,,"32",,"130","4.27","18.372","54.2",,,,,,,,,,,,,,,,,,,"41.9"
"4","진천","성인","일반","54","관리자","3등급","20250226","M","177.4","72.4","22.1","79.2","94","137","37","37.6",,,"14.5",,,,,,"23.0","42","24",,"214",,,,,,"51.9",,"35.6",,,,,,,,,,"0.288",,,,,,,
"2","보은","성인","일반","62","관리자","참가","20250226","M","163","70.5","27.5",,"82","132","23.4","32.3",,,"19.1",,,,,,"26.5","26","17","13.78","174",,,,,,"45.8",,"33.9",,,,,,,,,,,,,,,,,
"1","오산","성인","일반","25","관리자","참가","20250226","M","177.4","78","19.1","88.6","68","128","40.8","47.6",,,"14.8",,,,,,"24.8","47",,,,,,,,,"61.0",,,,,,,,"146","39.3",,,"0.308","0.577",,,,,,
"2","창원","성인","일반","23","관리자","2등급","20250226","F","163.1","54.9","28.8","62","62","120","24.7","23.3",,,"28.2",,,,,,"20.6","34",,,"163",,,,,,"45.0",,,,,,,,"127","36.9",,,"0.320",,,,,,,
"10","오산","어르신","일반","74","관리자","참가","20250226","M","167.3","70.3","19","77.8","63","140","31.1","33.5",,,"-4.4",,,,,,"25.1",,,,,"20",,"105","5.31","23.78","47.7",,,,,,,,,,,,,,,,,,,"33.5"
"6","오산","어르신","일반","84","관리자","2등급","20250226","M","163.8","56.8","26","73.9","80","121","28.8","33.2",,,"6.1",,,,,,"21.2",,,,,"18",,"103","7","27.71","58.5",,,,,,,,,,,,,,,,,,,"33.2"
"1","KSPO송파별관(어르신)","어르신","일반","66","관리자","참가","20250226","M","175","72.2","27.3",,"75","119","44.3","43",,,"-12",,,,,,"23.6",,,,,"20",,"103","4.65","18.56","61.4",,,,,,,,,,,,,,,,,,,"44.3"
"2","오산","성인","일반","23","관리자","3등급","20250226","M","181.6","74.2","10.6","82.3","75","118","48.1","53.3",,,"7.6",,,,,,"22.5","48",,,,,,,,,"71.8",,,"89","107","125","159","46.4",,,,,"0.309","0.638",,,,,,
"4","KSPO송파별관(어르신)","어르신","일반","71","관리자","3등급","20250226","M","166.5","85.6","38.8",,"88","153","31.7","41.1",,,"2.3",,,,,,"30.9",,,,,"24",,"117","5.43","22.21","48.0",,,,,,,,,,,,,,,,,,,"41.1"
"1","목포","성인","일반","24","관리자","3등급","20250226","F","163.2","51.6","23.2","71.4","79","133","26.5","26.6",,,"28",,,,,,"19.4","35","22","12.21","162",,,,,,"51.6",,"34.7",,,,,,,,,,,,,,,,,
"1","창원","성인","일반","23","관리자","3등급","20250226","F","162.9","46.3","24.2","62","65","119","22.1","23",,,"18.4",,,,,,"17.4","24",,"13.22",,,,,,,"49.7",,,,,,,,"138","37.7",,,,"0.390",,,,,,
"6","나주","성인","일반","33","관리자","2등급","20250226","M","174.6","79","23.1","90.1","94","138","47.4","43.7",,,"16",,,,,,"25.9","49","41",,"222",,,,,,"60.0",,"40.3",,,,,,,,,,"0.290",,,,,,,
"2","KSPO송파","성인","일반","23","관리자","1등급","20250226","F","164.5","48.6","21.8","66.4","64","101","20.4","23.9",,,"32.2",,,,,,"18.0","42",,,"182",,,,,,"49.2",,,"109","130","154",,"39.2",,,,,"0.367",,,,,,,
"1","증평","성인","일반","30","관리자","참가","20250226","M","173.7","120.8","41.7","135.2","89","152","44.5","49.8",,,"0.6",,,,,,"40.0","21",,,,,,,,,"41.2",,,"86","110","132","159","31.2",,,,,"0.396","0.436",,,,,,
"1","KSPO송파","성인","일반","62","관리자","참가","20250226","M","173.6","75.3","27.5","93","86","151","36.7","37.9",,,"19",,,,,,"25.0","26",,,"174",,,,,,"50.3",,,"75","104","124","152","36.3",,,,,"0.34",,,,,,,
"7","KSPO아산","어르신","일반","71","관리자","참가","20250226","M","163.3","87.3","41.3","115","77","152","30","32.2",,,"6.8",,,,,,"32.7",,,,,"19",,"89","5.6","26.1","36.9",,,,,,,,,,,,,,,,,,,"32.2"
"1","서초","성인","일반","42","관리자","참가","20250226","F","167.3","68.9","42.6","88.0","68","117","25.3","23.3",,,"10.0",,,,,,"24.6","0",,,,,,,,,"36.7",,,,,,,,"123","30.8",,,"0.427","0.390",,,,,,
"2","포천","어르신","일반","75","관리자","3등급","20250226","M","155.8","53.9","23.5","88","82","158","32.9","35.9",,,"-1.0",,,,,,"22.2",,,,,"20",,"108","5.02","20.99","66.6",,,,,,,,,,,,,,,,,,,"35.9"
"1","성남","어르신","일반","65","관리자","참가","20250226","M","168.7","60.9","17.3",,"53","122","40.4","43.6",,,"1.3",,,,,,"21.4",,,,,"28",,"123","4.31","19.74","71.6",,,,,,,,,,,,,,,,,,,"43.6"
"1","경산","성인","일반","56","관리자","2등급","20250226","M","166.5","68.5","20","86","90","145","40.1","37.8",,,"18.9",,,,,,"24.7","35",,"13.3","191",,,,,,"58.5",,,"83","119","143",,"36.0",,,,,,,,,,,,
"1","KSPO광주","청소년","일반","18","관리자","참가","20250226","M","173.6","68.5","26.9","78.5","69","119","26.9","32.6",,"28","1","19.46","0.538","42.388","11","42.894","22.7",,"35",,,,,,,,"47.6",,"41.5",,,,,,,,,,,,,,,,,
"1","증평","성인","일반","29","관리자","참가","20250226","M","171.3","87.5","30.8","101.9","90","152","41.9","47",,,"6.5",,,,,,"29.8","44",,,"229",,,,,,"53.7",,,"94","125","146","189","35.3",,,,,"0.321",,,,,,,
"1","KSPO광주","청소년","일반","18","관리자","3등급","20250226","M","174.1","62.9","5.4","72","71","119","39.4","36",,"46","8.4","17.48","0.588","44.542","3","44.680","20.8",,"43",,,,,,,,"62.6",,"44.1",,,,,,,,,,,,,,,,,
"2","안산","성인","일반","25","관리자","참가","20250226","F","165.2","53.7","28.5","63","65","98","23.1","26.4",,,"15.5",,,,,,"19.7","19",,,"117",,,,,,"49.2",,,,,,,,"116","38.4",,,"0.385",,,,,,,
"4","강릉","성인","일반","56","관리자","2등급","20250226","F","158.9","57.6","21.6","71.6","81","120","22","22.7",,,"26.2",,,,,,"22.8","35",,,"115",,,,,,"39.4",,,"50","84","105",,"37.4",,,,,"0.334",,,,,,,
"1","서초","성인","일반","19","관리자","참가","20250226","M","176.7","80.3","25.0","88.8","69","118","49.6","55.5",,,"6.9",,,,,,"25.7","35",,,,,,,,,"69.1",,,,,,,,"148","39.9",,,"0.325","0.539",,,,,,
"1","안산","어르신","일반","68","관리자","3등급","20250226","M","171.9","71.3","28.6","83","90","145","38.4","43.8",,,"4.1",,,,,,"24.1",,,,,"33",,"104","4.2","19.6","61.4",,,,,,,,,,,,,,,,,,,"43.8"
"1","성남","성인","일반","22","관리자","참가","20250226","M","177.1","70.4","16.1",,"80","135","42.7","46.5",,,"1.7",,,,,,"22.4","53",,,"243",,,,,,"66.1",,,,,,,,"116","46.1",,,"0.279",,,,,,,
"1","춘천","성인","일반","19","관리자","참가","20250226","M","167.8","89.1","31.1","101.2","67","138","49.1","51.3",,,"9.7",,,,,,"31.6","28","30","10.73","199",,,,,,"57.6",,"37.5",,,,,,,,,,,,,,,,,
"2","KSPO송파별관(어르신)","어르신","일반","73","관리자","2등급","20250226","M","168.1","64.1","24.1",,"90","150","29","31.2",,,"7.3",,,,,,"22.7",,,,,"30",,"135","4.87","19.18","48.7",,,,,,,,,,,,,,,,,,,"31.2"
"3","달서","성인","일반","26","관리자","참가","20250226","M","176.5","94.8","27.5","99","64","120","43.8","50.1",,,"17.4",,,,,,"30.4","24",,,"170",,,,,,"52.8",,,,,,,,"104","41.5",,,"0.332",,,,,,,
"4","KSPO송파별관(어르신)","어르신","일반","70","관리자","1등급","20250226","M","164","53","13.4",,"75","120","37.1","37.4",,,"11",,,,,,"19.7",,,,,"33",,"141","4.32","17.55","70.6",,,,,,,,,,,,,,,,,,,"37.4"
"1","계룡","성인","일반","27","관리자","3등급","20250226","F","163","53.4","28.4",,"67","123","26.8","27.9",,,"24.4",,,,,,"20.1","23",,"14.44",,,,,,,"52.2",,,,,,,,"123","37.0",,,,"0.421",,,,,,
"1","서구(대전)","성인","일반","26","관리자","참가","20250226","F","161","52.2","32",,"82","135","20.8","22.1",,,"14.1",,,,,,"20.1","1",,,,,,,,,"42.3",,,"95","132","164",,"36.2",,,,,"0.377","0.428",,,,,,
"1","서구(대전)","성인","일반","32","관리자","참가","20250226","M","166.5","77.8","26",,"77","138","41.8","46",,,"11.5",,,,,,"28.1","37","21","10.81","202",,,,,,"59.1",,"36.0",,,,,,,,,,,,,,,,,
"27","KSPO대구","성인","일반","36","관리자","참가","20250226","M","173.6","94.9","26.1","89","84","137","51.1","55.5",,,"13.7",,,,,,"31.5","13",,,"228",,,,,,"58.5",,,,,,,,"114","37.3",,,"0.312",,,,,,,
"1","청주","성인","일반","31","관리자","참가","20250226","M","183.4","75.7","23.1","89.5","72","126","39.8","47",,,"2",,,,,,"22.5","26",,,"200",,,,,,"62.1",,,,,,,,"157","37.2",,,"0.281",,,,,,,
"2","달서","성인","일반","25","관리자","참가","20250226","M","180.8","76.6","21.8","90.7","86","132","41.4","41.4",,,"-4.6",,,,,,"23.4","41",,,"194",,,,,,"54",,,,,,,,"134","41.7",,,"0.367",,,,,,,
"3","구미","성인","일반","23","관리자","3등급","20250226","F","166.6","54.8","35.6","82.4","66","127","20.8","22.5",,,"23.2",,,,,,"19.7","27",,"13.82","163",,,,,,"41.1",,,,,,,,"106","39.8",,,,,,,,,,
"3","화성","어르신","일반","74","관리자","2등급","20250226","M","165.1","68.8","25.5",,"80","161","42.1","41.1",,,"6.2",,,,,,"25.2",,,,,"23",,"110","4.75","21.85","61.2",,,,,,,,,,,,,,,,,,,"42.1"
"1","서구(광주)","성인","일반","44","관리자","참가","20250226","F","156.5","55.2","28","71","59","118","24.1","23.4",,,"3",,,,,,"22.5","13",,"13.72",,,,,,,"43.7",,,"91","114","133",,"36.1",,,,,,"0.380",,,,,,
"5","군산","성인","일반","21","관리자","참가","20250226","M","172.9","84.5","27.4","91","75","145","34","38.7",,,"13.1",,,,,,"28.3","49",,,,,,,,,"45.8",,,"79","106","130","156","43.6",,,,,"0.327","0.543",,,,,,
"5","KSPO송파","성인","일반","24","관리자","3등급","20250226","F","168.2","58.8","30.5","78.5","99","149","22.2","28.2",,,"17.5",,,,,,"20.8","24",,,"144",,,,,,"48.0",,,"95","125","156",,"36.4",,,,,"0.303",,,,,,,
"4","제주","성인","일반","21","관리자","참가","20250226","F","170.1","93.2","42.6","113","68","136","28.4","34",,,"16.6",,,,,,"32.2","20","15",,,,,,,,"36.5",,"26.1",,,,,,,,,,"0.374","0.39",,,,,,
"1","창원","성인","일반","37","관리자","3등급","20250226","M","176.9","67","17.4","73","89","152","41.7","39.9",,,"18.2",,,,,,"21.4","36",,"10.66","227",,,,,,"62.2",,,,,,,,"110","44.1",,,,,,,,,,
"1","전주","성인","일반","27","관리자","2등급","20250226","M","183.3","68.4","14.1","80.8","95","147","50.6","53.1",,,"15.5",,,,,,"20.4","46",,,"216",,,,,,"77.6",,,,,,,,"131","43.6",,,"0.327",,,,,,,
"1","전주","성인","일반","22","관리자","3등급","20250226","M","174.7","82.2","23.1","92.4","95","124","41.6","43.4",,,"13",,,,,,"26.9","45","44",,"212",,,,,,"52.8",,"41.4",,,,,,,,,,"0.312",,,,,,,
"3","KSPO송파","성인","일반","24","관리자","3등급","20250226","M","183.6","82.4","22.6","90.3","90","151","42.9","47.9",,,"8",,,,,,"24.4","47","41",,"225",,,,,,"58.1",,"40.3",,,,,,,,,,"0.362",,,,,,,
"1","의정부","성인","일반","63","관리자","2등급","20250226","F","155.6","60.8","35.6","83.1","65","128","23.5","24.5",,,"17.9",,,,,,"25.1","14",,,"132",,,,,,"40.3",,,"72","109","117",,"34.4",,,,,"0.350",,,,,,,
"2","화성","성인","일반","26","관리자","1등급","20250226","M","178.1","71.2","11",,"98","154","47.7","52.3",,,"16.0",,,,,,"22.4","58",,,"251",,,,,,"73.5",,,"78","100","120","140","49.2",,,,,"0.275",,,,,,,
"2","서초","성인","일반","53","관리자","2등급","20250226","F","156.8","59.7","33.6","81.0","83","157","24.1","25",,,"19.7",,,,,,"24.3","27",,,,,,,,,"41.9",,,,,,,,"100","32.9",,,"0.442","0.390",,,,,,
"3","순천","어르신","일반","65","관리자","2등급","20250226","M","166.4","71.6","27.5","91.8","94","127","45.4","44.7",,,"12.5",,,,,,"25.9",,,,,"26",,"127","5.2","22.4","63.4",,,,,,,,,,,,,,,,,,,"45.4"
"11","보은","어르신","일반","71","관리자","참가","20250226","F","154.5","63.8","38.3",,"84","149","18.2","18.9",,,"19.4",,,,,,"26.7",,,,,"29",,"143","4.88","19.81","29.6",,,,,,,,,,,,,,,,,,,"18.9"
"2","성동","성인","일반","60","관리자","참가","20250226","M","164.9","68.7","28",,"70","117","36.8","38",,,"-1.6",,,,,,"25.3","24",,,,,,,,,"55.3",,,,,,,,,,,,"0.534","0.365",,,,,,
"1","원주","성인","일반","22","관리자","참가","20250226","M","160.7","51.9","20.7","67.5","78","112","36.4","43.3",,,"13.1",,,,,,"20.1","42","38",,,,,,,,"83.4",,"44.7",,,,,,,,,,"0.339","0.563",,,,,,
"1","사천","성인","일반","45","관리자","2등급","20250226","M","168.4","71.8","19.6","82.7","77","138","48.5","42.8",,,"16.1",,,,,,"25.3","45",,,,,,,,,"67.5",,,,,,,,"91","43.2",,,"0.337","0.489",,,,,,
"2","강북","성인","출장","61","관리자","참가","20250226","F","155.5","62","27.1","79.5","79","125","30.3","25.9",,,"24.9",,,,,,"25.6","22",,,,,,,,,"48.9",,,,,,,,"138","26.0",,,"0.407","0.436",,,,,,
"1","강북","성인","출장","62","관리자","참가","20250226","M","165.5","68.9","25.1","90","94","156","32.8","35",,,"10.6",,,,,,"25.2","21",,,,,,,,,"50.8",,,,,,,,"111","36.5",,,"0.492","0.382",,,,,,
"5","보은","어르신","일반","70","관리자","2등급","20250226","F","163.6","61.8","27.8",,"81","145","22.8","22.7",,,"18",,,,,,"23.1",,,,,"26",,"145","5.13","20.69","36.9",,,,,,,,,,,,,,,,,,,"22.8"
"4","성동","성인","일반","49","관리자","참가","20250226","F","164.3","47.4","22.5",,"53","113","21.9","22.5",,,"0",,,,,,"17.6","16",,,,,,,,,"47.5",,,,,,,,"99","37.5",,,"0.339","0.415",,,,,,
"4","천안","성인","일반","23","관리자","2등급","20250226","F","162.7","55.4","39.8",,"70","107","24","19.3",,,"18",,,,,,"20.9","32",,"13.08",,,,,,,"43.3",,,"99","138","166",,"36.2",,,,,,"0.428",,,,,,
"2","순천","어르신","일반","66","관리자","2등급","20250226","M","163.8","68.9","28.5","89","80","140","43.6","42.7",,,"15.2",,,,,,"25.7",,,,,"25",,"117","4.60","20.76","63.3",,,,,,,,,,,,,,,,,,,"43.6"
"1","강북","성인","출장","60","관리자","참가","20250226","M","164.9","79.9","39.2","102","83","146","26.5","24",,,"-2.8",,,,,,"29.4","12",,,,,,,,,"33.2",,,,,,,,"123","32.7",,,"0.441","0.418",,,,,,
"5","천안","성인","일반","23","관리자","참가","20250226","F","164.9","64.7","37.1",,"67","110","24.9","25.1",,,"22.7",,,,,,"23.8","30","8",,,,,,,,"38.8",,"28.4",,,,,,,,,,"0.256","0.415",,,,,,
"2","사천","어르신","일반","65","관리자","2등급","20250226","M","172.4","79","22.8","92.4","94","140","49.6","43.6",,,"17",,,,,,"26.6",,,,,"21",,"121","5.14","22.18","62.8",,,,,,,,,,,,,,,,,,,"49.6"
"1","수원","어르신","일반","76","관리자","참가","20250226","M","162.6","62.9","18.7","97","70","125","31.7","38.3",,,"-2.7",,,,,,"23.8",,,,,"18",,"120","5.1","21.5","60.9",,,,,,,,,,,,,,,,,,,"38.3"
"4","수원","어르신","일반","72","관리자","참가","20250226","M","160.1","60.4","23.1","90","68","153","22.1","27.2",,,"3",,,,,,"23.6",,,,,"26",,"66","8.2","38.5","45.0",,,,,,,,,,,,,,,,,,,"27.2"
"6","양평","성인","일반","22","관리자","참가","20250226","F","160.9","63.7","39.8",,"72","113","31","29.9",,,"12.9",,,,,,"24.6","20","22","12.2","166",,,,,,"48.7",,"32.8",,,,,,,,,,,,,,,,,
"3","순천","어르신","일반","67","관리자","3등급","20250226","M","158.7","59.1","29.1","83.3","81","141","31.6","37.6",,,"6",,,,,,"23.5",,,,,"29",,"126","4.24","20.43","63.6",,,,,,,,,,,,,,,,,,,"37.6"
"6","양평","어르신","일반","78","관리자","2등급","20250226","F","147.6","62.7","41.5",,"102","194","21.1","26.3",,,"17.9",,,,,,"28.8",,,,,"28",,"89","7.19","28.94","41.9",,,,,,,,,,,,,,,,,,,"26.3"
"1","동구(광주)","성인","일반","59","관리자","1등급","20250226","F","159.2","55","30.5","70","71","113","23.3","24.6",,,"20.6",,,,,,"21.7","30",,,,,,,,,"44.7",,,"80","105","139",,"32.1",,,,,"0.328","0.353",,,,,,
"2","서대문","성인","일반","23","관리자","3등급","20250226","F","167.2","52.7","26.6",,"77","117","22.5","23.5",,,"13.3",,,,,,"18.9","24","20","12.61",,,,,,,"44.6",,"34.0",,,,,,,,,,,"0.484",,,,,,
"2","서대문","성인","일반","52","관리자","참가","20250226","F","156.6","67.2","40.6",,"92","159","32.3","33",,,"9.7",,,,,,"27.4","15","15","14.40",,,,,,,"49.1",,"28.9",,,,,,,,,,,"0.408",,,,,,
"3","양평","어르신","일반","83","관리자","2등급","20250226","M","163.7","62.9","25",,"69","145","30.3","33.7",,,"3.3",,,,,,"23.5",,,,,"27",,"114","4.12","19.13","53.6",,,,,,,,,,,,,,,,,,,"33.7"
"1","서대문","성인","일반","61","관리자","참가","20250226","F","153.8","61.3","42.7",,"71","133","23.4","24.7",,,"12.7",,,,,,"25.9","6","10","16.68",,,,,,,"40.3",,"27.9",,,,,,,,,,,"0.389",,,,,,
"1","수원","성인","일반","60","관리자","3등급","20250226","M","164.4","60.7","24","82","90","155","33.5","38.9",,,"11.4",,,,,,"22.5","21",,,"122",,,,,,"64.1",,,,,,,,"137","34.9",,,"0.391",,,,,,,
"4","서대문","성인","일반","24","관리자","참가","20250226","F","172.0","52.1","16.2",,"80","120","21.7","26.6",,,"20.0",,,,,,"17.6","6","22","14.08",,,,,,,"51.1",,"34.8",,,,,,,,,,,"0.485",,,,,,
"3","정읍","성인","일반","24","관리자","3등급","20250226","F","168.7","55.2","27.7",,"77","122","22.1","24.6",,,"20.5",,,,,,"19.4","29",,,"180",,,,,,"44.6",,,,,,,,"99","40.6",,,"0.279",,,,,,,
"3","순천","어르신","일반","68","관리자","2등급","20250226","M","162.4","69.9","30.0","88.7","76","159","36.6","38.8",,,"18",,,,,,"26.5",,,,,"21",,"127","4.31","23","55.5",,,,,,,,,,,,,,,,,,,"38.8"
"1","안산","어르신","일반","69","관리자","2등급","20250226","M","160.3","63.5","25.8","83","96","155","29.9","35.7",,,"7",,,,,,"24.7",,,,,"29",,"117","4.6","18.1","56.2",,,,,,,,,,,,,,,,,,,"35.7"
"3","창원마산회원","성인","일반","24","관리자","참가","20250226","M","187.2","87.0","17.1","83","81","118","51.2","49.4",,,"-14.5",,,,,,"24.8","39","23","11.78","177",,,,,,"58.9",,"35.4",,,,,,,,,,,,,,,,,
"1","서초","어르신","일반","70","관리자","1등급","20250226","F","161.6","57.4","25.8","75.3","74","137","26.8","29.7",,,"29.0",,,,,,"22.0",,,,,"29",,"124","4.06","18.90","51.7",,,,,,,,,,,,,,,,,,,"29.7"
"1","화성","어르신","일반","65","관리자","2등급","20250226","M","174.4","73.6","23.5",,"78","153","45.5","40",,,"12.1",,,,,,"24.2",,,,,"26",,"114","4.5","21.2","61.8",,,,,,,,,,,,,,,,,,,"45.5"
"1","진천","성인","일반","22","관리자","참가","20250226","M","182.3","99.1","18.8","87.8","87","152","56.4","59.3",,,"15.6",,,,,,"29.8","29",,,,,,,,,"59.8",,,"72","96","116","185","37.1",,,,,"0.404","0.562",,,,,,
"1","서대문","성인","일반","24","관리자","2등급","20250226","F","156.1","52.0","33.6",,"79","129","21.4","23.4",,,"19.2",,,,,,"21.3","36","30","12.51",,,,,,,"45.0",,"37.0",,,,,,,,,,,"0.450",,,,,,
"2","서대문","성인","일반","27","관리자","2등급","20250226","F","166.3","55.9","33.8",,"67","100","23.3","29.5",,,"20.2",,,,,,"20.2","33","24","12.37",,,,,,,"52.8",,"34.6",,,,,,,,,,,"0.418",,,,,,
"2","서대문","성인","일반","28","관리자","2등급","20250226","M","163.7","59.3","18.6",,"63","116","42.4","50.3",,,"12.2",,,,,,"22.1","49","62","10.59",,,,,,,"84.8",,"48.7",,,,,,,,,,,"0.603",,,,,,
"2","서대문","성인","일반","27","관리자","3등급","20250226","F","166.9","51.8","24.5",,"76","116","31.7","34",,,"19.1",,,,,,"18.6","47","22","30",,,,,,,"65.6",,"34.6",,,,,,,,,,,"0.425",,,,,,
"1","남원","유소년","일반","11","관리자","참가","20250226","F","160.3","48.2",,"72",,,"21.2","22.8","18",,"6.5",,,,,,"18.8",,"16",,"139",,,,,,"47.3",,,,,,,,,,,,,,"0.45","23","5",,,
"1","KSPO아산","성인","일반","20","관리자","3등급","20250226","M","171.2","74.4","12.8","77.5","65","127","54.1","56.2",,,"8.9",,,,,,"25.4","58","41","10.5","234",,,,,,"75.5",,"42.1",,,,,,,,,,,,,,,,,
"3","마포","어르신","일반","72","관리자","1등급","20250226","M","163","71.7","22.6","89","90","144","41.9","47.9",,,"10.9",,,,,,"27.0",,,,,"33",,"141","3.76","15.94","66.8",,,,,,,,,,,,,,,,,,,"47.9"
"4","마포","어르신","일반","69","관리자","참가","20250226","M","168","67.4","23.9","89","87","171","37.3","36",,,"0.9",,,,,,"23.9",,,,,"27",,"135","4.07","17.72","55.3",,,,,,,,,,,,,,,,,,,"37.3"
"1","창원마산회원","성인","일반","19","관리자","참가","20250226","M","175.1","67.6","14.0","72.5","75","131","41.6","48.5",,,"6.8",,,,,,"22.0","38",,,"247",,,,,,"71.7",,,"99","116","136","168","46.3",,,,,"0.351",,,,,,,
"2","충주","성인","일반","25","관리자","참가","20250226","M","184.3","84","18.4","86","75","128","49.2","54",,,"17.2",,,,,,"24.7","38","31",,,,,,,,"64.3",,"37.7",,,,,,,,,,"0.306","0.627",,,,,,
"2","남원","유소년","일반","12","관리자","3등급","20250226","F","155.9","49.3",,"62",,,"26.7","27.9","20",,"15.9",,,,,,"20.3",,"52",,"134",,,,,,"56.6",,,,,,,,,,,,,,"0.40","32","6",,,
"7","KSPO송파별관(어르신)","어르신","일반","68","관리자","3등급","20250226","M","169","59.6","25.3",,"89","158","38.4","44.4",,,"9",,,,,,"20.9",,,,,"22",,"108","5.08","21.51","74.5",,,,,,,,,,,,,,,,,,,"44.4"
"4","부천","어르신","출장","67","관리자","참가","20250226","F","152.1","58.0","35.3",,"60","115","23.7","23.3",,,"10.1",,,,,,"25.1",,,,,"18",,"103","5.68","25.17","40.9",,,,,,,,,,,,,,,,,,,"23.7"
"1","보은","어르신","일반","65","관리자","3등급","20250226","F","157.4","63","33.8",,"63","124","23.1","22.2",,,"14.9",,,,,,"25.4",,,,,"24",,"136","4.65","21.16","36.7",,,,,,,,,,,,,,,,,,,"23.1"
"3","KSPO송파별관(어르신)","어르신","일반","76","관리자","2등급","20250226","M","165.6","67.2","24.1",,"83","121","33.2","34.4",,,"5.3",,,,,,"24.5",,,,,"28",,"123","4.53","18.4","51.2",,,,,,,,,,,,,,,,,,,"34.4"
"4","강북","성인","출장","61","관리자","참가","20250226","M","162.7","73.6","30.5","91.1","89","158","39.6","39.6",,,"8.3",,,,,,"27.8","25",,,,,,,,,"53.8",,,,,,,,"100","37.1",,,"0.450","0.369",,,,,,
"1","순천","성인","일반","21","관리자","참가","20250226","M","171.7","87.3","32.6","102.7","83","133","38.9","55.5",,,"2.1",,,,,,"29.6","37",,,,,,,,,"63.6",,,,,,,,"158","36.0",,,"0.288","0.576",,,,,,
"4","KSPO대구","성인","일반","25","관리자","1등급","20250226","F","164.7","47.5","23.7","59","78","130","25.5","25.3",,,"20.4",,,,,,"17.5","40",,,"131",,,,,,"53.7",,,,,,,,"115","40.0",,,"0.316",,,,,,,
"4","강북","성인","출장","62","관리자","2등급","20250226","F","150.8","51.1","44.2","82.2","80","146","24.1","26",,,"21.3",,,,,,"22.5","25",,,,,,,,,"50.9",,,,,,,,"124","29.8",,,"0.380","0.435",,,,,,
"1","KSPO대구","성인","일반","20","관리자","2등급","20250226","M","172.1","67.3","16.2","76","89","148","42.3","48.5",,,"16.8",,,,,,"22.7","56","54","10.2","227",,,,,,"72.1",,"46.1",,,,,,,,,,,,,,,,,
"1","창원","성인","일반","48","관리자","2등급","20250226","F","162.1","58.6","24.7","70","84","138","28.1","29.4",,,"21.4",,,,,,"22.3","40",,"12.25","160",,,,,,"50.2",,,,,,,,"122","31.9",,,,,,,,,,
"1","KSPO송파","성인","일반","28","관리자","3등급","20250226","M","183.9","83.6","20.4","91","88","138","48.6","47.6",,,"14.1",,,,,,"24.7","39",,,"210",,,,,,"58.1",,,,,,,,"125","40.9",,,"0.337",,,,,,,
"2","광주","성인","일반","64","관리자","3등급","20250226","F","157.6","50.5","27.5",,"84","158","26.4","25.4",,,"13.7",,,,,,"20.3","12",,,"112",,,,,,"52.3",,,,,,,,"107","32.3",,,"0.380",,,,,,,
"2","광주","성인","일반","55","관리자","참가","20250226","F","154","59.7","35.5",,"82","135","19.7","19.7",,,"21.6",,,,,,"25.2","9",,,"136",,,,,,"33.0",,,,,,,,"107","31.4",,,"0.417",,,,,,,
"1","동작","성인","일반","54","관리자","참가","20250226","F","154.5","59","37.6","78.8","85","139","22.6","24.7",,,"13.4",,,,,,"24.7","7",,,"139",,,,,,"41.9",,,"90","108","125",,"34.1",,,,,"0.343",,,,,,,
"2","서대문","성인","일반","64","관리자","참가","20250226","M","158.9","66.2","34.4",,"80","120","42.4","38.5",,,"10.7",,,,,,"26.2","24","20","13.87",,,,,,,"64.0",,"35.1",,,,,,,,,,,"0.465",,,,,,
"1","순천","성인","일반","24","관리자","참가","20250226","M","175.4","75.9","20.7","92.9","65","116","35.2","40.1",,,"-1.2",,,,,,"24.7","38",,,,,,,,,"52.8",,,,,,,,"85","48.9",,,"0.316","0.588",,,,,,
"1","KSPO광주","성인","일반","22","관리자","참가","20250226","F","163.9","50.9","26.6","60.2","72","120","23.4","24.4",,,"22.6",,,,,,"18.9","16",,,,,,,,,"47.9",,,,,,,,"122","38.8",,,"0.340","0.456",,,,,,
"2","동작","성인","일반","26","관리자","3등급","20250226","M","170.7","75.8","22.3","83","96","141","46.9","48.6",,,"19.6",,,,,,"26.0","43",,,,,,,,,"64.1",,,"98","123","133","149","46.3",,,,,"0.310","0.502",,,,,,
"2","광주","성인","일반","56","관리자","참가","20250226","F","156.8","59.2","38.9",,"93","154","28.4","29",,,"22.3",,,,,,"24.1","0",,,"92",,,,,,"49.0",,,,,,,,"106","31.7",,,"0.385",,,,,,,
"1","서구(광주)","성인","일반","32","관리자","3등급","20250226","M","169.9","63.8","25.5","77","93","135","44.7","43.5",,,"6.8",,,,,,"22.1","43",,"10.58",,,,,,,"70.1",,,"96","132","160","180","40.9",,,,,,"0.538",,,,,,
"1","서대문","성인","일반","25","관리자","3등급","20250226","F","160.8","54.2","31.8",,"80","120","27.6","25.5",,,"20",,,,,,"21.0","26","23","12.50",,,,,,,"50.9",,"34.5",,,,,,,,,,,"0.464",,,,,,
"2","서대문","성인","일반","21","관리자","2등급","20250226","M","169.4","65.3","16.7",,"80","120","44.2","46.7",,,"16.5",,,,,,"22.8","56","52","10.60",,,,,,,"71.5",,"45.9",,,,,,,,,,,"0.601",,,,,,
"4","천안","성인","일반","23","관리자","2등급","20250226","F","168.3","51.5","25.9",,"78","125","22.4","25.8",,,"21.3",,,,,,"18.2","31",,,,,,,,,"50.1",,,,,,,,"117","39.5",,,"0.308","0.465",,,,,,
"1","순천","성인","일반","34","관리자","참가","20250226","M","176.3","76.8","27.7","95","66","141","34.2","40.8",,,"12",,,,,,"24.7","31",,,,,,,,,"53.1",,,,,,,,"101","43.9",,,"0.313","0.502",,,,,,
"1","전주","성인","일반","31","관리자","참가","20250226","F","168.1","72.1","39.4","88.8","89","132","20.9","23",,,"11.2",,,,,,"25.5","31","15",,"144",,,,,,"31.9",,"29.1",,,,,,,,,,"0.365",,,,,,,
"2","서대문","성인","일반","26","관리자","참가","20250226","F","172.3","59.9","27.5",,"80","120","31","30.1",,,"19.6",,,,,,"20.2","10","29","13.70",,,,,,,"51.8",,"35.6",,,,,,,,,,,"0.447",,,,,,
"1","서대문","성인","일반","25","관리자","2등급","20250226","M","166.6","70.6","21.4",,"80","120","45.4","46.7",,,"13.7",,,,,,"25.4","46","66","11.46",,,,,,,"66.1",,"48.2",,,,,,,,,,,"0.645",,,,,,
"5","계룡","성인","일반","46","관리자","참가","20250226","M","172.9","95.2","35.4",,"65","125","45.3","48.6",,,"6",,,,,,"31.8","42",,,"183",,,,,,"51.1",,,,,,,,"104","36.2",,,"0.301",,,,,,,
"5","구미","성인","일반","45","관리자","2등급","20250226","M","168.5","65.3","17.4","78","86","146","47.6","49.4",,,"12.9",,,,,,"23.0","57","50",,"220",,,,,,"75.7",,"43.6",,,,,,,,,,"0.351",,,,,,,
"2","포천","어르신","일반","70","관리자","3등급","20250226","M","167.8","70.1","22.3","79","93","156","34.3","37.9",,,"2.8",,,,,,"24.9",,,,,"30",,"128","4.25","17.22","54.1",,,,,,,,,,,,,,,,,,,"37.9"
"19","시흥","성인","일반","36","관리자","3등급","20250226","M","173.7","75","17.2","79.8","77","119",,"49",,,"8.4",,,,,,"24.9","57","50",,"223",,,,,,"65.3",,"42.8",,,,,,,,,,"0.353",,,,,,,
"6","사천","성인","일반","62","관리자","참가","20250226","F","154","53.2","24.9","75.5","60","100","22.7","21.4",,,"26.5",,,,,,"22.4","6",,,,,,,,,"42.7",,,,,,,,"97","32.9",,,"0.374","0.390",,,,,,
"3","순천","성인","일반","20","관리자","참가","20250226","M","166.8","59.8","17.4","78.3","72","122","43.5","47.5",,,"9",,,,,,"21.5","25",,,,,,,,,"79.4",,,,,,,,"103","50.1",,,"0.303","0.626",,,,,,
"1","KSPO광주","성인","일반","46","관리자","참가","20250226","M","168.4","65.8","23.4","75","72","128","42.6","43.2",,,"4.2",,,,,,"23.2","30","27",,"200",,,,,,"65.7",,"38.0",,,,,,,,,,"0.338",,,,,,,
"3","부천","어르신","출장","72","관리자","참가","20250226","F","161.1","68","37.5",,"90","144","26.6","28.1",,,"0.9",,,,,,"26.2",,,,,"18",,"100","6","27.21","41.3",,,,,,,,,,,,,,,,,,,"28.1"
"2","원주","성인","일반","24","관리자","3등급","20250226","F","162.7","50.6","29.7","64","61","119","21.2","22.6",,,"12",,,,,,"19.1","24",,,"146",,,,,,"44.7",,,,,,,,"129","37.5",,,"0.353",,,,,,,
"8","청주","성인","일반","64","관리자","2등급","20250226","F","160.3","59.7","37.7","85.3","63","137","29.5","27.7",,,"19.1",,,,,,"23.2","18",,,"135",,,,,,"49.4",,,,,,,,"100","31.2",,,"0.404",,,,,,,
"2","순천","성인","일반","19","관리자","3등급","20250226","M","177.5","69.1","16.5","78.3","71","128","41.5","33.6",,,"23.6",,,,,,"21.9","44",,,,,,,,,"60.1",,,,,,,,"111","47.9",,,"0.310","0.601",,,,,,
"1","강북","성인","출장","63","관리자","참가","20250226","M","171.4","77","29.8","95","83","124","37.8","38.4",,,"7.8",,,,,,"26.2","31",,,,,,,,,"49.9",,,,,,,,"98","36.8",,,"0.477","0.442",,,,,,
"3","사상","성인","일반","22","관리자","참가","20250226","M","179.8","100.3","30","101.7","77","132","47.2","54.3",,,"8.1",,,,,,"31.0","36",,,"224",,,,,,"54.1",,,,,,,,"130","37.7",,,"0.364",,,,,,,
"1","화성","청소년","일반","18","관리자","참가","20250226","M","174","80.2","23.6",,"63","120","56.3","54.3","32",,"15","19.4","0.502","48.604","14","49.248","26.5",,"36",,,,,,,,"70.2",,"39.7",,,,,,,,,,,,,,,,,
"1","사상","성인","일반","20","관리자","3등급","20250226","M","185.6","80.2","10.8","80.6","85","143","45.4","47.3",,,"19",,,,,,"23.3","45",,"9.8","237",,,,,,"59.0",,,"89","94","113","159","45.7",,,,,,,,,,,,
"1","강북","성인","출장","62","관리자","참가","20250226","F","159.6","49.1","24","72","90","144","23.1","25.3",,,"7.5",,,,,,"19.3","22",,,,,,,,,"51.5",,,,,,,,"125","31.0",,,"0.434","0.393",,,,,,
"3","창원","성인","일반","20","관리자","2등급","20250226","F","158.7","55.9","31.2","68","72","130","22.1","25.4",,,"24.2",,,,,,"22.2","39","25",,"161",,,,,,"45.4",,"35.0",,,,,,,,,,"0.330",,,,,,,
"1","부천","어르신","출장","67","관리자","3등급","20250226","M","159.6","57.4","26",,"89","132","35.9","37.9",,,"3.5",,,,,,"22.4",,,,,"18",,"119","5.19","25.41","66.0",,,,,,,,,,,,,,,,,,,"37.9"
"1","미추홀","성인","일반","24","관리자","참가","20250226","F","169","58.1","27.2","77","53","102","22.5","21.8",,,"5",,,,,,"20.3","19","18","14","151",,,,,,"38.7",,"32.5",,,,,,,,,,,,,,,,,
"1","미추홀","성인","일반","46","관리자","2등급","20250226","F","156.6","47.9","25","69.5","74","121","25.7","26.2",,,"28.5",,,,,,"19.5","40","22","14.1","118",,,,,,"54.7",,"34.3",,,,,,,,,,,,,,,,,
"1","청주","성인","일반","27","관리자","참가","20250226","M","173.9","76","28.6","87.6","69","114","31","38.4",,,"-2.2",,,,,,"25.1","19",,"12.6","169",,,,,,"50.5",,,,,,,,"120","42.8",,,,,,,,,,
"1","세종","청소년","일반","14","관리자","3등급","20250226","M","169","48.9","4.3","66.1","83","138","30.1","20",,"49","10.7","18.91","0.539",,,,"17.1",,"40",,"204",,,,,,"61.6",,"45.1",,,,,,,,,,,,,,,,,
"2","서구(대전)","성인","일반","29","관리자","참가","20250226","F","168.7","61.4","29",,"86","111","27.2","26.4",,,"2.7",,,,,,"21.6","29",,,,,,,,,"44.3",,,"91","120","144",,"36.8",,,,,"0.409","0.502",,,,,,
"1","미추홀","성인","일반","20","관리자","2등급","20250226","M","171","68","17.5","82.4","64","123","38.4","41",,,"22.6",,,,,,"23.3","56","55","10.1","249",,,,,,"60.3",,"46.3",,,,,,,,,,,,,,,,,
"1","미추홀","성인","일반","29","관리자","3등급","20250226","M","171","62.4","22.5","80.8","77","135","32.2","40.9",,,"9.7",,,,,,"21.3","53","45","11.3","215",,,,,,"65.5",,"44.1",,,,,,,,,,,,,,,,,
"3","부천","어르신","출장","82","관리자","참가","20250226","F","150.2","60.4","37.6",,"86","152","22.3","20.3",,,"15.5",,,,,,"26.8",,,,,"11",,"62","10.15","39.22","36.9",,,,,,,,,,,,,,,,,,,"22.3"
"1","세종","성인","일반","44","관리자","3등급","20250226","M","187.9","95.4","24.9","104.7","85","140","61.1","70.4",,,"18.3",,,,,,"27.0","41","30",,"222",,,,,,"73.8",,"34.2",,,,,,,,,,"0.325",,,,,,,
"11","KSPO송파별관(어르신)","어르신","일반","73","관리자","참가","20250226","M","170.3","91.8","37.8",,"93","151","31.5","39.3",,,"11.9",,,,,,"31.7",,,,,"29",,"128","4.79","19.10","42.8",,,,,,,,,,,,,,,,,,,"39.3"
"1","동구(광주)","성인","일반","27","관리자","3등급","20250226","M","176.1","57","10.5","76","77","117","36.8","42.6",,,"10.2",,,,,,"18.4","43",,,"202",,,,,,"74.7",,,,,,,,"126","46.3",,,"0.313",,,,,,,
"1","부천","어르신","출장","79","관리자","참가","20250226","M","167.4","72.4","39.8",,"86","158","27.7","24.3",,,"8.3",,,,,,"25.8",,,,,"14",,"108","5.19","21.82","38.3",,,,,,,,,,,,,,,,,,,"27.7"
"2","달서","어르신","일반","70","관리자","2등급","20250226","F","151","56.9","35.2","76.9","86","129","21.1","20.3",,,"23.3",,,,,,"25.0",,,,,"25",,"126","5.09","19.91","37.1",,,,,,,,,,,,,,,,,,,"21.1"
"2","KSPO송파별관(어르신)","어르신","일반","67","관리자","3등급","20250226","M","160","71.4","33.2",,"80","156","36.4","42.6",,,"4.6",,,,,,"27.9",,,,,"28",,"121","5.2","22.01","59.7",,,,,,,,,,,,,,,,,,,"42.6"
"3","부천","어르신","출장","78","관리자","참가","20250226","M","167.8","68.8","25.3",,"77","135","37.7","40.7",,,"5.3",,,,,,"24.4",,,,,"14",,"23","8.41","51.81","59.2",,,,,,,,,,,,,,,,,,,"40.7"
"1","서초","성인","일반","22","관리자","2등급","20250226","M","175.7","73.4","23.6","80.6","80","134","47.9","44.6",,,"11.7",,,,,,"23.8","52",,,,,,,,,"65.3",,,,,,,,"120","44.8",,,"0.296","0.650",,,,,,
"1","강북","성인","출장","64","관리자","참가","20250226","M","175.8","86.8","30.4","93.5","96","143","43.3","41.6",,,"8.3",,,,,,"28.1","31",,,,,,,,,"49.9",,,,,,,,"99","34.6",,,"0.446","0.489",,,,,,
"4","부천","어르신","출장","76","관리자","2등급","20250226","F","148.1","62.6","40.0",,"76","139","20.9","22.1",,,"19.9",,,,,,"28.5",,,,,"15",,"101","4.87","22.18","35.3",,,,,,,,,,,,,,,,,,,"22.1"
"2","강북","성인","출장","63","관리자","참가","20250226","F","154.8","64.6","46.6","90","86","139","23.8","22.5",,,"9.5",,,,,,"27.0","9",,,,,,,,,"36.8",,,,,,,,"140","24.7",,,"0.426","0.332",,,,,,
"1","양평","성인","일반","21","관리자","3등급","20250226","M","171.5","77.4","21",,"89","138","40.4","45.1",,,"15.6",,,,,,"26.3","45",,"10.9",,,,,,,"58.3",,,"84","122","147",,"42.5",,,,,,"0.500",,,,,,
"5","제주","어르신","일반","70","관리자","1등급","20250226","M","163.1","57.8","15.6","69.8","80","145","35.4","38.7",,,"24.3",,,,,,"21.7",,,,,"33",,"149","4.08","16.81","67.0",,,,,,,,,,,,,,,,,,,"38.7"
"1","삼척","성인","일반","20","관리자","참가","20250226","F","156.1","44.9","26.4",,"66","90","25","27.4",,,"11.6",,,,,,"18.4","18",,,,,,,,,"61.0",,,"80","120","154",,"40.0",,,,,"0.500","0.395",,,,,,
"1","천안","성인","일반","63","관리자","1등급","20250226","M","173.6","76.7","24.7",,"69","137","40.8","45.4",,,"20.4",,,,,,"25.5","50",,,,,,,,,"59.2",,,"83","97","110","125","40.0",,,,,"0.374","0.526",,,,,,
"5","춘천","어르신","일반","78","관리자","1등급","20250226","M","167.8","57.7","16.2","75.5","79","151","38.8","42.8",,,"8.1",,,,,,"20.5",,,,,"31",,"134","4.47","18.93","74.2",,,,,,,,,,,,,,,,,,,"42.8"
"9","제주","어르신","일반","65","관리자","3등급","20250226","M","180","90.6","24.5","97.7","69","145","41","41",,,"7.6",,,,,,"28.0",,,,,"25",,"117","3.99","16.46","45.3",,,,,,,,,,,,,,,,,,,"41.0"
"1","부천","어르신","출장","72","관리자","참가","20250226","F","157.8","61.1","37.0",,"80","125","20","17.7",,,"7.5",,,,,,"24.5",,,,,"17",,"121","5.38","23.40","32.7",,,,,,,,,,,,,,,,,,,"20.0"
"1","KSPO송파","성인","일반","21","관리자","참가","20250226","F","167","54","28.9","73.3","75","127","23.4","26.8",,,"6.5",,,,,,"19.4","30",,,,,,,,,"49.6",,,,,,,,"148","35.3",,,"0.283","0.467",,,,,,
"4","춘천","어르신","일반","76","관리자","2등급","20250226","M","168.3","79.3","30.0","96.9","102","169","40.8","43.6",,,"3.8",,,,,,"28.0",,,,,"32",,"115","5.07","21.53","55.0",,,,,,,,,,,,,,,,,,,"43.6"
"2","삼척","청소년","일반","17","관리자","참가","20250226","F","162.0","58.7","36.8",,"69","113","12.2","21.4",,"16","26.4","25.48","0.412","48.626","20","49.546","22.4",,,,,,,,,,"36.5",,,"85","130","163",,"35.0",,,,,,,,,,,,
"5","KSPO송파","성인","일반","26","관리자","3등급","20250226","M","175.3","68.3","22.4","86","72","113","36.9","35.8",,,"8.2",,,,,,"22.2","53","50",,,,,,,,"54.0",,"44.5",,,,,,,,,,"0.363","0.597",,,,,,
"1","강북","성인","출장","61","관리자","참가","20250226","F","156.4","47.8","24.6","62","75","137","22.9","24",,,"13.2",,,,,,"19.5","0",,,,,,,,,"50.2",,,,,,,,"80","36.7",,,"0.376","0.425",,,,,,
"5","부천","어르신","출장","78","관리자","2등급","20250226","F","150.0","64.4","40.8",,"85","139","20.9","20.9",,,"12.3",,,,,,"28.6",,,,,"19",,"92","5.57","25.44","32.5",,,,,,,,,,,,,,,,,,,"20.9"
"1","강릉","성인","일반","63","관리자","2등급","20250226","M","174.0","70.4","20.6","82.9","99","159","34.5","37.3",,,"22.6",,,,,,"23.3","30",,,"182",,,,,,"53.0",,,,,,,,"122","34.9",,,"0.381",,,,,,,
"1","강북","성인","출장","64","관리자","2등급","20250226","M","169.2","59.2","25.2","83","93","156","32.7","31.2",,,"7.6",,,,,,"20.7","30",,,,,,,,,"55.2",,,,,,,,"131","35.5",,,"0.384","0.408",,,,,,
"1","창원마산회원","성인","일반","21","관리자","참가","20250226","M","177.8","74.4","25.2","78.5","79","124","42.4","36.5",,,"8.7",,,,,,"23.5","37","31",,,,,,,,"57.0",,"39.5",,,,,,,,,,"0.326","0.535",,,,,,
"1","목포","성인","일반","39","관리자","참가","20250226","F","161.3","66.5","34.7","85.5","90","151","24.1","25.6",,,"16.6",,,,,,"25.6","29",,,,,,,,,"38.5",,,"90","114","136",,"34.0",,,,,"0.331","0.402",,,,,,
"1","부천","어르신","출장","77","관리자","3등급","20250226","F","145.1","53.2","39.4",,"82","131","20.7","24.4",,,"13.1",,,,,,"25.3",,,,,"19",,"75","5.44","24.19","45.9",,,,,,,,,,,,,,,,,,,"24.4"
"2","동작","성인","일반","25","관리자","2등급","20250226","F","168","53.4","21","67","79","117","31.9","35",,,"19.9",,,,,,"18.9","34",,,"175",,,,,,"65.5",,,,,,,,"139","35.9",,,"0.385",,,,,,,
"1","동작","성인","일반","23","관리자","2등급","20250226","F","164.7","58.6","30.6","84.5","69","98","25.4","27.6",,,"17.5",,,,,,"21.6","44",,,,,,,,,"47.1",,,,,,,,"107","38.6",,,"0.335","0.474",,,,,,
"1","서구(광주)","성인","일반","63","관리자","3등급","20250226","M","169.4","64.4","19.6","87","74","118","32.2","34.7",,,"12",,,,,,"22.4","20",,"13.94",,,,,,,"53.9",,,"88","127","136","175","36.2",,,,,,"0.446",,,,,,
"4","부천","어르신","출장","70","관리자","2등급","20250226","F","149.2","57.7","35.2",,"80","126","21.6","19.4",,,"20.7",,,,,,"25.9",,,,,"28",,"116","4.94","20.78","37.4",,,,,,,,,,,,,,,,,,,"21.6"
"1","KSPO광주","성인","일반","20","관리자","3등급","20250226","M","165.8","56.6","17.6","75","70","132","31.6","35.6",,,"7.2",,,,,,"20.6","47",,,"202",,,,,,"62.9",,,"94","131","152","170","48.1",,,,,"0.365",,,,,,,
"6","KSPO대구","성인","일반","55","관리자","참가","20250226","M","169.9","75.5","32.3","88","93","155","43.9","53.8",,,"9",,,,,,"26.2","35",,,"177",,,,,,"71.3",,,,,,,,"120","35.7",,,"0.357",,,,,,,
"1","원주","성인","일반","31","관리자","3등급","20250226","M","169","64.8","14.2","78","67","123","49.2","51.6",,,"9",,,,,,"22.7","49","50","10.10",,,,,,,"79.6",,"44.8",,,,,,,,,,,"0.588",,,,,,
"3","의정부","성인","일반","27","관리자","참가","20250226","F","168.6","55.4","27.2","73.5","61","112","23.2","27.3",,,"13",,,,,,"19.5","19",,"13.89","137",,,,,,"49.3",,,,,,,,"98","40.1",,,,,,,,,,
"1","마포","성인","일반","25","관리자","1등급","20250226","F","163.5","49.5","21.2","57","67","104","24.5","25.8",,,"29.8",,,,,,"18.5","38",,,"158",,,,,,"52.1",,,,,,,,"123","38.4",,,"0.296",,,,,,,
"4","진천","성인","일반","59","관리자","참가","20250226","M","162","74.1","26.2","91.2","88","158","38.7","37.9",,,"8.2",,,,,,"28.2","37","19",,"180",,,,,,"52.2",,"34.1",,,,,,,,,,"0.295",,,,,,,
"1","의정부","성인","일반","56","관리자","참가","20250226","F","148.2","72.1","44.6","103.9","66","155","24.4","24.3",,,"3.8",,,,,,"32.8","7",,"15.77","108",,,,,,"33.8",,,,,,,,"119","26.1",,,,,,,,,,
"1","마포","성인","일반","28","관리자","참가","20250226","M","181.6","80.8","22","80","65","122","52.2","49.7",,,"11",,,,,,"24.5","17",,,"206",,,,,,"64.6",,,,,,,,"107","44.0",,,"0.351",,,,,,,
"1","수원","성인","일반","21","관리자","3등급","20250226","M","162.7","63.6","17.1","76","66","138","38","40.6",,,"15.2",,,,,,"24.0","53",,,"222",,,,,,"63.8",,,"103","120","142",,"44.5",,,,,"0.405",,,,,,,
"1","창원","성인","일반","27","관리자","1등급","20250226","F","163","52.7","27.2","63","79","119","25.4","22",,,"21.2",,,,,,"19.8","40","28",,"162",,,,,,"48.2",,"36.2",,,,,,,,,,"0.298",,,,,,,
"1","화성","성인","일반","24","관리자","1등급","20250226","F","165.3","50","26.5",,"96","130","24","22.5",,,"20",,,,,,"18.3","37",,,,,,,,,"48.0",,,,,,,,"98","41.7",,,"0.311","0.489",,,,,,
"1","수원","성인","일반","24","관리자","3등급","20250226","F","163.5","57","25.2","66","77","120","24","22",,,"31.3",,,,,,"21.3","45",,,,,,,,,"42.1",,,,,,,,"107","38.7",,,"0.345","0.437",,,,,,
"1","화성","성인","일반","64","관리자","참가","20250226","M","181.3","77.1","22",,"62","142","43.8","42.8",,,"12.2",,,,,,"23.5","32",,,,,,,,,"56.8",,,"97","125","151",,"31.1",,,,,"0.470","0.440",,,,,,
"1","경산","성인","일반","37","관리자","참가","20250226","M","178.1","88.6","28.6","101","96","158","44.6","45.5",,,"7.4",,,,,,"27.9","19",,,"192",,,,,,"51.4",,,,,,,,"123","37.5",,,"0.376",,,,,,,
"1","부천","어르신","출장","73","관리자","참가","20250226","M","168.5","60.8","17.2",,"72","119","39.9","39.3",,,"-0.9",,,,,,"21.4",,,,,"17",,"94","5.06","23.25","65.6",,,,,,,,,,,,,,,,,,,"39.9"
"1","경산","성인","일반","34","관리자","참가","20250226","M","171.2","90.2","33.9","98","81","141","44","45.4",,,"4.7",,,,,,"30.8","29",,,"181",,,,,,"50.3",,,,,,,,"122","37.5",,,"0.362",,,,,,,
"1","경산","성인","일반","45","관리자","3등급","20250226","M","171.3","77.3","20.2","91","77","123","52.8","57.9",,,"11.5",,,,,,"26.3","30",,,"239",,,,,,"74.9",,,,,,,,"98","41.2",,,"0.309",,,,,,,
"1","안산","성인","일반","32","관리자","3등급","20250226","M","173.9","81.2","24.6","83","96","148","44.1","46.8",,,"19",,,,,,"26.9","38",,,"233",,,,,,"57.6",,,,,,,,"131","38.8",,,"0.334",,,,,,,
"3","KSPO송파별관(어르신)","어르신","일반","67","관리자","2등급","20250226","M","158.1","60","27.2",,"82","142","36.2","40.2",,,"10",,,,,,"24.0",,,,,"33",,"117","4.29","18","67.0",,,,,,,,,,,,,,,,,,,"40.2"
"1","경산","성인","일반","40","관리자","2등급","20250226","M","166.4","73.4","21.2","90","91","140","42.8","47.9",,,"12",,,,,,"26.5","41",,,"207",,,,,,"65.3",,,,,,,,"98","42.9",,,"0.334",,,,,,,
"3","안산","성인","일반","19","관리자","3등급","20250226","M","170.1","78.1","24.1","84","78","118","42.3","49.7",,,"10.4",,,,,,"27.0","42","52","9.48","230",,,,,,"63.6",,"44.2",,,,,,,,,,,,,,,,,
"1","충주","성인","일반","26","관리자","2등급","20250226","F","165.4","58.3","29.5","79","74","116","26.8","31.1",,,"27",,,,,,"21.3","27",,,"159",,,,,,"53.3",,,,,,,,"99","39.2",,,"0.436",,,,,,,
"6","수원","어르신","일반","69","관리자","참가","20250226","M","169","72.2","29.1","98","75","150","38.8","38.6",,,"1",,,,,,"25.3",,,,,"27",,"115","4.6","20.1","53.7",,,,,,,,,,,,,,,,,,,"38.8"
"1","부천","어르신","출장","83","관리자","참가","20250226","F","149.4","47.1","36.7",,"79","152","15.9","16.9",,,"13.5",,,,,,"21.1",,,,,"15",,"0","7.87","34.44","35.9",,,,,,,,,,,,,,,,,,,"16.9"
"3","수원","어르신","일반","76","관리자","참가","20250226","M","169.1","71.8","34.4","88","82","155","30.6","39",,,"-3",,,,,,"25.1",,,,,"17",,"96","6.1","30.3","54.3",,,,,,,,,,,,,,,,,,,"39.0"
"3","충주","성인","일반","25","관리자","2등급","20250226","F","164","69.5","34.2","88","77","123","37.6","40.3",,,"20.6",,,,,,"25.8","35",,,"185",,,,,,"58.0",,,,,,,,"105","35.7",,,"0.342",,,,,,,
"2","청주","성인","일반","60","관리자","참가","20250226","F","163.9","64.1","34.1","84.4","75","133","26.1","29.6",,,"5",,,,,,"23.9","18",,,"120",,,,,,"46.2",,,,,,,,"125","28.1",,,"0.300",,,,,,,
"2","미추홀","어르신","일반","81","관리자","2등급","20250226","M","167","74.8","28.4","89.3","70","155","29.2","32.2",,,"0.5",,,,,,"26.8",,,,,"23",,"110","6.72","27.41","43.0",,,,,,,,,,,,,,,,,,,"32.2"
"1","부천","어르신","출장","65","관리자","참가","20250226","M","173.9","74.1","35.5",,"99","141","42.4","24",,,"8.9",,,,,,"24.5",,,,,"15",,"88","5.06","22.44","57.2",,,,,,,,,,,,,,,,,,,"42.4"
"3","KSPO광주","성인","일반","25","관리자","2등급","20250226","M","179.9","72.7","14.2","77.5","99","137","56","59.9",,,"18.2",,,,,,"22.5","59","49",,"257",,,,,,"82.4",,"43.6",,,,,,,,,,"0.296",,,,,,,
"6","강북","성인","출장","61","관리자","3등급","20250226","M","160","58.4","25","85.9","88","137","37.4","36.6",,,"5.4",,,,,,"22.8","36",,,,,,,,,"64.0",,,,,,,,"110","38.8",,,"0.395","0.477",,,,,,
"1","KSPO송파별관(어르신)","어르신","일반","77","관리자","2등급","20250226","M","161.3","71.7","36.6",,"97","159","36.3","34.5",,,"6.8",,,,,,"27.6",,,,,"30",,"117","4.96","21.06","50.6",,,,,,,,,,,,,,,,,,,"36.3"
"7","중구(서울)","성인","일반","24","관리자","2등급","20250226","F","166","55.4","25.5","77.1","65","128","29.1","33.8",,,"23.7",,,,,,"20.1","31",,,"166",,,,,,"61.0",,,"80","127","160",,"37.0",,,,,"0.287",,,,,,,
"1","남구(부산)","성인","일반","42","관리자","3등급","20250226","M","164.3","73.5","23.1",,"97","154","42.9","45.5",,,"21",,,,,,"27.2","36",,"10.95","212",,,,,,"61.9",,,,,,,,"114","39.8",,,,,,,,,,
"2","수원","어르신","일반","72","관리자","2등급","20250226","M","169.4","67.2","20.7","89","86","154","40.5","42.4",,,"12.2",,,,,,"23.4",,,,,"22",,"106","5.1","23","63.1",,,,,,,,,,,,,,,,,,,"42.4"
"1","강북","성인","출장","60","관리자","2등급","20250226","M","171.6","73.9","26.2","90.1","82","136","39","35.1",,,"12",,,,,,"25.1","27",,,,,,,,,"52.8",,,,,,,,"106","37.1",,,"0.379","0.511",,,,,,
"2","성동","성인","일반","62","관리자","참가","20250226","F","153.2","52.7","37.6",,"58","104","21.8","25.3",,,"-2.6",,,,,,"22.5","1",,,,,,,,,"48.0",,,,,,,,"116","30.6",,,"0.374","0.316",,,,,,
"1","남구(부산)","성인","일반","25","관리자","3등급","20250226","M","175.4","72.3","25.3",,"92","142","45.8","45.8",,,"15.8",,,,,,"23.5","39",,,"139",,,,,,"63.3",,,"84","114","139","189","40.7",,,,,"0.452",,,,,,,
"2","성동","성인","일반","64","관리자","참가","20250226","F","150.7","53.6","35.7",,"60","107","20.5","24",,,"6.2",,,,,,"23.6","3",,,,,,,,,"44.8",,,,,,,,"111","30.4",,,"0.387","0.352",,,,,,
"1","시흥","성인","일반","62","관리자","3등급","20250226","M","160.8","61.1","15.9","76","91","159","32.5","30.9",,,"3.3",,,,,,"23.6","34","16",,"164",,,,,,"53.2",,"35.0",,,,,,,,,,"0.338",,,,,,,
"1","창원","어르신","일반","69","관리자","참가","20250226","M","166.7","46.3","12.2","74","59","137","26.7","7.2",,,"-13",,,,,,"16.7",,,,,"15",,"48","8.781","36.276","57.7",,,,,,,,,,,,,,,,,,,"26.7"
"1","서초","성인","일반","35","관리자","참가","20250226","F","167.0","69.8","32.3","86.0","81","141","26.8","24.4",,,"18.0",,,,,,"25.0","23",,,,,,,,,"38.4",,,,,,,,"114","33.0",,,"0.360","0.452",,,,,,
"1","동작","성인","일반","23","관리자","참가","20250226","F","164.1","56.4","32.2","69.8","77","107","28.1","29.9",,,"13.8",,,,,,"20.9","14",,,"139",,,,,,"53.0",,,"90","139","164",,"36.8",,,,,"0.427",,,,,,,
"4","익산","성인","일반","23","관리자","1등급","20250226","F","165.6","53.3","25.2","72","67","120","24","28",,,"21",,,,,,"19.4","36",,"12.47","205",,,,,,"52.5",,,,,,,,"129","37.3",,,,,,,,,,
"2","서구(대전)","어르신","일반","69","관리자","1등급","20250226","M","169.2","65.2","17.2",,"86","152","43.6","47.5",,,"12.1",,,,,,"22.8",,,,,"33",,"132","5.12","18.81","72.9",,,,,,,,,,,,,,,,,,,"47.5"
"1","서초","성인","일반","19","관리자","2등급","20250226","M","176.6","69.4","20.3","77.6","75","135","49.9","50.3",,,"11.3",,,,,,"22.3","49",,,,,,,,,"72.5",,,,,,,,"127","45.4",,,"0.366","0.588",,,,,,
"1","KSPO광주","성인","일반","43","관리자","참가","20250226","F","168.4","68.3","42.4","89","69","116","20","20.7",,,"-2.2",,,,,,"24.1","13",,,"100",,,,,,"30.3",,,"74","113","142",,"32.8",,,,,"0.385",,,,,,,
"3","화성","성인","일반","28","관리자","1등급","20250226","F","161.2","45.6","18.9",,"64","127","23.3","29.3",,,"20.7",,,,,,"17.5","39",,,"167",,,,,,"64.3",,,,,,,,"125","38.3",,,"0.343",,,,,,,
"1","부천","어르신","출장","73","관리자","2등급","20250226","F","153.4","58.1","43.2",,"69","116","20.1","21.4",,,"19.1",,,,,,"24.7",,,,,"18",,"109","6.22","25.85","36.8",,,,,,,,,,,,,,,,,,,"21.4"
"1","김천","성인","일반","50","관리자","참가","20250226","M","158.3","74.8","26.6","89.9","88","150","31.1","40.5",,,"10.5",,,,,,"29.8","27",,"11.75","162",,,,,,"54.1",,,"83","108","97",,"46.6",,,,,,,,,,,,
"5","마포","어르신","일반","72","관리자","1등급","20250226","F","144.7","50.5","36.9","78","66","110","23.9","27.2",,,"21",,,,,,"24.1",,,,,"23",,"113","4.49","21.51","53.9",,,,,,,,,,,,,,,,,,,"27.2"
"1","부천","어르신","출장","78","관리자","2등급","20250226","F","152.8","57.9","34.6",,"75","134","19.9","21.9",,,"11.7",,,,,,"24.8",,,,,"15",,"107","6.40","26.34","37.8",,,,,,,,,,,,,,,,,,,"21.9"
"1","강북","성인","출장","64","관리자","참가","20250226","M","167","84.4","37.9","108","93","151","40.4","38.4",,,"7.8",,,,,,"30.3","7",,,,,,,,,"47.9",,,,,,,,,,,,"0.468","0.372",,,,,,
"2","서구(대전)","어르신","일반","74","관리자","2등급","20250226","M","165.1","79.6","30.1",,"80","153","43.1","43.2",,,"7.6",,,,,,"29.2",,,,,"32",,"124","4.91","20.43","54.3",,,,,,,,,,,,,,,,,,,"43.2"
"3","사천","성인","일반","23","관리자","1등급","20250226","F","166.1","58.1","20.7","73","71","130","30.7","32.9",,,"28",,,,,,"21.1","42",,"12.70",,,,,,,"56.6",,,"64","94","114",,"42.5",,,,,,"0.489",,,,,,
"4","화성","어르신","일반","66","관리자","3등급","20250226","F","143.5","45.5","28.3",,"83","149","19.7","16.9",,,"13.9",,,,,,"22.1",,,,,"24",,"105","5.2","21","43.3",,,,,,,,,,,,,,,,,,,"19.7"
"3","부천","어르신","출장","81","관리자","2등급","20250226","F","154.1","54.1","36.3",,"93","149","24.6","27",,,"9.2",,,,,,"22.8",,,,,"22",,"92","7.38","28.66","49.9",,,,,,,,,,,,,,,,,,,"27.0"
"2","곡성","청소년","일반","18","관리자","1등급","20250226","M","183.8","67","9.1","74.4","84","139","37.3","46.1",,"55","14.9","17.58","0.589","44.956","8","45.324","19.8",,,,,,,,,,"68.8",,,"95","115","137",,"49.4",,,,,,,,,,,,
"10","마포","어르신","일반","67","관리자","2등급","20250226","M","168.6","67.2","27.1","84","80","126","39.6","43.9",,,"6.6",,,,,,"23.6",,,,,"32",,"138","3.68","14.52","65.3",,,,,,,,,,,,,,,,,,,"43.9"
"2","부천","어르신","출장","83","관리자","2등급","20250226","F","148.0","61.0","43.1",,"59","147","21.1","19.6",,,"16.1",,,,,,"27.8",,,,,"16",,"88","7.15","30.18","34.6",,,,,,,,,,,,,,,,,,,"21.1"
"2","남구(부산)","성인","일반","30","관리자","참가","20250226","M","174","82.1","30.1",,"99","144","47.2","48.8",,,"1",,,,,,"27.1","37",,"11.64",,,,,,,"59.4",,,,,,,,"145","37.1",,,,"0.576",,,,,,
"3","포천","성인","일반","38","관리자","1등급","20250226","M","168.6","67.8","13.2","78","79","136","50.1","59",,,"21.4",,,,,,"23.9","57",,"10.72",,,,,,,"87.0",,,,,,,,"93","45.5",,,,"0.624",,,,,,
"2","동작","성인","일반","20","관리자","3등급","20250226","M","174.9","74.2","14.4","74","81","134","46.7","57.6",,,"16.8",,,,,,"24.3","54","50","9.50",,,,,,,"77.6",,"44.1",,,,,,,,,,,"0.601",,,,,,
"1","남구(부산)","성인","일반","22","관리자","참가","20250226","F","164.7","62.9","30.8",,"78","147","32.2","33.3",,,"12.5",,,,,,"23.2","5",,,"162",,,,,,"52.9",,,,,,,,"148","32.7",,,"0.371",,,,,,,
"1","사천","성인","일반","40","관리자","참가","20250226","M","170","71.6","22.4",,"93","128","28.6","35.9",,,"10.2",,,,,,"24.8","26","32","12.85","167",,,,,,"50.1",,"38.8",,,,,,,,,,,,,,,,,
"4","부천","어르신","출장","79","관리자","2등급","20250226","F","149.9","50.0","38.6",,"68","119","19.7","19.7",,,"15.2",,,,,,"22.3",,,,,"27",,"117","7.13","19.91","39.4",,,,,,,,,,,,,,,,,,,"19.7"
"1","부천","어르신","출장","73","관리자","2등급","20250226","F","150","47.2","31.4",,"81","128","18.6","25.3",,,"17.4",,,,,,"21.0",,,,,"17",,"116","5.22","23.22","53.6",,,,,,,,,,,,,,,,,,,"25.0"
"1","창원","성인","일반","22","관리자","참가","20250226","F","164.4","60.9","33.6","76","82","123","26.6","25.4",,,"15.3",,,,,,"22.5","48",,,"157",,,,,,"43.7",,,,,,,,"152","32.7",,,"0.283",,,,,,,
"2","사상","성인","일반","27","관리자","3등급","20250226","F","169.5","60","28.8","69","63","110","23.7","24",,,"21",,,,,,"20.9","29",,,,,,,,,"40.0",,,,,,,,"110","37.6",,,"0.318","0.449",,,,,,
"1","곡성","성인","일반","20","관리자","참가","20250226","M","177.9","74.1","11.8","79.4","70","136","44.8","41.1",,,"26.1",,,,,,"23.4","39",,,"272",,,,,,"60.5",,,"78","99","119","139","50.1",,,,,"0.292",,,,,,,
"1","구미","성인","일반","19","관리자","참가","20250226","M","184.2","67.9","12.5","74.2","77","118","44.4","48.6",,,"9",,,,,,"20.0","41","37","10.65",,,,,,,"71.6",,"41.9",,,,,,,,,,,"0.533",,,,,,
"1","사상","성인","일반","25","관리자","3등급","20250226","F","161.1","52.6","24","61","61","109","21.8","22.3",,,"26.1",,,,,,"20.3","41",,,,,,,,,"42.4",,,,,,,,"122","37.5",,,"0.375","0.458",,,,,,
"1","천안","성인","일반","23","관리자","참가","20250226","F","171.6","55.8","29.9",,"94","140","23.6","24.3",,,"7.4",,,,,,"18.9","40",,"12.44","168",,,,,,"43.5",,,,,,,,"113","39.2",,,,,,,,,,
"2","부천","어르신","출장","76","관리자","3등급","20250226","F","152.5","58.6","42.8",,"79","137","17.5","15.9",,,"7.9",,,,,,"25.2",,,,,"18",,"103","5.84","25.06","29.9",,,,,,,,,,,,,,,,,,,"17.5"
"1","서구(광주)","성인","일반","60","관리자","참가","20250226","M","168","74.1","28.2","86.5","78","136","36.3","40.8",,,"-8.8",,,,,,"26.3","21","8","13.94",,,,,,,"55.1",,"31.3",,,,,,,,,,,"0.424",,,,,,
"4","부천","어르신","출장","75","관리자","1등급","20250226","F","148.3","50.8","31.6",,"80","120","27","22.1",,,"20.7",,,,,,"23.1",,,,,"26",,"113","5.44","23.34","53.1",,,,,,,,,,,,,,,,,,,"27.0"
"1","KSPO아산","성인","일반","37","관리자","3등급","20250226","M","175.9","75.7","22.7","87.7","84","117","49.4","54.2",,,"8.3",,,,,,"24.5","39",,,,,,,,,"71.6",,,"83","102","118","144","44.4",,,,,"0.308","0.650",,,,,,
"1","광주","성인","일반","20","관리자","3등급","20250226","M","174","55.3","8.6",,"65","121","35.9","40",,,"12.9",,,,,,"18.3","53","49",,"247",,,,,,"72.3",,"46.7",,,,,,,,,,"0.444",,,,,,,
"1","KSPO아산","성인","일반","43","관리자","참가","20250226","M","169.8","76.2","25.1","88.3","94","138","45.7","51.6",,,"13.6",,,,,,"26.4","37",,,,,,,,,"67.7",,,,,,,,"97","41.9",,,"0.348","0.633",,,,,,
"1","광주","성인","일반","21","관리자","3등급","20250226","M","188.2","73.8","11.3",,"63","122","45.3","51.5",,,"11.9",,,,,,"20.8","45","64",,"239",,,,,,"69.8",,"47.1",,,,,,,,,,"0.298",,,,,,,
"1","부천","어르신","출장","81","관리자","3등급","20250226","F","155.6","76.6","47.3",,"79","139","27","26.1",,,"8.4",,,,,,"31.6",,,,,"12",,"92","7.56","32.47","35.2",,,,,,,,,,,,,,,,,,,"27.0"
"3","광주","성인","일반","63","관리자","3등급","20250226","M","157.1","53.7","17.2",,"81","153","34.6","36.4",,,"13.6",,,,,,"21.8","21",,,,,,,,,"67.8",,,"90","122","153",,"33.9",,,,,"0.343","0.392",,,,,,
"1","KSPO송파","성인","일반","28","관리자","참가","20250226","M","179.6","83.3","25.7","96.5","71","142","39.5","49.7",,,"10.3",,,,,,"25.8","58",,,"209",,,,,,"59.7",,,,,,,,"133","39.5",,,"0.319",,,,,,,
"1","KSPO송파","성인","일반","23","관리자","2등급","20250226","F","163.2","47.2","21.7","68.8","80","123","23.7","27.8",,,"17.9",,,,,,"17.7","36",,,,,,,,,"58.9",,,,,,,,"140","37.2",,,"0.340","0.484",,,,,,
"1","안산","성인","일반","58","관리자","참가","20250226","M","170.7","70.1","20.4","82","92","156","40.1","41.2",,,"-2.2",,,,,,"24.1","17",,,"162",,,,,,"58.8",,,,,,,,"118","36.6",,,"0.363",,,,,,,
"2","남구(부산)","성인","일반","24","관리자","참가","20250226","F","170.2","50.9","23.6",,"62","105","27.1","27.3",,,"7.7",,,,,,"17.6","34",,,"171",,,,,,"53.6",,,,,,,,"155","35.0",,,"0.333",,,,,,,
"1","안산","어르신","일반","76","관리자","2등급","20250226","M","156.4","65.7","28.0","91","94","157","34.2","34.3",,,"6.6",,,,,,"26.9",,,,,"25",,"113","4.5","18.5","52.2",,,,,,,,,,,,,,,,,,,"34.3"
"4","남구(부산)","성인","일반","24","관리자","3등급","20250226","F","166.6","62.7","31.2",,"63","114","25","27.7",,,"22.6",,,,,,"22.6","24",,,"148",,,,,,"44.2",,,,,,,,"103","38.1",,,"0.316",,,,,,,
"3","부천","어르신","출장","69","관리자","2등급","20250226","F","150.3","55.1","28.7",,"84","133","29.1","27.4",,,"24.1",,,,,,"24.4",,,,,"21",,"109","5.06","21.84","52.8",,,,,,,,,,,,,,,,,,,"29.1"
"3","부천","어르신","출장","68","관리자","1등급","20250226","F","157.0","50.3","21.2",,"69","112","28.1","29.4",,,"19.6",,,,,,"20.4",,,,,"23",,"124","4.10","17.12","58.4",,,,,,,,,,,,,,,,,,,"29.4"
"1","양평","성인","일반","23","관리자","참가","20250226","F","165.5","54.7","31.4",,"72","116","25.8","31.1",,,"16.8",,,,,,"20.0","19",,,,,,,,,"56.9",,,"84","111","170",,"33.8",,,,,"0.304","0.404",,,,,,
"1","오산","성인","일반","62","관리자","2등급","20250226","M","172.7","62.7","21.5","84.1","86","149","35.7","35.8",,,"8.6",,,,,,"21.0","29",,"13.37","172",,,,,,"57.1",,,,,,,,"112","38.3",,,,,,,,,,
"1","부천","어르신","출장","74","관리자","참가","20250226","M","154.9","77.0","32.8",,"84","143","37.9","38.4",,,"-6.7",,,,,,"32.1",,,,,"22",,"116","5.06","22.81","49.9",,,,,,,,,,,,,,,,,,,"38.4"
"1","오산","성인","일반","60","관리자","참가","20250226","M","170.6","79.5","31.1","93.3","84","104","37.6","40.3",,,"-2.8",,,,,,"27.3","31",,,"191",,,,,,"50.7",,,,,,,,"127","32.7",,,"0.312",,,,,,,
"1","오산","성인","일반","29","관리자","참가","20250226","M","162.4","54.1","27.4","73.3","79","126","27.5","32.5",,,"9.4",,,,,,"20.5","33","23","11.22","203",,,,,,"60.1",,"40.3",,,,,,,,,,,,,,,,,
"2","중구(서울)","성인","일반","50","관리자","2등급","20250226","F","161.1","64.5","31.5","80.5","64","125","23.5","26.6",,,"17.7",,,,,,"24.9","22",,,"158",,,,,,"41.2",,,"76","123","142",,"32.8",,,,,"0.397",,,,,,,
"1","중구(서울)","성인","일반","47","관리자","2등급","20250226","F","160.8","60.5","31.4","78","80","134","25.7","27.7",,,"21.8",,,,,,"23.4","29",,,"150",,,,,,"45.8",,,"92","120","145",,"32.9",,,,,"0.398",,,,,,,
"8","부천","어르신","출장","71","관리자","참가","20250226","F","153.8","57.9","37.5",,"93","152","27.1","33.1",,,"7.2",,,,,,"24.5",,,,,"28",,"145","4.53","17.97","57.2",,,,,,,,,,,,,,,,,,,"33.1"
"1","마포","성인","일반","25","관리자","3등급","20250226","F","164.5","48.2","24.1","67","58","99","25.5","24.4",,,"10",,,,,,"17.8","40",,,"148",,,,,,"52.9",,,,,,,,"107","40.8",,,"0.384",,,,,,,
"2","목포","성인","일반","24","관리자","3등급","20250226","F","171.8","56.5","31.4","77.1","78","107","20.6","23.7",,,"19",,,,,,"19.1","23",,,"146",,,,,,"41.9",,,,,,,,"139","35.7",,,"0.358",,,,,,,
"3","KSPO대구","성인","일반","25","관리자","3등급","20250226","F","161.5","54.5","24.3","67","49","99","21.5","29.2",,,"13.5",,,,,,"20.9","38",,"13.1","160",,,,,,"53.6",,,,,,,,"110","38.6",,,,,,,,,,
"3","청주","성인","일반","25","관리자","3등급","20250226","F","158.8","46.3","22.9","69","74","132","24.1","29.8",,,"19.1",,,,,,"18.4","34","17",,"162",,,,,,"64.4",,"33.9",,,,,,,,,,"0.343",,,,,,,
"2","청주","성인","일반","58","관리자","참가","20250226","F","152.7","66.8","40.3","94.2","75","131","24.6","28.4",,,"15",,,,,,"28.6",,,,"103",,,,,,"42.5",,,,,,,,"118","27.6",,,"0.332",,,,,,,
"4","KSPO대구","성인","일반","24","관리자","2등급","20250226","F","165","44.5","18.9","63","73","119","26.9","28",,,"17.1",,,,,,"16.3","51",,,"189",,,,,,"62.9",,,,,,,,"110","41.5",,,"0.331",,,,,,,
"1","스포원(금정)","어르신","출장","67","관리자","참가","20250226","M","157.9","52.9","22.6",,"95","165","35","42",,,"2.3",,,,,,"21.2",,,,,"21",,"93","5.8","27.6","79.4",,,,,,,,,,,,,,,,,,,"42.0"
"1","스포원(금정)","성인","출장","64","관리자","참가","20250226","M","165","76.2","33.5",,"90","165","36.1","41.8",,,"-9.9",,,,,,"28.0","12","12",,,,,,,,"54.9",,"31.6",,,,,,,,,,"0.361","0.422",,,,,,
"1","부천","어르신","출장","70","관리자","참가","20250226","F","159.4","64.7","40.1",,"86","150","22.4","25.4",,,"5.9",,,,,,"25.5",,,,,"12",,"81","5.71","23.46","39.3",,,,,,,,,,,,,,,,,,,"25.4"
"2","오산","성인","일반","40","관리자","참가","20250226","F","165.6","67.8","25","81.8","74","126","22.8","27.6",,,"6.9",,,,,,"24.7","0",,,,,,,,,"40.7",,,"95","133","154",,"32.1",,,,,"0.383","0.365",,,,,,
"3","성동","성인","일반","64","관리자","참가","20250226","F","155.5","55.7","30.8",,"69","122","22.9","18.6",,,"12.1",,,,,,"23.0","0",,,,,,,,,"41.1",,,,,,,,"86","33.4",,,"0.391","0.378",,,,,,
"1","스포원(금정)","어르신","출장","69","관리자","참가","20250226","M","167.1","71.5","27.9",,"89","164","41.1","43",,,"10.6",,,,,,"25.6",,,,,"15",,"96","6.1","29.8","60.1",,,,,,,,,,,,,,,,,,,"43.0"
"2","수원","성인","일반","64","관리자","참가","20250226","F","155","55.9","33.7","77","73","114","24.6","27.5",,,"23.8",,,,,,"23.3","0",,,,,,,,,"49.2",,,"97","117","141",,"30.8",,,,,"0.466","0.337",,,,,,
"3","동작","어르신","일반","70","관리자","3등급","20250226","M","169.4","81.9","31.1","98","94","139","37.1","44.2",,,"5.3",,,,,,"28.5",,,,,"26",,"99","4.82","23.06","54.0",,,,,,,,,,,,,,,,,,,"44.2"
"1","스포원(금정)","성인","출장","64","관리자","참가","20250226","M","171.3","73.3","28.5",,"90","165","35.2","40.5",,,"11.4",,,,,,"25.0","21","16",,,,,,,,"55.3",,"32.9",,,,,,,,,,"0.443","0.409",,,,,,
"1","달서","성인","일반","22","관리자","2등급","20250226","F","170.3","64.1","26.3","78.5","80","123","26.2","28.9",,,"28.8",,,,,,"22.1","40",,,"174",,,,,,"45.1",,,,,,,,"113","37.2",,,"0.322",,,,,,,
"3","안동","청소년","일반","18","관리자","참가","20250226","M","178.3","99.7","28.9","93","79","134","48.2","46.4",,"37","9.2","23.85","0.508","43.092","18","43.920","31.4",,"32",,,,,,,,"48.3",,"36.3",,,,,,,,,,,,,,,,,
"1","달서","성인","일반","27","관리자","참가","20250226","M","191.7","90.2","23.2","97.2","83","140","41.7","51",,,"13.5",,,,,,"24.5","34",,,"213",,,,,,"56.5",,,,,,,,"121","40.9",,,"0.339",,,,,,,
"2","동작","어르신","일반","76","관리자","2등급","20250226","F","148.8","44.7","19.3","70","76","143","16.7","25.1",,,"14.3",,,,,,"20.2",,,,,"19",,"120","5.97","27.6","56.2",,,,,,,,,,,,,,,,,,,"25.1"
"1","스포원(금정)","어르신","출장","75","관리자","3등급","20250226","M","175.5","62","20.3",,"100","165","36","36",,,"-0.5",,,,,,"20.1",,,,,"17",,"94","4.9","26.4","58.1",,,,,,,,,,,,,,,,,,,"36.0"
"1","창원","성인","일반","28","관리자","참가","20250226","M","181.4","85.5","29.6","86","82","146","32.8","36.2",,,"12.6",,,,,,"26.0","30",,"12.35",,,,,,,"42.3",,,,,,,,"115","41.8",,,,"0.440",,,,,,
"1","부천","어르신","출장","77","관리자","2등급","20250226","F","149.3","47.3","28.3",,"75","151","19.9","21.3",,,"15.7",,,,,,"21.2",,,,,"20",,"97","5.91","24.94","45.0",,,,,,,,,,,,,,,,,,,"21.3"
"1","스포원(금정)","어르신","출장","70","관리자","3등급","20250226","M","176.7","93.9","35.4",,"90","167","39.5","45",,,"3.5",,,,,,"30.1",,,,,"19",,"105","4.9","28.6","47.9",,,,,,,,,,,,,,,,,,,"45.0"
"2","익산","성인","일반","23","관리자","3등급","20250226","F","162.1","45.3","27.5","58","54","105","17","20.4",,,"19.3",,,,,,"17.2","23",,,,,,,,,"45.0",,,,,,,,"152","36.1",,,"0.420","0.402",,,,,,
"3","영주","성인","일반","27","관리자","2등급","20250226","M","167.8","77.90","23.8","89.5","84","133","54","57.1",,,"22.5",,,,,,"27.7","52","47",,"219",,,,,,"73.3",,"42.5",,,,,,,,,,"0.316",,,,,,,
"1","강릉","성인","일반","20","관리자","참가","20250226","M","170.0","62.4","19.5","80.1","84","145","41.4","47.9",,,"15.0",,,,,,"21.6","32",,,"199",,,,,,"76.8",,,,,,,,"113","48.3",,,"0.347",,,,,,,
"2","KSPO송파","성인","일반","23","관리자","2등급","20250226","F","165.2","47","19.7","70.4","87","131","25.2","26.1",,,"18.8",,,,,,"17.2","39",,,,,,,,,"55.5",,,,,,,,"144","37.0",,,"0.348","0.495",,,,,,
"1","화성","성인","일반","20","관리자","3등급","20250226","M","178.2","80.7","18.8",,"97","150","45.4","49.4",,,"16.8",,,,,,"25.4","46",,,"236",,,,,,"61.2",,,,,,,,"97","47.2",,,"0.311",,,,,,,
"9","부천","어르신","출장","81","관리자","1등급","20250226","F","154.5","52.5","29.6",,"79","139","16.5","21.7",,,"16.3",,,,,,"22.0",,,,,"18",,"97","5.56","27.65","41.3",,,,,,,,,,,,,,,,,,,"21.7"
"2","달서","성인","일반","22","관리자","3등급","20250226","F","169","52","27.9","74.2","99","123","21.1","23.1",,,"10.1",,,,,,"18.2","30",,,"128",,,,,,"44.4",,,,,,,,,"36.2",,,"0.348",,,,,,,
"1","계룡","성인","일반","55","관리자","2등급","20250227","F","158.5","64.5","32.5",,"75","152","29.1","30.8",,,"18.2",,,,,,"25.7","41",,"11.62","176",,,,,,"47.8",,,,,,,,"79","34.0",,,,,,,,,,
"3","창원","성인","일반","23","관리자","2등급","20250227","F","177.7","65.8","29.3","73","73","126","25.1","28.1",,,"26.2",,,,,,"20.8","36","25",,"182",,,,,,"42.7",,"33.6",,,,,,,,,,"0.332",,,,,,,
"1","증평","어르신","일반","67","관리자","참가","20250227","M","164.3","81.8","35.0","99.5","89","152","40","41.4",,,"-1.2",,,,,,"30.3",,,,,"30",,"131","4.18","19.91","50.6",,,,,,,,,,,,,,,,,,,"41.4"
"6","KSPO송파별관(어르신)","어르신","일반","81","관리자","1등급","20250227","M","159","55.1","23.2",,"70","124","25","30.2",,,"13.2",,,,,,"21.8",,,,,"29",,"134","5.11","21.87","54.8",,,,,,,,,,,,,,,,,,,"30.2"
"8","원주","성인","일반","23","관리자","참가","20250227","F","164.7","66.3","38.8","76","88","131","27.9","28.4",,,"21",,,,,,"24.4","38",,,"135",,,,,,"42.8",,,,,,,,"142","32.4",,,"0.372",,,,,,,
"11","KSPO송파별관(어르신)","어르신","일반","76","관리자","2등급","20250227","M","162","75.1","38.1",,"82","132","40.2","42.9",,,"6.5",,,,,,"28.6",,,,,"26",,"118","5.236","21.18","57.1",,,,,,,,,,,,,,,,,,,"42.9"
"1","KSPO광주","성인","일반","23","관리자","3등급","20250227","M","172.1","60.3","12.8","71.2","71","130","40.4","39",,,"9.1",,,,,,"20.4","43",,,,,,,,,"67.0",,,,,,,,"123","46.7",,,"0.384","0.588",,,,,,
"3","KSPO광주","성인","일반","23","관리자","3등급","20250227","F","160.9","52","31.5","65.5","69","111","19.1","20.9",,,"27.6",,,,,,"20.1","36",,"13.75",,,,,,,"40.2",,,,,,,,"124","37.8",,,,"0.436",,,,,,
"2","동구(광주)","성인","일반","37","관리자","2등급","20250227","F","158.9","55.6","29","62","88","126","25.3","26.2",,,"16.9",,,,,,"22.0","25",,"13.29","147",,,,,,"47.1",,,"88","111","141",,"35.8",,,,,,,,,,,,
"1","KSPO대구","성인","일반","47","관리자","참가","20250227","M","173.1","69.4","27.1","81","77","121","43.2","44.4",,,"13.9",,,,,,"23.2","28",,,"206",,,,,,"64.0",,,,,,,,"114","40.2",,,"0.342",,,,,,,
"2","수원","성인","일반","41","관리자","1등급","20250227","F","164.8","49.3","12.8","63","81","123","25.8","27.9",,,"19.1",,,,,,"18.2","36",,,,,,,,,"56.6",,,,,,,,"110","37.2",,,"0.373","0.502",,,,,,
"2","동구(인천)","성인","일반","23","관리자","3등급","20250227","F","171.2","63.5","31.5",,"62","105","21","24.1",,,"11.5",,,,,,"21.7","25",,,"145",,,,,,"38.0",,,,,,,,"108","37.9",,,"0.338",,,,,,,
"1","수원","성인","일반","23","관리자","2등급","20250227","F","162.7","55.2","27.2","63","60","104","22","25.2",,,"21",,,,,,"20.9","38",,,"157",,,,,,"45.7",,,,,,,,"125","37.0",,,"0.406",,,,,,,
"1","서대문","성인","일반","50","관리자","참가","20250227","M","175.0","94.9","31.7",,"95","140","32","32.7",,,"0.7",,,,,,"31.0","35",,,,,,,,,"34.5",,,"99","119","135","157","33.1",,,,,"0.398","0.506",,,,,,
"3","서대문","어르신","일반","69","관리자","1등급","20250227","M","171.8","61.7","19.2",,"67","150","39.1","42.7",,,"12.5",,,,,,"20.9",,,,,"33",,"138","3.50","17.10","69.2",,,,,,,,,,,,,,,,,,,"42.7"
"3","춘천","성인","일반","37","관리자","참가","20250227","M","181.8","115.3","33.1","125.6","90","157","51.4","63.3",,,"-2.6",,,,,,"34.9","39","12",,"190",,,,,,"54.9",,"27.7",,,,,,,,,,"0.331",,,,,,,
"8","양평","성인","일반","24","관리자","2등급","20250227","F","172.9","61.2","25.9",,"62","98","31","31.8",,,"16.8",,,,,,"20.5","46",,,"198",,,,,,"52.0",,,,,,,,"119","37.1",,,"0.337",,,,,,,
"13","서구(광주)","성인","일반","40","관리자","2등급","20250227","F","167","58.7","19.2","75","62","122","29.1","31.9",,,"20.6",,,,,,"21.0","26",,,,,,,,,"54.3",,,,,,,,"71","40.0",,,"0.350","0.434",,,,,,
"2","KSPO아산","성인","일반","37","관리자","3등급","20250227","M","182","87.9","24.8","94","82","142","41.3","45.1",,,"8.2",,,,,,"26.5","41",,"10.8","219",,,,,,"51.3",,,,,,,,"85","43.5",,,,,,,,,,
"1","부천","성인","일반","19","관리자","참가","20250227","M","168.5","77.5","20.7",,"77","140","42.6","43.7",,,"8.4",,,,,,"27.3","45",,,"225",,,,,,"56.4",,,"84","122","167","197","36.3",,,,,"0.302",,,,,,,
"3","KSPO아산","성인","일반","22","관리자","3등급","20250227","F","168.5","50.1","22.7","67","67","115","27.2","23.9",,,"16.5",,,,,,"17.6","27",,,"179",,,,,,"54.3",,,,,,,,"150","36.0",,,"0.345",,,,,,,
"1","부천","성인","일반","45","관리자","참가","20250227","M","171.2","84.2","30.5",,"91","133","40.1","42.9",,,"12.9",,,,,,"28.7","15",,,,,,,,,"51.0",,,,,,,,"99","39.5",,,"0.334","0.502",,,,,,
"6","서구(대전)","성인","일반","34","관리자","2등급","20250227","M","167.5","69.7","25.3",,"82","128","38","39.9",,,"19.3",,,,,,"24.8","61","51","10.47","215",,,,,,"57.2",,"44.1",,,,,,,,,,,,,,,,,
"1","익산","성인","일반","31","관리자","2등급","20250227","M","181.8","71.6","11.4","77","73","141","47.6","53.2",,,"10.2",,,,,,"21.7","47",,"11.60","206",,,,,,"74.3",,,,,,,,"76","49.9",,,,,,,,,,
"1","익산","성인","일반","28","관리자","참가","20250227","F","172.9","78.6","38.9","82","60","107","24.9","21.5",,,"3.3",,,,,,"26.3","13",,,,,,,,,"31.7",,,,,,,,"122","31.7",,,"0.358","0.327",,,,,,
"4","세종","어르신","일반","68","관리자","2등급","20250227","F","154.4","51.7","20.1","73.4","88","134","21.2","23.1",,,"19.6",,,,,,"21.7",,,,,"29",,"131","5.49","23.82","44.7",,,,,,,,,,,,,,,,,,,"23.1"
"5","창원마산회원","성인","일반","64","관리자","참가","20250227","M","173.7","72.8","22.5","91.5","88","128","43.3","50.4",,,"3.4",,,,,,"24.1","15",,,,,,,,,"69.2",,,,,,,,"121","34.3",,,"0.343","0.446",,,,,,
"2","스포원(금정)","성인","일반","49","관리자","참가","20250227","F","150.5","58.3","34.6",,"76","139","38.1","32.3",,,"17.8",,,,,,"25.7","15",,,,,,,,,"65.4",,,"77","113","135",,"33.8",,,,,"0.340","0.420",,,,,,
"3","KSPO송파","성인","일반","26","관리자","참가","20250227","M","180.4","78.1","20.7",,"89","132","33.2","36.3",,,"3.1",,,,,,"24.0","43",,,"190",,,,,,"46.5",,,,,,,,"95","46.8",,,"0.353",,,,,,,
"1","스포원(금정)","성인","일반","22","관리자","참가","20250227","F","159.2","65.4","33.8",,"94","143","36.3","38.7",,,"23.9",,,,,,"25.8","11",,,"182",,,,,,"59.2",,,"93","120","145",,"35.8",,,,,"0.303",,,,,,,
"1","경산","성인","일반","24","관리자","참가","20250227","M","173.2","73.5","26.8","97","88","128","44.9","48.8",,,"7.4",,,,,,"24.5","26",,,"207",,,,,,"66.4",,,"78","114","136",,"44.9",,,,,"0.350",,,,,,,
"2","KSPO아산","성인","일반","22","관리자","참가","20250227","F","162.5","52.3","27.5","68.5","71","128","24.9","25.7",,,"1.6",,,,,,"19.8","29",,,"145",,,,,,"49.1",,,"85","115","144",,"39.5",,,,,"0.483",,,,,,,
"1","경산","성인","일반","41","관리자","2등급","20250227","F","164","52.3","19.1","69","86","138","28.5","25.4",,,"18.3",,,,,,"19.4","39",,"13.34","156",,,,,,"54.5",,,"75","111","136",,"37.8",,,,,,,,,,,,
"1","KSPO송파","성인","일반","24","관리자","3등급","20250227","F","161.3","50.4","23.3","70.1","70","114","24.1","27",,,"23.8",,,,,,"19.4","47",,"11.77","166",,,,,,"53.6",,,,,,,,"160","33.6",,,,,,,,,,
"2","스포원(금정)","성인","일반","31","관리자","1등급","20250227","F","169.2","67","25.3",,"67","129","40.9","36.1",,,"25.2",,,,,,"23.4","38",,,"170",,,,,,"61.0",,,,,,,,"78","39.0",,,"0.346",,,,,,,
"2","스포원(금정)","성인","일반","52","관리자","참가","20250227","F","152.2","57.8","43.4",,"93","155","23","26.9",,,"0.9",,,,,,"25.0","9",,"14.5",,,,,,,"46.5",,,"81","111","139",,"32.5",,,,,,"0.396",,,,,,
"2","화성","성인","일반","53","관리자","참가","20250227","F","160","61.7","33.9",,"57","107","16.2","16.6",,,"3.1",,,,,,"24.1","24",,"14.21","139",,,,,,"26.9",,,,,,,,"98","32.9",,,,,,,,,,
"2","창원마산회원","성인","일반","25","관리자","참가","20250227","F","163.6","53.7","34.7","65","73","122","20","27",,,"11.3",,,,,,"20.1","17",,,"114",,,,,,"50.3",,,,,,,,"127","36.9",,,"0.354",,,,,,,
"5","화성","성인","일반","25","관리자","1등급","20250227","F","163.1","47.2","23.4",,"49","95","24.8","26",,,"19.4",,,,,,"17.7","36",,,"165",,,,,,"55.1",,,,,,,,"98","42.0",,,"0.342",,,,,,,
"4","서구(대전)","성인","일반","23","관리자","3등급","20250227","F","172.3","58.2","26.7",,"62","100","21","28.4",,,"28.8",,,,,,"19.6","25",,,"158",,,,,,"48.8",,,,,,,,"81","42.6",,,"0.355",,,,,,,
"4","창원","성인","일반","47","관리자","1등급","20250227","F","160.8","53.9","26.4","67","73","142","27.7","33.9",,,"19.7",,,,,,"20.8","45",,"11.59","164",,,,,,"62.9",,,,,,,,"111","34.4",,,,,,,,,,
"1","나주","성인","일반","47","관리자","3등급","20250227","M","171","73","21.9","87.8","90","130","45","43.3",,,"24.3",,,,,,"25.0","38","28",,"193",,,,,,"61.6",,"37.1",,,,,,,,,,"0.333",,,,,,,
"14","동구(광주)","어르신","일반","67","관리자","2등급","20250227","F","151.9","45.7","25.9","69.3","59","90","17.8","20.7",,,"27.7",,,,,,"19.8",,,,,"24",,"116","4.72","19.60","45.3",,,,,,,,,,,,,,,,,,,"20.7"
"3","무안","어르신","일반","69","관리자","2등급","20250227","M","171.5","70.4","26.7","88","96","157","39","41.8",,,"14.9",,,,,,"23.9",,,,,"28",,"129","5.56","21.57","59.4",,,,,,,,,,,,,,,,,,,"41.8"
"1","동작","성인","일반","24","관리자","참가","20250227","F","159.6","49.2","27.7","60.4","64","109","22.1","21",,,"10.7",,,,,,"19.3","18",,,,,,,,,"44.9",,,,,,,,"125","38.0",,,"0.413","0.390",,,,,,
"4","광주","어르신","일반","71","관리자","3등급","20250227","M","161.7","57.8","15.8",,"80","157","35.7","34.3",,,"2",,,,,,"22.1",,,,,"27",,"115","5.70","24.31","61.8",,,,,,,,,,,,,,,,,,,"35.7"
"3","동구(광주)","성인","일반","27","관리자","3등급","20250227","M","188.3","95.1","24.1","87","67","122","45.9","51.1",,,"10.9",,,,,,"26.8","45",,,"219",,,,,,"53.7",,,,,,,,"105","41.9",,,"0.332",,,,,,,
"6","광주","어르신","일반","80","관리자","3등급","20250227","M","166.4","73.7","36.1",,"90","144","22.6","30.4",,,"-2.4",,,,,,"26.6",,,,,"21",,"88","8.42","31.57","41.2",,,,,,,,,,,,,,,,,,,"30.4"
"2","영암","성인","일반","24","관리자","3등급","20250227","M","173.3","75.5","16.4",,"88","137","49.4","52",,,"19.4",,,,,,"25.1","43","56","10.46",,,,,,,"68.9",,"45.1",,,,,,,,,,,"0.566",,,,,,
"1","서구(광주)","청소년","일반","13","관리자","3등급","20250227","F","157.6","45.2","20.3","61","79","117","17.3","22",,"35","17.9","19.76","0.470","54.591","9","55.005","18.2",,"21",,,,,,,,"48.7",,"35.8",,,,,,,,,,,,,,,,,
"1","광주","어르신","일반","76","관리자","3등급","20250227","F","146.7","58","37.9",,"81","159","21.6","20.6",,,"16.2",,,,,,"27.0",,,,,"23",,"86","8.17","31.88","37.2",,,,,,,,,,,,,,,,,,,"21.6"
"8","서구(광주)","어르신","일반","76","관리자","1등급","20250227","F","152.7","49.6","23.4","69","79","149","22.8","21.6",,,"17.6",,,,,,"21.3",,,,,"28",,"103","4.78","19.81","46.0",,,,,,,,,,,,,,,,,,,"22.8"
"4","서대문","성인","일반","25","관리자","3등급","20250227","F","165.1","43.7","20.4",,"80","120","16.2","19.1",,,"12",,,,,,"16.0","28",,,,,,,,,"43.7",,,"64","68","115",,"43.1",,,,,"0.334","0.444",,,,,,
"2","부천","어르신","일반","68","관리자","참가","20250227","M","172.9","73.6","31.5",,"77","139","33.1","38.3",,,"1",,,,,,"24.6",,,,,"26",,"115","5.47","22.43","52.0",,,,,,,,,,,,,,,,,,,"38.3"
"3","성동","어르신","일반","68","관리자","참가","20250227","F","157.1","71.9","42.3",,"68","111","20.7","18.8",,,"-6.0",,,,,,"29.1",,,,,"18",,"106","5.81","25.68","28.8",,,,,,,,,,,,,,,,,,,"20.7"
"2","부천","어르신","일반","65","관리자","참가","20250227","F","150.8","63.0","42.3",,"75","132","17.7","20",,,"8.7",,,,,,"27.7",,,,,"24",,"111","4.81","19.06","31.7",,,,,,,,,,,,,,,,,,,"20.0"
"4","KSPO송파별관(어르신)","어르신","일반","69","관리자","3등급","20250227","M","171.7","65.2","18.8",,"75","116","40.8","41.4",,,"4.5",,,,,,"22.1",,,,,"29",,"122","4.12","15.30","63.5",,,,,,,,,,,,,,,,,,,"41.4"
"1","사상","성인","일반","27","관리자","참가","20250227","M","166.5","53","22.2","69","64","106","27.9","29.9",,,"2",,,,,,"19.1","27",,,,,,,,,"56.4",,,,,,,,"156","42.1",,,"0.323","0.551",,,,,,
"2","성동","어르신","일반","70","관리자","참가","20250227","F","160.5","55.3","30.6",,"84","121","19.1","19.3",,,"-0.3",,,,,,"21.5",,,,,"19",,"90","5.82","25.26","34.9",,,,,,,,,,,,,,,,,,,"19.3"
"2","시흥","성인","일반","26","관리자","참가","20250227","F","166.3","64.4","22.6","79","92","139","20.3","19.9",,,"1",,,,,,"23.3","20",,,,,,,,,"31.5",,,"105","142","164",,"34.2",,,,,"0.342","0.405",,,,,,
"1","KSPO송파별관(어르신)","어르신","일반","72","관리자","3등급","20250227","F","148.6","73.2","46.5",,"67","119","23","22",,,"11",,,,,,"33.1",,,,,"25",,"119","5.30","23.64","31.4",,,,,,,,,,,,,,,,,,,"23.0"
"1","원주","성인","일반","60","관리자","참가","20250227","M","175.8","84.4","27.7","92.5","93","136","48.2","58.1",,,"7.4",,,,,,"27.3","31",,,"193",,,,,,"68.8",,,,,,,,"122","32.7",,,"0.284",,,,,,,
"4","남구(울산)","어르신","일반","75","관리자","3등급","20250227","M","166.2","68.8","29.4","92.4","61","147","40","37.4",,,"2.6",,,,,,"24.9",,,,,"30",,"105","4.47","18.2","58.1",,,,,,,,,,,,,,,,,,,"40.0"
"1","남구(울산)","어르신","일반","68","관리자","참가","20250227","M","177.6","99","36.8","115.7","85","144","51.7","36.9",,,"-15.2",,,,,,"31.4",,,,,"20",,"80","5","23.63","52.2",,,,,,,,,,,,,,,,,,,"51.7"
"12","안동","성인","일반","49","관리자","참가","20250227","M","167.9","70.5","32.6","80","95","154","37.4","39.3",,,"25.5",,,,,,"25.0","50","30",,"189",,,,,,"55.7",,"37.8",,,,,,,,,,"0.373",,,,,,,
"8","KSPO아산","어르신","일반","71","관리자","참가","20250227","M","164.1","86.7","40.5","107","81","156","27.4","34.4",,,"6.8",,,,,,"32.2",,,,,"20",,"107","5.75","24.57","39.7",,,,,,,,,,,,,,,,,,,"34.4"
"3","미추홀","성인","일반","21","관리자","참가","20250227","F","166.8","52.5","26","75","50","98","23.1","27.4",,,"17.7",,,,,,"18.9","10","0","13.1","134",,,,,,"52.2",,"28.0",,,,,,,,,,,,,,,,,
"5","의정부","성인","일반","22","관리자","참가","20250227","F","166.4","77.3","37.9","101.8","78","134","32.5","37.7",,,"14",,,,,,"27.9","41","25",,"177",,,,,,"48.8",,"31.6",,,,,,,,,,"0.430",,,,,,,
"1","의정부","성인","일반","26","관리자","참가","20250227","M","173.4","77.5","20.5","92.4","65","125","36.1","35.9",,,"1.2",,,,,,"25.8","44","30",,"179",,,,,,"46.6",,"38.5",,,,,,,,,,"0.317",,,,,,,
"1","창원","성인","일반","25","관리자","참가","20250227","M","168.6","93.6","32.9","94","81","140","49.4","46.8",,,"7.7",,,,,,"32.9","38",,,"201",,,,,,"52.8",,,,,,,,"142","35.8",,,"0.236",,,,,,,
"1","익산","성인","일반","31","관리자","참가","20250227","F","164.8","82.5","43.9",,"99","149","31.3","36.1",,,"3.3",,,,,,"30.4","18","11","13.62","163",,,,,,"43.8",,"26.1",,,,,,,,,,,,,,,,,
"1","KSPO송파","성인","일반","20","관리자","2등급","20250227","F","159","49.1","23.3","57.1","80","120","19.9","25.3",,,"20.5",,,,,,"19.4","30","25","12.46","174",,,,,,"51.5",,"36.1",,,,,,,,,,,,,,,,,
"3","창원","성인","일반","35","관리자","3등급","20250227","M","174.9","76.6","21.4","79","91","144","55.5","63",,,"15.1",,,,,,"25.0","45",,"9.85","233",,,,,,"82.2",,,,,,,,"137","38.3",,,,,,,,,,
"2","KSPO송파","성인","일반","24","관리자","3등급","20250227","F","163.2","55.8","22.2","62.3","66","109","21.2","23.5",,,"16.4",,,,,,"21.0","33",,,"165",,,,,,"42.1",,,,,,,,"106","39.1",,,"0.446",,,,,,,
"3","미추홀","성인","일반","41","관리자","참가","20250227","M","194.6","102.7","27.8","104","86","137","46.9","49.1",,,"12.6",,,,,,"27.1","38",,"11.41","224",,,,,,"47.8",,,,,,,,"123","34.6",,,,,,,,,,
"3","연제","성인","일반","24","관리자","2등급","20250227","F","155.3","51.5","26.5",,"71","118","25.5","25.2",,,"25.1",,,,,,"21.4","33",,,"158",,,,,,"49.5",,,"93","129","151",,"38.4",,,,,"0.331",,,,,,,
"6","강북","성인","일반","62","관리자","참가","20250227","M","163.9","59.70","24.5","83","89","133","35.3","37.4",,,"-7.8",,,,,,"22.2","17",,,,,,,,,"62.6",,,,,,,,"148","33.0",,,"0.436","0.393",,,,,,
"1","포천","성인","일반","57","관리자","3등급","20250227","F","149.7","57.2","30.2","83","97","154","19.1","26.3",,,"14.1",,,,,,"25.5","11",,"15.88","118",,,,,,"46.0",,,,,,,,"118","29.8",,,,,,,,,,
"1","경산","성인","일반","32","관리자","참가","20250227","M","172.3","90.2","27.9","103","75","127","46.8","45.1",,,"19.1",,,,,,"30.4","50",,,"226",,,,,,"51.9",,,,,,,,"116","38.9",,,"0.358",,,,,,,
"1","경산","성인","일반","25","관리자","3등급","20250227","F","166.9","56.9","27.1","66","71","134","25.4","24.6",,,"13",,,,,,"20.4","21",,,"148",,,,,,"44.6",,,"73","111","154",,"36.4",,,,,"0.338",,,,,,,
"2","강북","성인","일반","24","관리자","참가","20250227","F","168.8","54.70","28.3","71.9","53","113","20.2","19.8",,,"11.1",,,,,,"19.2","7",,,,,,,,,"36.9",,,"87","124","145",,"39.7",,,,,"0.423","0.351",,,,,,
"1","성동","어르신","일반","74","관리자","참가","20250227","F","150.2","58.5","35.8",,"62","151","22.2","19.2",,,"7.4",,,,,,"25.9",,,,,"9",,"70","8.34","35.13","37.9",,,,,,,,,,,,,,,,,,,"22.2"
"3","성동","어르신","일반","71","관리자","3등급","20250227","F","152.4","53.2","32.7",,"69","120","22.6","21.7",,,"14",,,,,,"22.9",,,,,"19",,"92","5.57","24.40","42.5",,,,,,,,,,,,,,,,,,,"22.6"
"4","구미","성인","일반","47","관리자","2등급","20250227","M","159.3","61.6","26.6","81","91","151","38","41.1",,,"16.3",,,,,,"24.3","51","60",,"171",,,,,,"66.7",,"46.5",,,,,,,,,,"0.352",,,,,,,
"1","마포","성인","일반","24","관리자","참가","20250227","F","162.9","58.2","29.6",,"71","125","32","34.9",,,"22.6",,,,,,"21.9","17",,,"166",,,,,,"60.0",,,,,,,,"114","37.5",,,"0.362",,,,,,,
"4","부천","어르신","일반","65","관리자","참가","20250227","M","166.6","70.9","34.5",,"80","129","34.8","42.4",,,"1.2",,,,,,"25.5",,,,,"28",,"138","5.28","19.69","59.8",,,,,,,,,,,,,,,,,,,"42.4"
"3","KSPO송파별관(어르신)","어르신","일반","65","관리자","3등급","20250227","M","165.1","74","34.6",,"95","137","28.9","33.9",,,"10.4",,,,,,"27.1",,,,,"29",,"130","4.566","17.11","45.8",,,,,,,,,,,,,,,,,,,"33.9"
"1","영암","어르신","일반","66","관리자","3등급","20250227","F","145","52.8","31.8",,"85","155","23.7","25.4",,,"15.8",,,,,,"25.1",,,,,"17",,"97","7","23.89","48.1",,,,,,,,,,,,,,,,,,,"25.4"
"2","미추홀","성인","일반","19","관리자","참가","20250227","M","172.2","64.4","20.1","82","67","121","31.8","37.4",,,"16.6",,,,,,"21.7","41","53","10.7","222",,,,,,"58.1",,"46.4",,,,,,,,,,,,,,,,,
"1","북구(광주)","성인","일반","26","관리자","참가","20250227","M","191.6","70.6","16.4","78.4","83","121","41.9","45",,,"-29.2",,,,,,"19.2","23",,,,,,,,,"63.7",,,,,,,,"124","45.1",,,"0.288","0.572",,,,,,
"3","KSPO대구","성인","일반","22","관리자","2등급","20250227","F","170.6","52","23.9","63","84","137","25.4","28",,,"15.4",,,,,,"17.9","30",,,"169",,,,,,"53.8",,,"98","96","100",,"46.3",,,,,"0.376",,,,,,,
"1","KSPO송파별관(어르신)","어르신","일반","70","관리자","2등급","20250227","M","177.6","83.7","27.5",,"75","138","43.8","41",,,"16.1",,,,,,"26.5",,,,,"22",,"122","4.89","19.5","52.3",,,,,,,,,,,,,,,,,,,"43.8"
"5","제주","성인","일반","44","관리자","참가","20250227","F","159.4","45.4","14.4","65.7","70","122","22.6","21.3",,,"29.1",,,,,,"17.9","0","39","12","185",,,,,,"49.8",,"40.0",,,,,,,,,,,,,,,,,
"5","KSPO대구","성인","일반","24","관리자","3등급","20250227","F","169.8","61.7","35.8","67","79","137","27.2","32.3",,,"12.5",,,,,,"21.4","43",,,,,,,,,"52.4",,,"105","146","167",,"35.4",,,,,"0.378","0.512",,,,,,
"1","서구(대전)","성인","일반","25","관리자","3등급","20250227","M","170.9","72.5","14.3",,"90","145","43.9","47",,,"9.9",,,,,,"24.8","45","40","9.84","225",,,,,,"64.8",,"41.7",,,,,,,,,,,,,,,,,
"2","남구(울산)","성인","일반","52","관리자","2등급","20250227","F","158.2","60.9","44.4","87.7","77","118","27.3","25.6",,,"24.4",,,,,,"24.3","25",,,"143",,,,,,"44.8",,,,,,,,"116","30.9",,,"0.381",,,,,,,
"4","서대문","성인","일반","24","관리자","2등급","20250227","F","174.2","52.7","16.4",,"87","113","30.8","31.4",,,"28.9",,,,,,"17.4","36",,,,,,,,,"59.6",,,,,,,,"137","37.1",,,"0.345","0.425",,,,,,
"4","서대문","성인","일반","25","관리자","참가","20250227","F","167.0","54.5","23.4",,"84","133","29.4","33",,,"10.3",,,,,,"19.5","18",,"11.72","176",,,,,,"60.6",,,,,,,,"119","38.0",,,,,,,,,,
"6","마포","성인","일반","27","관리자","2등급","20250227","F","161.4","47.5","27.8","80","72","111","25.8","25.3",,,"17.3",,,,,,"18.2","30",,,"150",,,,,,"54.3",,,,,,,,"106","40.4",,,"0.389",,,,,,,
"4","KSPO아산","성인","일반","25","관리자","3등급","20250227","F","174.2","61.2","34.1","76.5","72","118","27.3","28.2",,,"10.1",,,,,,"20.2","35",,"12.4","150",,,,,,"46.1",,,"80","116","141",,"38.6",,,,,,,,,,,,
"4","마포","성인","일반","28","관리자","1등급","20250227","F","167.4","51.3","19.8",,"68","111","29.1","32.4",,,"20.6",,,,,,"18.3","35",,,"185",,,,,,"63.2",,,,,,,,"102","40.3",,,"0.323",,,,,,,
"2","포천","성인","일반","26","관리자","2등급","20250227","F","167.9","56.1","27.8","61","66","114","24","24.4",,,"21.6",,,,,,"19.9","28",,,,,,,,,"43.5",,,,,,,,"145","34.3",,,"0.311","0.398",,,,,,
"2","KSPO아산","성인","일반","23","관리자","참가","20250227","F","160.9","48.7","24.3","65","78","124","24.6","28.5",,,"22.8",,,,,,"18.8","12",,,"175",,,,,,"58.5",,,,,,,,"126","38.3",,,"0.352",,,,,,,
"1","달서","성인","일반","58","관리자","3등급","20250227","M","169.5","64.9","21.7","80","86","154","31.9","33.8",,,"14.6",,,,,,"22.6","37",,,"182",,,,,,"52.1",,,,,,,,"89","41.9",,,"0.254",,,,,,,
"1","광주","성인","일반","19","관리자","참가","20250227","M","177.7","66.8","15.9",,"91","138","46.2","38.7",,,"4.1",,,,,,"21.2","38",,,"210",,,,,,"69.2",,,,,,,,"115","47.9",,,"0.363",,,,,,,
"2","달서","성인","일반","38","관리자","2등급","20250227","F","164.2","51.2","20","72.8","82","118","30.1","30.1",,,"24.9",,,,,,"19.0","35",,,"170",,,,,,"58.8",,,,,,,,"138","33.8",,,"0.326",,,,,,,
"3","광주","성인","일반","25","관리자","1등급","20250227","F","164","52.7","23.8",,"60","105","26.8","28.8",,,"28.5",,,,,,"19.6","39",,,"172",,,,,,"54.6",,,,,,,,"110","39.2",,,"0.312",,,,,,,
"5","광주","성인","일반","24","관리자","3등급","20250227","F","166","50.4","28",,"55","98","19.2","21.8",,,"19",,,,,,"18.3","30",,,"142",,,,,,"43.3",,,"95","133","160",,"38.4",,,,,"0.391",,,,,,,
"12","광주","성인","일반","20","관리자","참가","20250227","M","169.3","75.4","24",,"74","138","31.6","31.9",,,"-9.5",,,,,,"26.3","51","29",,"194",,,,,,"42.3",,"39.2",,,,,,,,,,"0.471",,,,,,,
"1","창원","성인","일반","26","관리자","참가","20250227","F","167.1","75","39.7","83","80","126","21.7","27.9",,,"17.7",,,,,,"26.9","31",,,,,,,,,"37.2",,,,,,,,"135","30.8",,,"0.384","0.428",,,,,,
"6","포항","성인","일반","64","관리자","참가","20250227","M","171.2","62.2","17.9",,"65","140","33.1","34.5",,,"17",,,,,,"21.2","17",,,"169",,,,,,"55.5",,,,,,,,"106","38.6",,,"0.269",,,,,,,
"1","나주","어르신","일반","69","관리자","3등급","20250227","M","168.5","65.3","19.9","79.4","99","151","33.9","35",,,"14.5",,,,,,"23.0",,,,,"18",,"106","5.89","25","53.6",,,,,,,,,,,,,,,,,,,"35.0"
"1","KSPO송파","성인","일반","36","관리자","참가","20250227","M","181.4","86","18.1","89","71","138","36.2","38.7",,,"13.1",,,,,,"26.1","42",,,"214",,,,,,"45.0",,,,,,,,"101","41.8",,,"0.348",,,,,,,
"1","동작","성인","일반","23","관리자","3등급","20250227","F","163.7","51.8","26.1","64","93","131","26.2","26.2",,,"20.4",,,,,,"19.3","25",,,"171",,,,,,"50.6",,,"91","126","144",,"40.4",,,,,"0.26",,,,,,,
"4","강북","성인","일반","54","관리자","참가","20250227","F","156.4","57.70","37.6","82.8","79","126","23.2","28.3",,,"11.2",,,,,,"23.6","10",,"14.8",,,,,,,"49.0",,,"82","118","144",,"32.3",,,,,,"0.334",,,,,,
"11","KSPO송파","성인","일반","24","관리자","3등급","20250227","F","165.3","42.2","16.6","65.1","79","122","18.8","26.4",,,"18.4",,,,,,"15.4","23",,,,,,,,,"62.6",,,,,,,,"114","41.6",,,"0.366","0.457",,,,,,
"1","창원마산회원","성인","일반","20","관리자","1등급","20250227","M","172.2","78.3","12.4","81","85","147","49.6","57.9",,,"26.6",,,,,,"26.4","55","64","9.32","254",,,,,,"73.9",,"46.9",,,,,,,,,,,,,,,,,
"5","스포원(금정)","성인","일반","38","관리자","1등급","20250227","F","152.5","48.3","30.8",,"78","123","28.1","25.9",,,"21",,,,,,"20.8","44",,,"174",,,,,,"58.2",,,,,,,,"106","37.3",,,"0.356",,,,,,,
"2","스포원(금정)","성인","일반","51","관리자","1등급","20250227","M","165","68.9","19.5",,"81","132","50.4","50.6",,,"15.6",,,,,,"25.3","39",,,"205",,,,,,"73.4",,,,,,,,"101","40.6",,,"0.365",,,,,,,
"1","남구(울산)","성인","일반","19","관리자","참가","20250227","M","174.4","74.8","22.3","90.8","80","132","40.7","46.5",,,"15",,,,,,"24.6","32","48",,"154",,,,,,"62.2",,"43.7",,,,,,,,,,"0.299",,,,,,,
"1","영주","성인","일반","57","관리자","3등급","20250227","F","160.1","56.80","29.2","79.7","62","100","29.4","27.8",,,"12.3",,,,,,"22.2","30","18",,"160",,,,,,"51.8",,"31.3",,,,,,,,,,"0.360",,,,,,,
"1","세종","성인","일반","55","관리자","3등급","20250227","M","163.4","63.5","22.2","79","73","120","31","35.3",,,"6.5",,,,,,"23.8","35","31",,"188",,,,,,"55.6",,"38.7",,,,,,,,,,"0.346",,,,,,,
"1","포항","성인","일반","19","관리자","참가","20250227","M","178","77","23.7",,"67","129","38.5","38.5",,,"6.7",,,,,,"24.3","40","53",,,,,,,,"50.0",,"44.5",,,,,,,,,,"0.333","0.675",,,,,,
"1","화성","어르신","일반","73","관리자","2등급","20250227","M","160.6","67.7","36.7",,"76","155","34.9","37.3",,,"6.7",,,,,,"26.2",,,,,"20",,"112","5.35","21.53","55.1",,,,,,,,,,,,,,,,,,,"37.3"
"1","창원","성인","일반","34","관리자","참가","20250227","F","161.9","69.8","36.2","78","71","128","37.3","34",,,"18.4",,,,,,"26.6","15",,"11.59","165",,,,,,"53.4",,,,,,,,"129","30.8",,,,,,,,,,
"5","KSPO대구","성인","일반","23","관리자","참가","20250227","F","162.8","48.6","24.1","63.5","64","127","23.5","21.1",,,"13",,,,,,"18.3","16",,,"148",,,,,,"48.4",,,,,,,,"161","34.3",,,"0.39",,,,,,,
"9","시흥","성인","일반","25","관리자","2등급","20250227","F","168.7","48.7","24.2","59","80","118","22.2","20.5",,,"24.4",,,,,,"17.1","31",,,"174",,,,,,"45.6",,,"82","102","129",,"42.2",,,,,"0.330",,,,,,,
"4","남구(부산)","성인","일반","23","관리자","3등급","20250227","F","169.9","57.6","27.7",,"67","116","33.5","35.9",,,"14.5",,,,,,"20.0","37",,,,,,,,,"62.3",,,,,,,,"126","37.0",,,"0.337","0.477",,,,,,
"2","수원","성인","일반","29","관리자","참가","20250227","F","158","65","36.1","82","95","137","23.4","23.3",,,"17.2",,,,,,"26.0","26",,"13.8",,,,,,,"36.0",,,,,,,,"147","30.4",,,,"0.41",,,,,,
"2","KSPO대구","성인","일반","24","관리자","2등급","20250227","F","163.4","48.7","21.9","64","57","106","27.5","30.2",,,"17",,,,,,"18.2","34",,,,,,,,,"62.0",,,,,,,,"125","38.5",,,"0.35","0.501",,,,,,
"1","남구(부산)","성인","일반","28","관리자","참가","20250227","F","162.6","60.5","38",,"71","127","28.4","31.9",,,"6.1",,,,,,"22.9","29",,,"141",,,,,,"52.7",,,"90","130","160",,"34.6",,,,,"0.421",,,,,,,
"1","군산","성인","일반","37","관리자","2등급","20250227","M","178.4","71.3","15.1","78","91","148","45.1","49.1",,,"23.9",,,,,,"22.4","49",,,"210",,,,,,"68.9",,,"91","111","123","142","46.4",,,,,"0.324",,,,,,,
"1","수원","성인","일반","26","관리자","1등급","20250227","F","168","59.2","23.1","69","62","101","26.7","28.8",,,"28.5",,,,,,"21.0","39",,,"159",,,,,,"48.6",,,"88","124","153",,"36.6",,,,,"0.344",,,,,,,
"1","동작","성인","일반","27","관리자","3등급","20250227","F","169.3","57.5","29.4","68","75","129","25.7","28.2",,,"24.2",,,,,,"20.1","33","22",,"158",,,,,,"49.0",,"33.8",,,,,,,,,,"0.356",,,,,,,
"1","수원","성인","일반","30","관리자","참가","20250227","M","185.2","94.1","26.1","92","92","153","52","50",,,"2.4",,,,,,"27.4","42",,"10.8","228",,,,,,"55.3",,,,,,,,"140","36.0",,,,,,,,,,
"1","군산","성인","일반","51","관리자","참가","20250227","F","143.8","50.6","34.7","77","64","131","24.2","20.7",,,"13.4",,,,,,"24.5","6",,,"115",,,,,,"47.8",,,"77","125","152",,"32.8",,,,,"0.350",,,,,,,
"1","수원","성인","일반","23","관리자","참가","20250227","F","166.2","57","26.4","71","77","138","30","32.7",,,"22.3",,,,,,"20.6","22",,"11.9","189",,,,,,"57.4",,,,,,,,"147","34.2",,,,,,,,,,
"2","계룡","성인","일반","21","관리자","참가","20250227","M","170.6","76.5","25.7",,"87","153","42.3","51.5",,,"-0.9",,,,,,"26.3","49","32",,,,,,,,"67.3",,"39.6",,,,,,,,,,"0.310","0.575",,,,,,
"1","남구(부산)","성인","일반","19","관리자","참가","20250227","M","169.2","61.4","14.1",,"80","135","41.6","45.8",,,"-5.7",,,,,,"21.4","30",,,"216",,,,,,"74.6",,,,,,,,"142","44.4",,,"0.263",,,,,,,
"6","화성","성인","일반","32","관리자","2등급","20250227","M","177.6","86.8","29.5",,"87","135","47.7","57.6",,,"17.5",,,,,,"27.5","50","40","10.1","233",,,,,,"66.4",,"38.9",,,,,,,,,,,,,,,,,
"24","부천","성인","일반","29","관리자","참가","20250227","M","176","68.9","35.7",,"83","118","28.6","32.5",,,"3.7",,,,,,"22.2","39",,,"159",,,,,,"47.2",,,,,,,,"144","40.6",,,"0.317",,,,,,,
"6","양평","어르신","일반","72","관리자","2등급","20250227","M","169.9","66.7","27",,"83","151","34.4","34.6",,,"7",,,,,,"23.1",,,,,"22",,"117","4.75","18.71","51.9",,,,,,,,,,,,,,,,,,,"34.6"
"4","동구(광주)","성인","일반","25","관리자","3등급","20250227","M","178.5","70.1","25.7","81","68","113","42.3","44.9",,,"10.9",,,,,,"22.0","46",,,"180",,,,,,"64.1",,,,,,,,"110","46.5",,,"0.336",,,,,,,
"2","KSPO대구","성인","일반","43","관리자","참가","20250227","M","170.9","84.4","26.1","94","94","156","43.9","49.4",,,"12.4",,,,,,"28.9","51",,"11.3","213",,,,,,"58.5",,,"94","118","149","164","34.4",,,,,,,,,,,,
"2","서대문","성인","일반","24","관리자","3등급","20250227","F","160.3","49.5","25.4",,"80","120","22.8","26",,,"18.2",,,,,,"19.3","23",,,"162",,,,,,"52.5",,,,,,,,"103","40.7",,,"0.363",,,,,,,
"3","KSPO광주","성인","일반","24","관리자","참가","20250227","F","155.3","48.6","28.2","70.9","69","113","24","22.1",,,"14.2",,,,,,"20.2","2",,,"146",,,,,,"49.4",,,,,,,,"134","36.7",,,"0.331",,,,,,,
"4","서대문","성인","일반","22","관리자","3등급","20250227","F","170.8","59.1","29.9",,"80","120","26.5","24.6",,,"22",,,,,,"20.3","32",,,"154",,,,,,"44.8",,,,,,,,"152","33.8",,,"0.412",,,,,,,
"4","KSPO광주","성인","일반","22","관리자","참가","20250227","F","161.6","60.9","32","75.4","53","80","26.1","28.3",,,"20.3",,,,,,"23.3","13",,,,,,,,,"46.5",,,,,,,,"134","34.6",,,"0.404","0.422",,,,,,
"1","달서","성인","일반","23","관리자","참가","20250227","F","165.2","48.9","20.2","68.2","81","117","18.2","24.6",,,"-10",,,,,,"17.9","26",,,"140",,,,,,"50.3",,,,,,,,"127","38.6",,,"0.393",,,,,,,
"1","달서","성인","일반","50","관리자","1등급","20250227","F","162.6","55.8","24.7","76","74","125","27","27.5",,,"25.1",,,,,,"21.1","33",,,"139",,,,,,"49.3",,,,,,,,"87","36.5",,,"0.366",,,,,,,
"1","영암","청소년","일반","17","관리자","2등급","20250227","M","165.6","51.9","8.3",,"92","135","40.2","44","41",,"15","17.78","0.572","56.296","10","56.756","18.9",,"48",,,,,,,,"84.8",,"46.0",,,,,,,,,,,,,,,,,
"1","동작","성인","일반","22","관리자","참가","20250227","F","170.6","52.2","25.2","60","91","125","25.7","26.6",,,"6.7",,,,,,"17.9","38",,,"165",,,,,,"51.0",,,,,,,,"130","38.1",,,"0.273",,,,,,,
"2","동작","성인","일반","24","관리자","3등급","20250227","F","166","58.8","29.1","63.2","88","148","35.2","32.4",,,"10.4",,,,,,"21.3","24",,,,,,,,,"59.9",,,,,,,,"128","35.9",,,"0.351","0.440",,,,,,
"1","서구(대전)","성인","일반","60","관리자","1등급","20250227","M","167","70.6","22.2",,"86","137","36.8","40.4",,,"18.8",,,,,,"25.3","49","32","11.91","193",,,,,,"57.2",,"37.4",,,,,,,,,,,,,,,,,
"5","포천","어르신","일반","70","관리자","3등급","20250227","M","162.9","69.4","25","89","87","131","29.4","33.9",,,"-0.3",,,,,,"26.2",,,,,"20",,"105","5.25","21.09","48.8",,,,,,,,,,,,,,,,,,,"33.9"
"1","오산","성인","일반","32","관리자","참가","20250227","M","174","107","39","126.3","93","158","48.8","53.4",,,"-4.3",,,,,,"35.3","30","13",,,,,,,,"49.9",,"29.8",,,,,,,,,,"0.311","0.464",,,,,,
"1","연제","성인","일반","24","관리자","참가","20250227","F","162.2","53.8","31.7",,"79","129","23","26.6",,,"13.1",,,,,,"20.4","36","17",,"154",,,,,,"49.4",,"32.8",,,,,,,,,,"0.324",,,,,,,
"1","익산","성인","일반","22","관리자","3등급","20250227","F","165.9","48.8","22.1","69","82","124","20","23.7",,,"12.2",,,,,,"17.7","33","23",,,,,,,,"48.6",,"35.6",,,,,,,,,,"0.425","0.419",,,,,,
"2","마포","어르신","일반","66","관리자","2등급","20250227","M","169","73.1","27.1","94","89","150","43.9","40.1",,,"6.8",,,,,,"25.6",,,,,"21",,"136","3.92","16.31","60.1",,,,,,,,,,,,,,,,,,,"43.9"
"3","마포","어르신","일반","66","관리자","3등급","20250227","M","168.6","61.3","27.3","81","95","154","40.1","35.1",,,"3.9",,,,,,"21.6",,,,,"21",,"98","6.30","26.32","65.4",,,,,,,,,,,,,,,,,,,"40.1"
"1","의정부","성인","일반","25","관리자","참가","20250227","F","163.2","59.6","39.3","87.3","78","131","20.5","19.3",,,"6.5",,,,,,"22.4","9",,,"117",,,,,,"34.4",,,"93","117","148",,"36.3",,,,,"0.439",,,,,,,
"1","경산","성인","일반","19","관리자","참가","20250227","M","171.9","56.1","12.3","75","77","131","29.2","31.3",,,"-1.5",,,,,,"19.0","57","61","10.16","230",,,,,,"55.8",,"49.5",,,,,,,,,,,,,,,,,
"2","오산","성인","일반","27","관리자","참가","20250227","F","169.7","73.4","38.1","91.6","83","122","25.9","28.8",,,"13.1",,,,,,"25.5","31",,"13.42","118",,,,,,"39.2",,,"88","108","130",,"35.7",,,,,,,,,,,,
"3","의정부","성인","일반","21","관리자","3등급","20250227","F","163.2","47.6","29.4","72.4","95","144","19.7","22.9",,,"11.4",,,,,,"17.9","33",,,"157",,,,,,"48.1",,,,,,,,"145","36.9",,,"0.351",,,,,,,
"3","창원","성인","일반","53","관리자","참가","20250227","F","170.4","56.3","21.4","67","83","137","23","32.5",,,"19.6",,,,,,"19.4","0",,"12.6","173",,,,,,"57.7",,,,,,,,"125","32.0",,,,,,,,,,
"3","경산","성인","일반","19","관리자","3등급","20250227","M","170.7","59.5","14.7","75","73","118","39.9","44.4",,,"15.5",,,,,,"20.4","61","47","10.93","224",,,,,,"74.6",,"45.8",,,,,,,,,,,,,,,,,
"1","오산","성인","일반","22","관리자","참가","20250227","F","163","53.5","26.3","75.7","61","103","23.2","26.3",,,"4.9",,,,,,"20.1","33",,"13.15","136",,,,,,"49.2",,,"99","120","141",,"39.8",,,,,,,,,,,,
"1","군산","성인","일반","62","관리자","참가","20250227","M","178","105.7","26.9","110","88","141","44.4","45.7",,,"7.6",,,,,,"33.4","3","8",,"159",,,,,,"43.2",,"26.3",,,,,,,,,,"0.373",,,,,,,
"4","사상","어르신","일반","69","관리자","참가","20250227","M","172.4","64.6","19","81","80","127","28.5","27.1",,,"-6",,,,,,"21.7",,,,,"19",,"105","5.6","23.7","44.1",,,,,,,,,,,,,,,,,,,"28.5"
"1","사상","성인","일반","23","관리자","3등급","20250227","F","172.9","59.2","29.2","70.1","99","153","27.8","30.7",,,"12.8",,,,,,"19.8","24","20",,"174",,,,,,"51.9",,"33.1",,,,,,,,,,"0.415",,,,,,,
"6","광주","어르신","일반","83","관리자","참가","20250227","M","165.8","64.2","27.3",,"62","152","26.4","27.2",,,"-8.2",,,,,,"23.4",,,,,"26",,"94","7.10","30.30","42.4",,,,,,,,,,,,,,,,,,,"27.2"
"5","광주","어르신","일반","83","관리자","2등급","20250227","M","160.1","62.9","36.9",,"89","159","28.2","28.7",,,"2.7",,,,,,"24.5",,,,,"20",,"95","5.81","23.76","45.6",,,,,,,,,,,,,,,,,,,"28.7"
"5","광주","어르신","일반","78","관리자","1등급","20250227","F","145.5","48.2","32.9",,"68","150","19.7","22.5",,,"19.5",,,,,,"22.8",,,,,"29",,"105","6.62","24.71","46.7",,,,,,,,,,,,,,,,,,,"22.5"
"2","구미","성인","일반","31","관리자","1등급","20250227","M","177.3","73.3","16.3","81.3","77","143","49.6","55.1",,,"20.6",,,,,,"23.3","56","50","11.51","232",,,,,,"75.2",,"43.3",,,,,,,,,,,,,,,,,
"2","오산","성인","일반","25","관리자","1등급","20250227","F","166.7","56.6","29.5","76.3","73","107","26.1","30.7",,,"25.3",,,,,,"20.4","39",,,,,,,,,"54.2",,,,,,,,"130","36.1",,,"0.362","0.588",,,,,,
"1","오산","성인","일반","64","관리자","참가","20250227","M","165.3","69.6","25.2","90.1","73","125","41.8","43.2",,,"11.8",,,,,,"25.5","23",,"12.65","165",,,,,,"62.1",,,,,,,,"107","36.4",,,,,,,,,,
"3","오산","성인","일반","23","관리자","참가","20250227","F","164.6","52.4","30.2","74.4","68","101","20.4","21.7",,,"10.7",,,,,,"19.3","20",,,,,,,,,"41.4",,,,,,,,"127","37.7",,,"0.325","0.601",,,,,,
"2","창원","성인","일반","55","관리자","3등급","20250227","F","158.2","62.2","30.1","78","68","116","24.9","27.7",,,"27.7",,,,,,"24.9","23",,,,,,,,,"44.5",,,,,,,,"125","29.0",,,"0.315","0.403",,,,,,
"1","영동","성인","일반","26","관리자","참가","20250227","M","174","68.6","18.3",,"82","137","37.4","45.6",,,"19.8",,,,,,"22.7","33",,,"191",,,,,,"66.5",,,"80","118","144","148","47.6",,,,,"0.309",,,,,,,
"16","세종","성인","일반","30","관리자","참가","20250227","M","162","67.8","18.4","77.1","69","116","38.3","44.5",,,"2.2",,,,,,"25.8","46",,,"166",,,,,,"65.6",,,,,,,,"89","47.6",,,"0.362",,,,,,,
"1","강북","어르신","일반","74","관리자","3등급","20250227","M","156.4","59.40","25.8","88.4","86","143","32","32.7",,,"13.7",,,,,,"24.3",,,,,"18",,"90","6.3","28.4","55.1",,,,,,,,,,,,,,,,,,,"32.7"
"4","강북","성인","일반","20","관리자","참가","20250227","M","182.2","97.60","27.9","95","86","156","45.3","52.8",,,"14.2",,,,,,"29.4","47","39",,"226",,,,,,"54.1",,"38.0",,,,,,,,,,"0.359",,,,,,,
"1","KSPO송파별관(어르신)","어르신","일반","67","관리자","2등급","20250227","M","161.3","66.9","20",,"84","153","40.1","45.1",,,"8",,,,,,"25.7",,,,,"26",,"134","5.05","19.02","67.4",,,,,,,,,,,,,,,,,,,"45.1"
"1","남구(울산)","어르신","일반","66","관리자","3등급","20250227","M","165.3","52.3","15.8","72.8","85","159","40.4","38.9",,,"11.7",,,,,,"19.1",,,,,"25",,"101","4.75","16.93","77.2",,,,,,,,,,,,,,,,,,,"40.4"
"1","남구(울산)","어르신","일반","65","관리자","참가","20250227","M","166.4","66.6","25.2","87.3","74","122","30.6","38",,,"0.5",,,,,,"24.1",,,,,"30",,"99","4.28","17.56","57.1",,,,,,,,,,,,,,,,,,,"38.0"
"1","KSPO송파별관(어르신)","어르신","일반","74","관리자","참가","20250227","M","160","66.3","37.4",,"94","149","23.2","22",,,"-20",,,,,,"25.9",,,,,"20",,"122","5.87","24.47","35.0",,,,,,,,,,,,,,,,,,,"23.2"
"1","KSPO송파","성인","일반","25","관리자","3등급","20250227","M","174.1","66.9","18.1","79.2","81","142","44.3","44.7",,,"8.9",,,,,,"22.1","43","40","11.5",,,,,,,"66.8",,"42.5",,,,,,,,,,,"0.547",,,,,,
"4","KSPO송파","성인","일반","47","관리자","2등급","20250227","F","160.2","52.9","26.5","73.5","69","126","25.1","27.5",,,"18.5",,,,,,"20.6","39","24","12.62","162",,,,,,"52.0",,"34.2",,,,,,,,,,,,,,,,,
"1","동해","성인","일반","64","관리자","참가","20250227","F","160.9","57.6","31.2",,"83","156","23.2","27.2",,,"21.2",,,,,,"22.2","9",,,"158",,,,,,"47.2",,,,,,,,"134","27.6",,,"0.367",,,,,,,
"2","오산","어르신","일반","66","관리자","참가","20250227","M","177.2","80.6","22.9","86.3","80","156","36.9","41.4",,,"9.4",,,,,,"25.7",,,,,"18",,"109","7.53","28.22","51.4",,,,,,,,,,,,,,,,,,,"41.4"
"6","부천","성인","일반","64","관리자","3등급","20250227","M","165.1","67.7","30.6",,"82","138","35.8","37.5",,,"5.7",,,,,,"24.8","39",,,"175",,,,,,"55.4",,,,,,,,"103","37.4",,,"0.291",,,,,,,
"1","동해","어르신","일반","68","관리자","1등급","20250227","F","159.5","53.2","25.1",,"75","151","31.2","33.5",,,"21.9",,,,,,"20.9",,,,,"31",,"154","5.02","20.20","63.0",,,,,,,,,,,,,,,,,,,"33.5"
"5","연제","성인","일반","27","관리자","3등급","20250227","F","166.3","58.5","30.5",,"97","135","24.8","25.7",,,"18.0",,,,,,"21.2","21",,,,,,,,,"43.9",,,"88","132","165",,"35.0",,,,,"0.375","0.405",,,,,,
"2","창원","성인","일반","27","관리자","참가","20250227","M","176.6","64.9","14.5","75","75","121","34.1","43.1",,,"18.4",,,,,,"20.8","38","27","10.44","206",,,,,,"66.4",,"39.5",,,,,,,,,,,,,,,,,
"2","양평","성인","일반","58","관리자","3등급","20250227","F","153.7","52.1","33.1",,"84","132","21","25.3",,,"17.4",,,,,,"22.1","13",,,"117",,,,,,"48.6",,,"84","122","151",,"31.8",,,,,"0.317",,,,,,,
"6","안산","어르신","일반","76","관리자","참가","20250227","M","166.2","77.2","36.2","97","71","120","28.1","28.4",,,"-7.0",,,,,,"27.9",,,,,"27",,"83","5.6","26.2","36.8",,,,,,,,,,,,,,,,,,,"28.4"
"1","북구(광주)","성인","일반","27","관리자","참가","20250227","M","178.0","73.4","22.1","88.7","76","125","37.4","44.4",,,"-11.3",,,,,,"23.2","31","35",,,,,,,,"60.5",,"40.1",,,,,,,,,,"0.306","0.575",,,,,,
"5","부천","어르신","일반","72","관리자","1등급","20250227","M","164.0","60.4","14.5",,"71","139","37.2","36",,,"15.6",,,,,,"22.5",,,,,"32",,"142","4.41","17.43","61.6",,,,,,,,,,,,,,,,,,,"37.2"
"1","강릉","성인","일반","24","관리자","2등급","20250227","F","170.2","59.6","37.4","80.4","77","127","23.8","27",,,"23.5",,,,,,"20.6","37",,,"150",,,,,,"45.3",,,"93","117","138",,"39.0",,,,,"0.492",,,,,,,
"8","전주","성인","일반","24","관리자","2등급","20250227","M","185.7","76.2","14.5","77.7","70","124","40.3","48.5",,,"18.9",,,,,,"22.1","50",,"11.88","214",,,,,,"63.6",,,,,,,,"116","45.0",,,,,,,,,,
"7","성남","어르신","일반","83","관리자","3등급","20250227","F","155.4","55.0","36.3",,"54","128","21.6","25",,,"7.9",,,,,,"22.8",,,,,"14",,"94","6.03","28.26","45.5",,,,,,,,,,,,,,,,,,,"25.0"
"1","서대문","성인","일반","24","관리자","참가","20250227","F","167.4","58.6","28.7",,"80","130","32.1","33.1",,,"20.6",,,,,,"20.9","5",,,"142",,,,,,"56.5",,,,,,,,"128","36.1",,,"0.384",,,,,,,
"9","성남","어르신","일반","78","관리자","3등급","20250227","M","152","50.0","27.2",,"72","140","24.3","33.5",,,"-2.0",,,,,,"21.6",,,,,"22",,"100","5.18","24.52","67.0",,,,,,,,,,,,,,,,,,,"33.5"
"1","달서","성인","일반","25","관리자","2등급","20250227","F","171.7","57.2","29.8","76.5","83","125","26.4","29.7",,,"14.2",,,,,,"19.4","34",,,"133",,,,,,"51.9",,,,,,,,"124","37.2",,,"0.37",,,,,,,
"3","군산","성인","일반","25","관리자","참가","20250227","M","182.7","71.6","24.8","86","85","148","34.9","36.8",,,"-11.0",,,,,,"21.5","21",,"12.94","194",,,,,,"51.4",,,,,,,,"144","41.5",,,,,,,,,,
"2","KSPO아산","성인","일반","25","관리자","3등급","20250227","F","161.5","49","27","68.2","64","109","24","27.9",,,"16.8",,,,,,"18.8","23",,,"163",,,,,,"56.9",,,,,,,,"144","35.8",,,"0.354",,,,,,,
"2","보은","성인","일반","42","관리자","참가","20250227","M","174.4","93.7","22.4",,"95","144","66.1","62.5",,,"16.1",,,,,,"30.8","55",,"10.05","242",,,,,,"70.5",,,"83","116","140","165","34.3",,,,,,,,,,,,
"1","KSPO대구","성인","일반","24","관리자","참가","20250227","F","168.7","52.2","30.8","66","77","117","23.2","26.8",,,"5.6",,,,,,"18.3","11",,,"148",,,,,,"51.3",,,,,,,,"135","36.9",,,"0.335",,,,,,,
"2","KSPO아산","성인","일반","38","관리자","참가","20250227","F","162","69.2","41.8","93.2","92","135","25.5","26.2",,,"12.7",,,,,,"26.4","25",,,"128",,,,,,"37.9",,,,,,,,"115","32.0",,,"0.463",,,,,,,
"1","의정부","성인","일반","26","관리자","참가","20250227","F","170.5","54.1","25.9","75.7","72","122","21.4","26.4",,,"20.2",,,,,,"18.6","9",,,,,,,,,"48.8",,,,,,,,"133","36.5",,,"0.312","0.420",,,,,,
"1","서구(광주)","성인","일반","25","관리자","참가","20250227","F","171.6","69.4","36.4","73","74","118","32.8","33.2",,,"26.5",,,,,,"23.6","25","15",,,,,,,,"47.8",,"29.8",,,,,,,,,,"0.456","0.401",,,,,,
"1","양평","성인","일반","20","관리자","3등급","20250227","M","175","61.7","14.1",,"74","138","45.5","44.2",,,"17.2",,,,,,"20.1","55","46","9.9","234",,,,,,"73.7",,"45.0",,,,,,,,,,,,,,,,,
"4","KSPO송파별관(어르신)","어르신","일반","69","관리자","3등급","20250227","M","176.5","73.2","14.6",,"85","131","40.9","46.4",,,"4.2",,,,,,"23.5",,,,,"27",,"121","4.813","17.415","63.4",,,,,,,,,,,,,,,,,,,"46.4"
"5","달서","성인","일반","27","관리자","3등급","20250227","F","170.4","54.8","27","75.4","75","127","23.7","26.5",,,"13.7",,,,,,"18.9","26",,,,,,,,,"48.4",,,,,,,,"135","35.9",,,"0.372","0.452",,,,,,
"2","KSPO광주","성인","일반","22","관리자","참가","20250227","F","164.3","50.6","27.2","58.5","67","124","24.1","27.1",,,"22.3",,,,,,"18.7","12",,,"152",,,,,,"53.6",,,,,,,,"102","41.3",,,"0.392",,,,,,,
"1","계룡","어르신","일반","67","관리자","참가","20250227","M","172","88.7","34.6",,"69","131","38.9","36.7",,,"-1.6",,,,,,"30.0",,,,,"31",,"125","4.65","22.57","43.9",,,,,,,,,,,,,,,,,,,"38.9"
"5","KSPO광주","성인","일반","25","관리자","2등급","20250227","F","163.9","53","29.7","68.3","74","115","23.3","25.7",,,"24.5",,,,,,"19.7","29",,,"150",,,,,,"48.5",,,,,,,,"133","36.3",,,"0.359",,,,,,,
"4","KSPO송파별관(어르신)","어르신","일반","73","관리자","2등급","20250227","M","163.5","64.1","30.3",,"85","145","31.6","27",,,"8",,,,,,"24.0",,,,,"21",,"113","5.16","21.63","49.3",,,,,,,,,,,,,,,,,,,"31.6"
"1","제주","성인","일반","56","관리자","참가","20250227","M","168.5","81.6","27.6","93.1","90","145","37.9","38",,,"3.3",,,,,,"28.7","31",,,"179",,,,,,"46.6",,,,,,,,"139","31.2",,,"0.302",,,,,,,
"1","계룡","어르신","일반","72","관리자","참가","20250227","M","168.4","84","30.6",,"83","143","35.7","35",,,"1.3",,,,,,"29.6",,,,,"20",,"109","6.5","28.91","42.5",,,,,,,,,,,,,,,,,,,"35.7"
"1","계룡","성인","일반","44","관리자","참가","20250227","F","157","39.7","17.6",,"92","112","25.1","25.1",,,"-9.6",,,,,,"16.1","29","11",,"112",,,,,,"63.2",,"32.4",,,,,,,,,,"1.174",,,,,,,
"4","구미","성인","일반","29","관리자","2등급","20250227","M","165.2","73.9","24.1","90.3","77","134","43.4","53.4",,,"19.8",,,,,,"27.1","54","44",,"239",,,,,,"72.3",,"42.3",,,,,,,,,,"0.326",,,,,,,
"2","수원","성인","일반","20","관리자","3등급","20250227","M","178.3","79.9","19.1","82","77","137","47.5","48",,,"18.6",,,,,,"25.1","48",,,"234",,,,,,"60.1",,,,,,,,"123","43.6",,,"0.336",,,,,,,
"2","수원","성인","일반","25","관리자","3등급","20250227","F","161.3","42.3","21.3","54","62","102","24.5","28",,,"10",,,,,,"16.3","21",,,"170",,,,,,"66.2",,,,,,,,"134","38.6",,,"0.436",,,,,,,
"3","강릉","성인","일반","23","관리자","1등급","20250227","F","152.0","58.1","29.7","76.8","77","114","27.9","29.3",,,"27.1",,,,,,"25.1","36","30","12.1",,,,,,,"50.4",,"35.9",,,,,,,,,,,"0.502",,,,,,
"1","계룡","성인","일반","28","관리자","참가","20250227","F","166.3","69.9","40.2",,"74","117","24.7","21.5",,,"13.8",,,,,,"25.3","18","4",,"82",,,,,,"35.3",,"26.2",,,,,,,,,,"1.175",,,,,,,
"2","구미","성인","일반","29","관리자","2등급","20250227","M","178.4","81.8","23","91.2","65","106","50.6","50.2",,,"10.1",,,,,,"25.7","45","44",,,,,,,,"61.9",,"40.8",,,,,,,,,,"0.334","0.55",,,,,,
"1","계룡","성인","일반","52","관리자","참가","20250227","M","172.2","80.1","37.4",,"93","146","23.9","27.3",,,"-3.6",,,,,,"27.0","20","8",,"122",,,,,,"34.1",,"31.0",,,,,,,,,,"0.845",,,,,,,
"1","계룡","성인","일반","24","관리자","참가","20250227","M","174.2","93.9","37.6",,"72","128","15.2","21.4",,,"-0.2",,,,,,"30.9","37","8",,"97",,,,,,"22.8",,"31.1",,,,,,,,,,"1.313",,,,,,,
"2","계룡","성인","일반","25","관리자","참가","20250227","M","167.2","73.3","34.5",,"86","157","32.5","33.3",,,"-6.9",,,,,,"26.2","31","16",,"136",,,,,,"45.4",,"36.1",,,,,,,,,,"0.593",,,,,,,
"12","동구(광주)","어르신","일반","68","관리자","참가","20250227","F","155.2","50.7","28.4","63","77","130","26.2","28.3",,,"10.3",,,,,,"21.0",,,,,"21",,"132","4.62","20.84","55.8",,,,,,,,,,,,,,,,,,,"28.3"
"1","계룡","성인","일반","21","관리자","참가","20250227","M","183.5","93.7","29.6",,"64","122","41.5","43.3",,,"-2.1",,,,,,"27.8","32","11",,"148",,,,,,"46.2",,"31.9",,,,,,,,,,"0.549",,,,,,,
"5","KSPO송파","성인","일반","63","관리자","2등급","20250227","M","171.7","72.1","26.8","87.9","72","113","40.8","41.5",,,"10.2",,,,,,"24.5","35",,,"161",,,,,,"57.6",,,,,,,,"112","35.8",,,"0.417",,,,,,,
"1","KSPO송파","성인","일반","32","관리자","2등급","20250227","M","174.6","79","18.9","89.4","87","133","47.4","39.4",,,"19",,,,,,"25.9","59",,,"209",,,,,,"60.0",,,,,,,,"115","41.7",,,"0.337",,,,,,,
"1","계룡","성인","일반","23","관리자","참가","20250227","M","162.2","70.8","33.7",,"81","141","39.7","41.5",,,"-4.4",,,,,,"26.9","23","27",,"133",,,,,,"58.6",,"39.3",,,,,,,,,,"0.508",,,,,,,
"1","계룡","성인","일반","25","관리자","참가","20250227","M","180.3","83.2","24.4",,"50","87","29.9","31.6",,,"14",,,,,,"25.6","14","9",,"148",,,,,,"38.0",,"32.7",,,,,,,,,,"1.302",,,,,,,
"2","증평","청소년","일반","17","관리자","참가","20250227","M","175.8","103.3","31.1","113.2","74","140","47.5","53","30",,"7.8","19.53","0.490","47.204","7","47.526","33.4",,,,,,,,,,"51.3",,,"88","120","145",,"38.0",,,,,,,,,,,,
"1","성동","어르신","일반","74","관리자","참가","20250227","F","154.5","56.0","32.9",,"83","132","17.9","16.7",,,"5.5",,,,,,"23.5",,,,,"16",,"113","5.63","24.27","32.0",,,,,,,,,,,,,,,,,,,"17.9"
"5","성동","어르신","일반","70","관리자","2등급","20250227","F","152","49.7","32.9",,"80","159","16.8","19.5",,,"13.8",,,,,,"21.5",,,,,"25",,"121","4.94","21.26","39.2",,,,,,,,,,,,,,,,,,,"19.5"
"2","증평","청소년","일반","17","관리자","참가","20250227","M","164.8","81.5","32.2","98.5","83","147","35.2","42.3",,"38","12.6","20.57","0.571","43.666","7","43.988","30.0",,,,,,,,,,"51.9",,,"124","159","181",,"36.4",,,,,,,,,,,,
"1","창원","성인","일반","19","관리자","3등급","20250227","M","180.2","63.3","11.6","69","86","143","42.5","46.8",,,"7.7",,,,,,"19.5","45","49",,"247",,,,,,"73.9",,"45.5",,,,,,,,,,"0.305",,,,,,,
"1","계룡","성인","일반","29","관리자","참가","20250227","M","144.2","46.8","38.9",,"64","110","18.1","18.8",,,"5.8",,,,,,"22.5","18","5",,"146",,,,,,"40.2",,"37.5",,,,,,,,,,"0.473",,,,,,,
"3","성동","어르신","일반","65","관리자","참가","20250227","F","160.4","45","21.4",,"84","127","22.7","21.9",,,"9.6",,,,,,"17.5",,,,,"25",,"123","4.67","22.43","50.4",,,,,,,,,,,,,,,,,,,"22.7"
"3","화성","성인","일반","22","관리자","2등급","20250227","F","171.5","55.1","21.4",,"67","118","30.8","30",,,"26.9",,,,,,"18.7","35",,,"161",,,,,,"55.9",,,,,,,,"98","41.4",,,"0.325",,,,,,,
"6","강북","어르신","일반","80","관리자","2등급","20250227","M","165.3","60.70","27.8","82.5","91","165","28.2","37.4",,,"5.7",,,,,,"22.2",,,,,"18",,"99","5.3","23.3","61.6",,,,,,,,,,,,,,,,,,,"37.4"
"10","서구(대전)","성인","일반","36","관리자","참가","20250227","M","176.5","92.2","31.6",,"89","150","50.2","51.8",,,"12.8",,,,,,"29.6","55","53",,"198",,,,,,"56.2",,"40.9",,,,,,,,,,"0.385",,,,,,,
"3","화성","어르신","일반","73","관리자","3등급","20250227","M","171.6","73.7","30.1",,"82","161","35.3","36.2",,,"7.3",,,,,,"25.0",,,,,"24",,"101","4.5","20.8","49.1",,,,,,,,,,,,,,,,,,,"36.2"
"6","화성","어르신","일반","66","관리자","3등급","20250227","M","166.2","62.9","20.1",,"69","142","35.2","36.6",,,"3.1",,,,,,"22.8",,,,,"31",,"117","4.8","18.6","58.2",,,,,,,,,,,,,,,,,,,"36.6"
"1","포천","성인","일반","64","관리자","참가","20250227","F","152.4","46.3","21.4","69","96","139","15.3","18.1",,,"11.6",,,,,,"19.9","25",,"14.86","141",,,,,,"39.1",,,,,,,,"122","31.0",,,,,,,,,,
"1","계룡","성인","일반","21","관리자","참가","20250227","M","173.6","121.2","40",,"92","154","31.9","40.5",,,"-5.4",,,,,,"40.2","32","18",,"137",,,,,,"33.4",,"29.7",,,,,,,,,,"0.498",,,,,,,
"3","순천","성인","일반","63","관리자","참가","20250227","M","173.5","87.3","27.2","101.5","91","137","46.8","44.9",,,"10.2",,,,,,"29.0","29",,,,,,,,,"53.6",,,,,,,,"120","31.4",,,"0.388","0.453",,,,,,
"1","계룡","성인","일반","58","관리자","참가","20250227","M","176.2","85.4","25.6",,"60","113","43.2","39.6",,,"4.5",,,,,,"27.5","37","19",,"173",,,,,,"50.6",,"32.2",,,,,,,,,,"0.465",,,,,,,
"3","창원","성인","일반","25","관리자","참가","20250227","M","170.8","79.9","30.1","83","77","124","41","41.5",,,"6.4",,,,,,"27.4","35",,,"198",,,,,,"51.9",,,,,,,,"108","44.0",,,"0.282",,,,,,,
"7","경산","성인","일반","55","관리자","2등급","20250227","M","170.1","74.8","28.9","87","97","136","42.5","50.6",,,"10.6",,,,,,"25.9","32",,,"178",,,,,,"67.6",,,,,,,,"110","37.4",,,"0.348",,,,,,,
"6","화성","어르신","일반","81","관리자","2등급","20250227","M","156.7","46.7","14.8",,"74","139","28.7","25.9",,,"4.4",,,,,,"19.0",,,,,"28",,"108","5.03","22.53","61.5",,,,,,,,,,,,,,,,,,,"28.7"
"1","경산","성인","일반","22","관리자","참가","20250227","M","173.7","72.2","22.9","81","66","120","32.3","34.8",,,"-5.9",,,,,,"23.9","27",,,,,,,,,"48.2",,,"84","114","139",,"44.4",,,,,"0.333","0.525",,,,,,
"5","순천","성인","일반","48","관리자","참가","20250227","F","162.3","53.7","30.2","75.9","72","124","22.3","27.4",,,"0.9",,,,,,"20.4","3",,,,,,,,,"51.0",,,,,,,,"123","33.0",,,"0.350","0.402",,,,,,
"4","신안","청소년","일반","18","관리자","2등급","20250227","M","171.6","73.8","12.4","78","72","118","47.6","49.7","80",,"24.6","18.65","0.554","42","11","42.506","25.1",,,,,,,,,,"67.3",,,"87","116","131",,"47.0",,,,,,,,,,,,
"9","동구(광주)","어르신","일반","79","관리자","1등급","20250227","M","157","58.1","19.5","80","58","122","31.9","33.8",,,"9.5",,,,,,"23.6",,,,,"28",,"143","4.79","18.69","58.2",,,,,,,,,,,,,,,,,,,"33.8"
"6","광주","어르신","일반","77","관리자","3등급","20250227","M","167.4","78.5","36.4",,"84","155","28.1","33.1",,,"4.7",,,,,,"28.0",,,,,"16",,"85","6.67","25.96","42.2",,,,,,,,,,,,,,,,,,,"33.1"
"1","남구(울산)","어르신","일반","66","관리자","참가","20250227","M","159.9","58.8","22.8","81.5","87","142","39.2","38.1",,,"11.8",,,,,,"23.0",,,,,"24",,"95","4.93","17.62","66.7",,,,,,,,,,,,,,,,,,,"39.2"
"1","남구(울산)","어르신","일반","65","관리자","3등급","20250227","M","161.7","70.9","25","84.7","88","145","46.2","45",,,"8.1",,,,,,"27.1",,,,,"26",,"105","5.37","19.69","65.2",,,,,,,,,,,,,,,,,,,"46.2"
"1","창원마산회원","성인","일반","23","관리자","3등급","20250227","F","161.1","58.7","27.4","70","81","128","27.8","29.6",,,"21.2",,,,,,"22.6","28",,,,,,,,,"50.4",,,"80","123","149",,"37.6",,,,,"0.363","0.477",,,,,,
"3","미추홀","성인","일반","19","관리자","참가","20250227","M","169.2","69.9","26.7","81","75","115","25","34.9",,,"16.6",,,,,,"24.4","46","25","12.9","169",,,,,,"49.9",,"39.1",,,,,,,,,,,,,,,,,
"3","연제","성인","일반","24","관리자","참가","20250227","F","169.3","54.7","32.6",,"79","112","19.7","24",,,"18.9",,,,,,"19.1","20",,,,,,,,,"43.9",,,,,,,,"164","32.9",,,"0.338","0.368",,,,,,
"7","미추홀","성인","일반","27","관리자","3등급","20250227","M","175.3","62.2","20.5","76.9","55","106","37.8","40",,,"6.3",,,,,,"20.2","42",,,,,,,,,"64.3",,,,,,,,"114","46.9",,,"0.350","0.561",,,,,,
"1","미추홀","성인","일반","30","관리자","참가","20250227","M","172.6","93.2","34.9","109","67","141","41.5","47.4",,,"12.3",,,,,,"31.3","35",,,,,,,,,"50.9",,,,,,,,"134","36.1",,,"0.351","0.516",,,,,,
"1","원주","성인","일반","19","관리자","참가","20250227","M","170.3","59.8","13","71","53","111","39.8","41",,,"19.3",,,,,,"20.6","39","31",,"232",,,,,,"68.6",,"42.0",,,,,,,,,,"0.306",,,,,,,
"1","순천","성인","일반","25","관리자","참가","20250227","F","166.7","54.5","26.3","74","82","119","20.7","24.2",,,"9.3",,,,,,"19.6","18",,,,,,,,,"44.4",,,,,,,,"119","38.0",,,"0.405","0.415",,,,,,
"1","시흥","성인","일반","29","관리자","참가","20250227","M","177.6","80.8","25.7","82.5","92","137","43.2","47.2",,,"16.3",,,,,,"25.6","33","29",,"216",,,,,,"58.4",,"37.5",,,,,,,,,,"0.391",,,,,,,
"1","서구(광주)","어르신","일반","68","관리자","참가","20250227","F","159.8","55.2","29.1","79","78","137","20.4","20.7",,,"8.2",,,,,,"21.6",,,,,"19",,"84","5.26","23.68","37.5",,,,,,,,,,,,,,,,,,,"20.7"
"1","KSPO아산","성인","일반","40","관리자","3등급","20250227","F","165.1","64.7","33.3","81","76","133","29.4","31",,,"21.2",,,,,,"23.7","21",,,,,,,,,"47.9",,,,,,,,"110","33.6",,,"0.410","0.423",,,,,,
"2","KSPO송파별관(어르신)","어르신","일반","70","관리자","참가","20250227","M","157.4","52.1","31",,"81","147","23.3","26.4",,,"-4",,,,,,"21.0",,,,,"20",,"98","5.60","23.09","50.7",,,,,,,,,,,,,,,,,,,"26.4"
"3","충주","성인","일반","24","관리자","참가","20250227","M","172.7","67.5","18.7","79","80","124","35.6","41.6",,,"0.2",,,,,,"22.6","54",,,"231",,,,,,"61.6",,,"92","111","130","154","47.4",,,,,"0.325",,,,,,,
"3","서구(대전)","성인","일반","20","관리자","3등급","20250227","M","177.4","80.6","21.1",,"71","129","44.8","51.1",,,"11.7",,,,,,"25.6","44",,,"218",,,,,,"63.4",,,,,,,,"97","47.2",,,"0.271",,,,,,,
"1","순천","성인","일반","29","관리자","참가","20250227","F","156.7","58.","36.4","81.3","73","130","24.2","26.3",,,"9",,,,,,"23.6","21",,,,,,,,,"45.3",,,,,,,,"141","32.7",,,"0.409","0.402",,,,,,
"1","전주","청소년","일반","18","관리자","참가","20250227","M","175.5","61.5","6.6","70.5","75","134","37.8","42.8","30",,"0.1","17.6","0.622","57.202","6","57.478","20.0",,"49",,,,,,,,"69.6",,"45.7",,,,,,,,,,,,,,,,,
"2","동구(광주)","어르신","일반","86","관리자","참가","20250227","M","164.7","61.4","28.1","85.2","60","126","25.6","26.7",,,"-11.7",,,,,,"22.6",,,,,"17",,"91","6.71","30.34","43.5",,,,,,,,,,,,,,,,,,,"26.7"
"1","KSPO아산","성인","일반","51","관리자","참가","20250227","F","162.3","60.5","33.4","81","82","145","23.9","26.5",,,"5.7",,,,,,"23.0","14",,,,,,,,,"43.8",,,,,,,,"135","29.3",,,"0.443","0.389",,,,,,
"1","포항","청소년","일반","18","관리자","참가","20250227","M","173.1","62.8","17.9",,"79","129","29","34.2","16",,"-10.6","18.64","0.539","55.565","5","55.795","21.0",,,,,,,,,,"54.5",,,"93","119","138",,"48.7",,,,,,,,,,,,
"1","나주","성인","일반","52","관리자","참가","20250227","F","156.1","71.5","42.2","98.8","95","144","24.2","30.8",,,"17.7",,,,,,"29.3","15","10","15.27","123",,,,,,"43.1",,"26.6",,,,,,,,,,,,,,,,,
"1","순천","성인","일반","28","관리자","참가","20250227","M","170.7","71.2","30.8","86.1","98","147","40.7","43.1",,,"18",,,,,,"24.4","25",,,,,,,,,"60.5",,,,,,,,"138","40.8",,,"0.383","0.552",,,,,,
"2","KSPO광주","성인","일반","24","관리자","참가","20250227","F","160.7","54","30.5","66","71","126","22","21.7",,,"15.6",,,,,,"20.9","4",,,"142",,,,,,"40.7",,,"89","121","150",,"37.9",,,,,"0.372",,,,,,,
"3","광주","성인","일반","30","관리자","1등급","20250227","M","178.1","71.1","19.6",,"77","110","41.7","52.9",,,"17.4",,,,,,"22.4","50",,,,,,,,,"74.4",,,,,,,,"117","43.9",,,"0.316","0.599",,,,,,
"1","동해","성인","일반","64","관리자","2등급","20250227","M","168.9","71.9","25.9",,"81","139","40","43.8",,,"8.2",,,,,,"25.2","34","24",,"159",,,,,,"60.9",,"35.0",,,,,,,,,,"0.327",,,,,,,
"2","스포원(금정)","성인","일반","45","관리자","참가","20250227","M","181.8","93.4","29",,"76","117","54.3","47.2",,,"6.1",,,,,,"28.3","37","32",,"213",,,,,,"58.1",,"35.0",,,,,,,,,,"0.334",,,,,,,
"1","광주","성인","일반","57","관리자","참가","20250227","F","148.9","49.7","34.8",,"83","144","19.9","22.3",,,"16.1",,,,,,"22.4","5",,,,,,,,,"44.9",,,,,,,,"137","29.3",,,"0.417","0.399",,,,,,
"2","KSPO송파","성인","일반","21","관리자","1등급","20250227","F","171","58.7","27","82","63","130","23.4","30.1",,,"27.3",,,,,,"20.1","42",,,"192",,,,,,"51.3",,,"102","141","159",,"37.9",,,,,"0.354",,,,,,,
"2","순천","성인","일반","51","관리자","1등급","20250227","M","163.5","61.5","15","74.3","69","112","42.4","46.3",,,"19",,,,,,"23.0","46",,,,,,,,,"75.3",,,,,,,,"94","43.2",,,"0.309","0.614",,,,,,
"2","KSPO송파","성인","일반","27","관리자","2등급","20250227","F","161.3","50.9","30.6","74.5","74","133","23.3","25",,,"14",,,,,,"19.6","50",,,"166",,,,,,"49.1",,,,,,,,"141","35.3",,,"0.355",,,,,,,
"2","청주","성인","일반","38","관리자","3등급","20250227","M","184.8","89.4","18.4","98.6","91","148","61.9","66.7",,,"5.9",,,,,,"26.2","45",,"11.3","218",,,,,,"74.6",,,,,,,,"119","38.1",,,,,,,,,,
"7","광주","성인","일반","24","관리자","1등급","20250227","F","164.4","52.7","25.6",,"76","118","28","27.6",,,"21.7",,,,,,"19.5","37",,,,,,,,,"53.1",,,"77","109","134",,"40.8",,,,,"0.318","0.447",,,,,,
"2","KSPO대구","성인","일반","24","관리자","참가","20250227","F","168","52.3","24.6","64","88","137","27.8","29.4",,,"19",,,,,,"18.5","19",,,"163",,,,,,"56.2",,,,,,,,"145","35.6",,,"0.369",,,,,,,
"4","충주","성인","일반","25","관리자","참가","20250227","F","164.7","48.6","29","64","64","140","18.7","23.7",,,"22.4",,,,,,"17.9","35","10","13.9",,,,,,,"48.8",,"31.5",,,,,,,,,,,"0.434",,,,,,
"2","마포","성인","일반","20","관리자","2등급","20250227","M","170.3","58.9","17.1",,"69","119","40.3","43.6",,,"17.7",,,,,,"20.3","48",,,"236",,,,,,"74.0",,,,,,,,"100","51.0",,,"0.345",,,,,,,
"4","마포","성인","일반","29","관리자","3등급","20250227","F","167.9","61.9","26.6",,"70","124","26.7","35.6",,,"20.7",,,,,,"22.0","40",,,"166",,,,,,"57.5",,,,,,,,"132","33.9",,,"0.336",,,,,,,
"2","순천","성인","일반","55","관리자","3등급","20250227","M","171.5","72","22.3","82","98","152","35.9","34.2",,,"8.5",,,,,,"24.5","30",,,,,,,,,"49.9",,,,,,,,"92","40.8",,,"0.378","0.428",,,,,,
"3","군산","성인","일반","27","관리자","3등급","20250227","M","169.8","60.3","14.4","75","54","121","35.9","40.9",,,"8.1",,,,,,"20.9","48",,,,,,,,,"67.8",,,,,,,,"85","51.1",,,"0.322","0.586",,,,,,
"2","포항","성인","일반","30","관리자","참가","20250227","M","168.2","82.7","26.5",,"93","153","46.2","49.4",,,"13.9",,,,,,"29.2","48","26",,"214",,,,,,"59.7",,"36.6",,,,,,,,,,"0.276",,,,,,,
"6","전주","성인","일반","43","관리자","참가","20250227","F","163.6","75.4","40.3","98.4","89","130","26.1","29",,,"18.3",,,,,,"28.2","43",,,,,,,,,"38.5",,,,,,,,"143","26.3",,,"0.424","0.425",,,,,,
"2","달서","어르신","일반","73","관리자","2등급","20250227","M","162.1","58.3","25.9","76.7","88","128","32","32.2",,,"6.9",,,,,,"22.2",,,,,"24",,"121","4.88","19.1","55.2",,,,,,,,,,,,,,,,,,,"32.2"
"4","서구(대전)","성인","일반","20","관리자","참가","20250227","M","184.8","80.7","19.4",,"79","134","51.8","53.5",,,"9.5",,,,,,"23.6","56",,"9.87","254",,,,,,"66.3",,,"105","129","163","183","39.4",,,,,,,,,,,,
"13","전주","성인","일반","50","관리자","1등급","20250227","F","163.3","54.3","22.4","73.1","94","151","27.9","36.2",,,"22.5",,,,,,"20.4","43",,,,,,,,,"66.7",,,,,,,,"71","38.9",,,"0.432","0.482",,,,,,
"1","KSPO대구","성인","일반","24","관리자","참가","20250227","M","184.2","95.2","21.2","89","91","158","44.8","57.6",,,"13.8",,,,,,"28.1","37",,"10.8",,,,,,,"60.5",,,"108","120","140","166","38.6",,,,,,"0.585",,,,,,
"1","서초","성인","일반","23","관리자","참가","20250227","M","181.7","88.1","20.7","84.3","92","156","52.9","48.3",,,"7.1",,,,,,"26.7","49",,,,,,,,,"60.0",,,,,,,,"129","40.4",,,"0.288","0.614",,,,,,
"3","구미","성인","일반","33","관리자","1등급","20250227","M","170.7","62.5","13.2","76.4","80","145","35.7","39.7",,,"25.2",,,,,,"21.4","50","50",,"227",,,,,,"63.5",,"44.9",,,,,,,,,,"0.352",,,,,,,
"1","서초","성인","일반","19","관리자","1등급","20250227","M","186","63.6","10.2","74.8","89","129","49.9","51.9",,,"26.2",,,,,,"18.4","60",,,,,,,,,"81.6",,,,,,,,"126","47.6",,,"0.357","0.65",,,,,,
"1","강북","성인","일반","52","관리자","3등급","20250227","F","156.8","57.60","25.6","77.5","83","127","30.6","30.9",,,"14.3",,,,,,"23.4","27",,,"161",,,,,,"53.6",,,,,,,,"123","30.8",,,"0.314",,,,,,,
"1","서초","성인","일반","24","관리자","참가","20250227","M","170.2","64.6","30.3","76.7","95","118","40.3","42.1",,,"7.1",,,,,,"22.3","44",,,,,,,,,"65.2",,,,,,,,"170","38.5",,,"0.331","0.552",,,,,,
"2","안산","성인","일반","19","관리자","2등급","20250227","M","172.2","55.8","20.1","69","99","141","44.8","39.4",,,"13.1",,,,,,"18.8","48",,,,,,,,,"80.3",,,"110","125","145","177","47.2",,,,,"0.322","0.621",,,,,,
"1","서초","성인","일반","62","관리자","3등급","20250227","M","167.3","69.3","27","85.8","80","135","38.8","39.9",,,"10",,,,,,"24.8","29",,,,,,,,,"57.6",,,,,,,,"125","34.5",,,"0.316","0.502",,,,,,
"1","서초","성인","일반","61","관리자","1등급","20250227","M","170.3","78.7","32.5","92.4","86","154","47","47.3",,,"13.3",,,,,,"27.1","33",,,,,,,,,"60.1",,,,,,,,"98","36.8",,,"0.383","0.515",,,,,,
"2","강북","성인","일반","24","관리자","참가","20250227","F","162.8","55.00","29.9","78.1","76","108","24.6","24.8",,,"1.7",,,,,,"20.8","12",,,"126",,,,,,"45.1",,,,,,,,"135","35.7",,,"0.422",,,,,,,
"3","증평","성인","일반","20","관리자","참가","20250227","M","175.9","71.0","19.6","84.4","90","145","40.9","51.4",,,"2.3",,,,,,"22.9","49","51","9.8","225",,,,,,"72.4",,"44.8",,,,,,,,,,,,,,,,,
"5","안산","성인","일반","26","관리자","2등급","20250227","F","168.5","58.1","26.7","70","64","103","27.4","25.4",,,"20.6",,,,,,"20.5","40",,,,,,,,,"47.2",,,"79","119","142",,"38.9",,,,,"0.366","0.426",,,,,,
"1","서초","성인","일반","24","관리자","참가","20250227","M","182.8","79.4","21","80.7","79","117","48.9","53.9",,,"-5.1",,,,,,"23.8","48",,,,,,,,,"67.9",,,,,,,,"140","40.6",,,"0.379","0.539",,,,,,
"2","서초","성인","일반","25","관리자","1등급","20250227","F","162.2","51.3","20.9","68.3","73","112","34","31.3",,,"26.3",,,,,,"19.5","42",,,,,,,,,"66.3",,,,,,,,"117","38.6",,,"0.376","0.514",,,,,,
"1","순천","성인","일반","21","관리자","참가","20250227","M","177","110.1","35.1","123","96","148","44.2","46.9",,,"11.9",,,,,,"35.1","43",,,,,,,,,"42.6",,,,,,,,"138","34.3",,,"0.369","0.539",,,,,,
"1","서초","성인","일반","24","관리자","참가","20250227","F","165.5","57.7","28.3","69.6","91","133","33.8","30.7",,,"11.1",,,,,,"21.1","14",,,,,,,,,"58.6",,,,,,,,"148","33.7",,,"0.445","0.402",,,,,,
"2","서초","성인","일반","25","관리자","참가","20250227","F","170.6","51.9","24.1","60","79","124","30.3","34",,,"8.8",,,,,,"17.8","34",,,,,,,,,"65.5",,,,,,,,"120","38.9",,,"0.377","0.477",,,,,,
"1","구미","성인","일반","39","관리자","2등급","20250227","F","169.3","69.6","22.9","82.2","60","115","34.4","39",,,"18.7",,,,,,"24.3","54","34",,"197",,,,,,"56.0",,"35.0",,,,,,,,,,"0.417",,,,,,,
"9","안동","성인","일반","47","관리자","3등급","20250227","F","158.4","56.1","30.4","72","59","106","25.2","27.1",,,"14.3",,,,,,"22.4","20",,,"152",,,,,,"48.3",,,,,,,,"92","36.0",,,"0.333",,,,,,,
"1","남원","유소년","일반","12","관리자","참가","20250227","F","154.9","47.8",,"70.2",,,"23.2","23.5","16",,"13.9",,,,,,"19.9",,"15",,"133",,,,,,"49.2",,,,,,,,,,,,,,"0.45","28","1",,,
"1","안동","청소년","일반","13","관리자","참가","20250227","M","147.1","46.1","32.8","69","54","96","15.1","15.5",,"25","-14","25.38","0.440","62.964","6","63.240","21.3",,,,,,,,,,"33.6",,,"105","121","135",,"47.5",,,,,,,,,,,,
"12","화성","어르신","일반","73","관리자","3등급","20250227","M","171.3","92.7","36.2",,"82","148","35.9","41.4",,,"11.2",,,,,,"31.6",,,,,"27",,"122","4.54","17.82","44.7",,,,,,,,,,,,,,,,,,,"41.4"
"2","청주","성인","일반","28","관리자","2등급","20250227","F","156.7","66.5","35.6","86.3","81","120","26.9","29",,,"16.1",,,,,,"27.1","37",,,"183",,,,,,"43.6",,,"88","123","147",,"34.4",,,,,"0.328",,,,,,,
"1","달서","성인","일반","23","관리자","참가","20250227","F","165.5","54.5","33.6","82","97","129","23.2","28.3",,,"7.5",,,,,,"19.9","19",,,"128",,,,,,"51.9",,,,,,,,"146","34.9",,,"0.394",,,,,,,
"1","부천","성인","일반","19","관리자","참가","20250227","M","180.2","86.8","34.4",,"64","133","39.9","41.2",,,"14.8",,,,,,"26.7","44","20",,,,,,,,"47.5",,"35.3",,,,,,,,,,"0.314","0.514",,,,,,
"1","서구(광주)","성인","일반","24","관리자","참가","20250227","F","171.7","58.4","22.4","76","68","121","25.1","28.4",,,"9.5",,,,,,"19.8","18",,,,,,,,,"48.6",,,,,,,,"137","35.5",,,"0.408","0.427",,,,,,
"3","부천","성인","일반","22","관리자","3등급","20250227","F","164.3","54.8","28.2",,"82","118","24.9","27.8",,,"13.6",,,,,,"20.3","26","22",,,,,,,,"50.7",,"34.3",,,,,,,,,,"0.352","0.464",,,,,,
"4","곡성","어르신","일반","67","관리자","2등급","20250227","M","168.3","55.5","16.4","74.9","90","150","35.7","39.8",,,"6.8",,,,,,"19.6",,,,,"29",,"116","4.42","20.54","71.7",,,,,,,,,,,,,,,,,,,"39.8"
"1","경산","성인","일반","29","관리자","참가","20250227","M","175.1","67","14.4","81","92","141","46.6","44.9",,,"-12.2",,,,,,"21.9","53","57","10.62","209",,,,,,"69.6",,"46.1",,,,,,,,,,,,,,,,,
"1","동해","청소년","일반","17","관리자","참가","20250227","M","165.6","72.1","24.8",,"70","124","35.8","41.5","40",,"14.3","19.37","0.609","55.065","9","55.479","26.3",,"24",,,,,,,,"57.6",,"37.4",,,,,,,,,,,,,,,,,
"4","포항","성인","일반","23","관리자","2등급","20250227","F","169","56.7","26.9",,"68","103","25.1","30.1",,,"17.3",,,,,,"19.9","30",,,"188",,,,,,"53.1",,,"85","125","144",,"39.8",,,,,"0.299",,,,,,,
"2","KSPO대구","성인","일반","26","관리자","1등급","20250227","F","167.5","61.5","32.6","67","82","130","28.8","31.2",,,"19.3",,,,,,"21.9","41","28",,"157",,,,,,"50.7",,"34.9",,,,,,,,,,"0.382",,,,,,,
"1","KSPO대구","성인","일반","57","관리자","3등급","20250227","F","157.3","59.3","31.7","82","94","143","30.8","32.7",,,"19.8",,,,,,"24.0","13","13","15.1","128",,,,,,"55.1",,"29.3",,,,,,,,,,,,,,,,,
"1","청주","성인","일반","21","관리자","3등급","20250227","M","174.4","73.2","25.3","88.6","92","129","46.3","58.2",,,"17.6",,,,,,"24.1","44",,"10.3","219",,,,,,"79.5",,,,,,,,"137","42.5",,,,,,,,,,
"1","경산","성인","일반","23","관리자","3등급","20250227","F","161.3","60.6","33.2","70","79","123","31.7","31",,,"27.2",,,,,,"23.3","30","23","11.22","178",,,,,,"52.3",,"33.6",,,,,,,,,,,,,,,,,
"2","포천","성인","일반","58","관리자","2등급","20250227","F","161.9","57.7","19.5","71","105","164","22.9","26.2",,,"16.6",,,,,,"22.0","27",,"14.04","150",,,,,,"45.4",,,,,,,,"93","33.8",,,,,,,,,,
"7","마포","어르신","일반","84","관리자","3등급","20250227","M","166.9","74.5","38.4","104","93","155","31.9","30.7",,,"-4.3",,,,,,"26.7",,,,,"16",,"111","6.84","31.64","42.8",,,,,,,,,,,,,,,,,,,"31.9"
"5","마포","어르신","일반","68","관리자","1등급","20250227","M","170","65.7","20.7","81","66","105","46.6","47.9",,,"11.9",,,,,,"22.7",,,,,"35",,"141","3.28","14.08","72.9",,,,,,,,,,,,,,,,,,,"47.9"
"1","남구(울산)","성인","일반","29","관리자","2등급","20250227","M","181.8","80.1","23.3","98.3","78","146","53.6","49",,,"12.6",,,,,,"24.2","48",,,"203",,,,,,"66.9",,,,,,,,"105","44.2",,,"0.326",,,,,,,
"1","수원","성인","일반","25","관리자","참가","20250227","M","175.8","61.1","16.4","83","86","140","35.9","38.9",,,"8.1",,,,,,"19.8","28",,,,,,,,,"63.7",,,,,,,,"150","42.4",,,"0.388","0.48",,,,,,
"3","KSPO송파별관(어르신)","어르신","일반","73","관리자","3등급","20250227","M","167.8","78.4","34.5",,"84","158","30.3","35.2",,,"1.4",,,,,,"27.8",,,,,"28",,"126","4.40","17.67","44.9",,,,,,,,,,,,,,,,,,,"35.2"
"2","수원","성인","일반","19","관리자","1등급","20250227","M","181.7","72.8","8.5","76","78","114","49.8","61.5",,,"20.3",,,,,,"22.1","59",,,"273",,,,,,"84.5",,,,,,,,"89","50.7",,,"0.377",,,,,,,
"1","포항","성인","일반","34","관리자","참가","20250227","M","186.3","87.5","17.3",,"89","153","48.4","53",,,"3.7",,,,,,"25.2","37",,"11.82",,,,,,,"60.6",,,,,,,,"118","39.8",,,,"0.564",,,,,,
"3","KSPO송파","성인","일반","24","관리자","3등급","20250227","F","168.5","47.2","24.7","68.6","75","127","22.4","24.4",,,"16",,,,,,"16.6","29",,,"160",,,,,,"51.7",,,,,,,,"154","35.8",,,"0.366",,,,,,,
"2","KSPO송파별관(어르신)","어르신","일반","65","관리자","2등급","20250227","M","170.2","74.7","26.5",,"79","126","36.2","39.2",,,"9.4",,,,,,"25.8",,,,,"28",,"113","4.12","17.24","52.5",,,,,,,,,,,,,,,,,,,"39.2"
"1","KSPO송파","성인","일반","27","관리자","참가","20250227","M","169.8","72.7","26.4","88.7","91","143","39.1","40.1",,,"-11.9",,,,,,"25.2","38",,"10.87",,,,,,,"55.2",,,"89","111","132","166","43.0",,,,,,"0.519",,,,,,
"1","성동","어르신","일반","74","관리자","참가","20250227","F","149.3","57.9","33.4",,"75","142","21.9","18.2",,,"3.4",,,,,,"26.0",,,,,"20",,"94","7.62","29.03","37.8",,,,,,,,,,,,,,,,,,,"21.9"
"1","안산","성인","일반","23","관리자","2등급","20250227","F","170.3","64.4","36.7","73","75","115","25.9","29.7",,,"24.4",,,,,,"22.2","34",,,,,,,,,"46.1",,,,,,,,"120","36.1",,,"0.340","0.412",,,,,,
"3","성동","어르신","일반","69","관리자","1등급","20250227","F","152.6","44.2","28.7",,"91","147","20.3","21.9",,,"19.2",,,,,,"19.0",,,,,"32",,"121","5.42","19.93","49.5",,,,,,,,,,,,,,,,,,,"21.9"
"5","서대문","성인","일반","22","관리자","3등급","20250227","F","171.1","49.2","22.9",,"69","105","22.5","24.6",,,"23.7",,,,,,"16.8","28",,,,,,,,,"50.0",,,,,,,,"131","38.8",,,"0.349","0.457",,,,,,
"2","시흥","어르신","일반","68","관리자","3등급","20250227","M","175.1","78.2","30.6","88.5","75","126","44.1","40.1",,,"3.6",,,,,,"25.5",,,,,"26",,"109","6.34","25.03","56.4",,,,,,,,,,,,,,,,,,,"44.1"
"3","증평","성인","일반","26","관리자","1등급","20250227","M","176.0","65.6","17.7","77.2","66","122","40.6","44.2",,,"15.2",,,,,,"21.2","51","64","9.9",,,,,,,"67.4",,"48.2",,,,,,,,,,,"0.608",,,,,,
"1","서구(대전)","성인","일반","27","관리자","2등급","20250227","M","185.7","80.4","17.5",,"84","124","59.4","59.7",,,"13",,,,,,"23.3","47","55","9.72","234",,,,,,"74.3",,"43.6",,,,,,,,,,,,,,,,,
"2","서대문","성인","일반","23","관리자","2등급","20250227","M","181.0","90.9","22.7",,"82","156","56.8","56.1",,,"16.6",,,,,,"27.7","53","53",,"232",,,,,,"62.5",,"42.0",,,,,,,,,,"0.307",,,,,,,
"1","서구(대전)","성인","일반","23","관리자","참가","20250227","F","155.6","57.9","28.7",,"66","102","33.1","30.9",,,"19.9",,,,,,"23.9","17","31","12.00","167",,,,,,"57.2",,"36.3",,,,,,,,,,,,,,,,,
"1","창원마산회원","성인","일반","19","관리자","참가","20250227","M","182.8","70.2","10.9","69","67","126","42.1","50.1",,,"18.4",,,,,,"21.0","38",,,"247",,,,,,"71.4",,,,,,,,"95","50.4",,,"0.315",,,,,,,
"1","남구(부산)","성인","일반","25","관리자","참가","20250227","M","176.4","82.6","28.7",,"78","126","44.2","37.8",,,"-13.3",,,,,,"26.5","30",,,"196",,,,,,"53.5",,,"86","99","124","161","41.8",,,,,"0.306",,,,,,,
"1","창원마산회원","성인","일반","60","관리자","3등급","20250227","F","156","50.1","19.1","67","81","148","29.3","28.9",,,"15.5",,,,,,"20.6","38",,,"102",,,,,,"58.5",,,,,,,,"78","36.5",,,"0.409",,,,,,,
"1","증평","성인","일반","27","관리자","3등급","20250227","F","165.5","57.0","27.4","77.9","74","125","22.3","24.6",,,"12.4",,,,,,"20.8","26",,,,,,,,,"43.2",,,"65","113","153",,"36.6",,,,,"0.326","0.494",,,,,,
"1","KSPO광주","성인","일반","54","관리자","3등급","20250227","M","173.9","71.9","20.9","84","94","149","41","46.2",,,"18.4",,,,,,"23.8","27",,,"157",,,,,,"64.3",,,,,,,,"133","35.2",,,"0.339",,,,,,,
"2","화성","어르신","일반","73","관리자","3등급","20250227","F","142.5","50.9","36",,"90","142","18.6","21.1",,,"15.2",,,,,,"25.1",,,,,"16",,"113","4.7","20.5","41.5",,,,,,,,,,,,,,,,,,,"21.1"
"1","창원","성인","일반","23","관리자","3등급","20250227","F","166.6","58.8","35.3","75","77","127","24.3","25.6",,,"19.3",,,,,,"21.2","29",,,,,,,,,"43.5",,,"90","114","140",,"38.5",,,,,"0.381","0.365",,,,,,
"1","창원","성인","일반","23","관리자","2등급","20250227","F","165.7","53.3","30.6","60","75","118","24.1","24.1",,,"19.8",,,,,,"19.4","31",,,,,,,,,"45.2",,,,,,,,"129","37.3",,,"0.235","0.440",,,,,,
"1","군산","성인","일반","58","관리자","2등급","20250227","F","155.5","52.3","27.2","76","70","124","26.6","28.3",,,"23.4",,,,,,"21.6","22",,"14.31","136",,,,,,"54.1",,,,,,,,"126","30.5",,,,,,,,,,
"3","제주","성인","일반","19","관리자","2등급","20250227","M","171.3","65.4","17.7","77.7","63","129","38","40.8",,,"13.1",,,,,,"22.3","48","52",,,,,,,,"62.4",,"46.1",,,,,,,,,,"0.299","0.514",,,,,,
"1","군산","성인","일반","61","관리자","참가","20250227","F","157.6","64.8","36.5","89","67","124","23.8","26.8",,,"20",,,,,,"26.1","4",,"14.91",,,,,,,"41.4",,,"72","115","140",,"30.2",,,,,,"0.353",,,,,,
"1","군산","성인","일반","61","관리자","참가","20250227","F","163.6","68.7","39.9","89","83","123","21","23.9",,,"13.3",,,,,,"25.7","5",,,,,,,,,"34.8",,,"90","126","150",,"28.3",,,,,"0.368","0.374",,,,,,
"1","증평","성인","일반","20","관리자","참가","20250227","M","169.6","61.3","17.8","79.6","81","122","46.9","47.5",,,"14.1",,,,,,"21.3","23","45","10.9","197",,,,,,"77.5",,"45.0",,,,,,,,,,,,,,,,,
"1","스포원(금정)","어르신","일반","68","관리자","참가","20250227","M","170.4","67.4","26.2",,"61","133","40.3","44.8",,,"1.3",,,,,,"23.2",,,,,"16",,"98","5.2","23","66.5",,,,,,,,,,,,,,,,,,,"44.8"
"4","익산","성인","일반","27","관리자","1등급","20250227","F","168.4","54.7","23.4","67","88","139","26.9","25.1",,,"19.8",,,,,,"19.3","40",,,"167",,,,,,"49.2",,,,,,,,"128","36.6",,,"0.398",,,,,,,
"1","동작","성인","일반","58","관리자","참가","20250227","M","171.2","87.5","35.1","99","97","153","40.9","41",,,"-4.6",,,,,,"29.9","19",,,"145",,,,,,"46.9",,,"89","114","139",,"30.8",,,,,"0.393",,,,,,,
"1","스포원(금정)","성인","일반","60","관리자","참가","20250227","M","173.8","78.2","28.4",,"81","145","48.3","45.4",,,"-17.6",,,,,,"25.9","26","15","12.9","170",,,,,,"61.8",,"32.2",,,,,,,,,,,,,,,,,
"1","스포원(금정)","성인","일반","43","관리자","참가","20250227","M","174.6","92","31.7",,"89","145","46.3","47",,,"1.1",,,,,,"30.2","30",,,"200",,,,,,"51.1",,,,,,,,"106","37.5",,,"0.350",,,,,,,
"1","스포원(금정)","성인","일반","46","관리자","참가","20250227","M","172.1","70.5","25.8",,"78","123","38.1","41.8",,,"-7.6",,,,,,"23.8","39",,"11.9","176",,,,,,"59.3",,,,,,,,"96","42.8",,,,,,,,,,
"2","KSPO광주","성인","일반","19","관리자","참가","20250227","M","179.9","105.6","32.7","99","72","145","39.1","34.3",,,"4.5",,,,,,"32.6","23",,"11.55","174",,,,,,"37.0",,,"85","107","137","178","34.9",,,,,,,,,,,,
"4","증평","성인","일반","23","관리자","참가","20250227","M","170.6","78.4","25.8","89.2","80","137","48.4","52.1",,,"22.7",,,,,,"26.9","57",,,"220",,,,,,"66.5",,,,,,,,"119","43.2",,,"0.324",,,,,,,
"1","충주","성인","일반","25","관리자","참가","20250227","F","173.6","63.8","33","76","88","124","25.4","24.2",,,"24.1",,,,,,"21.2","15",,,,,,,,,"39.8",,,,,,,,"135","34.4",,,"0.399","0.45",,,,,,
"1","강릉","성인","일반","27","관리자","2등급","20250227","F","161.5","47.3","27.8","70.7","78","112","19.9","21.3",,,"15.9",,,,,,"18.1","46",,,"137",,,,,,"45.0",,,,,,,,"127","37.9",,,"0.325",,,,,,,
"2","충주","성인","일반","23","관리자","참가","20250227","F","165.8","46.1","24.7","68","77","121","22.9","27.8",,,"18.9",,,,,,"16.8","9","19",,,,,,,,"60.3",,"34.8",,,,,,,,,,"0.358","0.429",,,,,,
"3","KSPO송파별관(어르신)","어르신","일반","70","관리자","1등급","20250227","M","162.6","63.2","28.2",,"83","155","33.3","36.6",,,"9.5",,,,,,"23.9",,,,,"30",,"140","4.55","17.78","57.9",,,,,,,,,,,,,,,,,,,"36.6"
"3","전주","성인","일반","35","관리자","참가","20250227","M","178","70.1","20.5","82.9","80","121","24.9","29.7",,,"7.4",,,,,,"22.1","44","35","11.19","196",,,,,,"42.4",,"40.0",,,,,,,,,,,,,,,,,
"1","영주","청소년","일반","17","관리자","3등급","20250227","M","181.4","64.2","13.5",,"66","103","41.6","42.9",,"53","5.5","18.56","0.572","54.197","7","54.519","19.5",,"38",,,,,,,,"66.8",,"43.7",,,,,,,,,,,,,,,,,
"2","구미","성인","일반","19","관리자","참가","20250227","M","167.3","69.2","26.9","85.1","72","125","54.7","44.6",,,"12.4",,,,,,"24.7","36",,,,,,,,,"79.0",,,,,,,,"180","37.0",,,"0.279","0.612",,,,,,
"1","서구(대전)","어르신","일반","65","관리자","참가","20250227","M","163","79.7","34",,"76","158","30.9","35.8",,,"-3",,,,,,"30.0",,,,,"29",,"119","6.5","19.80","44.9",,,,,,,,,,,,,,,,,,,"35.8"
"1","서구(대전)","어르신","일반","68","관리자","참가","20250227","M","176.4","80.3","24.6",,"88","158","37.5","37",,,"-12.4",,,,,,"25.8",,,,,"20",,"103","6.45","26.33","46.7",,,,,,,,,,,,,,,,,,,"37.5"
"2","곡성","성인","일반","20","관리자","참가","20250227","M","177.8","74.1","11","79.7","70","124","39.1","44.5",,,"27",,,,,,"23.4","41",,,"264",,,,,,"60.1",,,"69","94","114","140","50.5",,,,,"0.314",,,,,,,
"2","KSPO송파별관(어르신)","어르신","일반","69","관리자","3등급","20250227","M","168.6","63.4","23.3",,"79","158","35.2","36.8",,,"4.5",,,,,,"22.3",,,,,"30",,"138","4.04","16.20","58.0",,,,,,,,,,,,,,,,,,,"36.8"
"1","춘천","성인","출장","52","관리자","2등급","20250227","F","153","53.7","33.9","81.2","82","120","22.4","28.3",,,"25",,,,,,"22.9","22","28","13.9","165",,,,,,"52.7",,"34.9",,,,,,,,,,,,,,,,,
"1","춘천","성인","출장","51","관리자","참가","20250227","M","165.9","62.5","22.6","83.2","56","124","43.6","44.9",,,"-3",,,,,,"22.7","34","45","12.3","215",,,,,,"71.8",,"42.4",,,,,,,,,,,,,,,,,
"2","포항","성인","일반","27","관리자","3등급","20250227","M","182.6","80.1","28.4",,"75","125","46.8","45.3",,,"5.6",,,,,,"24.0","39","36","11.03","192",,,,,,"58.4",,"39.3",,,,,,,,,,,,,,,,,
"6","오산","성인","일반","20","관리자","2등급","20250227","M","172","64.3","15.1","76.6","73","128","41.7","46.5",,,"15",,,,,,"21.7","56",,,,,,,,,"72.3",,,,,,,,"85","52.2",,,"0.256","0.676",,,,,,
"1","춘천","성인","출장","45","관리자","참가","20250227","F","160.1","59.9","40.1","82.6","61","121","24","27.6",,,"8.8",,,,,,"23.4","23","7","16.0","110",,,,,,"46.1",,"27.9",,,,,,,,,,,,,,,,,
"1","춘천","성인","출장","50","관리자","참가","20250227","M","168.5","91.7","36.3","105","68","95","36.9","36",,,"0",,,,,,"32.3",,"11","15.9","160",,,,,,"40.2",,"30.2",,,,,,,,,,,,,,,,,
"1","춘천","성인","출장","42","관리자","3등급","20250227","F","157.9","59.3","34.1","80.1","57","131","29","30.9",,,"17.7",,,,,,"23.8","29","17","12.85","160",,,,,,"52.1",,"31.1",,,,,,,,,,,,,,,,,
"1","오산","성인","일반","19","관리자","참가","20250227","M","168.4","69.8","23.5","83.7","82","127","41.4","44.5",,,"12.6",,,,,,"24.6","40",,,,,,,,,"63.8",,,,,,,,"130","44.3",,,"0.314","0.626",,,,,,
"1","안산","성인","일반","24","관리자","참가","20250227","M","174","97.4","33.2","100","96","157","57.3","58.3",,,"1.6",,,,,,"32.2","17",,,"222",,,,,,"59.9",,,,,,,,"118","39.1",,,"0.372",,,,,,,
"1","춘천","성인","출장","46","관리자","참가","20250227","M","180.1","70.5","19.1","81.4","61","121","48.4","42.2",,,"16",,,,,,"21.7","28","24","12.44","215",,,,,,"68.7",,"36.4",,,,,,,,,,,,,,,,,
"1","춘천","성인","출장","44","관리자","참가","20250227","M","170.6","61","20.1","77.7","51","119","40.9","48.4",,,"3.3",,,,,,"21.0","43","28","11.78","220",,,,,,"79.3",,"39.1",,,,,,,,,,,,,,,,,
"1","춘천","성인","출장","43","관리자","참가","20250227","M","168.8","60.6","33.1","87.2","68","108","28.1","30.1",,,"14",,,,,,"21.3","24","21","13.1","180",,,,,,"49.7",,"37.6",,,,,,,,,,,,,,,,,
"1","KSPO아산","성인","일반","59","관리자","참가","20250227","M","173.8","80.6","34.7","100","79","123","35.9","37.1",,,"16.1",,,,,,"26.7","14","14",,,,,,,,"46.0",,"31.7",,,,,,,,,,"0.389","0.361",,,,,,
"1","춘천","성인","출장","48","관리자","참가","20250227","M","167.8","79.3","36","101.8","61","121","43.6","44.8",,,"13.6",,,,,,"28.2","33","21","11.85","175",,,,,,"56.5",,"34.5",,,,,,,,,,,,,,,,,
"1","춘천","성인","출장","53","관리자","참가","20250227","M","168.4","71.4","22.2","80.9","61","131","33.4","31.6",,,"21.3",,,,,,"25.2","29","22","12.47","195",,,,,,"46.8",,"35.5",,,,,,,,,,,,,,,,,
"5","미추홀","성인","일반","22","관리자","2등급","20250227","M","169.4","65.7","22.3","82","62","100","32.4","43.5",,,"19",,,,,,"22.9","48",,"10.9",,,,,,,"66.2",,,,,,,,"109","47.6",,,,"0.586",,,,,,
"2","양평","성인","일반","24","관리자","2등급","20250227","M","170.5","73","21",,"70","128","44.3","48",,,"11.6",,,,,,"25.1","57","62","9.84","231",,,,,,"65.8",,"46.9",,,,,,,,,,,,,,,,,
"1","춘천","성인","출장","48","관리자","참가","20250227","F","158.4","62.5","36.4","85.7","63","121","29.3","28.6",,,"3",,,,,,"24.9","20","21","14.5","143",,,,,,"46.9",,"31.6",,,,,,,,,,,,,,,,,
"1","춘천","성인","출장","53","관리자","참가","20250227","F","164.9","46.6","22","68.9","61","121","20.6","21.7",,,"5.2",,,,,,"17.1","19","11","14.41","110",,,,,,"46.6",,"31.1",,,,,,,,,,,,,,,,,
"1","춘천","성인","출장","50","관리자","참가","20250227","M","168.2","68.8","30.5","89.6","71","105","32.5","34.4",,,"7.3",,,,,,"24.3","38","21","12.8","179",,,,,,"50.0",,"35.9",,,,,,,,,,,,,,,,,
"3","안산","성인","일반","25","관리자","참가","20250227","F","165.5","54.2","30.9","61","79","103","23.3","26.3",,,"16.6",,,,,,"19.8","14",,,"125",,,,,,"48.5",,,,,,,,"123","37.4",,,"0.379",,,,,,,
"1","강릉","어르신","일반","65","관리자","2등급","20250227","F","150.0","53.5","37.0","83.0","93","127","21.5","23.1",,,"17.3",,,,,,"23.8",,,,,"24",,"117","4.4","18.5","43.2",,,,,,,,,,,,,,,,,,,"23.1"
"1","춘천","성인","출장","53","관리자","참가","20250227","F","160.6","56.7","33.8","79.8","61","115","19.4","22.1",,,"18.5",,,,,,"22.0","4","10","17.95","120",,,,,,"39.0",,"29.1",,,,,,,,,,,,,,,,,
"1","춘천","성인","출장","44","관리자","참가","20250227","F","170.3","57.7","25.4","74.2","58","123","27.6","27.8",,,"9.4",,,,,,"19.9","34","29","14.03","158",,,,,,"48.2",,"35.2",,,,,,,,,,,,,,,,,
"2","미추홀","청소년","일반","18","관리자","참가","20250227","F","160.4","61.2","33","83","85","121","23.2","29.6","15",,"6.4","22","0.463","47.693","6","47.969","23.8",,"26",,,,,,,,"48.4",,"34.2",,,,,,,,,,,,,,,,,
"1","춘천","성인","출장","50","관리자","참가","20250227","F","160.7","68.9","36.4","90.2","61","121","29","31.3",,,"9.2",,,,,,"26.7",,,,,,,,,,"45.4",,,,,,,,,,,,,,,,,,,
"1","창원","성인","일반","23","관리자","3등급","20250227","F","164.4","58.6","34.2","70","55","110","21.9","28.6",,,"17.1",,,,,,"21.7","31",,,,,,,,,"48.8",,,,,,,,"124","36.5",,,"0.456","0.376",,,,,,
"2","춘천","성인","출장","48","관리자","참가","20250227","F","167","63.7","30.6","79.6","61","131","24.8","30",,,"6.7",,,,,,"22.8","40","19","14.19","145",,,,,,"47.1",,"31.0",,,,,,,,,,,,,,,,,
"1","춘천","성인","출장","46","관리자","참가","20250227","M","169.4","90.6","41.1","106.5","74","130","37.1","40.4",,,"0",,,,,,"31.6",,"11","12.6","180",,,,,,"44.6",,"30.7",,,,,,,,,,,,,,,,,
"2","미추홀","성인","일반","26","관리자","3등급","20250227","M","181.8","76","15.7","83","72","121","39.6","46.3",,,"8",,,,,,"23.0","42",,,,,,,,,"60.9",,,,,,,,"123","43.2",,,"0.356","0.579",,,,,,
"1","춘천","성인","출장","49","관리자","참가","20250227","F","164.8","68.9","38","91","51","116","25.3","25",,,"-1",,,,,,"25.4","10","10","13.66","100",,,,,,"36.7",,"27.3",,,,,,,,,,,,,,,,,
"1","춘천","성인","출장","39","관리자","2등급","20250227","M","180.4","80","20.7","88.5","53","121","47.3","48.5",,,"15",,,,,,"24.6","50","47","10.6","238",,,,,,"60.6",,"41.0",,,,,,,,,,,,,,,,,
"1","오산","성인","일반","19","관리자","2등급","20250227","M","170.3","53.1","11.2","71.7","76","104","36.9","38.2",,,"14.3",,,,,,"18.3","56","52","10.15","235",,,,,,"71.9",,"47.9",,,,,,,,,,,,,,,,,
"1","춘천","성인","출장","49","관리자","참가","20250227","M","175.2","90.4","35","113.2","82","128","47","51.3",,,"-5",,,,,,"29.5",,"17","15.6","155",,,,,,"56.7",,"31.7",,,,,,,,,,,,,,,,,
"1","춘천","성인","출장","47","관리자","참가","20250227","M","170.8","73.6","29.7","94.7","54","123","38.4","38.5",,,"23.9",,,,,,"25.2","20","19","12.97","190",,,,,,"52.3",,"34.9",,,,,,,,,,,,,,,,,
"3","미추홀","성인","일반","28","관리자","1등급","20250227","F","160.8","47.1","24.1","70","66","100","25","27.1",,,"19.8",,,,,,"18.2","38",,,,,,,,,"57.5",,,,,,,,"130","37.3",,,"0.348","0.502",,,,,,
"1","오산","성인","일반","19","관리자","2등급","20250227","M","167","67.2","16.5","79.7","64","107","40","42.8",,,"12.3",,,,,,"24.1","56","52","10.44","225",,,,,,"63.7",,"45.9",,,,,,,,,,,,,,,,,
"1","춘천","성인","출장","43","관리자","참가","20250227","F","156.7","60.1","40.3","84.9","61","121","22.9","26.4",,,"4",,,,,,"24.5","23","13","14.93","100",,,,,,"43.9",,"29.7",,,,,,,,,,,,,,,,,
"1","춘천","성인","출장","41","관리자","참가","20250227","F","154.6","78.2","41.3","94.2","61","123","28.9","29.1",,,"20.1",,,,,,"32.7","20","15","14.82","130",,,,,,"37.2",,"27.5",,,,,,,,,,,,,,,,,
"4","남구(울산)","성인","일반","32","관리자","참가","20250227","M","174.5","83","30.5","100.4","92","142","49.6","50.9",,,"17.5",,,,,,"27.3","48","21",,,,,,,,"61.3",,"35.1",,,,,,,,,,"0.353","0.584",,,,,,
"1","춘천","성인","출장","50","관리자","참가","20250227","F","155.8","71.6","42.9","94.5","75","113","25.5","29.8",,,"8.8",,,,,,"29.5","6","17","14.94","115",,,,,,"41.6",,"28.8",,,,,,,,,,,,,,,,,
"1","춘천","성인","출장","52","관리자","참가","20250227","F","160","57.7","36.3","80.6","59","124","0","26.7",,,"22.2",,,,,,"22.5","11","17","15.5","125",,,,,,"46.3",,"31.1",,,,,,,,,,,,,,,,,
"2","KSPO송파","성인","일반","24","관리자","1등급","20250227","F","163.2","56.7","24.6","74.8","53","125","27.2","28.6",,,"21.2",,,,,,"21.3","48",,,"165",,,,,,"50.4",,,,,,,,"108","38.6",,,"0.412",,,,,,,
"1","포항","성인","일반","24","관리자","참가","20250227","F","179.2","97.7","35.1",,"92","154","36.4","41.5",,,"5.6",,,,,,"30.4","36","32","12.34","187",,,,,,"42.5",,"30.6",,,,,,,,,,,,,,,,,
"3","KSPO송파","성인","일반","59","관리자","참가","20250227","M","178.8","81.5","22.9","94","77","123","44.1","44.4",,,"8.8",,,,,,"25.5","34",,,"160",,,,,,"54.5",,,"95","117","135","165","33.4",,,,,"0.365",,,,,,,
"1","춘천","성인","출장","53","관리자","참가","20250227","M","171","75","28.3","93.3","54","124","45.4","47.8",,,"15.2",,,,,,"25.6","31","25","13.62","195",,,,,,"63.7",,"35.6",,,,,,,,,,,,,,,,,
"2","사천","성인","일반","19","관리자","참가","20250227","M","180","87.3","26.9","102.4","82","144","47","41.7",,,"6.5",,,,,,"26.9","39","42",,"223",,,,,,"53.8",,"40.3",,,,,,,,,,"0.368",,,,,,,
"2","춘천","성인","출장","53","관리자","참가","20250227","F","159.7","65","39.3","84.1","72","110","27.1","23.4",,,"13",,,,,,"25.5",,"11","16.5","95",,,,,,"41.7",,"28.0",,,,,,,,,,,,,,,,,
"1","춘천","성인","출장","48","관리자","3등급","20250227","M","173.8","72.5","23","84","54","131","43.7","44.9",,,"11.8",,,,,,"24.0","35","48","11.31","235",,,,,,"61.9",,"41.7",,,,,,,,,,,,,,,,,
"1","사천","성인","일반","51","관리자","참가","20250227","M","168.1","72.1","25.1","94.6","91","133","37.2","37.1",,,"13.5",,,,,,"25.5","30","31",,"191",,,,,,"51.6",,"37.7",,,,,,,,,,"0.376",,,,,,,
"1","춘천","성인","출장","52","관리자","참가","20250227","M","174.4","79.4","28.9","93.1","51","137","34.6","37.6",,,"5.4",,,,,,"26.1","30","25","12.8","165",,,,,,"47.4",,"35.0",,,,,,,,,,,,,,,,,
"1","춘천","성인","출장","51","관리자","참가","20250227","F","153.5","74.2","47.3","98.2","79","121","20.6","19.6",,,"4.5",,,,,,"31.5",,"7","15.2","98",,,,,,"27.8",,"25.3",,,,,,,,,,,,,,,,,
"1","춘천","성인","출장","53","관리자","참가","20250227","F","164.4","62","34.9","82.3","51","121","25.7","23.9",,,"-10",,,,,,"22.9","21","11","13.53","130",,,,,,"41.5",,"28.6",,,,,,,,,,,,,,,,,
"1","부천","성인","일반","20","관리자","3등급","20250227","M","174.6","79.4","19.1",,"67","131","38.8","47.2",,,"6.9",,,,,,"26.0","53",,,"225",,,,,,"59.4",,,"107","119","129","152","46.3",,,,,"0.325",,,,,,,
"1","춘천","성인","출장","53","관리자","참가","20250227","F","160.9","66.9","37.7","85.2","64","124","27.1","29.3",,,"17.5",,,,,,"25.8","18","7","15.6","160",,,,,,"43.8",,"26.5",,,,,,,,,,,,,,,,,
"2","춘천","성인","출장","47","관리자","1등급","20250227","M","178","74.9","19.1","80.6","53","122","52.1","57.6",,,"14.9",,,,,,"23.6","41","44","10.94","215",,,,,,"76.9",,"40.4",,,,,,,,,,,,,,,,,
"1","춘천","성인","출장","46","관리자","2등급","20250227","M","172","74.2","24.1","88.4","51","131","45.5","44.3",,,"17.7",,,,,,"25.1","42","32","11.9","195",,,,,,"61.3",,"37.9",,,,,,,,,,,,,,,,,
"1","춘천","성인","출장","53","관리자","참가","20250227","M","182.1","75.6","20.9","85.2","51","119","37.9","39.1",,,"-2.5",,,,,,"22.8","26","16","13.1","195",,,,,,"51.7",,"33.2",,,,,,,,,,,,,,,,,
"1","춘천","성인","출장","52","관리자","참가","20250227","F","155.6","54.2","32.4","73.2","64","121","13.9","14.7",,,"23.5",,,,,,"22.4","15","17","16.5","120",,,,,,"27.1",,"31.5",,,,,,,,,,,,,,,,,
"8","제주","성인","일반","45","관리자","3등급","20250227","M","184.9","80.7","8.8","78.9","90","151","47.1","49.5",,,"24.5",,,,,,"23.6","35",,,"230",,,,,,"61.3",,,,,,,,"65","46.3",,,"0.285",,,,,,,
"1","사천","성인","일반","57","관리자","참가","20250227","M","176.5","90.4","23.3","101","82","140","52.5","54.2",,,"3",,,,,,"29.0","33",,,,,,,,,"60.0",,,,,,,,"97","35.8",,,"0.348","0.539",,,,,,
"3","동구(인천)","성인","일반","31","관리자","1등급","20250227","M","170","61.3","12",,"68","120","39.8","40.3",,,"25.6",,,,,,"21.2","60",,"8.98","277",,,,,,"65.7",,,,,,,,"90","49.2",,,,,,,,,,
"8","강북","어르신","일반","67","관리자","2등급","20250227","M","170.4","77.30","33.2","89.2","83","150","38.2","45.5",,,"7.2",,,,,,"26.6",,,,,"24",,"117","5.8","21.2","58.9",,,,,,,,,,,,,,,,,,,"45.5"
"1","강북","성인","일반","27","관리자","참가","20250227","M","172.8","69.10","33.0","85.3","90","144","28.8","28.5",,,"8.6",,,,,,"23.1","22",,,,,,,,,"41.7",,,"83","116","149","180","41.0",,,,,"0.347","0.457",,,,,,
"1","화성","성인","일반","25","관리자","1등급","20250227","F","165.7","52.6","25.3",,"70","113","26.1","31.9",,,"26.6",,,,,,"19.2","39",,,"166",,,,,,"60.6",,,"68","105","138",,"40.0",,,,,"0.311",,,,,,,
"3","강릉","어르신","일반","65","관리자","1등급","20250227","F","149.7","54.9","31.4","76.7","87","149","27","25.1",,,"24.6",,,,,,"24.5",,,,,"31",,"130","5.22","20.50","49.2",,,,,,,,,,,,,,,,,,,"27.0"
"2","창원","성인","일반","27","관리자","참가","20250227","M","165.2","64.9","27.1","76","89","128","37.8","40.7",,,"-9.2",,,,,,"23.8","30",,"11.59","186",,,,,,"62.7",,,,,,,,"150","40.2",,,,,,,,,,
"1","천안","성인","일반","23","관리자","참가","20250227","F","169.5","64.7","31.7",,"96","149","25","29.4",,,"8.6",,,,,,"22.5","22",,,"152",,,,,,"45.4",,,,,,,,"132","34.5",,,"0.322",,,,,,,
"1","천안","성인","일반","19","관리자","3등급","20250227","M","180.7","82.1","23.3",,"59","116","40.1","43.8",,,"16.1",,,,,,"25.1","42",,,"211",,,,,,"53.3",,,,,,,,"104","46.3",,,"0.284",,,,,,,
"2","목포","청소년","일반","14","관리자","참가","20250227","M","168.4","53.7","9.5","83.6","64","121","26.9","30.1","43",,"-6.6","17.03","0.514","49.128","5","49.358","18.9",,"100",,,,,,,,"56.1",,"56.0",,,,,,,,,,,,,,,,,
"3","창원마산회원","어르신","일반","66","관리자","1등급","20250227","M","161.9","60.3","18.8","85.5","61","121","34.7","30.7",,,"17.0",,,,,,"23.0",,,,,"29",,"124","4.38","16.56","57.5",,,,,,,,,,,,,,,,,,,"34.7"
"1","고양","성인","출장","23","관리자","참가","20250227","M","173","84.1","28.3",,"83","133","33.9","33.5",,,"10.6",,,,,,"28.1","50","44","11.76","164",,,,,,"40.3",,"41.1",,,,,,,,,,,,,,,,,
"2","목포","청소년","일반","14","관리자","2등급","20250227","M","169.8","58.8","6.6","67.1","65","120","38.3","42.4","57",,"11.8","17.78","0.614","42.958","14","43.602","20.4",,"94",,,,,,,,"72.1",,"54.0",,,,,,,,,,,,,,,,,
"1","고양","성인","출장","23","관리자","참가","20250227","M","176.3","71.9","23.4",,"64","122","32.4","36.1",,,"3.1",,,,,,"23.1","49","36","11.31","211",,,,,,"50.2",,"40.9",,,,,,,,,,,,,,,,,
"1","목포","청소년","일반","13","관리자","3등급","20250227","M","168.5","51.7","12.7","66.8","69","116","30.6","28.3","57",,"3.6","17.6","0.502","53.726","9","54.140","18.2",,"79",,,,,,,,"59.2",,"52.1",,,,,,,,,,,,,,,,,
"2","시흥","성인","일반","55","관리자","참가","20250227","F","157.9","55.2","31","76.2","87","155","27.9","27.2",,,"8.9",,,,,,"22.1","37",,"15.05","123",,,,,,"50.5",,,"96","128","149",,"32.4",,,,,,,,,,,,
"2","목포","청소년","일반","14","관리자","참가","20250227","M","173.3","63.2","16.4","72.7","66","129","22.1","21.4","46",,"-1.8","17.65","0.477","57.392","5","57.622","21.0",,"86",,,,,,,,"35.0",,"52.1",,,,,,,,,,,,,,,,,
"1","목포","청소년","일반","13","관리자","참가","20250227","M","165.9","52.8","10","65.7","68","105","23.4","23.2","73",,"-7","18","0.501","59.779","7","60.101","19.2",,"79",,,,,,,,"44.3",,"51.6",,,,,,,,,,,,,,,,,
"1","성남","성인","일반","19","관리자","참가","20250227","M","169.5","59.1","15.4",,"57","138","37.6","44.7",,,"8.3",,,,,,"20.6","38",,,"208",,,,,,"75.6",,,,,,,,"134","46.2",,,"0.360",,,,,,,
"1","고양","성인","출장","21","관리자","참가","20250227","M","186","81.6","15.3",,"65","107","57.6","63.4",,,"-6.2",,,,,,"23.6","54","62","10.44","207",,,,,,"77.7",,"45.6",,,,,,,,,,,,,,,,,
"3","강북","성인","일반","28","관리자","2등급","20250227","F","161.8","51.30","23.0","73","81","122","26.9","24.6",,,"15",,,,,,"19.6","41",,,,,,,,,"52.4",,,"70","114","140",,"39.8",,,,,"0.329","0.472",,,,,,
"1","목포","청소년","일반","14","관리자","2등급","20250227","M","173.7","61.3","11.3","68.6","58","114","33","32.4","72",,"11.8","18.13","0.576","53.132","6","53.408","20.3",,"105",,,,,,,,"53.8",,"56.2",,,,,,,,,,,,,,,,,
"2","마포","성인","일반","25","관리자","1등급","20250227","F","165.6","57.8","33.7",,"72","110","27.2","29.1",,,"18.6",,,,,,"21.1","36",,,"160",,,,,,"50.3",,,,,,,,"101","39.2",,,"0.395",,,,,,,
"3","마포","성인","일반","24","관리자","참가","20250227","F","166","51.8","23.4",,"72","111","27","28.4",,,"4.1",,,,,,"18.8","27",,,"150",,,,,,"54.8",,,,,,,,"126","37.9",,,"0.321",,,,,,,
"6","강북","성인","일반","38","관리자","3등급","20250227","M","183.7","82.5","24.6","80.9","90","142","44.7","43.9",,,"12.4",,,,,,"24.4","47",,,"212",,,,,,"54.2",,,,,,,,"107","41.3",,,"0.268",,,,,,,
"1","목포","청소년","일반","14","관리자","참가","20250227","M","170.3","61.5","14.9","73.7","56","125","33.9","10.8","33",,"11.5","17.82","0.539","49.397","14","50.041","21.2",,"92",,,,,,,,"55.1",,"53.2",,,,,,,,,,,,,,,,,
"1","고양","성인","출장","21","관리자","참가","20250227","M","170.7","60.5","23.1",,"75","127","41.5","31.7",,,"-2",,,,,,"20.8","31","35","10.76","191",,,,,,"68.6",,"42.6",,,,,,,,,,,,,,,,,
"1","목포","청소년","일반","14","관리자","참가","20250227","M","170.0","51.4","8.6","64.1","66","107","26.7","32","33",,"24.1","20.5","0.527","51.589","19","52.463","17.8",,"96",,,,,,,,"62.3",,"55.7",,,,,,,,,,,,,,,,,
"3","강북","성인","일반","24","관리자","3등급","20250227","F","170.7","55.7","22.3","64","67","108","28.3","27.8",,,"14.2",,,,,,"19.1","28",,,"152",,,,,,"50.8",,,"79","116","142",,"39.7",,,,,"0.371",,,,,,,
"1","목포","청소년","일반","14","관리자","1등급","20250227","M","170.3","58.1","13.7","70.2","68","106","32.1","31.8","67",,"16.6","16.78","0.514","47.027","9","47.441","20.0",,"76",,,,,,,,"55.2",,"50.7",,,,,,,,,,,,,,,,,
"1","고양","성인","출장","23","관리자","1등급","20250227","M","173.3","72","14.9",,"86","132","36.1","46.5",,,"16.8",,,,,,"24.0","58","63","10.15","232",,,,,,"64.6",,"47.3",,,,,,,,,,,,,,,,,
"3","증평","성인","일반","31","관리자","참가","20250227","F","166.2","87.5","43.2","113.0","98","138","32.6","37.7",,,"11.9",,,,,,"31.7","31","22","12.7","164",,,,,,"43.1",,"28.7",,,,,,,,,,,,,,,,,
"1","청주","성인","일반","28","관리자","2등급","20250227","M","168.4","67.2","16.3","79.2","75","138","32.1","42.7",,,"12.6",,,,,,"23.7","58",,"9.8","240",,,,,,"63.5",,,,,,,,"121","44.0",,,,,,,,,,
"1","고양","성인","출장","29","관리자","참가","20250227","M","166.3","105.3","37.9",,"95","134","36.4","41.6",,,"1.3",,,,,,"38.1","30","9","11.52","152",,,,,,"39.5",,"29.5",,,,,,,,,,,,,,,,,
"1","화성","성인","일반","30","관리자","참가","20250227","M","177.5","72.5","22.7",,"99","140","43.7","41.7",,,"-5.8",,,,,,"23.0","38",,,"214",,,,,,"60.3",,,,,,,,"97","46.5",,,"0.403",,,,,,,
"1","안산","성인","일반","19","관리자","참가","20250227","M","176.9","66.7","15.8","74","89","138","36.4","39.3",,,"14.3",,,,,,"21.3","41",,,"230",,,,,,"58.9",,,,,,,,"113","48.1",,,"0.286",,,,,,,
"1","고양","성인","출장","20","관리자","참가","20250227","M","165.3","77.4","36.4",,"72","125","39","38",,,"4.9",,,,,,"28.3","39","21","11.68","160",,,,,,"50.4",,"37.1",,,,,,,,,,,,,,,,,
"1","증평","성인","일반","21","관리자","참가","20250227","M","173.0","68.6","17.1","81.4","70","123","50.9","53.8",,,"8.3",,,,,,"22.9","30",,"11.5",,,,,,,"78.4",,,"90","108","125","154","48.3",,,,,,"0.548",,,,,,
"1","목포","청소년","일반","14","관리자","참가","20250227","M","164.8","52.3","15.8","66.8","62","103","21","23.7","80",,"0.2","19.1","0.514","48.550","11","49.056","19.3",,"89",,,,,,,,"45.3",,"53.6",,,,,,,,,,,,,,,,,
"1","고양","성인","출장","21","관리자","참가","20250227","M","174.3","80.9","19.2",,"68","145","38.3","49.7",,,"17",,,,,,"26.6","52","23","10.60","227",,,,,,"61.4",,"36.8",,,,,,,,,,,,,,,,,
"2","화성","성인","일반","25","관리자","2등급","20250227","F","170.4","61.5","29.8",,"83","120","32.6","28.5",,,"14.5",,,,,,"21.2","28",,,"185",,,,,,"53.0",,,,,,,,"98","39.2",,,"0.327",,,,,,,
"1","고양","성인","출장","21","관리자","참가","20250227","M","179","84.6","22.1",,"69","137","40.6","36.5",,,"-13",,,,,,"26.4","21","24","10.88","218",,,,,,"48.0",,"36.4",,,,,,,,,,,,,,,,,
"1","포항","성인","일반","50","관리자","3등급","20250227","F","164.5","50.8","23",,"93","144","28.7","28.6",,,"14.5",,,,,,"18.8","22",,,"142",,,,,,"56.5",,,,,,,,"119","34.0",,,"0.381",,,,,,,
"2","남구(부산)","성인","일반","24","관리자","참가","20250227","M","179.1","72.6","15.9",,"68","117","40.7","48.3",,,"3.3",,,,,,"22.6","47",,"10.49","220",,,,,,"66.5",,,"93","106","125","149","47.3",,,,,,,,,,,,
"6","마포","성인","일반","25","관리자","2등급","20250227","F","165.2","62.6","28.8","74","76","114","33.6","32.5",,,"23.5",,,,,,"22.9","32",,,"186",,,,,,"53.7",,,,,,,,"125","35.1",,,"0.376",,,,,,,
"1","고양","성인","출장","20","관리자","참가","20250227","M","171.2","57.2","18.4",,"81","133","32.9","32.9",,,"5.7",,,,,,"19.5","55","26","10.77","188",,,,,,"57.5",,"41.1",,,,,,,,,,,,,,,,,
"3","마포","성인","일반","25","관리자","참가","20250227","F","165.4","49.2","24.6","64","67","122","32.7","36.3",,,"11.4",,,,,,"18.0","19",,,"158",,,,,,"73.8",,,,,,,,"145","36.0",,,"0.391",,,,,,,
"1","춘천","성인","출장","43","관리자","참가","20250227","F","158.4","56.2","32.5","76.5","82","128","23.6","22.7",,,"13.4",,,,,,"22.4",,"11","14.9","130",,,,,,"42.0",,"29.8",,,,,,,,,,,,,,,,,
"1","고양","성인","출장","29","관리자","참가","20250227","M","179.4","69","18.5",,"69","112","25.2","38.6",,,"3.1",,,,,,"21.4","52","51","11.03","200",,,,,,"55.9",,"44.3",,,,,,,,,,,,,,,,,
"1","서구(대전)","성인","일반","24","관리자","참가","20250227","M","175.1","70.4","24.3",,"62","108","38.8","45.3",,,"-0.9",,,,,,"23.0","43",,,,,,,,,"64.3",,,,,,,,"124","44.3",,,"0.305","0.527",,,,,,
"1","춘천","성인","출장","50","관리자","3등급","20250227","F","154","52.8","36.3","78.2","54","128","20.6","21",,,"15",,,,,,"22.3","15","17","14.19","145",,,,,,"39.8",,"31.8",,,,,,,,,,,,,,,,,
"1","고양","성인","출장","21","관리자","참가","20250227","M","175.8","72.8","25.2",,"74","124","38.7","38",,,"-4",,,,,,"23.6","38","53","11.31","171",,,,,,"53.2",,"45.0",,,,,,,,,,,,,,,,,
"1","춘천","성인","출장","52","관리자","참가","20250227","M","173.1","91","32.9","107","58","147","57.6",,,,"3",,,,,,"30.4","24","21","12.9","190",,,,,,"63.3",,"32.4",,,,,,,,,,,,,,,,,
"2","포항","성인","일반","42","관리자","1등급","20250227","F","159.3","59.4","27.5",,"83","123","28.6","32.8",,,"29.6",,,,,,"23.4","31",,,,,,,,,"55.2",,,"84","108","128",,"36.2",,,,,"0.335","0.489",,,,,,
"1","춘천","성인","출장","47","관리자","참가","20250227","M","170.2","77.9","30","98.4","79","118","35.4","38.5",,,"6",,,,,,"26.9","30","26","13.8","180",,,,,,"49.4",,"35.9",,,,,,,,,,,,,,,,,
"2","목포","청소년","일반","15","관리자","참가","20250227","M","171.8","62.5","12.5","72.7","44","108","26.7","28.5","24",,"3","17.97","0.514","53.034","9","53.448","21.2",,"95",,,,,,,,"45.6",,"53.8",,,,,,,,,,,,,,,,,
"4","고양","성인","출장","20","관리자","참가","20250227","M","172.1","84.3","17.7",,"58","105","52.2","55.9",,,"0.3",,,,,,"28.5","30","34","10.86","191",,,,,,"66.3",,"39.0",,,,,,,,,,,,,,,,,
"1","춘천","성인","출장","46","관리자","참가","20250227","M","180.5","102.8","33.6","113.7","71","128","40","45.2",,,"-7",,,,,,"31.6","25","14","13.0","200",,,,,,"44.0",,"29.3",,,,,,,,,,,,,,,,,
"1","춘천","성인","출장","50","관리자","참가","20250227","M","167.2","70.8","28.6","91.1","61","131","37.2","37.8",,,"11",,,,,,"25.3","24","10","12.88","200",,,,,,"53.4",,"33.0",,,,,,,,,,,,,,,,,
"2","목포","청소년","일반","14","관리자","2등급","20250227","M","173.3","64.6","8.2","69.3","54","90","30.2","34.5","80",,"15.1","17.07","0.639","48.440","8","48.808","21.5",,"108",,,,,,,,"53.4",,"56.2",,,,,,,,,,,,,,,,,
"1","춘천","성인","출장","53","관리자","3등급","20250227","F","148.2","48.1","33.5","72.1","61","121","18.8","18.7",,,"31.5",,,,,,"21.9","26","13","14.9","120",,,,,,"39.1",,"31.1",,,,,,,,,,,,,,,,,
"2","고양","성인","출장","26","관리자","2등급","20250227","F","163","69.2","28.7",,"80","130","32.3","27.6",,,"27.5",,,,,,"26.0","46","31","11.36","170",,,,,,"46.7",,"34.5",,,,,,,,,,,,,,,,,
"1","춘천","성인","출장","41","관리자","참가","20250227","F","162.8","69.6","40.9","91.5","70","108","20.1","22.3",,,"5",,,,,,"26.3","26","7","14.3","123",,,,,,"32.0",,"26.6",,,,,,,,,,,,,,,,,
"1","마포","성인","일반","22","관리자","2등급","20250227","F","170.7","53","26.2",,"85","118","30.3","30.3",,,"20.2",,,,,,"18.2","35",,,"175",,,,,,"57.2",,,,,,,,"136","37.2",,,"0.289",,,,,,,
"2","고양","성인","출장","23","관리자","1등급","20250227","F","160.9","54.9","30.2",,"72","117","23.2","29.4",,,"25.3",,,,,,"21.2","60","52","11.12","168",,,,,,"53.6",,"43.3",,,,,,,,,,,,,,,,,
"1","춘천","성인","출장","41","관리자","3등급","20250227","F","166","61.4","32.7","79.6","61","123","26.1","26.1",,,"15.5",,,,,,"22.3","50","31","13.84","160",,,,,,"42.5",,"35.3",,,,,,,,,,,,,,,,,
"1","수원","어르신","일반","65","관리자","2등급","20250227","F","153.5","57.5","27.8","83","72","127","24","24.8",,,"15.2",,,,,,"24.4",,,,,"22",,"105","5.2","24.3","43.1",,,,,,,,,,,,,,,,,,,"24.8"
"1","춘천","성인","출장","50","관리자","3등급","20250227","F","156.5","55.2","34","77.6","61","115","22.6","23.6",,,"24",,,,,,"22.5","42","16","18.3","115",,,,,,"42.8",,"31.2",,,,,,,,,,,,,,,,,
"1","고양","성인","출장","22","관리자","참가","20250227","M","175.9","80.7","22.9",,"63","123","33.9","36.5",,,"-12.5",,,,,,"26.1","36","44","10.23","228",,,,,,"45.2",,"41.6",,,,,,,,,,,,,,,,,
"1","춘천","성인","출장","47","관리자","2등급","20250227","M","177.6","75.8","24.8","88.8","61","131","40.1","47.6",,,"13.3",,,,,,"24.0","40","35","11.66","195",,,,,,"62.8",,"38.2",,,,,,,,,,,,,,,,,
"3","제주","성인","일반","24","관리자","참가","20250227","F","173","42.7","19","67.8","65","105","21.1","18.8",,,"13.7",,,,,,"14.3","17",,,"158",,,,,,"49.4",,,,,,,,"120","41.5",,,"0.366",,,,,,,
"2","고양","성인","출장","23","관리자","1등급","20250227","M","173.5","72.4","16.2",,"70","109","38.4","45.3",,,"19.4",,,,,,"24.1","60","64","10.46","253",,,,,,"62.6",,"47.5",,,,,,,,,,,,,,,,,
"1","고양","성인","출장","28","관리자","1등급","20250227","M","167.2","81.4","21.7",,"84","134","54.8","59.6",,,"20.7",,,,,,"29.1","59","56","10.29","209",,,,,,"73.2",,"44.0",,,,,,,,,,,,,,,,,
"2","전주","성인","일반","21","관리자","참가","20250227","F","165.2","50","23.9","71.1","78","134","22.5","23.6",,,"1.6",,,,,,"18.3","36",,,"172",,,,,,"47.2",,,,,,,,"128","38.6",,,"0.364",,,,,,,
"1","고양","성인","출장","21","관리자","3등급","20250227","M","177.3","66.9","16.7",,"71","108","34.3","36.8",,,"9.1",,,,,,"21.3","42","62","11.62","191",,,,,,"55.0",,"47.9",,,,,,,,,,,,,,,,,
"1","고양","성인","출장","20","관리자","참가","20250227","M","184","82.3","19.9",,"76","130","38","54.4",,,"10.5",,,,,,"24.3","46","34","10.17","214",,,,,,"66.1",,"39.0",,,,,,,,,,,,,,,,,
"1","춘천","성인","출장","47","관리자","참가","20250227","M","165.9","80.3","36.7","96.6","61","141","38.8","40.7",,,"-2",,,,,,"29.2","0","16","14.0","130",,,,,,"50.7",,"33.3",,,,,,,,,,,,,,,,,
"1","경산","성인","일반","20","관리자","3등급","20250227","M","176.4","68.7","9.7","78","76","120","43.7","46.7",,,"17.7",,,,,,"22.1","46","64",,"261",,,,,,"68.0",,"48.2",,,,,,,,,,"0.294",,,,,,,
"1","고양","성인","출장","20","관리자","참가","20250227","M","172.4","63.7","17.3",,"66","128","42.8","47.7",,,"0.1",,,,,,"21.4","36","45","11.75","161",,,,,,"74.9",,"44.6",,,,,,,,,,,,,,,,,
"1","춘천","성인","출장","43","관리자","참가","20250227","M","181","86","28.6","98.8","51","119","41.6","44.9",,,"5",,,,,,"26.3","24","33","11.8","219",,,,,,"52.2",,"36.5",,,,,,,,,,,,,,,,,
"1","고양","성인","출장","20","관리자","참가","20250227","M","164.6","71","25",,"93","128","48.4","30.4",,,"21",,,,,,"26.2","56","28","10.59","205",,,,,,"68.2",,"39.7",,,,,,,,,,,,,,,,,
"1","창원","성인","일반","25","관리자","3등급","20250227","F","158","43.6","26.2","63","75","127","19.4","19.4",,,"12.2",,,,,,"17.5","24",,,"144",,,,,,"44.5",,,,,,,,"122","39.4",,,"0.328",,,,,,,
"1","고양","성인","출장","20","관리자","참가","20250227","M","176.5","63.1","15.9",,"59","119","26","32",,,"3.2",,,,,,"20.3","40","73","10.43","216",,,,,,"50.7",,"51.1",,,,,,,,,,,,,,,,,
"1","고양","성인","출장","21","관리자","참가","20250227","M","174.7","70.6","22.6",,"98","134","36.2","41.9",,,"-5",,,,,,"23.1","35","52","11.05","186",,,,,,"59.3",,"45.1",,,,,,,,,,,,,,,,,
"1","화성","어르신","일반","71","관리자","3등급","20250227","M","164.8","65.4","23",,"92","156","33.8","37.6",,,"4",,,,,,"24.1",,,,,"23",,"141","5.38","21.03","57.5",,,,,,,,,,,,,,,,,,,"37.6"
"1","고양","성인","출장","41","관리자","참가","20250227","M","173.1","77","25.5",,"75","129","42.4","43.5",,,"21.5",,,,,,"25.7","45","74","10.40","217",,,,,,"56.5",,"47.7",,,,,,,,,,,,,,,,,
"1","춘천","성인","출장","36","관리자","2등급","20250227","M","165.8","73.5","31.2","91.6","62","131","41.8","39",,,"19.2",,,,,,"26.7","57","39","11.78","190",,,,,,"56.9",,"40.6",,,,,,,,,,,,,,,,,
"3","부천","성인","일반","20","관리자","참가","20250227","M","177.4","87.8","26.7",,"97","147","58","52.7",,,"18.9",,,,,,"27.9","51",,,"230",,,,,,"66.1",,,"106","139","157","176","40.2",,,,,"0.304",,,,,,,
"1","고양","성인","출장","25","관리자","참가","20250227","M","179.3","91.6","26.3",,"73","135","42.1","45.2",,,"-1",,,,,,"28.5","56","56","10.89","203",,,,,,"49.3",,"42.5",,,,,,,,,,,,,,,,,
"1","춘천","성인","출장","40","관리자","3등급","20250227","M","178.2","71.1","18.5","85.2","81","125","39.6","39.9",,,"18.2",,,,,,"22.4","51","35","11.6","245",,,,,,"56.1",,"39.4",,,,,,,,,,,,,,,,,
"1","고양","성인","출장","20","관리자","참가","20250227","M","173.9","85.5","29.3",,"84","144","33.8","37.1",,,"-1",,,,,,"28.3","45","30","10.96","210",,,,,,"43.4",,"37.8",,,,,,,,,,,,,,,,,
"1","춘천","성인","출장","45","관리자","참가","20250227","F","163.3","61.2","35.3","82","61","118","23.1","23.6",,,"12.1",,,,,,"22.9","13","7","15.4","148",,,,,,"38.6",,"27.8",,,,,,,,,,,,,,,,,
"1","춘천","성인","출장","30","관리자","참가","20250227","F","162","67.1","47","92.4","54","121","21.1","21",,,"2.5",,,,,,"25.6","19","7","16.57","113",,,,,,"31.4",,"27.4",,,,,,,,,,,,,,,,,
"1","고양","성인","출장","20","관리자","3등급","20250227","M","182.5","73.2","17.7",,"73","139","37","50.4",,,"20.6",,,,,,"22.0","50","47","9.96","233",,,,,,"68.9",,"43.4",,,,,,,,,,,,,,,,,
"1","춘천","성인","출장","43","관리자","참가","20250227","M","171","76.1","28.9","94.2","65","141","42.2","50.9",,,"8",,,,,,"26.0","20","7","11.78","190",,,,,,"66.9",,"32.0",,,,,,,,,,,,,,,,,
"1","고양","성인","출장","29","관리자","3등급","20250227","M","180.3","72.7","21.8",,"97","133","47.4","46.6",,,"6.5",,,,,,"22.4","57","44","9.79","242",,,,,,"65.2",,"42.1",,,,,,,,,,,,,,,,,
"1","고양","성인","출장","21","관리자","참가","20250227","M","169.5","61","13",,"85","110","41.6","40.2",,,"0.5",,,,,,"21.2","53","58","10.51","207",,,,,,"68.2",,"48.0",,,,,,,,,,,,,,,,,
"1","고양","성인","출장","20","관리자","참가","20250227","M","171.8","57.8","16",,"71","130","34.3","34.6",,,"13.6",,,,,,"19.6","18","44","10.40","207",,,,,,"59.9",,"45.2",,,,,,,,,,,,,,,,,
"1","고양","성인","출장","20","관리자","3등급","20250227","M","170.8","75.2","20.9",,"81","133","53","50.3",,,"14.3",,,,,,"25.8","42","54","10.81","235",,,,,,"70.5",,"45.0",,,,,,,,,,,,,,,,,
"1","고양","성인","출장","22","관리자","참가","20250227","M","182.4","72.2","15.9",,"67","122","41","49.1",,,"-6",,,,,,"21.7","56","65","10.58","232",,,,,,"68.0",,"47.6",,,,,,,,,,,,,,,,,
"1","고양","성인","출장","20","관리자","참가","20250227","M","175.3","78.7","27.8",,"85","135","42.4","39.6",,,"16.5",,,,,,"25.6","36","30","11.68","184",,,,,,"53.9",,"38.8",,,,,,,,,,,,,,,,,
"1","고양","성인","출장","22","관리자","참가","20250227","M","163.8","86.8","32.2",,"71","141","27","36.8",,,"-13",,,,,,"32.4","40","24","11.72","167",,,,,,"42.4",,"36.3",,,,,,,,,,,,,,,,,
"3","고양","성인","출장","20","관리자","3등급","20250227","M","170.9","60.9","14.6",,"65","135","42.6","40.2",,,"22.3",,,,,,"20.9","46","46","9.78","227",,,,,,"70.0",,"45.2",,,,,,,,,,,,,,,,,
"1","고양","성인","출장","21","관리자","3등급","20250227","M","176.5","62.6","11.9",,"67","115","43.7","53",,,"16",,,,,,"20.1","43","64","9.95","260",,,,,,"84.7",,"49.0",,,,,,,,,,,,,,,,,
"3","군산","성인","일반","48","관리자","2등급","20250227","F","156.7","71.8","37.2","88","93","134","36.8","36.1",,,"16.4",,,,,,"29.2","28",,,,,,,,,"51.3",,,"98","118","130",,"31.8",,,,,"0.347","0.509",,,,,,
"6","성남","성인","일반","23","관리자","1등급","20250227","F","157.4","57.7","20.2",,"63","108","41.4","37.2",,,"28.4",,,,,,"23.3","52","62","9.91","226",,,,,,"71.8",,"45.9",,,,,,,,,,,,,,,,,
"3","성남","성인","일반","26","관리자","1등급","20250227","M","167.0","75.0","22.8",,"62","127","45.3","52.1",,,"19.6",,,,,,"26.9","52","55","9.76","236",,,,,,"69.5",,"44.9",,,,,,,,,,,,,,,,,
"2","연제","성인","일반","24","관리자","3등급","20250227","F","173.6","55.9","23.3",,"60","95","27.2","27.9",,,"13",,,,,,"18.5","33",,,"166",,,,,,"49.9",,,,,,,,"138","36.1",,,"0.343",,,,,,,
"13","성남","성인","일반","46","관리자","1등급","20250227","F","168","57.3","21.2",,"80","120","27","32.5",,,"19.4",,,,,,"20.3","52",,"11.58","167",,,,,,"56.7",,,"78","102","123",,"37.4",,,,,,,,,,,,
"1","연제","성인","일반","27","관리자","참가","20250227","M","181.9","77.2","22.8",,"85","131","33.8","40.3",,,"12.0",,,,,,"23.3","29",,,"209",,,,,,"52.2",,,"112","140","172","209","34.2",,,,,"0.367",,,,,,,
"1","연제","성인","일반","26","관리자","3등급","20250227","M","171.7","72.2","24.0",,"77","138","33.5","41.4",,,"8.2",,,,,,"24.5","38",,,"168",,,,,,"57.3",,,,,,,,"79","49.8",,,"0.322",,,,,,,
"2","진천","청소년","출장","18","관리자","참가","20250227","M","174.3","52.4","12.9","66.3","89","125","35.1","31.6",,"33","10.8","19.39","0.545","45.944","16","46.680","17.2",,"51",,,,,,,,"67.0",,"47.5",,,,,,,,,,,,,,,,,
"4","진천","성인","출장","19","관리자","참가","20250227","M","184.1","70.3","21.3","78","86","132","39","40.1",,,"11.1",,,,,,"20.7","29","37",,"210",,,,,,"57.0",,"41.6",,,,,,,,,,"0.366",,,,,,,
"1","진천","청소년","출장","18","관리자","3등급","20250227","M","175.3","73.3","21.9","82.4","76","148","41.9","48.2",,"43","4.7","20.67","0.532","59.783","8","60.151","23.9",,"43",,,,,,,,"65.8",,"42.4",,,,,,,,,,,,,,,,,
"1","진천","청소년","출장","18","관리자","참가","20250227","F","174.5","68.4","37","72","89","140","23.3","28",,"13","7","20.39","0.443","54.384","8","54.752","22.5",,"21",,,,,,,,"40.9",,"33.9",,,,,,,,,,,,,,,,,
"4","진천","성인","출장","19","관리자","2등급","20250227","F","176.2","83.3","40.1","82","91","152","40.7","30",,,"19.9",,,,,,"26.8","31","31",,"155",,,,,,"48.9",,"32.8",,,,,,,,,,"0.411",,,,,,,
"2","진천","청소년","출장","18","관리자","참가","20250227","M","174.3","64","11","76.9","83","145","37.2","36.4",,"1",,"34.27","0.627","46.342","9","46.756","21.1",,"77",,,,,,,,"58.1",,"50.6",,,,,,,,,,,,,,,,,
"1","진천","청소년","출장","18","관리자","3등급","20250227","M","174.2","65.9","17","74.5","96","139","33.5","43.2",,"48","9.5","17.18","0.552","60.227","9","60.641","21.7",,"54",,,,,,,,"65.6",,"45.7",,,,,,,,,,,,,,,,,
"1","진천","성인","출장","20","관리자","참가","20250227","M","175.3","96.6","26.8","95","91","153","57.6","55.7",,,"21.3",,,,,,"31.4","40","51",,"210",,,,,,"59.6",,"41.1",,,,,,,,,,"0.367",,,,,,,
"2","진천","청소년","출장","18","관리자","참가","20250227","M","172.6","89.7","28.7","96.2","90","158","38.4","47.6",,"49","2.1","19.2","0.563","41.696","18","42.524","30.1",,"41",,,,,,,,"53.1",,"38.8",,,,,,,,,,,,,,,,,
"1","진천","청소년","출장","18","관리자","참가","20250227","M","163.7","60.1","27.8","78","79","118","30.1","33.7",,"24","11.3","19.93","0.478","51.233","7","51.555","22.4",,"43",,,,,,,,"56.1",,"43.2",,,,,,,,,,,,,,,,,
"4","진천","성인","출장","19","관리자","2등급","20250227","F","163.8","54.3","27.7","70","86","133","20","26.5",,,"19.4",,,,,,"20.2","44","41",,"165",,,,,,"48.8",,"40.3",,,,,,,,,,"0.389",,,,,,,
"1","진천","청소년","출장","18","관리자","3등급","20250227","M","173.5","69.2","16.9","74.3","91","135","40.4","46.8",,"46","9.4","17.25","0.608","60.134","5","60.364","23.0",,"62",,,,,,,,"67.6",,"46.6",,,,,,,,,,,,,,,,,
"1","진천","청소년","출장","18","관리자","참가","20250227","M","178.7","88.4","31.3","92","94","138","45.9","46.6",,"44","15.6","17.63","0.599","48.075","11","48.581","27.7",,"45",,,,,,,,"52.7",,"40.8",,,,,,,,,,,,,,,,,
"2","진천","성인","출장","19","관리자","3등급","20250227","M","181.3","67","9.9","74.5","85","138","37.4","46.3",,,"15.4",,,,,,"20.4","43","71",,"245",,,,,,"69.1",,"50.1",,,,,,,,,,"0.37",,,,,,,
"1","진천","청소년","출장","18","관리자","3등급","20250227","M","172.2","63.3","14.1","70.5","87","137","40.7","43.5",,"55","5.2","15.4","0.644","42.3","8","42.668","21.3",,"62",,,,,,,,"68.7",,"47.5",,,,,,,,,,,,,,,,,
"1","진천","청소년","출장","18","관리자","참가","20250227","M","171.2","65.2","25.2","78","93","139","38.5","37.2",,"45","2.4","18.93","0.578","44.982","5","45.212","22.2",,"46",,,,,,,,"59.0",,"43.9",,,,,,,,,,,,,,,,,
"3","진천","청소년","출장","18","관리자","참가","20250227","F","156.6","71.5","38.3","84.3","78","155","27.5","30.6",,"35","15.4","19.5","0.456","46.585","12","47.137","29.2",,"50",,,,,,,,"42.8",,"36.1",,,,,,,,,,,,,,,,,
"1","제주","성인","일반","20","관리자","참가","20250227","M","178.4","90.1","17","89.9","66","118","41.5","44.7",,,"15.3",,,,,,"28.3","39","50",,"231",,,,,,"49.6",,"41.7",,,,,,,,,,"0.296",,,,,,,
"5","세종","성인","일반","21","관리자","3등급","20250227","F","166.6","54.9","24.6","74.6","78","128","19.9","22.5",,,"26.7",,,,,,"19.8","53",,,"180",,,,,,"41.0",,,"90","118","150",,"38.4",,,,,"0.321",,,,,,,
"1","경산","성인","일반","23","관리자","참가","20250227","F","167.9","64.8","26","67","76","127","23.9","25.4",,,"28.2",,,,,,"23.0","18",,,,,,,,,"39.2",,,"85","123","142",,"37.8",,,,,"0.477","0.426",,,,,,
"1","서대문","성인","일반","24","관리자","참가","20250227","F","163.7","54.1","30.6",,"80","120","27.8","26.4",,,"19.3",,,,,,"20.2","21","124",,"127",,,,,,"51.4",,"65.4",,,,,,,,,,"0.397",,,,,,,
"1","KSPO아산","성인","일반","31","관리자","2등급","20250227","F","157.1","44.9","20.1","68","70","123","24.2","24",,,"17.2",,,,,,"18.2","31",,"13.2","182",,,,,,"53.9",,,"95","124","146",,"39.4",,,,,,,,,,,,
"1","군산","성인","일반","43","관리자","3등급","20250227","M","175.3","75.9","15.6","88","77","129","35.7","43.1",,,"19.4",,,,,,"24.7","34",,"11.09","236",,,,,,"56.8",,,"94","111","129","162","39.1",,,,,,,,,,,,
"3","사천","어르신","일반","65","관리자","3등급","20250227","F","163.1","61.3","26.7","83","88","156","31.2","31",,,"14.8",,,,,,"23.0",,,,,"23",,"125","5.11","17.14","50.9",,,,,,,,,,,,,,,,,,,"31.2"
"4","성동","어르신","일반","75","관리자","참가","20250227","F","149.9","59.8","42",,"87","142","21.8","24",,,"1.3",,,,,,"26.6",,,,,"22",,"109","5.9","24.35","40.1",,,,,,,,,,,,,,,,,,,"24.0"
"2","KSPO대구","성인","일반","23","관리자","2등급","20250227","M","182.1","80","18.1","79","58","110","48.7","58.6",,,"22.7",,,,,,"24.1","59","54","9","277",,,,,,"73.3",,"43.8",,,,,,,,,,,,,,,,,
"3","포천","성인","일반","28","관리자","1등급","20250227","M","168","73.1","18.2","80","80","132","45.7","48.1",,,"15.1",,,,,,"25.9","52","54","10.04","220",,,,,,"65.8",,"44.7",,,,,,,,,,,,,,,,,
"5","KSPO송파별관(어르신)","어르신","일반","67","관리자","2등급","20250227","F","148.1","45","29.5",,"65","159","18.7","22.7",,,"17.1",,,,,,"20.5",,,,,"33",,"139","4.76","17.37","50.4",,,,,,,,,,,,,,,,,,,"22.7"
"2","서구(대전)","성인","일반","20","관리자","1등급","20250227","M","173.9","63.7","12.7",,"67","122","44","44.5",,,"22.8",,,,,,"21.1","57","63",,"260",,,,,,"69.9",,"48.7",,,,,,,,,,"0.298",,,,,,,
"1","KSPO대구","성인","일반","23","관리자","참가","20250227","F","167.9","51.7","26.2","64","79","117","25.2","28.3",,,"17.2",,,,,,"18.3","14","16",,"152",,,,,,"54.7",,"33.0",,,,,,,,,,"0.318",,,,,,,
"5","오산","어르신","일반","78","관리자","참가","20250227","M","173.6","75.5","50.4","101.5","78","155","32.9","35.7",,,"-1.8",,,,,,"25.1",,,,,"13",,"91","8.07","40.13","47.3",,,,,,,,,,,,,,,,,,,"35.7"
"4","KSPO송파별관(어르신)","어르신","일반","75","관리자","1등급","20250227","M","171","73.7","28.4",,"75","171","46.3","41.7",,,"9.1",,,,,,"25.2",,,,,"28",,"120","4.51","18.94","62.8",,,,,,,,,,,,,,,,,,,"46.3"
"4","동작","어르신","일반","74","관리자","2등급","20250227","M","170.5","66.7","22.3","89","98","145","39.8","42.1",,,"7.3",,,,,,"22.9",,,,,"27",,"132","4.67","19.75","63.1",,,,,,,,,,,,,,,,,,,"42.1"
"9","동작","어르신","일반","69","관리자","2등급","20250227","M","168.7","76.8","29.4","94","95","136","38.7","43.6",,,"10.9",,,,,,"27.0",,,,,"28",,"142","4.28","17.74","56.8",,,,,,,,,,,,,,,,,,,"43.6"
"2","천안","성인","일반","26","관리자","참가","20250227","M","178.4","82.4","25.8",,"73","125","41.6","42",,,"-0.1",,,,,,"25.9","40",,,"202",,,,,,"51.0",,,,,,,,"90","46.4",,,"0.358",,,,,,,
"1","중구(서울)","성인","일반","25","관리자","참가","20250227","M","184.5","78.8","17.8","83.9","63","107","52.1","50.9",,,"3.0",,,,,,"23.1","39",,,"203",,,,,,"66.1",,,,,,,,"102","46.2",,,"0.411",,,,,,,
"2","중구(서울)","성인","일반","23","관리자","참가","20250227","F","157","45.6","26.7","67","77","111","17.2","22.5",,,"23.7",,,,,,"18.5","12",,,"151",,,,,,"49.3",,,,,,,,"146","36.3",,,"0.429",,,,,,,
"2","천안","성인","일반","26","관리자","2등급","20250227","M","175","76","22.8",,"74","130","38.9","46.9",,,"15.4",,,,,,"24.8","45",,,"199",,,,,,"61.7",,,,,,,,"110","44.6",,,"0.282",,,,,,,
"2","KSPO아산","성인","일반","25","관리자","2등급","20250227","M","179.6","75.9","18.7","84","70","133","48.7","44.5",,,"16",,,,,,"23.5","47",,,"232",,,,,,"64.2",,,,,,,,"125","43.1",,,"0.329",,,,,,,
"2","KSPO송파","성인","일반","24","관리자","2등급","20250227","F","169.5","53.9","28","57.6","63","110","27.1","29.7",,,"16.9",,,,,,"18.8","30",,"12.37",,,,,,,"55.1",,,,,,,,"120","38.4",,,,"0.483",,,,,,
"1","KSPO송파","성인","일반","21","관리자","참가","20250227","M","174.4","61.9","20.6","67.6","86","137","35.5","40.1",,,"-3.8",,,,,,"20.4","33",,,,,,,,,"64.8",,,"95","111","128","157","49.4",,,,,"0.377","0.519",,,,,,
"1","부천","성인","일반","23","관리자","3등급","20250227","F","172.2","53.3","31.2",,"73","125","21.8","24.5",,,"12.5",,,,,,"18.0","26",,,"151",,,,,,"46.0",,,,,,,,"156","34.6",,,"0.363",,,,,,,
"1","수원","성인","일반","55","관리자","참가","20250227","M","170.4","72.8","22.7","90","95","150","30.8","36.5",,,"-8.4",,,,,,"25.1","26",,"12.8","187",,,,,,"50.1",,,,,,,,"115","37.1",,,,,,,,,,
"4","수원","성인","일반","27","관리자","1등급","20250227","F","161.6","51.4","27.4","65","81","129","26.9","29.4",,,"19.1",,,,,,"19.7","40",,"12.1",,,,,,,"57.2",,,,,,,,"129","36.6",,,,"0.445",,,,,,
"2","서대문","성인","일반","20","관리자","3등급","20250227","M","165.6","68.8","17.4",,"80","120","50.6","54.5",,,"8.2",,,,,,"25.1","51","62","10.40","240",,,,,,"79.2",,"47.9",,,,,,,,,,,,,,,,,
"2","시흥","성인","일반","26","관리자","2등급","20250227","F","161","52.4","29.2","65","95","125","23.7","23.6",,,"18.5",,,,,,"20.2","36","28","13.06",,,,,,,"45.2",,"36.3",,,,,,,,,,,"0.529",,,,,,
"4","수원","성인","일반","27","관리자","3등급","20250227","F","168.5","55.3","25.7","67","62","103","26.4","29.9",,,"23",,,,,,"19.5","22",,,,,,,,,"54.1",,,,,,,,"143","34.6",,,"0.492","0.44",,,,,,
"1","구미","성인","일반","19","관리자","참가","20250227","M","169.6","58.5","22.4","73","58","112","34","34.2",,,"8.3",,,,,,"20.3","29","29",,,,,,,,"58.5",,"41.7",,,,,,,,,,"0.324","0.524",,,,,,
"3","수원","성인","일반","22","관리자","3등급","20250227","F","167.7","53.3","31.6","66","76","118","21.3","27.3",,,"20.4",,,,,,"19.0","25",,,"161",,,,,,"51.2",,,,,,,,"144","35.9",,,"0.331",,,,,,,
"2","부천","성인","일반","25","관리자","3등급","20250227","F","160.8","42.2","17.5",,"65","101","24.3","27.1",,,"12.8",,,,,,"16.3","24",,,"152",,,,,,"64.2",,,,,,,,"127","39.4",,,"0.363",,,,,,,
"3","서대문","성인","일반","23","관리자","1등급","20250227","F","171","59.0","18",,"80","120","38.2","36.2",,,"21.0",,,,,,"20.2","59","48",,,,,,,,"64.7",,"41.6",,,,,,,,,,"0.297","0.586",,,,,,
"4","북구(광주)","성인","일반","25","관리자","1등급","20250227","F","164.4","45.8","19.3","63.4","72","109","26.9","31.1",,,"19.1",,,,,,"16.9","36",,,,,,,,,"67.9",,,"94","117","151",,"39.4",,,,,"0.331","0.470",,,,,,
"1","KSPO아산","청소년","일반","17","관리자","참가","20250227","M","171.1","58.6","8.7","74.5","70","125","42.1","39.1","36",,"8.7","19.25","0.596","52.344","12","52.896","20.0",,"33",,,,,,,,"71.8",,"42.5",,,,,,,,,,,,,,,,,
"5","북구(광주)","성인","일반","47","관리자","1등급","20250227","M","171.8","72.3","21.1","86.7","66","131","40.7","48.4",,,"16.4",,,,,,"24.5","42",,"11.31","227",,,,,,"66.9",,,"72","98","113","143","43.1",,,,,,,,,,,,
"1","마포","성인","일반","24","관리자","1등급","20250227","M","189.4","78.7","8.1","75","93","135","60.3","68.6",,,"19.8",,,,,,"21.9","56","62",,"245",,,,,,"87.2",,"45.7",,,,,,,,,,"0.332",,,,,,,
"1","구미","성인","일반","28","관리자","참가","20250227","M","180.7","87.6","22.3","91.5","78","143","44.3","43.7",,,"14.1",,,,,,"26.8","54","49",,"228",,,,,,"50.6",,"41.2",,,,,,,,,,"0.340",,,,,,,
"3","스포원(금정)","성인","일반","24","관리자","1등급","20250227","F","166.2","59.5","29.2",,"98","140","26.1","30.4",,,"22.1",,,,,,"21.5","40",,,,,,,,,"51.1",,,,,,,,"98","39.4",,,"0.372","0.484",,,,,,
"3","스포원(금정)","성인","일반","28","관리자","참가","20250227","M","173.7","67.8","23.2",,"85","131","34","39.4",,,"-1.3",,,,,,"22.5","40",,,"195",,,,,,"58.1",,,"95","124","139","170","44.6",,,,,"0.303",,,,,,,
"1","스포원(금정)","성인","일반","19","관리자","3등급","20250227","M","170.5","61","12.3",,"59","99","40.6","50.4",,,"10.8",,,,,,"21.0","56","74","9.8","233",,,,,,"82.6",,"51.9",,,,,,,,,,,,,,,,,
"5","KSPO송파별관(어르신)","어르신","일반","67","관리자","1등급","20250227","F","162.1","62.4","32.4",,"80","122","24.8","28.6",,,"20",,,,,,"23.7",,,,,"29",,"138","4.85","17.32","45.8",,,,,,,,,,,,,,,,,,,"28.6"
"2","증평","청소년","일반","17","관리자","2등급","20250227","M","170.4","73.3","14.8","82.9","70","138","41.3","44.2",,"53","11.8","18.3","0.618","47.131","9","47.545","25.2",,,,,,,,,,"60.3",,,"73","105","120",,"47.9",,,,,,,,,,,,
"1","KSPO송파별관(어르신)","어르신","일반","65","관리자","참가","20250227","M","167.6","77.8","29",,"72","122","33","34",,,"-7",,,,,,"27.7",,,,,"26",,"106","4.75","19.80","43.7",,,,,,,,,,,,,,,,,,,"34.0"
"1","성남","성인","일반","25","관리자","참가","20250227","M","180.7","76.1","16.9",,"81","126","35.3","43.3",,,"2.4",,,,,,"23.3","42",,,,,,,,,"56.9",,,,,,,,"140","40.9",,,"0.291","0.596",,,,,,
"2","성남","성인","일반","25","관리자","3등급","20250227","M","178.2","62.3","13.8",,"62","106","37.9","39.1",,,"13.8",,,,,,"19.6","52","35","10.19","232",,,,,,"62.8",,"41.9",,,,,,,,,,,,,,,,,
"1","중구(서울)","어르신","일반","73","관리자","1등급","20250227","M","167","63.7","21.4","89.3","88","179","34.2","39",,,"11.9",,,,,,"22.8",,,,,"27",,"122","5.1","19.9","61.2",,,,,,,,,,,,,,,,,,,"39.0"
"1","중구(서울)","어르신","일반","65","관리자","3등급","20250227","M","162.3","75.8","26.7","92.8","85","148","37.5","44.4",,,"11.3",,,,,,"28.8",,,,,"26",,"101","4.3","20.2","58.6",,,,,,,,,,,,,,,,,,,"44.4"
"2","KSPO송파","성인","일반","28","관리자","참가","20250227","M","174.6","88","31.4",,"84","149","55.1","56.2",,,"-2.2",,,,,,"28.9","41",,,"208",,,,,,"63.9",,,,,,,,"153","35.1",,,"0.346",,,,,,,
"3","KSPO송파","성인","일반","21","관리자","참가","20250227","F","168.2","53.5","31.4",,"75","111","18.8","23.9",,,"17.6",,,,,,"18.9","22",,,,,,,,,"44.7",,,,,,,,"141","36.4",,,"0.354","0.481",,,,,,
"1","부천","어르신","일반","67","관리자","참가","20250227","M","159.3","60.9","33.2",,"68","143","25.2","26.3",,,"-4.9",,,,,,"24.0",,,,,"23",,"120","4.85","19.31","43.2",,,,,,,,,,,,,,,,,,,"26.3"
"4","부천","어르신","일반","74","관리자","3등급","20250227","M","172.2","60.7","17.7",,"81","143","29.5","31.1",,,"0.9",,,,,,"20.5",,,,,"18",,"112","5.81","23.94","51.2",,,,,,,,,,,,,,,,,,,"31.1"
"1","사상","성인","일반","23","관리자","참가","20250227","F","165.3","52.5","33.2","62","83","120","17","18.2",,,"8.7",,,,,,"19.2","26",,,"135",,,,,,"34.7",,,,,,,,"141","36.0",,,"0.375",,,,,,,
"1","사상","성인","일반","19","관리자","참가","20250227","M","170.4","64.3","17.4","68.5","78","139","37","37.1",,,"18.7",,,,,,"22.1","27",,"10.6",,,,,,,"57.7",,,"94","119","132","168","48.1",,,,,,"0.563",,,,,,
"1","고양","성인","출장","21","관리자","참가","20250227","M","179.2","71.5","9.7",,"76","123","36.5","44.6",,,"10",,,,,,"22.3","22","44","10.57","211",,,,,,"62.4",,"43.0",,,,,,,,,,,,,,,,,
"1","목포","청소년","일반","14","관리자","3등급","20250227","M","172.8","61.8","13.4","70.8","76","124","29","26.6","80",,"16.2","18.78","0.514","52.628","7","52.950","20.7",,"86",,,,,,,,"46.9",,"52.3",,,,,,,,,,,,,,,,,
"1","북구(광주)","성인","일반","22","관리자","참가","20250227","F","158.5","48.1","31.9","74.2","77","131","19.1","20.6",,,"12.6",,,,,,"19.1","12",,,"156",,,,,,"42.8",,,,,,,,"147","35.9",,,"0.332",,,,,,,
"1","사천","성인","일반","32","관리자","참가","20250227","M","165.3","64.7","22.2",,"73","114","36.1","33.2",,,"0.3",,,,,,"23.7","39",,"11.53","214",,,,,,"55.8",,,"69","94","108","145","48.4",,,,,,,,,,,,
"1","청주","성인","일반","35","관리자","참가","20250227","F","162","55.2","23.5","74.7","74","123","28.1","32.7",,,"5.5",,,,,,"21.0","40","20",,"179",,,,,,"59.2",,"33.1",,,,,,,,,,"0.357",,,,,,,
"1","무안","어르신","일반","65","관리자","참가","20250227","F","152.5","74","46.1","99","97","159","23.2","19.4",,,"6",,,,,,"31.8",,,,,"15",,"106","6.28","28.97","31.4",,,,,,,,,,,,,,,,,,,"23.2"
"1","고양","성인","출장","20","관리자","참가","20250227","M","170.4","70.8","24.6",,"77","140","26.9","41.5",,,"-15",,,,,,"24.4","28","32","11.83","145",,,,,,"58.6",,"40.5",,,,,,,,,,,,,,,,,
"1","춘천","성인","출장","46","관리자","2등급","20250227","M","170.2","82.9","33","96.6","81","126","44.3","47.5",,,"19",,,,,,"28.6","40","35","12.0","180",,,,,,"57.3",,"37.4",,,,,,,,,,,,,,,,,
"1","청주","성인","일반","27","관리자","참가","20250227","F","155.1","58","40.8","81.2","75","122","31.2","33.6",,,"5.6",,,,,,"24.1","26","14",,"156",,,,,,"57.9",,"31.0",,,,,,,,,,"0.268",,,,,,,
"1","사천","성인","일반","19","관리자","참가","20250227","M","170","75.2","24.2","92.9","80","120","37.5","37.4",,,"19",,,,,,"26.0","32","33",,,,,,,,"49.9",,"40.2",,,,,,,,,,"0.417","0.526",,,,,,
"1","춘천","성인","출장","49","관리자","참가","20250227","M","168.2","73.8","28.6","88.6","61","121","37.1","37.8",,,"15.2",,,,,,"26.1","25","29","12.5","180",,,,,,"51.2",,"37.1",,,,,,,,,,,,,,,,,
"2","남구(부산)","성인","일반","27","관리자","참가","20250227","M","176","65.5","26.4",,"74","127","35.5","35.2",,,"13.6",,,,,,"21.1","9",,,,,,,,,"54.2",,,,,,,,"109","46.9",,,"0.325","0.526",,,,,,
"4","고양","성인","출장","19","관리자","참가","20250227","M","171.4","84.2","30",,"69","124","37.2","38.8",,,"16",,,,,,"28.7","50","33","11.20","165",,,,,,"46.1",,"38.9",,,,,,,,,,,,,,,,,
"1","춘천","성인","출장","44","관리자","참가","20250227","F","156","54","26.5","76.3","80","123","27","24.1",,,"11.5",,,,,,"22.2","32","10","14.9","170",,,,,,"50.0",,"29.8",,,,,,,,,,,,,,,,,
"1","KSPO대구","성인","일반","25","관리자","2등급","20250227","F","162.3","52.8","30.2","67","76","116","25.5","27.1",,,"15.8",,,,,,"20.0","30",,,"148",,,,,,"51.3",,,,,,,,"105","39.7",,,"0.393",,,,,,,
"1","춘천","성인","출장","53","관리자","참가","20250227","F","163.5","60.1","37.2","82","50","119","26.7","28.7",,,"2",,,,,,"22.5","21","17","14.38","125",,,,,,"47.8",,"30.7",,,,,,,,,,,,,,,,,
"1","춘천","성인","출장","45","관리자","참가","20250227","M","179.3","71.5","22.6","86.7","61","121","40.4","48.7",,,"-6",,,,,,"22.2","39","20","11.56","185",,,,,,"68.1",,"35.4",,,,,,,,,,,,,,,,,
"1","고양","성인","출장","26","관리자","3등급","20250227","M","174","76","20.1",,"63","123","46.3","50.3",,,"12.2",,,,,,"25.1","42","53","10.03","231",,,,,,"66.2",,"44.1",,,,,,,,,,,,,,,,,
"1","KSPO대구","성인","일반","25","관리자","참가","20250227","F","170.9","55.2","30.9","64","86","128","25.5","26.8",,,"0",,,,,,"18.9","6",,,"122",,,,,,"48.6",,,,,,,,"140","35.6",,,"0.423",,,,,,,
"3","사천","성인","일반","20","관리자","2등급","20250227","F","163.8","50","31.6",,"81","120","18.8","23.5",,,"24",,,,,,"18.6","35",,,"145",,,,,,"47.0",,,,,,,,"99","42.1",,,"0.357",,,,,,,
"1","목포","청소년","일반","14","관리자","참가","20250227","M","156.1","48.5","12.1","63.8","86","120","20.3","21.8","35",,"12.8","18.57","0.527","43.292","10","43.752","19.9",,"77",,,,,,,,"44.9",,"50.9",,,,,,,,,,,,,,,,,
"1","고양","성인","출장","20","관리자","참가","20250227","M","171.7","76.5","23.7",,"82","132","29.2","37.5",,,"23.3",,,,,,"25.9","42","65","10.66","197",,,,,,"49.0",,"47.4",,,,,,,,,,,,,,,,,
"1","춘천","성인","출장","50","관리자","참가","20250227","M","175.4","83.7","29.3","97","82","121","48.5","45.7",,,"5.5",,,,,,"27.2","20","15","12.9","210",,,,,,"57.9",,"32.2",,,,,,,,,,,,,,,,,
"1","창원마산회원","성인","일반","20","관리자","3등급","20250227","M","177.3","74.3","16.3","82","62","125","37.4","39.7",,,"10.4",,,,,,"23.6","47","45","10.63","229",,,,,,"53.4",,"42.9",,,,,,,,,,,,,,,,,
"1","춘천","성인","출장","42","관리자","참가","20250227","F","167.2","62.4","36.9","84.3","61","123","23.3","24.1",,,"2",,,,,,"22.3","22","11","14.5","130",,,,,,"38.6",,"29.0",,,,,,,,,,,,,,,,,
"2","남구(부산)","성인","일반","25","관리자","참가","20250227","F","165.5","48.6","19.1",,"97","136","27.3","26.4",,,"21.4",,,,,,"17.7","8",,,"162",,,,,,"56.2",,,,,,,,"123","38.8",,,"0.399",,,,,,,
"4","중구(서울)","어르신","일반","70","관리자","1등급","20250227","M","173.5","65.1","11","81","99","158","41.4","44.5",,,"14.3",,,,,,"21.6",,,,,"32",,"123","5.5","20.3","68.4",,,,,,,,,,,,,,,,,,,"44.5"
"1","고양","성인","출장","27","관리자","2등급","20250227","M","174.2","72.8","16.7",,"77","133","49.4","51.1",,,"13",,,,,,"24.0","65","56","10.34","231",,,,,,"70.2",,"45.2",,,,,,,,,,,,,,,,,
"1","익산","성인","일반","24","관리자","참가","20250227","F","162.3","48.8","21.7",,"72","117","27.9","28.8",,,"14.7",,,,,,"18.5","12","15",,"152",,,,,,"59.0",,"33.0",,,,,,,,,,"0.390",,,,,,,
"1","천안","성인","일반","26","관리자","참가","20250227","F","161.7","50.7","24.1",,"62","125","22.4","27",,,"-1.6",,,,,,"19.4","24",,"15.02",,,,,,,"53.3",,,"93","116","135",,"40.6",,,,,,"0.452",,,,,,
"1","춘천","성인","출장","52","관리자","참가","20250227","M","184","94.6","29.1","103.8","59","129","43.6","51.6",,,"17.8",,,,,,"27.9","34","26","13.31","188",,,,,,"54.5",,"32.8",,,,,,,,,,,,,,,,,
"1","고양","성인","출장","21","관리자","참가","20250227","M","165.1","64.3","21.2",,"70","115","32.6","50.5",,,"-3",,,,,,"23.6","51","55","10.87","164",,,,,,"78.5",,"46.9",,,,,,,,,,,,,,,,,
"1","중구(서울)","성인","일반","23","관리자","참가","20250227","F","167.3","60.9","29.8","85","70","120","27.9","28.9",,,"14.8",,,,,,"21.8","10",,,"151",,,,,,"47.5",,,,,,,,"107","38.3",,,"0.333",,,,,,,
"1","영동","성인","일반","49","관리자","2등급","20250227","F","154.9","54.1","25.4",,"92","155","30.2","31.2",,,"15.1",,,,,,"22.5","29",,,"142",,,,,,"57.7",,,,,,,,"111","33.4",,,"0.358",,,,,,,
"1","창원마산회원","성인","일반","25","관리자","참가","20250227","F","168.1","53.9","30.8","63","61","111","21.6","24.1",,,"16.5",,,,,,"19.1","19",,,"147",,,,,,"44.7",,,"76","117","155",,"37.6",,,,,"0.289",,,,,,,
"1","춘천","성인","출장","47","관리자","참가","20250227","M","169.4","72.4","21.1","85.6","84","129","47.3","44.9",,,"1.8",,,,,,"25.2","30","21","12.6","195",,,,,,"65.3",,"35.6",,,,,,,,,,,,,,,,,
"1","고양","성인","출장","20","관리자","참가","20250227","M","176.5","77.9","21.6",,"57","112","37.7","36.1",,,"9",,,,,,"25.0","41","37","10.88","191",,,,,,"48.4",,"40.5",,,,,,,,,,,,,,,,,
"1","KSPO송파","청소년","일반","18","관리자","참가","20250227","F","164.8","70.1","38.4","90.1","67","122","17.7","22",,"21","-17.8","22.72","0.432","58.625","11","59.131","25.8",,"18",,,,,,,,"31.4",,"31.6",,,,,,,,,,,,,,,,,
"2","천안","성인","일반","24","관리자","참가","20250227","M","177.1","67.3","17.2",,"70","116","43.4","43.9",,,"4.5",,,,,,"21.5","51",,"11.29",,,,,,,"65.2",,,"90","109","125","148","49.3",,,,,,"0.601",,,,,,
"2","춘천","성인","출장","53","관리자","참가","20250227","F","166.7","83.8","41.5","100.4","57","123","32.4","33.4",,,"18.8",,,,,,"30.2","11","11","14.65","150",,,,,,"39.9",,"25.1",,,,,,,,,,,,,,,,,
"1","KSPO대구","성인","일반","24","관리자","참가","20250227","M","174.2","77.3","24.4","81","83","132","45.6","52.1",,,"-1.3",,,,,,"25.5","47",,"11.1","208",,,,,,"67.4",,,,,,,,"105","45.5",,,,,,,,,,
"1","고양","성인","출장","21","관리자","3등급","20250227","M","181.6","85.9","13.7",,"67","127","39.9","52.3",,,"9.3",,,,,,"26.0","52","68","10.40","211",,,,,,"60.9",,"46.4",,,,,,,,,,,,,,,,,
"1","사천","성인","일반","64","관리자","3등급","20250227","F","151.1","49.9","32.9","78.3","78","130","27.9","27",,,"21",,,,,,"21.9","11","13",,,,,,,,"55.9",,"30.5",,,,,,,,,,"0.400","0.390",,,,,,
"2","달서","성인","일반","24","관리자","참가","20250227","M","177.4","83.5","23","87.8","79","115","39.6","41.1",,,"2.5",,,,,,"26.5","48",,,"189",,,,,,"49.2",,,,,,,,"77","48.5",,,"0.334",,,,,,,
"1","목포","청소년","일반","14","관리자","참가","20250227","M","163.6","54.1","10.4","68.8","65","115","29","26.9","80",,"-13.9","20.06","0.539","48.570","13","49.168","20.2",,"77",,,,,,,,"53.6",,"50.8",,,,,,,,,,,,,,,,,
"2","성남","성인","일반","24","관리자","3등급","20250227","M","179.0","72.8","18.9",,"78","140","43.2","42.7",,,"9.7",,,,,,"22.7","43",,"11.50",,,,,,,"59.3",,,,,,,,"98","47.9",,,,"0.498",,,,,,
"4","화성","성인","일반","22","관리자","3등급","20250227","F","169.4","58.8","24.3",,"74","118","31.1","32.3",,,"23.2",,,,,,"20.5","29",,,"186",,,,,,"54.9",,,"90","130","160",,"36.8",,,,,"0.332",,,,,,,
"1","성남","성인","일반","29","관리자","참가","20250227","M","176.1","91.5","34.3",,"97","147","45.8","42.3",,,"6.9",,,,,,"29.5","36",,"11.15",,,,,,,"50.1",,,,,,,,"144","35.5",,,,"0.558",,,,,,
"3","양평","성인","일반","60","관리자","참가","20250227","M","174.2","81.7","35.6",,"95","159","31.8","37.2",,,"5.4",,,,,,"26.9","14","14","13.4","144",,,,,,"45.5",,"31.4",,,,,,,,,,,,,,,,,
"1","고양","성인","출장","22","관리자","참가","20250227","M","180","68.4","20.5",,"69","124","55.9","33.5",,,"18.2",,,,,,"21.1","33","54","11.01","161",,,,,,"81.7",,"45.7",,,,,,,,,,,,,,,,,
"1","오산","성인","일반","23","관리자","3등급","20250227","F","172.8","50.7","29.4","73.2","78","116","21.2","20.4",,,"14.1",,,,,,"17.0","31",,"15.55",,,,,,,"41.8",,,"94","165","179",,"38.6",,,,,,"0.415",,,,,,
"3","청주","성인","일반","29","관리자","참가","20250227","M","173.1","69.3","25.3","79","74","134","48.2","48.2",,,"7.8",,,,,,"23.1","37",,,"217",,,,,,"69.6",,,,,,,,"109","45.4",,,"0.384",,,,,,,
"1","동구(광주)","성인","일반","31","관리자","참가","20250227","M","171.4","71.9","24.6","75","73","126","39.7","42.6",,,"11.8",,,,,,"24.5","33","34","10.85","191",,,,,,"59.2",,"39.9",,,,,,,,,,,,,,,,,
"1","목포","청소년","일반","13","관리자","2등급","20250227","M","165.1","56","7","67.5","67","127","37.2","35","69",,"7.5","17.18","0.613","55.581","8","55.949","20.5",,"84",,,,,,,,"66.4",,"51.9",,,,,,,,,,,,,,,,,
"1","오산","청소년","일반","17","관리자","참가","20250227","F","163.2","55.8","30.2","75.7","71","126","20.3","23.8","31",,"1.8","20.79","0.464","39.997","19","40.871","21.0",,"27",,,,,,,,"42.7",,"35.8",,,,,,,,,,,,,,,,,
"1","고양","성인","출장","20","관리자","3등급","20250227","M","182.5","70.8","15.8",,"63","121","42.9","46.5",,,"13.2",,,,,,"21.3","47","60","10.96","217",,,,,,"65.7",,"46.8",,,,,,,,,,,,,,,,,
"2","경산","성인","일반","23","관리자","1등급","20250227","F","166","49.4","16.5","64","65","114","26.9","27.9",,,"22.5",,,,,,"17.9","37",,,"170",,,,,,"56.5",,,"84","113","144",,"40.3",,,,,"0.338",,,,,,,
"1","목포","청소년","일반","14","관리자","참가","20250227","M","171.2","60.1","14.3","68.8","65","114","30","32.4","80",,"1.6","18.19","0.564","52.736","7","53.058","20.5",,"97",,,,,,,,"53.9",,"54.5",,,,,,,,,,,,,,,,,
"1","춘천","성인","출장","50","관리자","참가","20250227","M","171.9","73.9","24.4","91.4","86","124","48.1","57.4",,,"-1",,,,,,"25.0","30","33","11.6","198",,,,,,"77.7",,"37.9",,,,,,,,,,,,,,,,,
"2","동구(광주)","성인","일반","27","관리자","1등급","20250227","F","163.5","53.3","25.2","58","83","132","27.7","31",,,"20.3",,,,,,"19.9","35",,"12.36","181",,,,,,"58.2",,,,,,,,"130","36.2",,,,,,,,,,
"2","달서","성인","일반","25","관리자","참가","20250227","F","171.6","59.9","25.5","76","79","110","22.1","29.6",,,"12.9",,,,,,"20.3","6",,,"140",,,,,,"49.4",,,,,,,,"119","37.1",,,"0.288",,,,,,,
"3","KSPO송파","성인","일반","58","관리자","3등급","20250227","F","162","54.1","13.6","65","77","123","27.7","31.5",,,"13",,,,,,"20.6","28",,,,,,,,,"58.2",,,,,,,,"95","34.4",,,"0.439","0.422",,,,,,
"1","고양","성인","출장","21","관리자","참가","20250227","M","177.4","82.7","20.8",,"50","123","39.9","45.3",,,"17.8",,,,,,"26.3","31","41","10.69","203",,,,,,"54.8",,"40.7",,,,,,,,,,,,,,,,,
"1","춘천","성인","출장","49","관리자","참가","20250227","M","164.2","88.4","35.4","104.9","47","120","42.5","44.3",,,"13",,,,,,"32.8","41","15","11.9","190",,,,,,"50.1",,"31.8",,,,,,,,,,,,,,,,,
"1","경산","성인","일반","50","관리자","1등급","20250227","F","160.8","55.8","24.1","73","71","114","26.1","29.7",,,"29.3",,,,,,"21.6","30",,,"167",,,,,,"53.2",,,"69","90","114",,"37.3",,,,,"0.366",,,,,,,
"1","계룡","성인","일반","30","관리자","2등급","20250227","M","176","77.9","26",,"60","118","44.1","44.8",,,"12.6",,,,,,"25.1","46","47","10.63",,,,,,,"57.5",,"42.1",,,,,,,,,,,"0.583",,,,,,
"1","고양","성인","출장","21","관리자","참가","20250227","M","176.6","87.6","22.6",,"75","130","40.4","44.3",,,"3.2",,,,,,"28.1","44","46","10.04","220",,,,,,"50.6",,"41.1",,,,,,,,,,,,,,,,,
"1","춘천","성인","출장","53","관리자","3등급","20250227","F","140","41.5","33.7","67.4","60","121","16.7","20.6",,,"16.4",,,,,,"21.2","23","13","14.34","125",,,,,,"49.6",,"32.0",,,,,,,,,,,,,,,,,
"1","사상","성인","일반","24","관리자","3등급","20250227","F","165.5","60.8","33.8","69.5","84","133","23.4","26.5",,,"11",,,,,,"22.2","23",,,,,,,,,"43.6",,,"86","106","128",,"39.4",,,,,"0.414","0.457",,,,,,
"2","목포","청소년","일반","14","관리자","참가","20250227","M","158.3","58.1","7.1","61.3","68","128","23.6","20.2","71",,"8.4",,"0.564","43.705","15","44.395","23.2",,"107",,,,,,,,"40.6",,"55.1",,,,,,,,,,,,,,,,,
"4","남구(부산)","성인","일반","23","관리자","1등급","20250227","M","176.2","72.6","16.6",,"86","141","49.6","44.2",,,"17.8",,,,,,"23.4","60",,,"252",,,,,,"68.3",,,,,,,,"93","48.7",,,"0.284",,,,,,,
"2","북구(광주)","어르신","일반","67","관리자","2등급","20250227","M","167.9","54.6","12.7","79.2","71","124","26.9","31.6",,,"7.9",,,,,,"19.4",,,,,"29",,"133","4.18","17.98","57.9",,,,,,,,,,,,,,,,,,,"31.6"
"1","고양","성인","출장","20","관리자","참가","20250227","M","173.1","96.6","33.2",,"67","121","33.5","43.1",,,"-16.5",,,,,,"32.2","23","31","12.43","155",,,,,,"44.6",,"36.5",,,,,,,,,,,,,,,,,
"1","춘천","성인","출장","53","관리자","참가","20250227","F","150.6","67.7","44.6","95.7","57","118","19.6","22.3",,,"21",,,,,,"29.8","6","7","17.25","100",,,,,,"32.9",,"26.2",,,,,,,,,,,,,,,,,
"2","목포","청소년","일반","14","관리자","3등급","20250227","M","166.7","64.8","11.6","73.8","75","113","35.9","39.5","44",,"21.4","16.75","0.577","42.097","6","42.373","23.3",,"69",,,,,,,,"61.0",,"47.6",,,,,,,,,,,,,,,,,
"16","미추홀","성인","일반","34","관리자","3등급","20250227","F","160.3","65","30","75","77","120","27","27",,,"9.4",,,,,,"25.3","19","16",,,,,,,,"41.5",,"30.3",,,,,,,,,,"0.455",,,,,,,
"1","춘천","성인","출장","44","관리자","참가","20250227","F","156.8","47.8","28.8","74.1","85","131","21.4","20.4",,,"3.6",,,,,,"19.4",,"11","16.5","120",,,,,,"44.8",,"31.1",,,,,,,,,,,,,,,,,
"4","안산","성인","일반","62","관리자","3등급","20250227","F","147.2","49.7","30.6","73","74","128","22.1","22.4",,,"13.8",,,,,,"22.9","7",,,"115",,,,,,"45.1",,,"77","100","125",,"34.1",,,,,"0.335",,,,,,,
"1","고양","성인","출장","42","관리자","참가","20250227","M","168.9","75.5","29.4",,"80","136","37.1","29.7",,,"10",,,,,,"26.5","55","48","10.89","204",,,,,,"49.1",,"41.9",,,,,,,,,,,,,,,,,
"2","목포","청소년","일반","15","관리자","3등급","20250227","M","170.8","58.1","11.9","85.2","65","115","27.8","28.6","42",,"12.6","17.66","0.552","54.624","5","54.854","19.9",,"112",,,,,,,,"49.2",,"57.9",,,,,,,,,,,,,,,,,
"2","남구(부산)","성인","일반","19","관리자","3등급","20250227","M","172.3","66.5","16.1",,"59","135","39","43.3",,,"12.5",,,,,,"22.4","47",,"10.13","200",,,,,,"65.1",,,"83","119","143","181","45.0",,,,,,,,,,,,
"7","KSPO송파별관(어르신)","어르신","일반","66","관리자","1등급","20250227","F","156.4","60.7","38.4",,"79","160","27.7","27.7",,,"27",,,,,,"24.8",,,,,"27",,"150","4.44","17.10","45.6",,,,,,,,,,,,,,,,,,,"27.7"
"1","목포","청소년","일반","13","관리자","1등급","20250227","M","171","54.3","8.1","66.2","72","124","28.9","29.8","80",,"11.8","17.18","0.588","53.060","9","53.474","18.6",,"70",,,,,,,,"54.9",,"50.2",,,,,,,,,,,,,,,,,
"1","고양","성인","출장","25","관리자","3등급","20250227","M","177.5","76.7","20.8",,"74","139","39.9","40.7",,,"13.6",,,,,,"24.3","61","76","10.68","237",,,,,,"53.1",,"49.4",,,,,,,,,,,,,,,,,
"1","계룡","청소년","일반","18","관리자","2등급","20250227","F","168.2","74.8","33",,"73","120","35","43.1","48",,"16","20.56","0.508","57.624","18","58.452","26.4",,"40",,,,,,,,"57.6",,"35.6",,,,,,,,,,,,,,,,,
"1","춘천","성인","출장","49","관리자","참가","20250227","F","162.4","74.8","40.5","95.7","51","119","25.1","29.7",,,"-3",,,,,,"28.4","6","8","16.09","105",,,,,,"39.7",,"25.7",,,,,,,,,,,,,,,,,
"7","KSPO송파별관(어르신)","어르신","일반","73","관리자","3등급","20250227","M","159.3","68.9","31.7",,"89","160","31.7","29",,,"2",,,,,,"27.2",,,,,"29",,"127","5.42","23.61","46.0",,,,,,,,,,,,,,,,,,,"31.7"
"1","연제","성인","일반","23","관리자","3등급","20250227","F","168.3","55.7","26.1",,"69","116","26","28.1",,,"20.8",,,,,,"19.7","31","21","13.8",,,,,,,"50.4",,"33.9",,,,,,,,,,,"0.449",,,,,,
"1","성남","성인","일반","63","관리자","2등급","20250227","M","165.1","72.5","22.6",,"91","148","38.5","36.6",,,"17.7",,,,,,"26.6","47",,,,,,,,,"53.1",,,,,,,,"83","39.5",,,"0.469","0.456",,,,,,
"1","고양","성인","출장","20","관리자","참가","20250227","M","182.2","72.4","15.4",,"67","145","36.8","43.7",,,"1.6",,,,,,"21.8","45","61","10.67","230",,,,,,"60.4",,"46.8",,,,,,,,,,,,,,,,,
"2","목포","청소년","일반","14","관리자","3등급","20250227","M","166.1","54.9","10.2","68","75","115","27.1","24.2","67",,"9.5","18.22","0.490","48.227","4","48.411","19.9",,"107",,,,,,,,"49.4",,"56.8",,,,,,,,,,,,,,,,,
"1","목포","청소년","일반","14","관리자","3등급","20250227","M","183","68.3","11.2","73.1","62","115","34.6","40","42",,"18.4","17.25","0.578","46.446","17","47.228","20.4",,"89",,,,,,,,"58.6",,"53.0",,,,,,,,,,,,,,,,,
"2","목포","청소년","일반","13","관리자","참가","20250227","M","170.9","62.8","13.7","71.5","75","136","35.8","28","25",,"18.2","19.28","0.514","49.612","11","50.118","21.5",,"51",,,,,,,,"57.0",,"44.9",,,,,,,,,,,,,,,,,
"1","고양","성인","출장","33","관리자","3등급","20250227","M","167","65.2","22.2",,"85","123","35.4","43.7",,,"8.1",,,,,,"23.4","56","49","9.50","199",,,,,,"67.0",,"44.3",,,,,,,,,,,,,,,,,
"1","춘천","성인","출장","52","관리자","2등급","20250227","M","166","65.3","24.8","82.6","54","129","43.6","46",,,"21.1",,,,,,"23.7","37","38","11.5","215",,,,,,"70.4",,"40.3",,,,,,,,,,,,,,,,,
"1","동구(광주)","성인","일반","23","관리자","참가","20250227","F","157.9","45.5","33.4","64","83","122","16.5","20.8",,,"21.1",,,,,,"18.2","15",,,"151",,,,,,"45.7",,,,,,,,"168","33.7",,,"0.368",,,,,,,
"1","춘천","성인","출장","53","관리자","참가","20250227","F","166.3","69.5","39.1","91.3","83","125","17.8","19.7",,,"0",,,,,,"25.1",,"10","15.6","95",,,,,,"28.3",,"27.1",,,,,,,,,,,,,,,,,
"1","춘천","성인","출장","47","관리자","참가","20250227","M","169.9","77.9","33.3","97.2","56","135","43.3","46.4",,,"6.7",,,,,,"27.0","32","30","11.69","195",,,,,,"59.6",,"36.9",,,,,,,,,,,,,,,,,
"20","증평","성인","일반","36","관리자","2등급","20250227","M","171.8","73.7","17.4","81.9","86","138","56.5","50",,,"11.8",,,,,,"25.0","58","50",,"221",,,,,,"76.7",,"43.0",,,,,,,,,,"0.369",,,,,,,
"2","KSPO송파별관(어르신)","어르신","일반","66","관리자","2등급","20250227","M","169","64.2","19.6",,"81","149","41.6","48.2",,,"8.5",,,,,,"22.5",,,,,"26",,"132","4.83","19.56","75.1",,,,,,,,,,,,,,,,,,,"48.2"
"1","수원","어르신","일반","73","관리자","2등급","20250227","M","174.5","73.5","27.4","87","77","123","33.3","37.8",,,"4.5",,,,,,"24.1",,,,,"27",,"111","5","23.4","51.4",,,,,,,,,,,,,,,,,,,"37.8"
"1","춘천","성인","출장","36","관리자","참가","20250227","F","157.6","53.5","34.1","76.2","54","121","27.7","27.7",,,"7.3",,,,,,"21.5","28","20","13.1","130",,,,,,"51.8",,"33.2",,,,,,,,,,,,,,,,,
"3","서초","성인","일반","29","관리자","2등급","20250227","F","165.6","52.6","21.7","63.0","97","135","33.6","35.9",,,"27.5",,,,,,"19.2","29",,,,,,,,,"68.3",,,,,,,,"138","35.3",,,"0.361","0.527",,,,,,
"1","중구(서울)","어르신","일반","71","관리자","3등급","20250227","F","161.4","72.3","31.8","88.4","92","154","20.8","24.4",,,"16.6",,,,,,"27.8",,,,,"27",,"115","5.9","26.6","33.7",,,,,,,,,,,,,,,,,,,"24.4"
"1","춘천","성인","출장","53","관리자","참가","20250227","M","174.3","73.3","25.8","89.6","56","121","47.9","48.5",,,"9.7",,,,,,"24.1","16","10","13.62","195",,,,,,"66.2",,"32.3",,,,,,,,,,,,,,,,,
"3","서초","성인","일반","57","관리자","2등급","20250227","M","166.5","72.0","29.6","85.7","93","134","41.2","43.6",,,"14.7",,,,,,"26.0","38",,,,,,,,,"60.6",,,,,,,,"112","36.9",,,"0.358","0.539",,,,,,
"1","춘천","성인","출장","52","관리자","참가","20250227","F","151.3","61.2","37.5","85.1","57","121","25.7","22.3",,,"12",,,,,,"26.7","13","12","13.9","140",,,,,,"42.0",,"28.8",,,,,,,,,,,,,,,,,
"2","포항","성인","일반","25","관리자","2등급","20250227","F","167","49","21.2",,"81","123","25.4","28.4",,,"17.3",,,,,,"17.6","38",,,"156",,,,,,"58.0",,,,,,,,"150","35.6",,,"0.278",,,,,,,
"1","춘천","성인","출장","44","관리자","3등급","20250227","F","159.4","64.1","31.6","79.6","56","131","30.1","34.1",,,"20",,,,,,"25.2","32","15","16.03","110",,,,,,"53.2",,"29.7",,,,,,,,,,,,,,,,,
"1","춘천","성인","출장","43","관리자","참가","20250227","F","166.8","57.5","31.7","78.1","61","121","32.1","32",,,"19.1",,,,,,"20.7","23",,"18.2",,,,,,,"55.8",,,,,,,,,,,,,,,,,,,
"9","KSPO송파별관(어르신)","어르신","일반","72","관리자","2등급","20250227","M","157.3","56.6","30.7",,"74","133","31.1","20.5",,,"8.1",,,,,,"22.9",,,,,"23",,"115","5.87","25.19","54.9",,,,,,,,,,,,,,,,,,,"31.1"
"3","스포원(금정)","성인","일반","19","관리자","2등급","20250227","M","172.6","70.1","16.9",,"93","145","56.9","60.5",,,"13.8",,,,,,"23.5","49",,,"241",,,,,,"86.3",,,,,,,,"121","45.9",,,"0.334",,,,,,,
"1","북구(광주)","성인","일반","44","관리자","3등급","20250227","F","156.9","51.4","33.7","75.2","71","117","23.1","26.4",,,"13.5",,,,,,"20.9","26",,,"162",,,,,,"51.4",,,"86","102","120",,"38.5",,,,,"0.380",,,,,,,
"2","천안","성인","일반","29","관리자","3등급","20250227","F","169.8","62.6","33.9",,"52","91","25.4","25.6",,,"12.8",,,,,,"21.7","21",,,"153",,,,,,"40.9",,,,,,,,"98","38.1",,,"0.382",,,,,,,
"1","춘천","성인","출장","53","관리자","참가","20250227","M","161.5","61.2","25.7","81.9","61","135","44.7","35.7",,,"-3",,,,,,"23.5",,"16","17.28","110",,,,,,"73.0",,"35.7",,,,,,,,,,,,,,,,,
"4","서구(대전)","성인","일반","22","관리자","참가","20250227","M","169.2","87.8","33",,"68","124","43.4","46.1",,,"14.6",,,,,,"30.7","41","28",,,,,,,,"52.5",,"37.0",,,,,,,,,,"0.305","0.564",,,,,,
"1","남구(울산)","성인","일반","32","관리자","참가","20250227","M","173.5","96.7","39.3","114.2","96","148","40.6","41.6",,,"10.3",,,,,,"32.1","20",,,"175",,,,,,"43.0",,,"99","126","152",,"33.3",,,,,"0.337",,,,,,,
"1","춘천","성인","출장","50","관리자","참가","20250227","M","164.9","70.1","29.5","88.2","61","131","38.6","40",,,"2.2",,,,,,"25.8","32","12","12.7","193",,,,,,"57.1",,"33.7",,,,,,,,,,,,,,,,,
"3","서구(대전)","성인","일반","60","관리자","참가","20250227","M","177.5","93.3","34.8",,"75","146","43.3","48.1",,,"0.2",,,,,,"29.6","18","7",,,,,,,,"51.6",,"28.0",,,,,,,,,,"0.373","0.378",,,,,,
"1","서구(광주)","성인","일반","27","관리자","1등급","20250227","F","159","52","20.6","74","72","125","27.9","30.1",,,"21.6",,,,,,"20.6","49","38",,,,,,,,"57.9",,"39.3",,,,,,,,,,"0.345","0.472",,,,,,
"2","KSPO송파","성인","일반","19","관리자","3등급","20250227","M","180.9","72.8","10.4","79.2","72","133","47.2","51",,,"11",,,,,,"22.2","59",,,,,,,,,"70.1",,,"104","112","127","160","47.1",,,,,"0.364","0.706",,,,,,
"1","수원","성인","일반","27","관리자","참가","20250227","M","174.3","84.8","31.8","89","85","125","39.7","44",,,"2.1",,,,,,"27.9","51",,,,,,,,,"51.9",,,"110","129","153",,"37.0",,,,,"0.326","0.537",,,,,,
"1","세종","성인","일반","43","관리자","3등급","20250227","M","174.5","67.9","20.0","78.6","83","136","35.1","32.9",,,"14.4",,,,,,"22.3","49",,,"198",,,,,,"51.7",,,,,,,,"105","42.9",,,"0.362",,,,,,,
"1","제주","청소년","일반","18","관리자","3등급","20250227","F","170","60.2","19.5","75.7","85","131","23.6","23.3","80",,"31.9","21.92","0.564","55.375","20","56.295","20.8",,,,,,,,,,"39.2",,,,,,,,"140","40.2",,,,,,,,,,
"1","KSPO송파","성인","일반","47","관리자","1등급","20250227","F","164","56.9","22.7","72.3","89","146","24.5","27.9",,,"23",,,,,,"21.2","54","24",,"153",,,,,,"49.0",,"33.6",,,,,,,,,,"0.363",,,,,,,
"2","부천","성인","일반","46","관리자","참가","20250227","M","177.3","71.8","17.3",,"72","113","33.9","34.2",,,"14.7",,,,,,"22.8","32",,,"200",,,,,,"47.6",,,"69","90","100","120","48.3",,,,,"0.331",,,,,,,
"3","안산","성인","일반","26","관리자","2등급","20250227","F","172.4","62.4","29.6","63","69","118","27.5","33.6",,,"24.6",,,,,,"21.0","27",,,,,,,,,"53.8",,,"79","119","138",,"38.9",,,,,"0.385","0.458",,,,,,
"2","부천","성인","일반","19","관리자","3등급","20250227","M","171.1","65.7","19.5",,"90","150","36.7","39.3",,,"15.1",,,,,,"22.4","53",,,"219",,,,,,"59.8",,,,,,,,"136","44.5",,,"0.383",,,,,,,
"3","창원마산회원","성인","일반","23","관리자","참가","20250227","F","172.5","52.7","23.6","65.5","75","122","25.6","29.6",,,"14.5",,,,,,"17.7","12",,,,,,,,,"56.2",,,"95","101","97",,"47.2",,,,,"0.453","0.455",,,,,,
"1","중구(서울)","성인","일반","64","관리자","참가","20250227","M","170.1","69.1","14.5","91.5","73","119","44.7","49.8",,,"-6.5",,,,,,"23.9","32",,,,,,,,,"72.1",,,"86","105","130","154","35.2",,,,,"0.409","0.429",,,,,,
"2","구미","성인","일반","20","관리자","2등급","20250227","M","176.1","72.4","14.5","78","77","146","51.7","50.9",,,"17.5",,,,,,"23.3","48","61",,"249",,,,,,"71.4",,"47.0",,,,,,,,,,"0.3",,,,,,,
"1","군산","성인","일반","51","관리자","참가","20250227","F","156.4","56.6","34.5","77","80","131","27.2","29.3",,,"14.5",,,,,,"23.1","0",,,,,,,,,"51.8",,,,,,,,"152","27.6",,,"0.386","0.371",,,,,,
"1","KSPO대구","성인","일반","25","관리자","1등급","20250227","F","172.4","65.6","28.9","71","60","112","30.6","32",,,"20",,,,,,"22.1","40",,"11.75","168",,,,,,"48.8",,,,,,,,"95","38.7",,,,,,,,,,
"1","군산","성인","일반","54","관리자","참가","20250227","F","151.4","53.9","34.5","77","83","141","23.2","25.2",,,"10.1",,,,,,"23.5","0",,,,,,,,,"46.8",,,"80","126","149",,"32.7",,,,,"0.432","0.365",,,,,,
"1","서초","성인","일반","30","관리자","참가","20250227","M","180.3","61.9","13.9","80.8","78","110","41.3","39.9",,,"9.7",,,,,,"19.0","28",,,,,,,,,"66.7",,,,,,,,"90","50.1",,,"0.414","0.564",,,,,,
"4","전주","성인","일반","24","관리자","참가","20250227","F","165.1","59.7","31.5","81.1","82","116","34.3","30",,,"13.2",,,,,,"21.9","15",,,,,,,,,"57.5",,,,,,,,"125","36.0",,,"0.374","0.461",,,,,,
"1","서초","성인","일반","30","관리자","3등급","20250227","F","166.3","63.2","34.4","85.7","72","110","28.5","31.7",,,"14.8",,,,,,"22.9","32",,,,,,,,,"50.2",,,,,,,,"138","32.5",,,"0.430","0.428",,,,,,
"2","서초","성인","일반","24","관리자","2등급","20250227","F","169.5","62.1","30.2","80.7","97","135","25.8","26.7",,,"15.2",,,,,,"21.6","31",,,,,,,,,"43.0",,,,,,,,"107","38.0",,,"0.366","0.465",,,,,,
"1","포항","성인","일반","24","관리자","3등급","20250227","F","163.8","49","24.1",,"89","155","23.6","26.1",,,"19.1",,,,,,"18.3","30","22",,"178",,,,,,"53.3",,"35.1",,,,,,,,,,"0.278",,,,,,,
"2","안산","성인","일반","21","관리자","3등급","20250227","F","162.1","47.3","25.2","64","77","120","27.4","24.7",,,"20.4",,,,,,"18.0","25","19","12.1",,,,,,,"57.9",,"34.6",,,,,,,,,,,"0.445",,,,,,
"2","사천","어르신","일반","65","관리자","2등급","20250227","F","160.8","62.2","34.5",,"86","138","31","27.5",,,"16.5",,,,,,"24.1",,,,,"27",,"120","4.34","21.11","49.8",,,,,,,,,,,,,,,,,,,"31.0"
"2","성남","어르신","일반","69","관리자","3등급","20250227","F","147.9","59.8","34.4",,"87","155","19.7","14.7",,,"19.1",,,,,,"27.3",,,,,"23",,"111","4.96","20.49","32.9",,,,,,,,,,,,,,,,,,,"19.7"
"4","동작","성인","일반","24","관리자","3등급","20250227","F","165.7","61.3","25.1","65","69","122","30.8","30.8",,,"20.1",,,,,,"22.3","27",,,"174",,,,,,"50.2",,,,,,,,"136","34.3",,,"0.293",,,,,,,
"4","포천","성인","일반","26","관리자","1등급","20250227","M","170.8","68.4","17.9","70","87","137","40.7","49.4",,,"22.7",,,,,,"23.4","51",,"10.01","228",,,,,,"72.2",,,,,,,,"93","48.5",,,,,,,,,,
"2","동작","성인","일반","24","관리자","3등급","20250227","M","171.8","70.5","26.7","83","85","122","39.1","34.8",,,"7.2",,,,,,"23.9","50",,,,,,,,,"55.5",,,,,,,,"137","42.1",,,"0.367","0.527",,,,,,
"1","KSPO아산","성인","일반","22","관리자","3등급","20250227","F","167.1","53.6","26.7","64.5","63","127","23.5","28.2",,,"26.6",,,,,,"19.2","28",,,,,,,,,"52.6",,,,,,,,"145","35.6",,,"0.444","0.403",,,,,,
"2","광주","성인","일반","51","관리자","3등급","20250227","F","157.2","54.3","25.6",,"80","140","29","29",,,"13",,,,,,"22.0","15",,,,,,,,,"53.4",,,,,,,,"87","36.2",,,"0.478","0.360",,,,,,
"1","남원","유소년","일반","11","관리자","참가","20250227","F","140","33.2",,"59.2",,,"14.1","17.3","13",,"5.8",,,,,,"16.9",,"37",,"128",,,,,,"52.1",,,,,,,,,,,,,,"0.42","26","0",,,
"1","구미","성인","일반","46","관리자","3등급","20250227","M","176.4","78.6","23.3","90.1","96","156","41.8","42.4",,,"7.7",,,,,,"25.3","47","30",,"191",,,,,,"53.9",,"36.7",,,,,,,,,,"0.356",,,,,,,
"2","목포","청소년","일반","14","관리자","3등급","20250227","M","170.9","60.2","11.9","67.8","64","116","25.9","28.5","80",,"7.8","17.43","0.489","40.798","18","41.626","20.6",,"102",,,,,,,,"47.3",,"55.5",,,,,,,,,,,,,,,,,
"2","청주","성인","일반","19","관리자","3등급","20250227","M","172.5","64.6","10.3","73.7","49","105","44.2","43.2",,,"8.6",,,,,,"21.7","44","50",,,,,,,,"68.4",,"45.7",,,,,,,,,,"0.412","0.576",,,,,,
"1","남원","유소년","일반","11","관리자","참가","20250227","F","142.5","32",,"57.7",,,"16.2","15.1","13",,"12",,,,,,"15.8",,"21",,"131",,,,,,"50.6",,,,,,,,,,,,,,"0.40","30","3",,,
"1","포항","성인","일반","19","관리자","1등급","20250227","M","169.9","65.7","14.3",,"76","123","37.3","46",,,"18.4",,,,,,"22.8","69",,,"225",,,,,,"70.0",,,,,,,,"84","52.1",,,"0.242",,,,,,,
"4","광주","성인","일반","19","관리자","3등급","20250227","M","170","61","15.4",,"73","128","40.6","38.7",,,"7.5",,,,,,"21.1","52","42",,,,,,,,"66.6",,"44.4",,,,,,,,,,"0.342","0.625",,,,,,
"1","목포","청소년","일반","13","관리자","3등급","20250227","M","155.7","45.3","11.4","62.8","70","123","21.5","22.2","43",,"14.9","18.06","0.526","52.636","15","53.326","18.7",,"71",,,,,,,,"49.0",,"50.3",,,,,,,,,,,,,,,,,
"1","양평","성인","일반","61","관리자","참가","20250227","M","159","50.7","15.1",,"66","113","29.6","28.8",,,"6.8",,,,,,"20.1","7","10",,"139",,,,,,"58.4",,"35.3",,,,,,,,,,"0.342",,,,,,,
"1","목포","청소년","일반","13","관리자","1등급","20250227","M","168.5","53.2","17.2","70.9","84","131","30.4","33.5","80",,"14.6","18.66","0.526","48.826","11","49.332","18.7",,"54",,,,,,,,"63.0",,"47.0",,,,,,,,,,,,,,,,,
"1","목포","청소년","일반","13","관리자","3등급","20250227","M","156","52.9","20.1","68.8","72","117","21.9","23.7","80",,"9.5","17.97","0.501","55.596","10","56.056","21.7",,"71",,,,,,,,"44.8",,"48.7",,,,,,,,,,,,,,,,,
"1","목포","청소년","일반","13","관리자","1등급","20250227","M","178.2","69","14","73.2","77","151","35","35.8","69",,"24.4","17.34","0.551","45.895","10","46.355","21.7",,"97",,,,,,,,"51.9",,"53.8",,,,,,,,,,,,,,,,,
"4","서구(대전)","성인","일반","25","관리자","3등급","20250227","F","167.8","59.1","27",,"81","135","28.3","31.2",,,"22.7",,,,,,"21.0","21",,,"152",,,,,,"52.8",,,"111","144","178",,"33.2",,,,,"0.474",,,,,,,
"7","강릉","성인","출장","39","관리자","참가","20250228","M","157.8","71.8","40.8","98.5","82","121","15.3","14.1",,,"2.3",,,,,,"28.8","23","3",,"64",,,,,,"21.3",,"32.3",,,,,,,,,,"0.595",,,,,,,
"1","동구(광주)","성인","일반","23","관리자","참가","20250228","F","165","50.2","29.5","62","67","131","24","25.9",,,"26.3",,,,,,"18.4","19","17","12.56","156",,,,,,"51.6",,"33.5",,,,,,,,,,,,,,,,,
"7","강릉","성인","출장","31","관리자","참가","20250228","F","158.4","56.5","40.5","93.8","83","122","14.7","16",,,"1.7",,,,,,"22.5","22","4",,"51",,,,,,"28.3",,"28.1",,,,,,,,,,"0.801",,,,,,,
"7","강릉","성인","출장","33","관리자","참가","20250228","M","175.1","58.8","19.2","75.8","83","120","12.4","9.9",,,"2.6",,,,,,"19.2","8","0",,"0",,,,,,"21.1",,"33.6",,,,,,,,,,"1.99",,,,,,,
"6","강릉","성인","출장","30","관리자","참가","20250228","M","159.8","58","33","86.8","82","123","6","30.7",,,"-2.7",,,,,,"22.7","19","3",,"50",,,,,,"52.9",,"35.0",,,,,,,,,,"1.491",,,,,,,
"1","강릉","성인","출장","33","관리자","참가","20250228","F","150.0","61.0","50.4","88.8","83","127","17.8","16.0",,,"23.3",,,,,,"27.1","10","4",,"64",,,,,,"29.2",,"27.1",,,,,,,,,,"0.992",,,,,,,
"2","남구(울산)","어르신","일반","65","관리자","3등급","20250228","M","173.0","76.0","28.7","98.1","95","158","46.4","46.2",,,"2.2",,,,,,"25.4",,,,,"32",,"109","4.50","17.94","61.1",,,,,,,,,,,,,,,,,,,"46.4"
"5","스포원(금정)","성인","일반","24","관리자","참가","20250228","F","160.7","46.9","21.7",,"72","117","19","22.5",,,"7.4",,,,,,"18.2","16",,"13.6",,,,,,,"48.0",,,"76","123","144",,"41.5",,,,,,"0.451",,,,,,
"39","군산","어르신","일반","72","관리자","3등급","20250228","M","159.1","61.3","28.2","82","67","128","29","25.9",,,"13.2",,,,,,"24.2",,,,,"34",,"140","5.09","23.22","47.3",,,,,,,,,,,,,,,,,,,"29.0"
"1","군산","어르신","일반","65","관리자","참가","20250228","F","166.5","50","21.6","65","83","123","22.7","25.2",,,"21.1",,,,,,"18.0",,,,,"18",,"140","6.25","29.10","50.4",,,,,,,,,,,,,,,,,,,"25.2"
"3","북구(광주)","성인","일반","29","관리자","참가","20250228","M","178.1","76.2","27.4","86.6","90","144","40.7","39.3",,,"16.1",,,,,,"24.0","33",,,,,,,,,"53.4",,,,,,,,"135","40.4",,,"0.298","0.564",,,,,,
"1","사상","청소년","일반","13","관리자","1등급","20250228","M","179.6","59.5","6.9","61","81","133","41.1","41.6",,"51","25.3","19.48","0.619","48.388","12","48.940","18.4",,"60",,,,,,,,"69.9",,"48.3",,,,,,,,,,,,,,,,,
"1","사상","청소년","일반","16","관리자","1등급","20250228","M","172.5","57.7","10.8","63.5","72","122","43.6","44.5",,"60","14.7","17.82","0.644","39.363","9","39.777","19.4",,"61",,,,,,,,"77.1",,"48.2",,,,,,,,,,,,,,,,,
"1","안동","성인","일반","19","관리자","참가","20250228","M","181.7","88.2","23.3","83","60","142","48","51",,,"11.3",,,,,,"26.7","35",,,,,,,,,"57.8",,,,,,,,"120","42.7",,,"0.384","0.544",,,,,,
"1","서구(대전)","성인","일반","24","관리자","참가","20250228","F","158.3","90.1","46.1",,"69","108","29.2","29.1",,,"16.5",,,,,,"36.0","19",,,,,,,,,"32.4",,,"98","142","169",,"26.5",,,,,"0.431","0.428",,,,,,
"2","북구(광주)","성인","일반","24","관리자","2등급","20250228","F","173.0","57.3","27.6","62.3","62","97","25.9","29.3",,,"26.4",,,,,,"19.1","30","26","12.9","158",,,,,,"51.1",,"35.2",,,,,,,,,,,,,,,,,
"4","천안","성인","일반","35","관리자","참가","20250228","M","172.6","80.2","30.9",,"86","137","42.9","49.3",,,"17",,,,,,"26.9","45",,,"218",,,,,,"61.5",,,,,,,,"130","38.4",,,"0.281",,,,,,,
"1","청주","성인","일반","46","관리자","2등급","20250228","F","165.5","57.8","30.5","79.1","77","126","23.4","28.5",,,"19.9",,,,,,"21.1","22",,,"122",,,,,,"49.3",,,,,,,,"82","37.7",,,"0.365",,,,,,,
"1","익산","성인","일반","19","관리자","참가","20250228","M","166.4","73.4","32.8","94","87","127","41.3","40.9",,,"12.3",,,,,,"26.5","36","22",,,,,,,,"56.3",,"38.0",,,,,,,,,,"0.385","0.536",,,,,,
"1","창원","어르신","출장","82","관리자","3등급","20250228","M","153.3","62.6","36.8","93","65","118","28.6","21.9",,,"5.5",,,,,,"26.6",,,,,"23",,"117","8.42","35.12","45.7",,,,,,,,,,,,,,,,,,,"28.6"
"2","충주","성인","일반","22","관리자","참가","20250228","F","165.5","53.9","31.4","77","69","117","23.5","21.7",,,"9.4",,,,,,"19.7","25",,,"148",,,,,,"43.6",,,,,,,,"132","37.0",,,"0.384",,,,,,,
"3","창원","어르신","출장","80","관리자","참가","20250228","F","154.9","59.6","42.3","83","85","130","16.1","18.8",,,"0",,,,,,"24.8",,,,,"16",,"91","7.73","37.33","31.5",,,,,,,,,,,,,,,,,,,"18.8"
"1","천안","성인","일반","20","관리자","참가","20250228","M","176.3","73.7","21.7",,"85","133","43.7","50.3",,,"12",,,,,,"23.7","39","44","11.01","232",,,,,,"68.2",,"42.8",,,,,,,,,,,,,,,,,
"1","서구(대전)","성인","일반","22","관리자","3등급","20250228","M","180.5","83","14.8",,"70","145","51.8","48.5",,,"22.5",,,,,,"25.5","51",,,"255",,,,,,"62.4",,,"75","105","139","156","43.4",,,,,"0.262",,,,,,,
"1","창원마산회원","성인","일반","20","관리자","참가","20250228","M","185.9","85.5","19.6","87","80","155","51.6","50.7",,,"8.8",,,,,,"24.7","38","31",,"245",,,,,,"60.4",,"37.8",,,,,,,,,,"0.412",,,,,,,
"1","KSPO아산","성인","일반","26","관리자","3등급","20250228","F","169.5","55.9","23.5","76","77","117","24.3","25.8",,,"9.9",,,,,,"19.5","23",,,"174",,,,,,"46.2",,,,,,,,"129","36.5",,,"0.386",,,,,,,
"2","신안","성인","일반","63","관리자","참가","20250228","M","167.4","81.7","33.8","101","85","134","40","42.8",,,"11.4",,,,,,"29.2","28","16",,"187",,,,,,"52.4",,"31.8",,,,,,,,,,"0.371",,,,,,,
"1","달서","성인","일반","19","관리자","2등급","20250228","M","177.3","81.1","18.4","86.5","81","137","51.7","57.3",,,"11.5",,,,,,"25.8","58",,,"237",,,,,,"70.7",,,,,,,,"102","46.6",,,"0.371",,,,,,,
"1","곡성","성인","일반","62","관리자","3등급","20250228","M","171","70.6","19","79.5","96","159","39.6","42.4",,,"2.8",,,,,,"24.1","29",,"11.41","183",,,,,,"60.1",,,,,,,,"93","39.2",,,,,,,,,,
"4","나주","성인","일반","64","관리자","1등급","20250228","F","149","50.2","24.1",,"87","140","24.4","26.3",,,"26.4",,,,,,"22.6","22",,,"158",,,,,,"52.4",,,,,,,,"108","31.4",,,"0.341",,,,,,,
"1","창원","어르신","출장","75","관리자","2등급","20250228","F","149.8","55.3","34.5","78.9","76","110","19","22.6",,,"15.5",,,,,,"24.6",,,,,"24",,"98","7.17","28.68","40.9",,,,,,,,,,,,,,,,,,,"22.6"
"3","나주","성인","일반","51","관리자","참가","20250228","F","151.5","47.8","31.4","75.1","64","108","26.3","28.3",,,"11.6",,,,,,"20.8","20",,,"139",,,,,,"59.2",,,"79","123","147",,"34.9",,,,,"0.446",,,,,,,
"1","달서","청소년","일반","18","관리자","2등급","20250228","M","171.4","60.1","14.4","73.4","88","152","36.3","46.1",,"55","14","17.39","0.601","48.624","10","49.084","20.5",,,,,,,,,,"76.7",,,"95","148","159",,"47.3",,,,,,,,,,,,
"7","나주","성인","일반","42","관리자","1등급","20250228","F","169.7","59.6","21.8","72.1","71","117","30","31.7",,,"24.6",,,,,,"20.7","35",,,"169",,,,,,"53.2",,,"87","117","133",,"36.9",,,,,"0.379",,,,,,,
"2","KSPO대구","성인","일반","22","관리자","참가","20250228","F","169.1","58.5","39.4","71.5","75","123","19.9","29.4",,,"18.5",,,,,,"20.5","20",,,,,,,,,"50.3",,,"103","130","170",,"34.5",,,,,"0.414","0.416",,,,,,
"1","남원","청소년","일반","13","관리자","2등급","20250228","F","158.7","42","25.8","68.6","74","112","23.7","23.7",,"37","13.3","19.54","0.539","46.654","9","47.068","16.7",,"25",,,,,,,,"56.4",,"37.4",,,,,,,,,,,,,,,,,
"1","남원","청소년","일반","15","관리자","2등급","20250228","M","175.5","69","16.9","80.7","76","145","44.3","38.2",,"54","13.1","17.44","0.601","42.300","12","42.852","22.4",,"52",,,,,,,,"64.2",,"44.8",,,,,,,,,,,,,,,,,
"3","KSPO대구","성인","일반","23","관리자","참가","20250228","F","164.5","45.8","28.8","56","69","98","22.2","24.1",,,"15",,,,,,"16.9","13",,,,,,,,,"52.6",,,,,,,,"128","39.2",,,"0.419","0.474",,,,,,
"1","남원","청소년","일반","14","관리자","참가","20250228","M","158.7","51.9","22.8","72.7","80","119","27.7","36.1",,"47","15.8","19.34","0.514","42.892","6","43.168","20.6",,"18",,,,,,,,"69.6",,"39.0",,,,,,,,,,,,,,,,,
"1","창원","어르신","출장","79","관리자","참가","20250228","M","172.5","67.3","25.7","85","91","148","35.4","35",,,"-20",,,,,,"22.6",,,,,"12",,"115","6.4","27.82","52.6",,,,,,,,,,,,,,,,,,,"35.4"
"3","동해","청소년","일반","17","관리자","참가","20250228","M","170.7","68.8","19.7",,"82","127","40.9","42.7",,"47","21.1","18.03","0.567","43.725","5","43.955","23.6",,"36",,,,,,,,"62.1",,"41.1",,,,,,,,,,,,,,,,,
"1","남원","청소년","일반","14","관리자","3등급","20250228","M","162.9","51.2","17.6","70.4","66","121","26","27",,"49","11.8","19.15","0.602","44.155","5","44.385","19.3",,"42",,,,,,,,"52.7",,"44.4",,,,,,,,,,,,,,,,,
"1","남원","청소년","일반","13","관리자","참가","20250228","M","169.7","58.5","17.1","72.8","50","122","32.1","35",,"40","0.4","19.38","0.527","49.403","9","49.817","20.3",,"40",,,,,,,,"59.8",,"43.4",,,,,,,,,,,,,,,,,
"3","춘천","성인","일반","60","관리자","3등급","20250228","F","156.5","49.3","24.4","73.6","67","147","27.5","29.8",,,"18.5",,,,,,"20.1","8",,,"130",,,,,,"60.4",,,,,,,,"131","30.3",,,"0.455",,,,,,,
"1","KSPO광주","성인","일반","22","관리자","참가","20250228","M","174","81.7","30.4","90.5","69","124","37.8","38.4",,,"14.8",,,,,,"27.0","52","26",,,,,,,,"47.0",,"37.3",,,,,,,,,,"0.372","0.57",,,,,,
"1","남원","청소년","일반","16","관리자","3등급","20250228","F","158.8","46.5","26.2","71.0","63","115","25.5","29.8",,"41","14.2","20.4","0.495","46.572","12","47.124","18.4",,"20",,,,,,,,"64.1",,"35.7",,,,,,,,,,,,,,,,,
"1","남원","청소년","일반","16","관리자","참가","20250228","M","171.3","51","13.4","65.7","76","115","27.5","33.7",,"46","3.4","20.07","0.501","39.670","12","40.222","17.4",,"46",,,,,,,,"66.1",,"46.3",,,,,,,,,,,,,,,,,
"4","계룡","성인","일반","26","관리자","2등급","20250228","F","159.7","48.1","28.3",,"56","99","27.4","25.5",,,"21.6",,,,,,"18.9","30",,,"155",,,,,,"57.0",,,,,,,,"117","38.9",,,"0.377",,,,,,,
"1","남원","청소년","일반","14","관리자","참가","20250228","M","171.8","91.9","40.2","108.7","66","121","33.3","42.6",,"26","11.6","20.1","0.490","50.129","9","50.543","31.1",,"26",,,,,,,,"46.4",,"35.0",,,,,,,,,,,,,,,,,
"1","남원","청소년","일반","14","관리자","참가","20250228","M","172","71.8","25.4","87.6","62","118","33.5","32.3",,"34","-11.8","19.43","0.526","43.792","7","44.114","24.3",,"34",,,,,,,,"46.7",,"40.2",,,,,,,,,,,,,,,,,
"1","정읍","어르신","일반","65","관리자","2등급","20250228","M","170.6","76.2","28.9",,"68","159","42.9","40.3",,,"11.7",,,,,,"26.2",,,,,"33",,"123","5.11","21.70","56.3",,,,,,,,,,,,,,,,,,,"42.9"
"1","남원","청소년","일반","14","관리자","참가","20250228","M","156.7","46.2","11.6","66.6","80","119","32.1","34",,"38","6.7","18.84","0.651","47.742","5","47.972","18.8",,"34",,,,,,,,"73.6",,"43.1",,,,,,,,,,,,,,,,,
"8","서구(대전)","어르신","일반","66","관리자","3등급","20250228","M","166.2","74.9","30.4",,"62","118","33.1","33.8",,,"4.5",,,,,,"27.1",,,,,"29",,"134","5.22","18.55","45.1",,,,,,,,,,,,,,,,,,,"33.8"
"1","남원","청소년","일반","15","관리자","참가","20250228","F","166","63.8","28.8","81.8","93","143","29","25.8",,"39","14.3","20.4","0.427","42.826","7","43.148","23.2",,"10",,,,,,,,"45.5",,"31.2",,,,,,,,,,,,,,,,,
"1","경산","성인","일반","24","관리자","참가","20250228","F","169.5","55.1","28.7","72","78","123","26.1","24.8",,,"6.8",,,,,,"19.2","10",,,"162",,,,,,"47.4",,,"94","138","165",,"37.1",,,,,"0.404",,,,,,,
"1","남원","청소년","일반","17","관리자","참가","20250228","M","181.3","87.9","20.7","94.6","79","138","45.2","54.5",,"49","2.1","17.59","0.663","47.027","8","47.395","26.7",,"31",,,,,,,,"62.0",,"38.5",,,,,,,,,,,,,,,,,
"1","창원","어르신","출장","79","관리자","참가","20250228","M","167.6","69.4","28.5","92","87","151","37.4","32.9",,,"4",,,,,,"24.7",,,,,"18",,"105","7.9","33.37","53.9",,,,,,,,,,,,,,,,,,,"37.4"
"1","세종","성인","일반","24","관리자","참가","20250228","M","182.8","77.9","19.8","87.6","84","130","42.1","43.9",,,"12.6",,,,,,"23.3","28","41","11.08","183",,,,,,"56.4",,"41.0",,,,,,,,,,,,,,,,,
"1","제주","성인","일반","59","관리자","3등급","20250228","M","175.4","77.8","23.6","93.8","94","148","41.7","36.5",,,"18.5",,,,,,"25.3","34",,,"181",,,,,,"53.6",,,"98","120","140","160","34.3",,,,,"0.321",,,,,,,
"5","서구(광주)","성인","일반","49","관리자","참가","20250228","F","160.8","71.3","38.3","87","86","140","25.9","26.1",,,"6.1",,,,,,"27.6","5","8","16.05",,,,,,,"36.6",,"26.2",,,,,,,,,,,"0.388",,,,,,
"1","청주","성인","일반","19","관리자","참가","20250228","M","185.7","112.3","27","108.1","88","149","43.8","48.6",,,"15.9",,,,,,"32.6","32",,,,,,,,,"43.3",,,,,,,,"135","35.4",,,"0.351","0.552",,,,,,
"1","남원","청소년","일반","15","관리자","참가","20250228","F","163.1","55.8","27.7","77.7","64","105","27","27",,"26","14.4","20.38","0.477","55.659","7","55.981","21.0",,"10",,,,,,,,"48.4",,"32.3",,,,,,,,,,,,,,,,,
"1","천안","성인","일반","21","관리자","참가","20250228","M","174.6","74.8","21.7",,"56","127","38","38.3",,,"13.5",,,,,,"24.5","40",,,"219",,,,,,"51.2",,,,,,,,"107","46.5",,,"0.351",,,,,,,
"3","창원","어르신","출장","76","관리자","3등급","20250228","F","156.7","55.7","32.9","85","61","154","22.3","23.9",,,"17",,,,,,"22.7",,,,,"23",,"108","6.16","33.41","42.9",,,,,,,,,,,,,,,,,,,"23.9"
"1","진천","성인","일반","23","관리자","참가","20250228","F","172.2","58.2","25.4","73.4","83","137","25.7","29.7",,,"25.7",,,,,,"19.6","10",,,"174",,,,,,"51.0",,,,,,,,"145","34.8",,,"0.378",,,,,,,
"1","익산","성인","일반","29","관리자","1등급","20250228","M","167.5","65.1","16.5","76","86","132","49.7","53.8",,,"14.9",,,,,,"23.2","56","54",,"233",,,,,,"82.6",,"45.8",,,,,,,,,,"0.35",,,,,,,
"1","남구(울산)","성인","일반","43","관리자","1등급","20250228","F","157.8","57","28.6","75.1","79","128","32.4","30.9",,,"25.9",,,,,,"22.9","35",,,"156",,,,,,"56.8",,,,,,,,"112","34.0",,,"0.375",,,,,,,
"2","남구(울산)","성인","일반","26","관리자","2등급","20250228","F","169","44.2","16.8","66","82","149","26.4","21.4",,,"24.4",,,,,,"15.5","27",,,,,,,,,"59.7",,,,,,,,"95","43.5",,,"0.368","0.446",,,,,,
"3","KSPO대구","성인","일반","22","관리자","3등급","20250228","F","164.6","56.3","33.1","66","77","117","26.2","26",,,"21.7",,,,,,"20.8","26",,,,,,,,,"46.5",,,,,,,,"133","36.2",,,"0.416","0.433",,,,,,
"1","사상","성인","일반","19","관리자","참가","20250228","M","185","71.1","17.9","67.5","86","132","40.6","43",,,"10.2",,,,,,"20.8","49","34","10.3","223",,,,,,"60.5",,"40.7",,,,,,,,,,,,,,,,,
"5","서구(광주)","성인","일반","54","관리자","참가","20250228","F","156.9","51.4","28.1","77","77","130","18.7","22.4",,,"6.3",,,,,,"20.9","5","8","13.60",,,,,,,"43.6",,"29.2",,,,,,,,,,,"0.446",,,,,,
"5","북구(광주)","성인","일반","19","관리자","2등급","20250228","M","171.9","59.7","16.9","74.5","69","121","40.6","42.1",,,"16.3",,,,,,"20.2","53",,,"222",,,,,,"70.5",,,"96","117","144","173","46.5",,,,,"0.276",,,,,,,
"1","제주","성인","일반","33","관리자","3등급","20250228","M","169.3","71.6","15.7","81.2","71","125","36.9","39.5",,,"18.1",,,,,,"25.0","40","45","10.2","212",,,,,,"55.2",,"42.4",,,,,,,,,,,,,,,,,
"1","창원","어르신","출장","65","관리자","참가","20250228","F","154.4","49.3","30","70","66","120","12.3","15.3",,,"20",,,,,,"20.7",,,,,"25",,"117","7.57","31.89","31.0",,,,,,,,,,,,,,,,,,,"15.3"
"1","창원","어르신","출장","69","관리자","3등급","20250228","M","170.3","67.3","21.4","82","75","127","35.1","42.4",,,"5",,,,,,"23.2",,,,,"41",,"132","4.59","18.73","63.0",,,,,,,,,,,,,,,,,,,"42.4"
"1","경산","성인","일반","19","관리자","참가","20250228","M","179.3","71.3","12.2","83","83","136","38.1","45.4",,,"15.5",,,,,,"22.2","36","35","12.03",,,,,,,"63.7",,"41.0",,,,,,,,,,,"0.558",,,,,,
"1","동구(광주)","성인","일반","22","관리자","3등급","20250228","F","159.6","49.8","23.7","59","72","117","21.7","22.8",,,"18",,,,,,"19.6","28",,"15.47","155",,,,,,"45.8",,,"99","140","146",,"41.4",,,,,,,,,,,,
"1","진천","성인","일반","24","관리자","참가","20250228","F","161.8","53.4","29.8","65.2","77","129","25.5","22.3",,,"16.8",,,,,,"20.4","18",,,"142",,,,,,"47.8",,,,,,,,"126","37.1",,,"0.416",,,,,,,
"4","창원","어르신","출장","82","관리자","3등급","20250228","M","165.1","58.3","28.9","85","61","139","33.7","30.7",,,"-3",,,,,,"21.4",,,,,"28",,"108","6.28","28.19","57.8",,,,,,,,,,,,,,,,,,,"33.7"
"2","경산","성인","일반","20","관리자","2등급","20250228","M","176.7","67.6","7.8","78","70","130","44.2","47.9",,,"20.7",,,,,,"21.7","50","71",,"266",,,,,,"70.9",,"50.0",,,,,,,,,,"0.328",,,,,,,
"1","창원","어르신","출장","70","관리자","참가","20250228","M","164","74.3","30.5","93","70","149","37.6","43.1",,,"-4",,,,,,"27.6",,,,,"24",,"109","6.21","22.75","58.0",,,,,,,,,,,,,,,,,,,"43.1"
"1","삼척","유소년","일반","12","관리자","참가","20250228","M","164.1","65.7",,"84",,,"29.2","31.8","34",,"-2.5",,,,,,"24.4",,"65",,"188",,,,,,"48.4",,,,,,,,,,,,,,"0.51","37","3",,,
"1","삼척","성인","일반","22","관리자","3등급","20250228","M","182.2","75.1","10.9",,"76","121","34.9","41.8",,,"20.1",,,,,,"22.6","42","94","10.50","223",,,,,,"55.7",,"54.0",,,,,,,,,,,,,,,,,
"1","삼척","성인","일반","20","관리자","3등급","20250228","M","174.2","72.9","13.7",,"66","122","51.8","50.9",,,"7.7",,,,,,"24.0","48","98","10.61","251",,,,,,"71.1",,"55.6",,,,,,,,,,,,,,,,,
"1","삼척","성인","일반","45","관리자","1등급","20250228","M","169.4","65.9","14.3",,"86","139","45.3","48.9",,,"13.9",,,,,,"23.0","41","70","11.60","214",,,,,,"74.2",,"48.2",,,,,,,,,,,,,,,,,
"1","창원","어르신","출장","76","관리자","3등급","20250228","F","152.5","79.3","50.2","101","78","130","20.9","22",,,"14",,,,,,"34.1",,,,,"21",,"108","7.87","35.47","27.7",,,,,,,,,,,,,,,,,,,"22.0"
"7","사천","성인","일반","21","관리자","참가","20250228","M","176.3","91.5","32.3","105.1","78","130","49.1","47.5",,,"14",,,,,,"29.4","59","58",,,,,,,,"53.7",,"43.4",,,,,,,,,,"0.304","0.489",,,,,,
"2","사천","성인","일반","41","관리자","1등급","20250228","M","175.2","71.6","15.8","86.7","78","140",,"46.3",,,"21",,,,,,"23.3","49",,,,,,,,,"64.7",,,"84","104","119","153","43.1",,,,,"0.294","0.589",,,,,,
"3","천안","성인","일반","22","관리자","3등급","20250228","F","166.4","60.5","32.3",,"73","127","21.9","25.1",,,"25.7",,,,,,"21.8","29",,,,,,,,,"41.5",,,,,,,,"89","40.7",,,"0.375","0.414",,,,,,
"1","사천","성인","일반","22","관리자","3등급","20250228","F","161.1","53.5","23.8","75.4","78","158","26.5","26.5",,,"13.5",,,,,,"20.6","28","28",,,,,,,,"49.5",,"36.3",,,,,,,,,,"0.321","0.427",,,,,,
"1","사천","성인","일반","29","관리자","참가","20250228","F","154.5","83.1","49.5","105.8","78","130","30.3","27.9",,,"7",,,,,,"34.8","21","19",,,,,,,,"36.5",,"28.4",,,,,,,,,,"0.366","0.427",,,,,,
"1","창원","어르신","출장","82","관리자","참가","20250228","M","164.9","60.8","22","86","77","128","25.1","24.2",,,"2",,,,,,"22.4",,,,,"15",,"92","9.26","44.86","41.3",,,,,,,,,,,,,,,,,,,"25.1"
"7","청주","성인","일반","28","관리자","2등급","20250228","F","172.4","55.4","28.8","73.8","74","116","26.7","28.4",,,"20.6",,,,,,"18.6","28",,,"163",,,,,,"51.3",,,"84","126","136",,"41.2",,,,,"0.453",,,,,,,
"4","스포원(금정)","성인","일반","19","관리자","2등급","20250228","M","172.7","71.6","16.9",,"89","151","51.3","58.2",,,"17",,,,,,"24.0","56",,,"245",,,,,,"81.3",,,,,,,,"121","45.5",,,"0.278",,,,,,,
"1","창원","어르신","출장","67","관리자","참가","20250228","F","145.4","50.9","39.9","78","76","119","18.9","17.6",,,"14",,,,,,"24.1",,,,,"14",,"98","8.35","33.29","37.1",,,,,,,,,,,,,,,,,,,"18.9"
"3","KSPO광주","성인","일반","20","관리자","2등급","20250228","M","176.4","88.2","20.7","83.5","77","136","49.4","54.4",,,"11.8",,,,,,"28.3","57",,"11.16","251",,,,,,"61.7",,,,,,,,"96","45.6",,,,,,,,,,
"1","서구(대전)","성인","일반","33","관리자","참가","20250228","M","181.6","112.4","40.4",,"72","130","49.4","50.2",,,"6.9",,,,,,"34.1","27",,,,,,,,,"44.7",,,"96","130","165","198","25.5",,,,,"0.328","0.477",,,,,,
"1","창원","어르신","출장","71","관리자","참가","20250228","F","153.9","55","35.6","83","69","102","25.2","25.2",,,"5",,,,,,"23.2",,,,,"17",,"94","7.25","32.11","45.8",,,,,,,,,,,,,,,,,,,"25.2"
"1","익산","성인","일반","22","관리자","참가","20250228","M","166.7","54.1","12.4",,"91","130","37.7","43.7",,,"-4.6",,,,,,"19.5","27","33",,"209",,,,,,"80.8",,"43.1",,,,,,,,,,"0.335",,,,,,,
"4","KSPO광주","성인","일반","19","관리자","3등급","20250228","M","173.2","62.1","9.6","63.5","68","114","42.5","41.5",,,"14.8",,,,,,"20.7","70","44","9.84","255",,,,,,"68.4",,"44.6",,,,,,,,,,,,,,,,,
"2","익산","성인","일반","20","관리자","참가","20250228","M","175.3","81.5","24.3","87","76","129","43.5","47.4",,,"6.6",,,,,,"26.5","41","37",,"203",,,,,,"58.2",,"40.0",,,,,,,,,,"0.435",,,,,,,
"4","북구(광주)","성인","일반","23","관리자","1등급","20250228","F","157.5","48.1","26.8","65.9","55","93","24.9","30",,,"20.4",,,,,,"19.4","40","31",,"175",,,,,,"62.4",,"38.0",,,,,,,,,,"0.306",,,,,,,
"1","창원","어르신","출장","79","관리자","2등급","20250228","F","147.4","53","40.2","78","91","147","15","19.6",,,"21",,,,,,"24.4",,,,,"26",,"114","7.17","26.94","37.0",,,,,,,,,,,,,,,,,,,"19.6"
"1","군산","성인","일반","21","관리자","참가","20250228","M","172","64.6","23.3","79","90","152","35.7","38",,,"18.6",,,,,,"21.8","29","30","10.83","203",,,,,,"58.8",,"40.8",,,,,,,,,,,,,,,,,
"1","군산","성인","일반","28","관리자","참가","20250228","M","166.5","77.7","34.5","95","93","145","39.1","38.7",,,"2.6",,,,,,"28.0","25","24",,,,,,,,"50.3",,"37.1",,,,,,,,,,"0.341","0.504",,,,,,
"1","삼척","청소년","일반","17","관리자","2등급","20250228","M","169.6","63.5","9.7",,"71","119","42.3","43.6","80",,"11.8","19.11","0.602","51.206","10","51.666","22.1",,"108",,,,,,,,"68.7",,"56.0",,,,,,,,,,,,,,,,,
"1","춘천","성인","일반","21","관리자","2등급","20250228","F","159.8","50.8","29.1","74.6","81","115","25.6","27.4",,,"21.6",,,,,,"19.9","30",,"12.9","148",,,,,,"53.9",,,"91","126","156",,"38.4",,,,,,,,,,,,
"5","서구(대전)","성인","일반","20","관리자","참가","20250228","F","163.2","78.9","42.9",,"61","114","28.1","32.7",,,"21",,,,,,"29.6","31","25",,,,,,,,"41.4",,"31.4",,,,,,,,,,"0.288","0.502",,,,,,
"4","연제","성인","일반","20","관리자","2등급","20250228","M","175.2","75.3","20.4",,"62","149","40","43.8",,,"12.8",,,,,,"24.5","55",,"9.9","229",,,,,,"58.2",,,,,,,,"104","47.2",,,,,,,,,,
"1","삼척","청소년","일반","15","관리자","2등급","20250228","M","172.2","58.0","8.4",,"67","114","43.2","37.4","80",,"11.5","18.35","0.639","48.495","7","48.817","19.6",,"100",,,,,,,,"74.5",,"55.7",,,,,,,,,,,,,,,,,
"2","경산","성인","일반","32","관리자","3등급","20250228","M","170.5","59.8","16.4","78","92","138","35.7","45.4",,,"9.1",,,,,,"20.6","54",,,"207",,,,,,"75.9",,,,,,,,"142","41.7",,,"0.319",,,,,,,
"1","창원마산회원","성인","일반","25","관리자","참가","20250228","F","164.2","89.4","39.4","102.5","98","154","36.2","34.9",,,"18.4",,,,,,"33.2","18","11",,"157",,,,,,"40.5",,"25.2",,,,,,,,,,"0.368",,,,,,,
"1","청주","성인","일반","28","관리자","참가","20250228","M","173.5","77.4","28.4","93.5","85","151","44.7","44.5",,,"-4.2",,,,,,"25.7","32","21",,"214",,,,,,"57.8",,"36.3",,,,,,,,,,"0.341",,,,,,,
"1","삼척","청소년","일반","14","관리자","참가","20250228","F","161.4","58.4","22.0",,"51","117","31.8","32.9","75",,"5.4","19.88","0.508","54.305","5","54.535","22.4",,"60",,,,,,,,"56.3",,"41.3",,,,,,,,,,,,,,,,,
"4","남구(울산)","성인","일반","24","관리자","참가","20250228","M","182.9","76.3","19.8","89.2","83","138","46.8","52.6",,,"2.1",,,,,,"22.8","49",,"10.78","210",,,,,,"68.9",,,,,,,,"120","44.2",,,,,,,,,,
"1","춘천","성인","일반","28","관리자","참가","20250228","M","185.3","104.2","29.4","111","79","150","48.6","57.4",,,"2.1",,,,,,"30.3","35","22",,"176",,,,,,"55.1",,"32.4",,,,,,,,,,"0.381",,,,,,,
"4","창원마산회원","성인","일반","45","관리자","1등급","20250228","M","165.7","65.1","14.5","74.5","77","129","40.9","43.4",,,"17.0",,,,,,"23.7","57",,"10.07","217",,,,,,"66.7",,,,,,,,"98","43.4",,,,,,,,,,
"2","북구(광주)","성인","일반","26","관리자","2등급","20250228","M","171.0","61.7","12.0","73.2","80","122","43.5","46.3",,,"15.8",,,,,,"21.1","49",,,"236",,,,,,"75.0",,,"94","121","139","173","45.5",,,,,"0.289",,,,,,,
"1","남구(울산)","성인","일반","24","관리자","3등급","20250228","F","164.2","62","37.9","86","78","129","22.1","26.2",,,"13.6",,,,,,"23.0","24",,,"153",,,,,,"42.3",,,,,,,,"143","33.1",,,"0.324",,,,,,,
"1","KSPO광주","청소년","일반","16","관리자","참가","20250228","F","155.3","62.9","36.9","76.5","68","100","23.6","28.9",,"36","-4.7","20.66","0.505","45.966","11","46.472","26.1",,,,,,,,,,"45.9",,,"76","121","140",,"36.1",,,,,,,,,,,,
"1","KSPO광주","청소년","일반","16","관리자","참가","20250228","F","154.5","40.4","21","60.3","61","118","15.9","17.6",,"21","-0.1","22.69","0.447","52.698","23","53.756","16.9",,,,,,,,,,"43.6",,,"86","117","150",,"40.1",,,,,,,,,,,,
"1","구미","성인","일반","61","관리자","참가","20250228","M","172.1","79.9","26.9","97.1","75","142","44.8","46.6",,,"3",,,,,,"27.0","23",,"13.15","172",,,,,,"58.3",,,"93","107","121",,"35.6",,,,,,,,,,,,
"1","계룡","성인","일반","26","관리자","2등급","20250228","M","187","90.4","22",,"62","131","52.5","56.1",,,"10.6",,,,,,"25.9","47",,,"222",,,,,,"62.1",,,"93","107","126","150","42.9",,,,,"0.327",,,,,,,
"6","구미","성인","일반","26","관리자","2등급","20250228","M","172.7","68.6","24.1","88.4","65","116","42.8","44.5",,,"17.2",,,,,,"23.0","46",,,"212",,,,,,"64.9",,,,,,,,"126","43.7",,,"0.290",,,,,,,
"1","세종","어르신","일반","73","관리자","3등급","20250228","M","167.5","77.4","29.4","91.9","78","141","42.8","39.4",,,"2.3",,,,,,"27.6",,,,,"25",,"129","5.56","23.85","55.3",,,,,,,,,,,,,,,,,,,"42.8"
"1","세종","어르신","일반","66","관리자","참가","20250228","F","164.6","72","30.7","89.7","73","143","28.2","28.4",,,"8.9",,,,,,"26.6",,,,,"24",,"129","4.8","21.28","39.4",,,,,,,,,,,,,,,,,,,"28.4"
"1","남구(부산)","어르신","일반","78","관리자","참가","20250228","F","154.9","58.6","35.6",,"63","144","22.7","23.3",,,"5.1",,,,,,"24.4",,,,,"19",,"118","6.05","25.06","39.8",,,,,,,,,,,,,,,,,,,"23.3"
"2","나주","성인","일반","25","관리자","참가","20250228","F","171.2","70.2","36.2","79.5","80","123","30.7","35.2",,,"26.2",,,,,,"24.0","23","15",,"180",,,,,,"50.1",,"29.7",,,,,,,,,,"0.347",,,,,,,
"1","KSPO광주","성인","일반","24","관리자","참가","20250228","F","163.1","56.1","35.1","68","65","109","20.7","21.6",,,"18.1",,,,,,"21.1","16",,,,,,,,,"38.5",,,,,,,,"143","34.5",,,"0.398","0.39",,,,,,
"1","서구(대전)","성인","일반","20","관리자","3등급","20250228","M","174.5","72.1","11.5",,"65","126","42.2","45.7",,,"23",,,,,,"23.7","49",,,"231",,,,,,"63.4",,,,,,,,"129","44.1",,,"0.269",,,,,,,
"3","남구(울산)","청소년","일반","18","관리자","3등급","20250228","M","175","76.1","23.2","86.7","85","117","40.9","48.2","54",,"16.1","17.4","0.646","37.707","11","38.213","24.8",,,,,,,,,,"63.3",,,"95","123","147",,"44.4",,,,,,,,,,,,
"4","천안","성인","일반","38","관리자","참가","20250228","M","175.2","78.5","32.7",,"78","117","38.8","36.1",,,"9.3",,,,,,"25.6","38",,,"209",,,,,,"49.4",,,,,,,,"97","43.1",,,"0.334",,,,,,,
"2","나주","성인","일반","52","관리자","참가","20250228","F","156.4","71.2","40.9","91.4","92","146","29.7","32.8",,,"21.4",,,,,,"29.1","15",,,"146",,,,,,"46.1",,,,,,,,"128","26.8",,,"0.363",,,,,,,
"1","KSPO아산","성인","일반","20","관리자","3등급","20250228","M","184.8","78.4","13.3","78","84","127","47.5","46",,,"14",,,,,,"23.0","51",,,,,,,,,"60.6",,,,,,,,"124","44.3",,,"0.372","0.618",,,,,,
"5","진천","성인","일반","36","관리자","2등급","20250228","M","174.8","68.7","11.3","75.5","75","129","55.9","54.9",,,"10",,,,,,"22.5","55",,,,,,,,,"81.4",,,,,,,,"69","49.8",,,"0.321","0.587",,,,,,
"1","동구(광주)","청소년","일반","18","관리자","2등급","20250228","M","174.1","64.8","5.7","62","65","125","40","32.3","100",,"22.2","16.94","0.663","44.332","14","44.976","21.4",,"50",,,,,,,,"61.7",,"45.1",,,,,,,,,,,,,,,,,
"4","정읍","성인","일반","19","관리자","3등급","20250228","M","168.4","73.7","18.5",,"58","123","49.9","44.1",,,"7.3",,,,,,"26.0","49",,,"225",,,,,,"67.7",,,"81","105","129","157","46.1",,,,,"0.334",,,,,,,
"2","KSPO대구","성인","일반","24","관리자","참가","20250228","F","161.6","58.6","28","75","49","92","28.2","28.6",,,"11.5",,,,,,"22.4","17",,,"147",,,,,,"48.8",,,,,,,,"115","37.1",,,"0.386",,,,,,,
"1","익산","성인","일반","19","관리자","참가","20250228","M","178.5","67.5","14","78","79","127","39.7","38.4",,,"9",,,,,,"21.2","47","23","10.78","203",,,,,,"58.8",,"38.8",,,,,,,,,,,,,,,,,
"9","경산","성인","일반","41","관리자","2등급","20250228","M","172.8","72.2","18.8","84","75","128","44.2","43.3",,,"15.7",,,,,,"24.2","52","43","10","221",,,,,,"61.2",,"41.2",,,,,,,,,,,,,,,,,
"3","삼척","성인","일반","23","관리자","참가","20250228","M","170.4","63.7","21.9",,"68","119","40.9","42.3",,,"-2.2",,,,,,"21.9","28","28",,"201",,,,,,"66.4",,"40.4",,,,,,,,,,"0.266",,,,,,,
"1","제주","성인","일반","22","관리자","참가","20250228","F","166.3","52.5","29.5","72.7","73","123","19.9","20.5",,,"28",,,,,,"19.0","13",,,"123",,,,,,"39.0",,,"89","123","148",,"39.7",,,,,"0.377",,,,,,,
"1","삼척","청소년","일반","17","관리자","참가","20250228","M","175.3","60.2","11.9",,"81","135","45.8","49.5",,"48","-8.4","21.24","0.576","59.629","5","59.859","19.6",,"52",,,,,,,,"82.2",,"46.4",,,,,,,,,,,,,,,,,
"2","청주","성인","일반","19","관리자","3등급","20250228","M","169.1","71.4","17.7","86.3","77","142","48.9","50.8",,,"10.7",,,,,,"25.0","45","42",,"222",,,,,,"71.1",,"42.9",,,,,,,,,,"0.312",,,,,,,
"1","서구(대전)","성인","일반","26","관리자","참가","20250228","M","177","85.2","33.7",,"62","117","38.5","37.4",,,"11.7",,,,,,"27.2","21",,,,,,,,,"45.2",,,,,,,,"106","43.3",,,"0.367","0.502",,,,,,
"1","진천","성인","일반","22","관리자","참가","20250228","F","169.8","60.8","34.2","74.5","76","129","20.3","30.6",,,"9.5",,,,,,"21.1","13",,,"151",,,,,,"50.3",,,,,,,,"125","36.5",,,"0.44",,,,,,,
"2","군산","성인","일반","26","관리자","3등급","20250228","F","163.7","46.9","23.3","61","61","108","15.9","21.3",,,"11.9",,,,,,"17.5","25",,,"141",,,,,,"45.4",,,,,,,,"110","40.4",,,"0.357",,,,,,,
"1","삼척","청소년","일반","14","관리자","2등급","20250228","M","164.1","59.8","17.4",,"85","125","46.2","49.8","59",,"17.3","18.51","0.534","47.538","15","48.228","22.2",,"76",,,,,,,,"83.3",,"49.5",,,,,,,,,,,,,,,,,
"1","천안","성인","일반","22","관리자","참가","20250228","F","161.5","52.7","29.9",,"72","124","21.1","21.9",,,"10.2",,,,,,"20.2","32","15",,"117",,,,,,"41.6",,"32.4",,,,,,,,,,"0.441",,,,,,,
"1","제주","성인","일반","22","관리자","참가","20250228","M","164","77.8","31.5","98","74","128","35.6","36.2",,,"12.5",,,,,,"28.9","34",,,"202",,,,,,"46.5",,,"91","120","143","180","40.0",,,,,"0.257",,,,,,,
"4","경산","성인","일반","20","관리자","3등급","20250228","M","183.9","86.7","23.7","90","78","129","45.2","46.3",,,"10.4",,,,,,"25.6","50",,,,,,,,,"53.4",,,,,,,,"126","42.1",,,"0.333","0.601",,,,,,
"4","보은","성인","일반","26","관리자","참가","20250228","F","163.7","48.1","24.2",,"73","119","21.9","23.8",,,"19.5",,,,,,"17.9","20",,,,,,,,,"49.5",,,,,,,,"71","44.9",,,"0.373","0.442",,,,,,
"17","곡성","어르신","일반","68","관리자","참가","20250228","F","149.3","53.3","35.3","76.1","80","144","24.9","19.4",,,"11.2",,,,,,"23.9",,,,,"20",,"125","6.17","23.37","46.7",,,,,,,,,,,,,,,,,,,"24.9"
"1","춘천","성인","일반","26","관리자","참가","20250228","F","156.9","67.9","37.3","91.8","76","126","32.2","33.2",,,"-2.7",,,,,,"27.6","21",,"13.78","138",,,,,,"48.9",,,,,,,,"125","32.8",,,,,,,,,,
"2","남구(울산)","청소년","일반","18","관리자","1등급","20250228","M","168.2","79.8","17.3","87.6","75","117","55","54.7","54",,"20.7","18.47","0.626","54.103","9","54.517","28.2",,"62",,,,,,,,"68.9",,"43.9",,,,,,,,,,,,,,,,,
"1","태백","청소년","일반","18","관리자","1등급","20250228","M","168.7","60.3","8.9","77","65","118","33","37.3","53",,"20.6","15.91","0.662","45.348","5","45.578","21.2",,"62",,,,,,,,"61.9",,"47.6",,,,,,,,,,,,,,,,,
"1","사상","성인","일반","20","관리자","3등급","20250228","M","167.6","65.5","15.7","69","78","154","42.7","43.1",,,"19.4",,,,,,"23.3","43","62",,"210",,,,,,"65.8",,"48.4",,,,,,,,,,"0.329",,,,,,,
"1","사상","성인","일반","20","관리자","참가","20250228","M","174.6","78.6","20.4","77","90","140","42.6","43.9",,,"19.3",,,,,,"25.8","29","51",,"227",,,,,,"55.9",,"43.7",,,,,,,,,,"0.348",,,,,,,
"1","청주","성인","일반","25","관리자","참가","20250228","M","181.1","73.9","11","77.2","80","119","44","46.3",,,"-3.7",,,,,,"22.5","56","54",,,,,,,,"62.7",,"44.6",,,,,,,,,,"0.261","0.675",,,,,,
"1","사천","성인","일반","52","관리자","참가","20250228","M","180.5","91.8","34.9","107.9","78","130","43.9","43.4",,,"-10",,,,,,"28.2","12",,,,,,,,,"47.8",,,"110","150","175",,"27.7",,,,,"0.380","0.378",,,,,,
"1","전주","성인","일반","20","관리자","참가","20250228","M","183","85.9","28.4","92.5","89","139","33.4","37",,,"16.6",,,,,,"25.7","42",,,,,,,,,"43.1",,,"94","141","160","179","41.7",,,,,"0.309","0.614",,,,,,
"1","전주","성인","일반","19","관리자","3등급","20250228","M","183.1","75.3","18.4","82.5","85","136","41.8","42.8",,,"10.7",,,,,,"22.5","44",,,"236",,,,,,"56.8",,,"98","125","136","160","48.0",,,,,"0.354",,,,,,,
"4","연제","성인","일반","24","관리자","1등급","20250228","F","155.3","51.4","27.1",,"71","114","24.6","24.9",,,"26.8",,,,,,"21.3","37",,,"154",,,,,,"48.4",,,"93","121","145",,"38.8",,,,,"0.325",,,,,,,
"1","동해","성인","일반","19","관리자","3등급","20250228","M","177.3","81.2","22.7",,"78","110","41.9","45.4",,,"16.6",,,,,,"25.8","58",,,"218",,,,,,"55.9",,,"85","104","120","141","48.4",,,,,"0.332",,,,,,,
"1","창원마산회원","성인","일반","22","관리자","3등급","20250228","F","166.8","55.4","24.6","67.5","66","115","24.9","31.6",,,"20.0",,,,,,"19.9","27",,"11.60",,,,,,,"57.0",,,,,,,,"124","37.7",,,,"0.497",,,,,,
"1","사천","성인","일반","19","관리자","3등급","20250228","M","178","92.5","15.7","92.1","78","152","42.7","62.3",,,"11.2",,,,,,"29.2","53",,"10.12","256",,,,,,"67.4",,,"81","105","124","163","42.1",,,,,,,,,,,,
"1","동해","성인","일반","42","관리자","2등급","20250228","M","181.7","85.6","10.6",,"59","113","50.1","51.5",,,"10.2",,,,,,"25.9","52",,,"226",,,,,,"60.2",,,"51","75","86","104","49.5",,,,,"0.398",,,,,,,
"1","서구(대전)","성인","일반","23","관리자","참가","20250228","F","161.4","74.6","43.6",,"67","106","27.7","28",,,"20.4",,,,,,"28.6","8",,,"132",,,,,,"37.5",,,,,,,,"108","34.2",,,"0.363",,,,,,,
"2","사천","성인","일반","60","관리자","참가","20250228","M","164.2","59.5","27.3","80.5","84","134","36.5","36.3",,,"-20",,,,,,"22.1","30",,,"160",,,,,,"61.3",,,,,,,,"121","37.5",,,"0.317",,,,,,,
"1","사천","성인","일반","39","관리자","3등급","20250228","M","178.4","77.4","20.7","88.2","86","127","39.9","41.1",,,"14",,,,,,"24.3","46",,,"205",,,,,,"53.1",,,"81","108","127","163","40.7",,,,,"0.330",,,,,,,
"4","서구(대전)","성인","일반","51","관리자","참가","20250228","F","163.9","60.4","37.4",,"86","136","25","31.4",,,"15.6",,,,,,"22.5","11",,,,,,,,,"52.0",,,"89","127","159",,"30.6",,,,,"0.304","0.309",,,,,,
"1","군산","성인","일반","32","관리자","2등급","20250228","M","182","73.1","19.4","75","84","148","43.4","46",,,"16.6",,,,,,"22.1","52","41",,"203",,,,,,"62.9",,"41.1",,,,,,,,,,"0.318",,,,,,,
"1","김천","청소년","일반","18","관리자","참가","20250228","M","173.6","53.7","9.3","72.9","69","147","32.5","35","23",,"3.3","19.42","0.544","43","9","43.414","17.8",,"33",,,,,,,,"65.2",,"43.7",,,,,,,,,,,,,,,,,
"1","김천","청소년","일반","18","관리자","참가","20250228","M","179.9","88.9","29.5","103.3","69","130","39","38.1","20",,"2.7","19.31","0.478","48","10","48.460","27.5",,"19",,,,,,,,"43.9",,"35.8",,,,,,,,,,,,,,,,,
"1","증평","성인","일반","32","관리자","3등급","20250228","M","182.5","88.1","21.4","94.7","86","141","54.2","58.5",,,"12.7",,,,,,"26.5","35",,,"221",,,,,,"66.4",,,,,,,,"129","38.3",,,"0.330",,,,,,,
"5","천안","성인","일반","20","관리자","2등급","20250228","M","179.8","80.9","23",,"80","139","47.2","57.2",,,"12.3",,,,,,"25.0","57",,,"221",,,,,,"70.7",,,,,,,,"89","48.5",,,"0.275",,,,,,,
"1","나주","청소년","일반","18","관리자","참가","20250228","M","177.5","73.4","11","73.4","82","137","38.4","50.5","68",,"23.7","18.14","0.636","54.127","12","54.679","23.3",,"35",,,,,,,,"68.8",,"41.2",,,,,,,,,,,,,,,,,
"4","천안","성인","일반","26","관리자","2등급","20250228","F","164.2","52.5","30.4",,"88","135","23.2","23",,,"22.3",,,,,,"19.5","35",,,"155",,,,,,"44.2",,,,,,,,"110","39.1",,,"0.354",,,,,,,
"1","나주","청소년","일반","18","관리자","참가","20250228","M","171","58.2","13.3","70.5","70","125","34.3","41.8","72",,"8.8","18.81","0.549","59.595","4","59.779","19.9",,"30",,,,,,,,"71.8",,"42.0",,,,,,,,,,,,,,,,,
"6","춘천","성인","일반","20","관리자","참가","20250228","M","183.9","62.6","14.8","78.1","66","119","48.6","55",,,"8.5",,,,,,"18.5","30",,,"224",,,,,,"87.9",,,"94","126","145","177","47.8",,,,,"0.279",,,,,,,
"1","사천","성인","일반","64","관리자","2등급","20250228","F","155.6","51.4","27","77.5","75","130","24.6","25.6",,,"25.5",,,,,,"21.2","13","14",,"112",,,,,,"49.8",,"30.6",,,,,,,,,,"0.254",,,,,,,
"5","사상","성인","일반","24","관리자","3등급","20250228","F","159.5","47.2","24.7","62","72","113","20.6","22.2",,,"10.5",,,,,,"18.6","32",,,"135",,,,,,"47.0",,,"100","124","150",,"39.4",,,,,"0.373",,,,,,,
"1","KSPO대구","성인","일반","46","관리자","참가","20250228","M","173","79.7","26.7","94","87","148","48.9","51.2",,,"6.3",,,,,,"26.6","27","15",,"190",,,,,,"64.2",,"33.1",,,,,,,,,,"0.420",,,,,,,
"1","사천","어르신","일반","65","관리자","1등급","20250228","F","151.5","45.6","27.3","73.2","80","130","23.4","25.1",,,"25",,,,,,"19.9",,,,,"32",,"150","4.65","20.56","55.0",,,,,,,,,,,,,,,,,,,"25.1"
"3","사천","어르신","일반","65","관리자","참가","20250228","F","158.7","76.2","41.1","100.4","80","130","30.6","33.3",,,"11",,,,,,"30.3",,,,,"20",,"120","4.13","19","43.7",,,,,,,,,,,,,,,,,,,"33.3"
"1","영주","성인","일반","20","관리자","2등급","20250228","M","182.2","83.8","21.6",,"88","139","50.1","53.4",,,"23.3",,,,,,"25.2","48","53",,"242",,,,,,"63.7",,"43.3",,,,,,,,,,"0.398",,,,,,,
"5","KSPO아산","성인","일반","63","관리자","참가","20250228","M","164.3","76.6","33.7","97","92","133","44.1","43.4",,,"12.8",,,,,,"28.4","26",,,,,,,,,"57.6",,,,,,,,"138","30.5",,,"0.437","0.427",,,,,,
"1","사상","어르신","일반","66","관리자","3등급","20250228","M","160.1","58.8","17","77","95","136","35.6","38.7",,,"20.5",,,,,,"22.9",,,,,"37",,"104","4.2","16.0","65.8",,,,,,,,,,,,,,,,,,,"38.7"
"3","나주","성인","일반","50","관리자","2등급","20250228","M","170","74","22.9","82.8","91","139","43.5","45.5",,,"13.7",,,,,,"25.6","37",,,"221",,,,,,"61.5",,,,,,,,"80","43.2",,,"0.283",,,,,,,
"1","영암","성인","일반","19","관리자","2등급","20250228","M","181.6","87.5","20.7",,"82","133","42.8","50.3",,,"17.8",,,,,,"26.5","67",,"10.16","248",,,,,,"57.5",,,,,,,,"96","46.4",,,,,,,,,,
"4","영암","성인","일반","20","관리자","참가","20250228","M","180.2","88.6","25.4",,"81","143","41.8","43.1",,,"13.2",,,,,,"27.3","46",,"10.14","225",,,,,,"48.6",,,,,,,,"113","43.3",,,,,,,,,,
"2","천안","성인","일반","20","관리자","참가","20250228","F","160.2","51.6","28",,"75","123","22.5","21.8",,,"9.6",,,,,,"20.1","28",,"12.64","136",,,,,,"43.6",,,,,,,,"127","38.0",,,,,,,,,,
"5","천안","성인","일반","25","관리자","2등급","20250228","F","167","56.3","29.4",,"82","141","25.2","26.4",,,"15",,,,,,"20.2","36",,,"130",,,,,,"46.9",,,,,,,,"96","40.3",,,"0.330",,,,,,,
"1","제주","성인","일반","43","관리자","3등급","20250228","F","158","60.8","34.8","77","71","128","20","28.2",,,"11.7",,,,,,"24.4","23",,,"145",,,,,,"46.4",,,"79","104","119",,"37.0",,,,,"0.368",,,,,,,
"1","북구(광주)","성인","일반","37","관리자","참가","20250228","M","173.4","67.4","16.1","79.9","76","121","40.4","41.3",,,"-10.3",,,,,,"22.4","41",,,"220",,,,,,"61.3",,,,,,,,"72","49.3",,,"0.358",,,,,,,
"3","북구(광주)","성인","일반","34","관리자","2등급","20250228","F","152.7","49.8","28.7","68.2","51","122","20.9","24.6",,,"20.6",,,,,,"21.4","30",,,"142",,,,,,"49.4",,,,,,,,"62","43.0",,,"0.408",,,,,,,
"1","익산","성인","일반","26","관리자","3등급","20250228","F","152.9","45.7","17.9","76","76","134","20.4","20",,,"12.3",,,,,,"19.5","41",,,"160",,,,,,"44.6",,,,,,,,"111","39.6",,,"0.358",,,,,,,
"2","KSPO아산","성인","일반","26","관리자","3등급","20250228","M","189","89.8","21.6","92.5","83","144","51","51.4",,,"15.7",,,,,,"25.1","43","34",,,,,,,,"57.2",,"37.3",,,,,,,,,,"0.360","0.542",,,,,,
"2","KSPO광주","성인","일반","20","관리자","참가","20250228","M","176.3","77.2","17.9","79","78","124","48.4","47.1",,,"15.4",,,,,,"24.8","40","50","10.19","224",,,,,,"62.7",,"43.7",,,,,,,,,,,,,,,,,
"1","사천","성인","일반","19","관리자","참가","20250228","M","179.4","70","14.4","86.1","80","150","45.2","53.1",,,"7.5",,,,,,"21.7","13","65",,"207",,,,,,"75.9",,"48.3",,,,,,,,,,"0.335",,,,,,,
"3","삼척","성인","일반","25","관리자","1등급","20250228","F","162.2","61.2","29.4",,"59","117","36.8","38.8",,,"18.5",,,,,,"23.3","42",,,"185",,,,,,"63.4",,,,,,,,"108","37.2",,,"0.310",,,,,,,
"1","제주","성인","일반","19","관리자","참가","20250228","M","173.2","70.1","13.6","80","66","111","37.6","36.2",,,"13",,,,,,"23.4","36","43",,,,,,,,"53.6",,"43.2",,,,,,,,,,"0.340","0.588",,,,,,
"1","춘천","성인","일반","19","관리자","참가","20250228","M","174.1","92.4","33.7","111.9","77","129","42.9","39.4",,,"6.2",,,,,,"30.5","38","19","12.13","157",,,,,,"46.4",,"34.3",,,,,,,,,,,,,,,,,
"1","김천","성인","일반","23","관리자","참가","20250228","F","160.7","52.8","25.4","76.5","83","124","24.4","29.7",,,"15.6",,,,,,"20.4","22","21",,,,,,,,"56.3",,"34.2",,,,,,,,,,"0.342","0.437",,,,,,
"1","달서","성인","일반","21","관리자","참가","20250228","M","177.2","64.1","15.2","78","79","145","34","39.3",,,"-5.6",,,,,,"20.4","53",,,"216",,,,,,"61.3",,,,,,,,"106","49.3",,,"0.348",,,,,,,
"5","KSPO대구","성인","일반","26","관리자","3등급","20250228","F","172.1","72.2","32.5","75","65","103","32.6","29.5",,,"18",,,,,,"24.4","26",,,,,,,,,"45.2",,,,,,,,"123","33.5",,,"0.345","0.46",,,,,,
"1","김천","성인","일반","23","관리자","1등급","20250228","M","169","70.3","21.0","84.2","77","130","45.7","45.4",,,"16.2",,,,,,"24.6","55","63","10.30","231",,,,,,"65.0",,"47.6",,,,,,,,,,,,,,,,,
"1","서구(대전)","성인","일반","38","관리자","3등급","20250228","F","159","60.7","36.2",,"74","115","23.3","25.5",,,"13.5",,,,,,"24.0","30",,,"153",,,,,,"42.0",,,"78","106","128",,"36.6",,,,,"0.272",,,,,,,
"2","보은","청소년","일반","18","관리자","2등급","20250228","M","171","73.3","19.4",,"82","135","38.4","41.2",,"50","10.7","16.47","0.506","51.667","3","51.805","25.1",,,,,,,,,,"56.2",,,"99","107","124",,"47.6",,,,,,,,,,,,
"1","삼척","성인","일반","30","관리자","3등급","20250228","F","161.4","54.3","34.9",,"73","121","26.7","27.1",,,"11.0",,,,,,"20.8","29",,,,,,,,,"49.9",,,"85","115","145",,"37.3",,,,,"0.431","0.484",,,,,,
"2","스포원(금정)","성인","일반","41","관리자","3등급","20250228","M","174.8","74.7","23",,"78","138","44.5","47.4",,,"11.9",,,,,,"24.4","42","29","10.2","197",,,,,,"63.5",,"37.5",,,,,,,,,,,,,,,,,
"1","달서","성인","일반","24","관리자","참가","20250228","M","178.5","77.9","20.7","90.2","86","128","43.9","47",,,"16.2",,,,,,"24.4","34","51",,,,,,,,"60.3",,"43.4",,,,,,,,,,"0.322","0.551",,,,,,
"5","연제","성인","일반","23","관리자","참가","20250228","F","165.9","51.8","28.6",,"82","138","21.3","24.3",,,"25.9",,,,,,"18.8","16",,,,,,,,,"46.9",,,,,,,,"138","36.6",,,"0.421","0.417",,,,,,
"1","동구(광주)","어르신","일반","68","관리자","참가","20250228","M","166.8","68.1","28.6","86.3","94","154","35.9","36.3",,,"-3.5",,,,,,"24.5",,,,,"16",,"101","4.75","21.43","53.3",,,,,,,,,,,,,,,,,,,"36.3"
"2","청주","성인","일반","61","관리자","참가","20250228","F","155.8","63.6","39.7","93.4","74","128","31.8","31.3",,,"16.3",,,,,,"26.2","2",,,,,,,,,"50.0",,,,,,,,,,,,"0.372",,,,,,,
"2","KSPO아산","성인","일반","28","관리자","참가","20250228","M","167.6","60.4","18.2","76","82","120","33.4","40.1",,,"15",,,,,,"21.5","35",,,,,,,,,"66.4",,,,,,,,"110","47.0",,,"0.418","0.599",,,,,,
"1","서구(대전)","성인","일반","31","관리자","2등급","20250228","M","172.1","66.5","20.2",,"63","128","40.7","41.1",,,"17.7",,,,,,"22.5","44","46",,"210",,,,,,"61.8",,"43.5",,,,,,,,,,"0.272",,,,,,,
"3","KSPO광주","성인","일반","26","관리자","참가","20250228","F","163.1","54.1","26.4","67","67","109","24.7","26.9",,,"22.2",,,,,,"20.3","19",,,,,,,,,"49.7",,,"81","107","138",,"38.9",,,,,"0.336","0.469",,,,,,
"3","보은","성인","일반","20","관리자","참가","20250228","M","170.1","87.4","33.7",,"80","129","41.5","51.9",,,"5.7",,,,,,"30.2","38","35",,,,,,,,"59.4",,"38.8",,,,,,,,,,"0.326","0.560",,,,,,
"2","구미","성인","일반","23","관리자","참가","20250228","M","169.7","78","32.6","96.5","81","137","42.1","42.9",,,"15.6",,,,,,"27.1","52",,,"233",,,,,,"55.0",,,,,,,,"113","44.1",,,"0.379",,,,,,,
"1","연제","성인","일반","28","관리자","참가","20250228","M","172.2","65.9","21.1",,"69","122","33.7","32.8",,,"14.0",,,,,,"22.2","56",,,"211",,,,,,"51.1",,,"84","114","136","175","43.7",,,,,"0.341",,,,,,,
"5","사천","성인","일반","23","관리자","1등급","20250228","F","175.9","59.6","26.1","80.1","73","128","31","32",,,"31.7",,,,,,"19.3","43",,,"165",,,,,,"53.7",,,"75","123","128",,"42.8",,,,,"0.314",,,,,,,
"6","계룡","성인","일반","46","관리자","참가","20250228","M","173.6","93.7","34.2",,"71","125","44","48.3",,,"8.2",,,,,,"31.1","45",,,"186",,,,,,"51.5",,,,,,,,"102","36.9",,,"0.347",,,,,,,
"11","경산","성인","일반","40","관리자","1등급","20250228","M","178.7","75.6","20.3","88","79","123","48.7","48.1",,,"14.8",,,,,,"23.7","53",,"11","218",,,,,,"64.4",,,,,,,,"98","43.3",,,,,,,,,,
"2","진천","성인","일반","34","관리자","참가","20250228","M","190","110.6","27.8","96.6","86","128","54.1","58.6",,,"13.6",,,,,,"30.6","46","13","11.91",,,,,,,"53.0",,"28.7",,,,,,,,,,,"0.517",,,,,,
"5","세종","성인","일반","58","관리자","참가","20250228","F","153.2","51.7","31.5","77.3","76","128","21.5","26.8",,,,,,,,,"22.0","5.6",,,"105",,,,,,"51.8",,,,,,,,"101","33.4",,,"0.388",,,,,,,
"1","KSPO대구","성인","일반","24","관리자","참가","20250228","F","165.5","58.3","31.4","72","70","110","24.8","28.5",,,"8.1",,,,,,"21.3","15",,,,,,,,,"48.9",,,"83","115","147",,"37.4",,,,,"0.42","0.424",,,,,,
"4","사천","성인","일반","23","관리자","1등급","20250228","F","177.6","65.2","27.5","83.4","79","134","30.1","34.3",,,"30",,,,,,"20.7","40","31",,"190",,,,,,"52.6",,"35.6",,,,,,,,,,"0.297",,,,,,,
"4","창원마산회원","성인","일반","25","관리자","2등급","20250228","F","167.3","38.4","14.5","64","79","122","18.8","16.8",,,"15.3",,,,,,"13.7","33",,"13.04","130",,,,,,"49.0",,,,,,,,"136","39.9",,,,,,,,,,
"3","창원마산회원","성인","일반","24","관리자","2등급","20250228","F","166.1","51.2","24.5","65.5","83","130","20.4","22.5",,,"22.4",,,,,,"18.6","32",,,,,,,,,"43.9",,,,,,,,"103","40.8",,,"0.381","0.474",,,,,,
"10","창원","어르신","출장","79","관리자","참가","20250228","M","169.9","61","25.6","84","80","149","22.8","21.3",,,"-6.5",,,,,,"21.1",,,,,"24",,"129","6.2","25.914","37.4",,,,,,,,,,,,,,,,,,,"22.8"
"7","동구(광주)","성인","일반","57","관리자","참가","20250228","M","172.8","81.8","26.8","87","82","131","38.7","46.6",,,"13.7",,,,,,"27.4","37",,,"188",,,,,,"57.0",,,,,,,,"113","35.1",,,"0.397",,,,,,,
"3","충주","성인","일반","25","관리자","참가","20250228","F","164.9","52.1","27.2","66","82","131","28","28.6",,,"23.7",,,,,,"19.2","18",,,"164",,,,,,"54.9",,,"71","98","120",,"42.6",,,,,"0.417",,,,,,,
"2","진천","성인","일반","23","관리자","3등급","20250228","F","164.8","53.3","23.6","66.5","68","100","28.4","27.5",,,"17.4",,,,,,"19.6","23",,,"177",,,,,,"53.3",,,,,,,,"149","34.8",,,"0.327",,,,,,,
"1","안동","성인","일반","30","관리자","참가","20250228","M","170.9","71.1","15.2","78.5","85","117","31.2","32.9",,,"10.6",,,,,,"24.3","40",,,"189",,,,,,"46.3",,,,,,,,"133","41.0",,,"0.392",,,,,,,
"1","창원","어르신","출장","76","관리자","참가","20250228","F","151.2","52.2","36.2","82","72","130","13.1","16.3",,,"6",,,,,,"22.8",,,,,"36",,"139","6.5","26.382","31.2",,,,,,,,,,,,,,,,,,,"16.3"
"1","KSPO아산","청소년","일반","18","관리자","참가","20250228","F","157.8","58.8","39.0","71","52","116","19","19.3",,"25","17","26.32","0.411","48.141","17","48.923","23.6",,"15",,,,,,,,"32.8",,"32.2",,,,,,,,,,,,,,,,,
"1","달서","성인","일반","59","관리자","참가","20250228","M","169.1","74.1","23.8","86.4","86","143","42.9","43",,,"2",,,,,,"25.9","34",,,"161",,,,,,"58.0",,,,,,,,"91","39.3",,,"0.333",,,,,,,
"1","달서","성인","일반","57","관리자","3등급","20250228","F","162.7","69.3","31.5","90.6","72","117","22","27.3",,,"24.6",,,,,,"26.2","28",,,"119",,,,,,"39.4",,,,,,,,"115","28.5",,,"0.302",,,,,,,
"2","KSPO대구","성인","일반","55","관리자","3등급","20250228","F","164.8","68.6","31.2","83","110","181","26.5","29.7",,,"16",,,,,,"25.3","11",,,"133",,,,,,"43.3",,,,,,,,"119","28.8",,,"0.428",,,,,,,
"1","경산","성인","일반","28","관리자","참가","20250228","F","161.8","53.3","32","73","66","108","28.5","30.3",,,"7.4",,,,,,"20.4","20","11",,,,,,,,"56.8",,"30.9",,,,,,,,,,"0.407","0.422",,,,,,
"3","창원","어르신","출장","78","관리자","참가","20250228","F","157.3","73","43","93","59","112","20.6","20.2",,,"4.5",,,,,,"29.5",,,,,"12",,"104","12.2","42.950","28.2",,,,,,,,,,,,,,,,,,,"20.6"
"3","창원","어르신","출장","77","관리자","참가","20250228","F","154.9","69.5","42.4","89","74","120","20.3","20.9",,,"-15",,,,,,"29.0",,,,,"15",,"62","12.1","50.405","30.1",,,,,,,,,,,,,,,,,,,"20.9"
"1","경산","성인","일반","29","관리자","1등급","20250228","F","156.7","53","24.4","70","63","120","23.7","29.2",,,"24.1",,,,,,"21.6","35",,"13.2","170",,,,,,"55.1",,,"70","106","122",,"41.3",,,,,,,,,,,,
"1","제주","청소년","일반","16","관리자","참가","20250228","M","176","88.4","23.1","95.8","78","140","32.9","33",,"41","-5.1","20.18","0.551","56.581","5","56.811","28.5",,,,,,,,,,"37.3",,,"90","118","139",,"42.3",,,,,,,,,,,,
"2","연제","성인","일반","58","관리자","참가","20250228","M","171.3","61.3","17.9",,"78","116","30.6","34.4",,,"2.3",,,,,,"20.9","21",,"12.6",,,,,,,"56.1",,,,,,,,"126","37.4",,,,"0.451",,,,,,
"3","계룡","청소년","일반","18","관리자","3등급","20250228","F","160.5","47.6","21.2",,"61","99","23.3","31","26",,"17.2","21","0.49","37.654","29","38.988","18.5",,"25",,,,,,,,"65.1",,"36.8",,,,,,,,,,,,,,,,,
"1","포항","성인","일반","28","관리자","2등급","20250228","M","173.1","79.8","24.6",,"97","147","50.9","53.3",,,"11.3",,,,,,"26.6","57",,,"233",,,,,,"66.8",,,,,,,,"115","42.4",,,"0.322",,,,,,,
"3","KSPO아산","성인","일반","22","관리자","1등급","20250228","F","166.7","55.4","23.6","75","85","127","29.9","30.3",,,"19.8",,,,,,"19.9","42",,,"170",,,,,,"54.7",,,"89","120","144",,"39.5",,,,,"0.319",,,,,,,
"2","나주","성인","일반","23","관리자","3등급","20250228","F","161","48.8","27.3","75.5","80","121","22.6","25.7",,,"16.3",,,,,,"18.8","27",,,"179",,,,,,"52.7",,,"94","114","155",,"37.6",,,,,"0.297",,,,,,,
"1","삼척","어르신","일반","67","관리자","참가","20250228","M","171.0","93.3","33.6",,"62","150","33.4","39.8",,,"-12.8",,,,,,"31.9",,,,,"24",,"110","5.59","26.3","42.7",,,,,,,,,,,,,,,,,,,"39.8"
"1","제주","청소년","일반","15","관리자","3등급","20250228","M","173.7","73","12.1","77.9","69","129","37.5","40.2","62",,"4.3","19.87","0.638","50.771","7","51.093","24.2",,,,,,,,,,"55.1",,,"94","111","129",,"46.5",,,,,,,,,,,,
"1","창원","어르신","출장","78","관리자","3등급","20250228","F","162.1","55.2","39.6","72","76","142","18","19.3",,,"15",,,,,,"21.0",,,,,"20",,"113","8.3","32.923","35.0",,,,,,,,,,,,,,,,,,,"19.3"
"1","구미","성인","일반","47","관리자","참가","20250228","M","168.3","77.9","30.1","93.3","91","152","40","39.8",,,"-4.4",,,,,,"27.5","38",,,,,,,,,"51.3",,,,,,,,"111","38.4",,,"0.354","0.509",,,,,,
"1","청주","성인","일반","25","관리자","참가","20250228","F","171","52.6","28","71.3","67","105","22.2","29.4",,,"1.6",,,,,,"18.0","24",,"13.5","138",,,,,,"55.9",,,,,,,,"97","41.5",,,,,,,,,,
"1","청주","성인","일반","33","관리자","3등급","20250228","F","156","48","24.9","70.2","72","121","18.9","24.4",,,"16.5",,,,,,"19.7","23",,"12.5","157",,,,,,"50.8",,,,,,,,"102","39.1",,,,,,,,,,
"2","나주","성인","일반","23","관리자","2등급","20250228","F","165.5","55.7","29.5","78.2","76","118","24.7","25.6",,,"20.2",,,,,,"20.3","40","26",,"162",,,,,,"46.0",,"35.3",,,,,,,,,,"0.278",,,,,,,
"2","춘천","성인","일반","25","관리자","2등급","20250228","F","167.3","72.9","31.2","89.3","67","107","38.9","33.5",,,"24.9",,,,,,"26.0","52","26",,"172",,,,,,"53.4",,"32.5",,,,,,,,,,"0.530",,,,,,,
"1","창원","어르신","출장","78","관리자","참가","20250228","F","152","57.8","39.8","81","62","129","21.3","23.3",,,"9",,,,,,"25.0",,,,,"17",,"87","9.28","38.465","40.3",,,,,,,,,,,,,,,,,,,"23.3"
"1","포항","성인","일반","23","관리자","3등급","20250228","F","174.4","61.8","26.3",,"69","115","26.5","24.6",,,"20.6",,,,,,"20.3","32",,,,,,,,,"42.9",,,,,,,,"144","34.2",,,"0.305","0.663",,,,,,
"1","춘천","성인","일반","54","관리자","3등급","20250228","F","158.4","66.9","25.2","81.2","86","135","31.1","34.8",,,"23.4",,,,,,"26.7","34","15",,"156",,,,,,"52.0",,"28.9",,,,,,,,,,"0.345",,,,,,,
"1","창원","어르신","출장","76","관리자","3등급","20250228","F","157.3","56.3","28.3","71","89","133","21.6","23.2",,,"11",,,,,,"22.8",,,,,"21",,"143","7.5","29.75","41.2",,,,,,,,,,,,,,,,,,,"23.2"
"2","구미","성인","일반","33","관리자","참가","20250228","M","165.9","73.3","28.5","90.3","89","153","35.9","38.2",,,"26",,,,,,"26.6","51","41",,"198",,,,,,"52.1",,"41.3",,,,,,,,,,"0.393",,,,,,,
"1","KSPO광주","성인","일반","26","관리자","참가","20250228","M","180.5","75","31.5","82.4","89","145","35.9","38.4",,,"-16.3",,,,,,"23.0","14",,"12.98","165",,,,,,"51.2",,,,,,,,"187","34.0",,,,,,,,,,
"4","창원","어르신","출장","79","관리자","참가","20250228","F","156.1","75","39.6","105","82","131","22.2","18.1",,,"14",,,,,,"30.8",,,,,"15",,"101","8.332","39.36","29.6",,,,,,,,,,,,,,,,,,,"22.2"
"5","창원","어르신","출장","79","관리자","3등급","20250228","F","166.3","63.5","28.7","82","84","159","22.3","20.8",,,"14.5",,,,,,"23.0",,,,,"13",,"109","7.137","33.11","35.1",,,,,,,,,,,,,,,,,,,"22.3"
"1","창원","어르신","출장","65","관리자","3등급","20250228","F","150.3","53.2","40.4","76","82","123","19.3","20.7",,,"11.5",,,,,,"23.6",,,,,"21",,"105","6.055","24.155","38.9",,,,,,,,,,,,,,,,,,,"20.7"
"1","창원","어르신","출장","78","관리자","참가","20250228","M","169.7","70.9","25.1","89","82","158","34.4","36.7",,,"0",,,,,,"24.6",,,,,"18",,"130","8.039","29.497","51.8",,,,,,,,,,,,,,,,,,,"36.7"
"1","창원","어르신","출장","80","관리자","참가","20250228","M","161.5","74.9","36.5","97","60","133","19.3","19.7",,,"-15",,,,,,"28.7",,,,,"7",,"16","14.888","57.84","26.3",,,,,,,,,,,,,,,,,,,"19.7"
"1","삼척","성인","일반","23","관리자","1등급","20250228","F","166.4","54.4","24.0",,"71","117","23.9","30.3",,,"20.7",,,,,,"19.6","36",,"14.04","171",,,,,,"55.7",,,,,,,,"112","39.2",,,,,,,,,,
"10","창원","어르신","출장","76","관리자","1등급","20250228","M","160.5","61.5","28.2","78","96","147","43","37.6",,,"16.5",,,,,,"23.9",,,,,"32",,"153","4.352","17.8","69.9",,,,,,,,,,,,,,,,,,,"43.0"
"2","포항","성인","일반","22","관리자","참가","20250228","F","175.1","56.6","32.4",,"77","121","17.3","25.5",,,"17.2",,,,,,"18.5","11",,,,,,,,,"45.1",,,,,,,,"158","34.1",,,"0.333","0.477",,,,,,
"1","창원","어르신","출장","77","관리자","2등급","20250228","M","165.5","78.4","31.1","88.5","78","141","39.1","39.4",,,"5",,,,,,"28.6",,,,,"24",,"127","5.4","21.88","50.3",,,,,,,,,,,,,,,,,,,"39.4"
"1","사천","성인","일반","20","관리자","참가","20250228","F","164.9","80.4","40","102.4","75","132","34.5","34.3",,,"-0.1",,,,,,"29.6","27","22",,"167",,,,,,"42.9",,"30.3",,,,,,,,,,"0.423",,,,,,,
"2","KSPO광주","청소년","일반","18","관리자","3등급","20250228","M","162.3","49.2","7.7","63.5","85","126","36.2","36.8",,"49","9","19.52","0.556","53.431","10","53.891","18.7",,,,,,,,,,"74.8",,,"83","109","142",,"48.5",,,,,,,,,,,,
"6","창원","어르신","출장","77","관리자","3등급","20250228","F","154.1","58.3","31.5","70.5","70","121","22.3","15.4",,,"20",,,,,,"24.6",,,,,"21",,"115","6.684","34.38","38.3",,,,,,,,,,,,,,,,,,,"22.3"
"1","창원","어르신","출장","78","관리자","2등급","20250228","F","163.2","69.2","36.3","86","79","150","26.1","24.1",,,"16.5",,,,,,"26.0",,,,,"16",,"102","7.447","30.27","37.7",,,,,,,,,,,,,,,,,,,"26.1"
"3","창원","어르신","출장","78","관리자","2등급","20250228","F","152.7","54.8","34.7","78","87","156","19.1","22.3",,,"15",,,,,,"23.5",,,,,"33",,"114","6.508","24.99","40.7",,,,,,,,,,,,,,,,,,,"22.3"
"2","서구(대전)","성인","일반","19","관리자","참가","20250228","F","165.3","96.9","37.7",,"62","131","35.5","39.7",,,"7.1",,,,,,"35.5","33",,"11.84","158",,,,,,"41.0",,,"81","130","159",,"27.6",,,,,,,,,,,,
"2","창원","어르신","출장","77","관리자","1등급","20250228","M","171.9","73.2","25.1","91","71","126","31.1","39.3",,,"11.5",,,,,,"24.8",,,,,"27",,"148","4.431","18.99","53.7",,,,,,,,,,,,,,,,,,,"39.3"
"1","연제","성인","일반","31","관리자","참가","20250228","M","181.3","81.9","14.1",,"75","122","44.5","51.3",,,"-10.0",,,,,,"24.9","28",,,"228",,,,,,"62.6",,,"103","117","137","160","41.0",,,,,"0.371",,,,,,,
"5","포항","성인","일반","49","관리자","3등급","20250228","F","159.9","46","22.8",,"82","149","20.3","23.5",,,"24.5",,,,,,"18.0","21",,,,,,,,,"51.1",,,,,,,,"133","33.2",,,"0.265","0.688",,,,,,
"1","춘천","성인","일반","22","관리자","참가","20250228","F","158.9","69.5","37.7","88.7","68","115","33.2","37.2",,,"13.4",,,,,,"27.5","27",,,"170",,,,,,"53.5",,,,,,,,"133","32.4",,,"0.380",,,,,,,
"1","KSPO아산","성인","일반","26","관리자","3등급","20250228","M","182.3","82.4","12.7","77.5","74","136","41.9","45.4",,,"6.1",,,,,,"24.8","51",,"11.1","242",,,,,,"55.1",,,"85","110","128","149","45.4",,,,,,,,,,,,
"6","경산","성인","일반","23","관리자","참가","20250228","F","162.7","48.5","22.7","67","72","115","23.5","19.9",,,"15.4",,,,,,"18.3","14",,,"150",,,,,,"48.5",,,,,,,,"150","35.6",,,"0.353",,,,,,,
"2","창원","어르신","출장","73","관리자","3등급","20250228","M","172.9","77.3","27.1","91","89","158","41.3","44",,,"1.5",,,,,,"25.9",,,,,"19",,"153","6.672","22.65","56.9",,,,,,,,,,,,,,,,,,,"44.0"
"5","KSPO대구","성인","일반","40","관리자","3등급","20250228","F","168.1","63.8","28.5","77","67","117","22.5","28",,,"12.2",,,,,,"22.6","40","20",,"158",,,,,,"43.9",,"31.6",,,,,,,,,,"0.374",,,,,,,
"2","춘천","성인","일반","45","관리자","참가","20250228","M","168.6","78.3","30.2","98.8","75","139","46.6","45",,,"14.1",,,,,,"27.5","29","40",,"193",,,,,,"59.5",,"39.3",,,,,,,,,,"0.318",,,,,,,
"2","남구(부산)","성인","일반","24","관리자","참가","20250228","F","168.3","58.8","21.8",,"58","108","32.6","33.9",,,"28.1",,,,,,"20.8","19",,,,,,,,,"57.7",,,,,,,,"113","38.0",,,"0.269","0.527",,,,,,
"1","창원","어르신","출장","75","관리자","참가","20250228","M","171.3","62","23.5","78.5","70","130","26.8","30.9",,,"-15",,,,,,"21.1",,,,,"22",,"136","5.827","23.43","49.8",,,,,,,,,,,,,,,,,,,"30.9"
"1","남구(부산)","성인","일반","26","관리자","1등급","20250228","F","163.6","56","26.6",,"76","126","27.1","26.7",,,"22.3",,,,,,"20.9","33",,,,,,,,,"48.4",,,,,,,,"115","37.6",,,"0.314","0.501",,,,,,
"1","청주","청소년","일반","14","관리자","2등급","20250228","M","168.8","67.3","16.9","77.3","74","128","42.5","45.8",,"43","11.5","16.25","0.638","52.107","11","52.613","23.6",,"56",,,,,,,,"68.1",,"44.9",,,,,,,,,,,,,,,,,
"1","청주","청소년","일반","14","관리자","3등급","20250228","M","181.8","65.1","7.4","74.6","48","117","46.6","59.3",,"42","5.5","17.5","0.688","46.061","11","46.567","19.7",,"57",,,,,,,,"91.1",,"47.1",,,,,,,,,,,,,,,,,
"1","제주","성인","일반","29","관리자","참가","20250228","M","181.3","117.2","37.2","125.3","99","138","38.1","42.2",,,"-14.5",,,,,,"35.7","13",,,"163",,,,,,"36.0",,,,,,,,"135","31.6",,,"0.306",,,,,,,
"1","창원","어르신","출장","70","관리자","3등급","20250228","F","154.3","54.1","30.6","81","81","139","23.2","25.1",,,"12",,,,,,"22.7",,,,,"27",,"129","5.725","20.69","46.4",,,,,,,,,,,,,,,,,,,"25.1"
"2","서구(대전)","성인","일반","24","관리자","3등급","20250228","M","169.6","69.3","14.2",,"62","127","42.2","43.2",,,"7.9",,,,,,"24.1","52","57","10.26","227",,,,,,"62.3",,"46.3",,,,,,,,,,,,,,,,,
"1","경산","성인","일반","34","관리자","참가","20250228","M","172.8","90.9","27.6","103","91","136","53.7","49.9",,,"15.8",,,,,,"30.4","44","31","10.8","214",,,,,,"59.1",,"36.2",,,,,,,,,,,,,,,,,
"1","제주","성인","일반","59","관리자","참가","20250228","F","153.1","47.9","34.1","75.7","94","142","17.4","18.9",,,"6.1",,,,,,"20.4","12","7",,"132",,,,,,"39.5",,"29.2",,,,,,,,,,"0.402",,,,,,,
"2","창원","어르신","출장","69","관리자","참가","20250228","F","164.7","65.4","43","84","67","135","20.6","23.6",,,"20",,,,,,"24.1",,,,,"21",,"133","7.289","29.81","36.1",,,,,,,,,,,,,,,,,,,"23.6"
"1","청주","청소년","일반","14","관리자","참가","20250228","M","171.5","45.9","11.1","66.4","61","97","23.3","26.3",,"20","-12.1","23","0.477","54.492","16","55.228","15.6",,"19",,,,,,,,"57.3",,"41.8",,,,,,,,,,,,,,,,,
"2","동구(광주)","성인","일반","26","관리자","참가","20250228","M","168","74.9","30.2","86","91","139","37.4","40.7",,,"7.9",,,,,,"26.5","50",,,"182",,,,,,"54.3",,,,,,,,"133","41.0",,,"0.253",,,,,,,
"1","창원","어르신","출장","69","관리자","참가","20250228","M","167.1","73.6","32.6","93","78","138","26.9","36.5",,,"2",,,,,,"26.4",,,,,"15",,"112","8.073","32.36","49.6",,,,,,,,,,,,,,,,,,,"36.5"
"4","충주","성인","일반","20","관리자","참가","20250228","M","176.1","68.2","19.2","86","59","119","30","32.9",,,"17.9",,,,,,"22.0","47",,,,,,,,,"48.2",,,,,,,,"93","50.4",,,"0.334","0.541",,,,,,
"4","창원","어르신","출장","68","관리자","2등급","20250228","F","147.1","49.8","32.6","75","81","123","20.1","24.1",,,"20",,,,,,"23.0",,,,,"21",,"110","5.773","24.33","48.4",,,,,,,,,,,,,,,,,,,"24.1"
"3","충주","성인","일반","21","관리자","3등급","20250228","M","172.7","71.8","22.9","86","76","126","42.4","44.1",,,"12.1",,,,,,"24.1","54",,,,,,,,,"61.4",,,,,,,,"113","46.2",,,"0.355","0.565",,,,,,
"1","익산","성인","일반","24","관리자","3등급","20250228","M","171.4","73.5","17.4","91","90","128","53","58.6",,,"14.7",,,,,,"25.0","44","50","10.68","251",,,,,,"79.7",,"44.0",,,,,,,,,,,,,,,,,
"1","창원","어르신","출장","70","관리자","참가","20250228","M","162.7","75.4","38.4","96","86","120","32.3","28.7",,,"1.5",,,,,,"28.5",,,,,"21",,"101","6.686","29.42","42.8",,,,,,,,,,,,,,,,,,,"32.3"
"2","청주","성인","일반","23","관리자","참가","20250228","F","170","53.2","30.4","71.3","65","117","18.3","21.4",,,"19.3",,,,,,"18.4","17",,,"151",,,,,,"40.2",,,,,,,,"128","37.9",,,"0.238",,,,,,,
"1","익산","성인","일반","22","관리자","2등급","20250228","F","160.8","54","27.2","89","60","104","24.9","25.4",,,"16.6",,,,,,"20.9","34",,,"162",,,,,,"47.0",,,,,,,,"140","35.5",,,"0.387",,,,,,,
"1","영암","청소년","출장","13","관리자","1등급","20250228","F","163.5","52.3","20.8",,"72","116","23.7","26.7","50",,"25","20.14","0.514","52.178","6","52.454","19.6",,"43",,,,,,,,"51.1",,"39.4",,,,,,,,,,,,,,,,,
"3","사천","성인","일반","24","관리자","3등급","20250228","F","173.1","59.6","28.1","79.1","78","143","26.5","31.2",,,"28",,,,,,"19.9","26",,,"183",,,,,,"52.3",,,,,,,,"143","34.6",,,"0.347",,,,,,,
"2","창원","어르신","출장","72","관리자","3등급","20250228","M","165.8","56.7","16.9","76","71","123","31.7","34.1",,,"19",,,,,,"20.6",,,,,"29",,"100","6.493","24.14","60.1",,,,,,,,,,,,,,,,,,,"34.1"
"1","스포원(금정)","성인","일반","45","관리자","참가","20250228","F","162","61","35.5",,"79","139","29.1","26.9",,,"9.9",,,,,,"23.2","29",,"13.4",,,,,,,"47.7",,,"63","106","136",,"34.6",,,,,,"0.384",,,,,,
"4","스포원(금정)","성인","일반","61","관리자","참가","20250228","M","168.3","64.2","18.2",,"70","145","39.5","43",,,"-3",,,,,,"22.7","30",,,"174",,,,,,"67.0",,,"113","127","135","149","38.9",,,,,"0.279",,,,,,,
"1","포항","성인","일반","43","관리자","참가","20250228","F","159.1","87","43.4",,"83","123","23.5","29.7",,,"10.5",,,,,,"34.4","15",,,"139",,,,,,"34.1",,,,,,,,"140","23.3",,,"0.266",,,,,,,
"3","스포원(금정)","성인","일반","25","관리자","2등급","20250228","M","176.7","75.4","11",,"89","149","46.1","54.2",,,"10.4",,,,,,"24.1","54",,"10.2",,,,,,,"71.9",,,"88","108","120","150","47.3",,,,,,"0.616",,,,,,
"1","영암","유소년","출장","12","관리자","참가","20250228","M","147.8","36.7",,"70",,,"13.5","16.2","60",,"10.6",,,,,,"16.8",,"51",,"154",,,,,,"44.1",,,,,,,,,,,,,,"0.47","35","5",,,
"2","창원마산회원","성인","일반","42","관리자","참가","20250228","F","159.6","69.5","34.2","80","70","123","32.9","39",,,"20.4",,,,,,"27.3","34",,"12.61","133",,,,,,"56.1",,,,,,,,"148","26.9",,,,,,,,,,
"9","창원","어르신","출장","75","관리자","1등급","20250228","M","158.78","62.1","25.2","82","86","156","37","38.1",,,"15",,,,,,"24.6",,,,,"25",,"128","5.549","19.99","61.4",,,,,,,,,,,,,,,,,,,"38.1"
"1","달서","성인","일반","23","관리자","참가","20250228","F","165.4","52.4","21.1","68.7","74","124","24.1","29.6",,,"20.8",,,,,,"19.2","16",,,"142",,,,,,"56.5",,,,,,,,"73","44.3",,,"0.369",,,,,,,
"4","계룡","성인","일반","21","관리자","2등급","20250228","F","163.9","52.6","25.3",,"59","99","21.1","26",,,"17.5",,,,,,"19.6","38",,,"174",,,,,,"49.4",,,,,,,,"130","37.6",,,"0.317",,,,,,,
"3","달서","성인","일반","20","관리자","참가","20250228","M","176","88.9","26.7","101.1","85","132","46.4","47.8",,,"7.6",,,,,,"28.7","35",,,"179",,,,,,"53.8",,,,,,,,"101","44.6",,,"0.374",,,,,,,
"1","창원마산회원","성인","일반","24","관리자","참가","20250228","F","160.6","46.9","16.1","68","64","119","21.2","19.9",,,"9.1",,,,,,"18.2","10",,,"142",,,,,,"45.2",,,,,,,,"116","39.8",,,"0.350",,,,,,,
"1","KSPO아산","성인","일반","31","관리자","참가","20250228","M","179.9","69.4","23","86","74","113","36.2","39.1",,,"-20",,,,,,"21.4","43",,,,,,,,,"56.3",,,,,,,,"120","43.8",,,"0.348","0.513",,,,,,
"1","영암","유소년","출장","11","관리자","2등급","20250228","F","154.5","40.3",,"71.5",,,"21.9","18.7","31",,"12.8",,,,,,"16.9",,"53",,"130",,,,,,"54.3",,,,,,,,,,,,,,"0.46","37","9",,,
"5","창원","어르신","출장","71","관리자","1등급","20250228","M","168.2","60.1","20","77","71","106","29.3","37.1",,,"15",,,,,,"21.2",,,,,"33",,"167","4.542","17.43","61.7",,,,,,,,,,,,,,,,,,,"37.1"
"2","구미","성인","일반","22","관리자","참가","20250228","F","171.2","60.8","39.1","85.5","61","117","20.5","25.5",,,"20.7",,,,,,"20.7","16",,,,,,,,,"41.9",,,"98","134","170",,"34.7",,,,,"0.361","0.44",,,,,,
"1","영암","유소년","출장","11","관리자","3등급","20250228","M","167.6","62.6",,"82",,,"25.3","24.6","49",,"6.6",,,,,,"22.3",,"94",,"175",,,,,,"40.4",,,,,,,,,,,,,,"0.49","39","1",,,
"1","창원","어르신","출장","73","관리자","참가","20250228","F","148.2","57","37.8","79.5","59","155","19.1","12.1",,,"14",,,,,,"26.0",,,,,"22",,"111","8.265","27.44","33.5",,,,,,,,,,,,,,,,,,,"19.1"
"1","영암","유소년","출장","11","관리자","참가","20250228","F","150.8","40.5",,"67",,,"18.1","16.2","80",,"2.7",,,,,,"17.8",,"60",,"150",,,,,,"44.7",,,,,,,,,,,,,,"0.44","36","6",,,
"1","창원","어르신","출장","69","관리자","3등급","20250228","M","167.6","72.5","23.6","89","87","139","47.5","42.1",,,"3",,,,,,"25.8",,,,,"24",,"135","6.049","19.61","65.5",,,,,,,,,,,,,,,,,,,"47.5"
"3","삼척","성인","일반","23","관리자","3등급","20250228","F","173.0","61.6","22.1",,"73","109","38.9","42.3",,,"17.2",,,,,,"20.6","23","23","13.16","167",,,,,,"68.7",,"33.6",,,,,,,,,,,,,,,,,
"1","창원","어르신","출장","75","관리자","참가","20250228","M","164.9","67.9","35.2","88","84","155","32.6","33",,,"7",,,,,,"25.0",,,,,"14",,"97","7.362","31.99","48.6",,,,,,,,,,,,,,,,,,,"33.0"
"1","나주","성인","일반","29","관리자","2등급","20250228","F","155.7","57","29.2","76.9","57","103","29.7","30.1",,,"17.9",,,,,,"23.5","28",,,"157",,,,,,"52.8",,,,,,,,"128","34.4",,,"0.299",,,,,,,
"1","창원","어르신","출장","75","관리자","1등급","20250228","M","155.4","51.8","21.4","67.5","76","156","32","37.6",,,"8.5",,,,,,"21.5",,,,,"29",,"117","5.435","20.59","72.6",,,,,,,,,,,,,,,,,,,"37.6"
"1","영암","유소년","출장","12","관리자","참가","20250228","F","157.7","64.4",,"81",,,"22.1","25.7","44",,"17.4",,,,,,"25.9",,"34",,"120",,,,,,"39.9",,,,,,,,,,,,,,"0.51","36","9",,,
"2","KSPO대구","성인","일반","52","관리자","참가","20250228","M","163.2","63.7","23","76.5","83","118","40","43.4",,,"8",,,,,,"23.9","23",,,"200",,,,,,"68.1",,,,,,,,"115","39.3",,,"0.345",,,,,,,
"1","KSPO대구","성인","일반","23","관리자","3등급","20250228","F","163.9","55.5","38.5","68","68","103","22.5","22",,,"14",,,,,,"20.7","23",,,,,,,,,"40.5",,,,,,,,"160","32.8",,,"0.346","0.478",,,,,,
"5","창원","어르신","출장","81","관리자","2등급","20250228","F","165.1","61.7","30.3","78","94","130","20","20.1",,,"21",,,,,,"22.6",,,,,"17",,"108","6.994","28.84","32.6",,,,,,,,,,,,,,,,,,,"20.1"
"4","창원","어르신","출장","74","관리자","참가","20250228","M","161.1","67.9","28.3","86.7","75","148","35.1","37.1",,,"-15",,,,,,"26.2",,,,,"20",,"134","6.21","27.68","54.6",,,,,,,,,,,,,,,,,,,"37.1"
"2","창원","어르신","출장","81","관리자","참가","20250228","M","168.4","61.6","20.1","73","82","130","31.1","29.3",,,"-15",,,,,,"21.7",,,,,"16",,"122","7.709","35.78","50.5",,,,,,,,,,,,,,,,,,,"31.1"
"1","KSPO광주","청소년","일반","18","관리자","3등급","20250228","M","175.5","78.5","16","75","71","129","33.4","51.6","33",,"15","20.46","0.595","55.082","9","55.496","25.5",,,,,,,,,,"65.7",,,"82","120","139",,"45.3",,,,,,,,,,,,
"1","KSPO광주","청소년","일반","18","관리자","참가","20250228","M","180.2","80","12.2","75","69","135","38.5","45","26",,"-4.5","16.7","0.590","48.042","12","48.594","24.6",,,,,,,,,,"56.3",,,"92","105","119",,"48.9",,,,,,,,,,,,
"1","창원","어르신","출장","70","관리자","2등급","20250228","M","163.4","58.6","18.4","74","56","119","30.6","26.8",,,"20",,,,,,"21.9",,,,,"33",,"116","6.22","23.845","52.2",,,,,,,,,,,,,,,,,,,"30.6"
"1","창원","어르신","출장","72","관리자","2등급","20250228","F","158.4","59.5","35.9","81","79","157","21.3","21.3",,,"22",,,,,,"23.7",,,,,"26",,"126","6.32","26.720","35.8",,,,,,,,,,,,,,,,,,,"21.3"
"1","창원","어르신","출장","76","관리자","참가","20250228","F","152","60.9","37.9","88","84","150","11.6","19.7",,,"2",,,,,,"26.4",,,,,"30",,"129","8.19","28.79","32.3",,,,,,,,,,,,,,,,,,,"19.7"
"2","동해","성인","일반","22","관리자","3등급","20250228","F","164.3","43.9","18.2",,"58","98","27.5","23.7",,,"10.9",,,,,,"16.3","26",,,,,,,,,"62.6",,,,,,,,"103","42.8",,,"0.339","0.457",,,,,,
"2","군산","어르신","출장","77","관리자","2등급","20250228","M","159.6","62.5","29.4",,"82","155","33.3","36.3",,,"12.3",,,,,,"24.5",,,,,"30",,"108","5.70","22.32","58.1",,,,,,,,,,,,,,,,,,,"36.3"
"1","군산","어르신","출장","69","관리자","참가","20250228","F","147","58.3","42",,"75","155","20","23.5",,,"4.8",,,,,,"27.0",,,,,"22",,"100","6.31","26.56","40.3",,,,,,,,,,,,,,,,,,,"23.5"
"11","군산","어르신","출장","67","관리자","2등급","20250228","F","159.8","63.5","39.2",,"74","136","21.8","28.8",,,"16.4",,,,,,"24.9",,,,,"29",,"111","5.28","23.15","45.4",,,,,,,,,,,,,,,,,,,"28.8"
"1","군산","어르신","출장","72","관리자","참가","20250228","M","167.2","68.1","25.8",,"68","144","36.3","40.7",,,"-15.5",,,,,,"24.4",,,,,"18",,"111","5.15","25.16","59.8",,,,,,,,,,,,,,,,,,,"40.7"
"2","창원","어르신","출장","70","관리자","2등급","20250228","F","155.9","52.2","32.5","84","98","154","21.9","20.3",,,"17",,,,,,"21.5",,,,,"21",,"132","5.73","24.89","42.0",,,,,,,,,,,,,,,,,,,"21.9"
"1","군산","어르신","출장","67","관리자","참가","20250228","F","151.2","52","32.1",,"73","139","11.5","7.8",,,"8.1",,,,,,"22.7",,,,,"19",,"106","5.94","27.44","22.1",,,,,,,,,,,,,,,,,,,"11.5"
"1","군산","어르신","출장","66","관리자","2등급","20250228","M","165.8","68.6","25.7",,"93","155","36","37.6",,,"10.9",,,,,,"25.0",,,,,"30",,"121","4.53","19.94","54.8",,,,,,,,,,,,,,,,,,,"37.6"
"1","군산","어르신","출장","71","관리자","참가","20250228","M","150.7","53","31",,"71","139","20.5","20.6",,,"12.1",,,,,,"23.3",,,,,"25",,"110","5.41","22.62","38.9",,,,,,,,,,,,,,,,,,,"20.6"
"1","군산","어르신","출장","81","관리자","참가","20250228","M","166.5","58.7","25.1",,"63","109","27.5","26.5",,,"-4.9",,,,,,"21.2",,,,,"20",,"105","4.81","21.71","46.8",,,,,,,,,,,,,,,,,,,"27.5"
"3","군산","어르신","출장","77","관리자","2등급","20250228","F","162.5","72.7","37.7",,"91","147","21","26.2",,,"15.2",,,,,,"27.5",,,,,"18",,"114","6.03","30.69","36.0",,,,,,,,,,,,,,,,,,,"26.2"
"1","창원","어르신","출장","81","관리자","참가","20250228","F","152.3","55.9","38.4","86","90","159","15.6","15.7",,,"3.5",,,,,,"24.1",,,,,"20",,"121","7.2","34.3","28.1",,,,,,,,,,,,,,,,,,,"15.7"
"2","군산","어르신","출장","66","관리자","참가","20250228","F","153.1","52","38.2",,"84","140","24.3","28.7",,,"10.4",,,,,,"22.2",,,,,"19",,"114","5.12","24.84","55.2",,,,,,,,,,,,,,,,,,,"28.7"
"4","군산","어르신","출장","82","관리자","참가","20250228","M","165.8","72.5","37.2",,"56","132","33.4","38.7",,,"-19.1",,,,,,"26.4",,,,,"11",,"99","7.07","30.78","53.4",,,,,,,,,,,,,,,,,,,"38.7"
"3","군산","어르신","출장","66","관리자","2등급","20250228","F","153.9","62","39.4",,"83","158","18.9","23.2",,,"25",,,,,,"26.2",,,,,"19",,"105","5.37","24.82","37.4",,,,,,,,,,,,,,,,,,,"23.2"
"3","군산","어르신","출장","72","관리자","참가","20250228","M","168.5","94.8","35",,"97","157","24.4","39",,,"-9.7",,,,,,"33.4",,,,,"16",,"111","5.81","28","41.1",,,,,,,,,,,,,,,,,,,"39.0"
"1","진천","성인","일반","19","관리자","3등급","20250228","M","177.9","69.5","17.8","75","95","146","32","42.2",,,"11.6",,,,,,"22.0","48",,"11.34","212",,,,,,"60.7",,,"82","136","152","175","47.4",,,,,,,,,,,,
"4","군산","어르신","출장","71","관리자","3등급","20250228","F","155.9","68.1","36.8",,"69","156","26.1","24.8",,,"13.2",,,,,,"28.0",,,,,"18",,"114","5.32","24.75","38.3",,,,,,,,,,,,,,,,,,,"26.1"
"2","군산","어르신","출장","77","관리자","참가","20250228","F","146.3","54.9","46",,"75","151","9.8","12.5",,,"10.7",,,,,,"25.6",,,,,"19",,"82","7.71","41.44","22.8",,,,,,,,,,,,,,,,,,,"12.5"
"7","군산","어르신","출장","75","관리자","참가","20250228","M","164.2","68.8","34.3",,"81","147","23.7","28.9",,,"-20",,,,,,"25.5",,,,,"11",,"47","8.85","43.31","42.0",,,,,,,,,,,,,,,,,,,"28.9"
"6","군산","어르신","출장","76","관리자","3등급","20250228","M","170","67.1","22.6",,"71","143","40","35.3",,,"8.1",,,,,,"23.2",,,,,"24",,"104","5.91","30.56","59.6",,,,,,,,,,,,,,,,,,,"40.0"
"2","군산","어르신","출장","68","관리자","3등급","20250228","F","152.1","54.3","33.5",,"74","128","22.3","23.1",,,"21.0",,,,,,"23.5",,,,,"23",,"101","5.41","24.56","42.5",,,,,,,,,,,,,,,,,,,"23.1"
"3","창원","어르신","출장","78","관리자","2등급","20250228","M","164","69","31","88","79","156","35.4","35",,,"3",,,,,,"25.7",,,,,"24",,"138","6.14","23.85","51.3",,,,,,,,,,,,,,,,,,,"35.4"
"3","군산","어르신","출장","65","관리자","3등급","20250228","F","157.2","37.4","7.3",,"67","129","22.2","24.1",,,"16",,,,,,"15.1",,,,,"16",,"110","4.46","23.13","64.4",,,,,,,,,,,,,,,,,,,"24.1"
"6","군산","어르신","출장","75","관리자","1등급","20250228","F","149","47.9","37.3",,"48","131","22.1","20.7",,,"17.7",,,,,,"21.6",,,,,"24",,"108","5.03","22","46.1",,,,,,,,,,,,,,,,,,,"22.1"
"1","군산","어르신","출장","68","관리자","참가","20250228","M","159.7","74.4","31.2",,"76","150","33.3","31.3",,,"-13.9",,,,,,"29.2",,,,,"25",,"107","6.35","26.41","44.8",,,,,,,,,,,,,,,,,,,"33.3"
"7","군산","어르신","출장","84","관리자","참가","20250228","F","150.1","56.4","39",,"44","103","9.9","10.4",,,"12.4",,,,,,"25.0",,,,,"16",,"78","7.56","41.87","18.4",,,,,,,,,,,,,,,,,,,"10.4"
"1","군산","어르신","출장","69","관리자","참가","20250228","M","172.1","68.5","22.7",,"87","159","38.5","40.7",,,"1.1",,,,,,"23.1",,,,,"26",,"116","4.81","22.63","59.4",,,,,,,,,,,,,,,,,,,"40.7"
"7","군산","어르신","출장","71","관리자","2등급","20250228","F","152.4","59.1","36.7",,"70","131","19.1","23.5",,,"17.7",,,,,,"25.4",,,,,"24",,"109","5.47","27.22","39.8",,,,,,,,,,,,,,,,,,,"23.5"
"12","군산","어르신","출장","67","관리자","1등급","20250228","F","161.4","57.2","33",,"78","124","25","25.2",,,"21.8",,,,,,"22.0",,,,,"27",,"126","4.72","20.81","44.1",,,,,,,,,,,,,,,,,,,"25.2"
"4","군산","어르신","출장","68","관리자","참가","20250228","F","159.4","61.1","31.8",,"74","145","25.9","26.2",,,"5.3",,,,,,"24.0",,,,,"19",,"124","5.59","26.06","42.9",,,,,,,,,,,,,,,,,,,"26.2"
"2","달서","성인","일반","21","관리자","1등급","20250228","F","159.8","51.8","27.6","71.9","66","107","23.2","25.1",,,"21.2",,,,,,"20.3","37",,,"166",,,,,,"48.5",,,,,,,,"116","39.1",,,"0.343",,,,,,,
"2","창원","어르신","출장","68","관리자","3등급","20250228","F","152","55.2","30.4","76","89","129","18.9","16.9",,,"21",,,,,,"23.9",,,,,"30",,"121","6.48","27.41","34.2",,,,,,,,,,,,,,,,,,,"18.9"
"2","군산","어르신","출장","72","관리자","참가","20250228","F","155.7","51.5","31.6",,"67","139","19.3","17.8",,,"-7.5",,,,,,"21.2",,,,,"15",,"118","5.39","26.59","37.5",,,,,,,,,,,,,,,,,,,"19.3"
"2","군산","어르신","출장","67","관리자","3등급","20250228","F","160","68.8","35.3",,"78","137","24.7","23.8",,,"17.4",,,,,,"26.9",,,,,"16",,"127","5.47","26.5","35.9",,,,,,,,,,,,,,,,,,,"24.7"
"1","군산","어르신","출장","70","관리자","3등급","20250228","M","170","66.7","20.5",,"69","150","30.2","42",,,"2.6",,,,,,"23.1",,,,,"29",,"115","4.85","19.75","63.0",,,,,,,,,,,,,,,,,,,"42.0"
"1","군산","어르신","출장","71","관리자","참가","20250228","F","153.1","65.9","36.5",,"80","154","13.3","17",,,"11.2",,,,,,"28.1",,,,,"13",,"76","6.90","31.28","25.8",,,,,,,,,,,,,,,,,,,"17.0"
"1","창원","어르신","출장","77","관리자","참가","20250228","F","155.6","65.2","40.6","87","69","146","7.8","15",,,"14.5",,,,,,"26.9",,,,,"19",,"111","7.5","28.61","23.0",,,,,,,,,,,,,,,,,,,"15.0"
"1","청주","성인","일반","22","관리자","참가","20250228","F","165.6","54.2","24.9","74.2","59","110","20.3","26.2",,,"3",,,,,,"19.8","36",,,"158",,,,,,"48.3",,,,,,,,"129","37.3",,,"0.343",,,,,,,
"1","창원","어르신","출장","78","관리자","참가","20250228","F","151.1","66.2","42","95","62","113","19.7","18.9",,,"14",,,,,,"29.0",,,,,"10",,"98","14.63","56.77","29.8",,,,,,,,,,,,,,,,,,,"19.7"
"2","나주","성인","일반","60","관리자","참가","20250228","F","149","48.9","34.7","75.5","75","137","17.7","20.9",,,"12.8",,,,,,"22.0","4",,,"130",,,,,,"42.7",,,,,,,,"112","32.0",,,"0.372",,,,,,,
"1","안동","성인","일반","22","관리자","참가","20250228","F","170.1","52.9","27.8","64","75","109","22.5","24.5",,,"8.7",,,,,,"18.3","9",,,"154",,,,,,"46.3",,,"78","120","161",,"37.6",,,,,"0.340",,,,,,,
"2","전주","성인","일반","27","관리자","참가","20250228","F","158.4","47.4","32.5","70.7","72","102","20.1","22.5",,,"-0.6",,,,,,"18.9","25",,,"154",,,,,,"47.5",,,,,,,,"133","36.8",,,"0.351",,,,,,,
"1","창원","어르신","출장","66","관리자","참가","20250228","F","148.1","60.5","43.8","87","72","127","13.7","17.1",,,"17.3",,,,,,"27.6",,,,,"34",,"132","6.65","27.16","28.3",,,,,,,,,,,,,,,,,,,"17.1"
"2","군산","어르신","출장","65","관리자","참가","20250228","F","162.4","64.7","32.9",,"64","116","27.9","29.7",,,"-8.7",,,,,,"24.5",,,,,"19",,"122","3.97","21.03","45.9",,,,,,,,,,,,,,,,,,,"29.7"
"6","무안","성인","일반","59","관리자","참가","20250228","M","177.9","86.4","35.4","101","81","144","34","33.1",,,"2",,,,,,"27.3","3",,,,,,,,,"39.4",,,,,,,,"112","34.1",,,"0.439","0.416",,,,,,
"3","창원마산회원","성인","일반","55","관리자","2등급","20250228","F","167.0","61.6","31.0","80","74","114","37.1","41.6",,,"21.6",,,,,,"22.1","35",,"12.92","167",,,,,,"67.5",,,,,,,,"115","31.2",,,,,,,,,,
"7","경산","성인","일반","38","관리자","3등급","20250228","M","177.9","87.3","22.6","91","80","127","44.9","48.4",,,"5.8",,,,,,"27.6","53",,"10.66","222",,,,,,"55.4",,,"60","94","109",,"43.7",,,,,,,,,,,,
"2","경산","성인","일반","23","관리자","1등급","20250228","F","167.1","57.5","23.9","68","90","134","27.8","28.6",,,"32.2",,,,,,"20.6","37",,,"182",,,,,,"49.7",,,"84","120","154",,"37.1",,,,,"0.405",,,,,,,
"1","익산","성인","일반","20","관리자","참가","20250228","F","160.1","74.6","41.5","93","61","108","26.9","27.9",,,"15.4",,,,,,"29.1","22","15","12.85",,,,,,,"37.4",,"29.0",,,,,,,,,,,"0.402",,,,,,
"9","창원","어르신","출장","82","관리자","1등급","20250228","F","154.7","51.6","33.2","75","58","146","19.1","20.9",,,"26",,,,,,"21.6",,,,,"31",,"129","6.89","23.84","40.5",,,,,,,,,,,,,,,,,,,"20.9"
"2","김천","성인","일반","26","관리자","참가","20250228","M","162.6","70.8","23.9","86.3","69","124","34.2","40.8",,,"6.7",,,,,,"26.8","25",,,,,,,,,"57.6",,,"96","114","128",,"45.0",,,,,"0.304","0.564",,,,,,
"7","창원","어르신","출장","82","관리자","1등급","20250228","F","154.7","60.5","32.9","87.5","77","155","19.1","20.9",,,"19.5",,,,,,"25.3",,,,,"29",,"127","6.16","26.7","34.5",,,,,,,,,,,,,,,,,,,"20.9"
"9","서구(광주)","성인","일반","51","관리자","참가","20250228","F","162.1","55.4","29.9","72","79","126","26.4","30.7",,,"-14.7",,,,,,"21.1","7","14","14.98",,,,,,,"55.4",,"30.6",,,,,,,,,,,"0.401",,,,,,
"2","증평","성인","일반","22","관리자","참가","20250228","F","157.0","55.7","34.6","82.6","65","123","23","24",,,"6.9",,,,,,"22.6","30",,,,,,,,,"43.1",,,,,,,,"117","37.5",,,"0.365","0.471",,,,,,
"1","연제","성인","일반","46","관리자","참가","20250228","M","161.4","72.2","34.6",,"76","114","25.8","27.6",,,"-15.2",,,,,,"27.7","18",,,,,,,,,"38.2",,,"89","108","132","174","35.3",,,,,"0.428","0.410",,,,,,
"3","제주","성인","일반","25","관리자","3등급","20250228","F","160.7","48.2","20.8","70.2","78","131","21.9","24.1",,,"22.5",,,,,,"18.7","25",,,,,,,,,"50.0",,,,,,,,"146","35.6",,,"0.293","0.452",,,,,,
"4","창원","어르신","출장","83","관리자","참가","20250228","F","147.8","54.5","40.4","88.5","70","146","15.6","17.2",,,"9.5",,,,,,"24.9",,,,,"16",,"30","9.3","41.26","31.6",,,,,,,,,,,,,,,,,,,"17.2"
"6","전주","성인","일반","48","관리자","참가","20250228","M","166.9","71","22.9","85.9","85","147","27.3","29.4",,,"17.3",,,,,,"25.5","37",,,,,,,,,"41.4",,,,,,,,"101","41.0",,,"0.367","0.396",,,,,,
"2","동해","성인","일반","19","관리자","참가","20250228","M","176","77.6","15.6",,"78","133","56.9","46.9",,,"16.2",,,,,,"25.1","39","45",,"250",,,,,,"73.3",,"42.5",,,,,,,,,,"0.277",,,,,,,
"1","KSPO아산","성인","일반","43","관리자","참가","20250228","M","176.2","89.6","28.7","96","91","135","46.9","45.3",,,"4.9",,,,,,"28.9","30","27","11.11","214",,,,,,"52.3",,"34.6",,,,,,,,,,,,,,,,,
"2","KSPO대구","성인","일반","25","관리자","2등급","20250228","F","165.5","60","31.6","67","67","117","29.8","31.7",,,"21.2",,,,,,"21.9","30",,,"166",,,,,,"52.8",,,,,,,,"120","36.4",,,"0.369",,,,,,,
"1","증평","성인","일반","56","관리자","참가","20250228","M","172.9","85.5","29.8","97.2","64","111","37.5","37.8",,,"0.8",,,,,,"28.6","34",,"11.5","195",,,,,,"44.2",,,,,,,,"126","32.6",,,,,,,,,,
"1","창원","어르신","출장","80","관리자","2등급","20250228","M","170.3","74.3","27.7","89.5","80","150","41.3","39.4",,,"8.4",,,,,,"25.6",,,,,"26",,"116","5.89","26.35","55.6",,,,,,,,,,,,,,,,,,,"41.3"
"1","청주","성인","일반","24","관리자","참가","20250228","M","190.4","70","4.6","77.2","89","141","57.6","46",,,"8.9",,,,,,"19.3","45",,,"257",,,,,,"82.3",,,"97","104","150","187","39.4",,,,,"0.361",,,,,,,
"2","남원","성인","일반","24","관리자","2등급","20250228","F","165.1","54.3","26.9","77.7","81","133","27.7","30.2",,,"21.8",,,,,,"19.9","33",,,"162",,,,,,"55.6",,,,,,,,"142","35.2",,,"0.394",,,,,,,
"1","정읍","성인","일반","19","관리자","참가","20250228","M","182.3","74.2","12.4",,"77","118","35.3","38.7",,,"-0.7",,,,,,"22.3","39","48",,,,,,,,"52.2",,"43.6",,,,,,,,,,"0.430","0.56",,,,,,
"3","KSPO광주","성인","일반","22","관리자","참가","20250228","F","168.2","47.3","24.1","64","81","120","20.2","22.1",,,"6.5",,,,,,"16.7","15",,,,,,,,,"46.7",,,,,,,,"120","40.3",,,"0.405","0.379",,,,,,
"1","창원","어르신","출장","79","관리자","3등급","20250228","F","158.3","61.2","34.3","87","91","156","18.9","15.6",,,"8",,,,,,"24.4",,,,,"15",,"120","7.89","32.04","30.9",,,,,,,,,,,,,,,,,,,"18.9"
"2","서구(대전)","성인","일반","26","관리자","참가","20250228","F","166.8","54.1","32",,"71","122","22.7","26.4",,,"11.1",,,,,,"19.4","2",,,,,,,,,"48.8",,,,,,,,"127","36.9",,,"0.342","0.452",,,,,,
"1","서구(대전)","성인","일반","19","관리자","참가","20250228","M","182.2","64.7","14.2",,"86","151","42.4","49.8",,,"11.6",,,,,,"19.5","50","32",,"245",,,,,,"77.0",,"41.2",,,,,,,,,,"0.301",,,,,,,
"3","춘천","성인","일반","24","관리자","참가","20250228","M","184.5","86.9","17.5","97.3","76","148","61.4","57.6",,,"2.1",,,,,,"25.5","55",,"10.35","230",,,,,,"70.7",,,"88","111","134","158","42.8",,,,,,,,,,,,
"4","창원","어르신","출장","77","관리자","1등급","20250228","F","165.8","74.4","33.3","91.4","70","125","26.5","29.9",,,"15.2",,,,,,"27.1",,,,,"30",,"110","6.02","25.45","40.2",,,,,,,,,,,,,,,,,,,"29.9"
"5","천안","성인","일반","25","관리자","3등급","20250228","M","169.6","68.3","26.1",,"89","138","36.7","35.6",,,"10.5",,,,,,"23.7","46",,,,,,,,,"53.7",,,,,,,,"117","45.1",,,"0.302","0.564",,,,,,
"2","창원","어르신","출장","68","관리자","2등급","20250228","F","160.3","65.1","37.5","84","88","136","33.4","28.6",,,"16.4",,,,,,"25.3",,,,,"22",,"113","5.63","23.18","51.3",,,,,,,,,,,,,,,,,,,"33.4"
"2","군산","성인","일반","20","관리자","2등급","20250228","M","170.4","61.7","11.2","65","65","119","34.1","38.5",,,"16.3",,,,,,"21.2","54",,,"218",,,,,,"62.4",,,,,,,,"82","53.0",,,"0.346",,,,,,,
"9","동구(광주)","어르신","일반","68","관리자","참가","20250228","F","148.3","64.6","45.8","92.1","76","137","18.6","19.8",,,"14.5",,,,,,"29.4",,,,,"26",,"122","5.43","23.39","30.7",,,,,,,,,,,,,,,,,,,"19.8"
"1","천안","성인","일반","20","관리자","2등급","20250228","M","180.9","65.7","11.3",,"79","138","45.8","45.8",,,"13.6",,,,,,"20.1","55",,"9.43","254",,,,,,"69.7",,,"106","126","145","170","46.8",,,,,,,,,,,,
"2","진천","성인","일반","22","관리자","참가","20250228","M","182.7","99.4","17.4","84.2","86","151","58.7","60.3",,,"12.7",,,,,,"29.8","24",,,,,,,,,"60.7",,,,,,,,"99","42.6",,,"0.372","0.577",,,,,,
"2","군산","성인","일반","43","관리자","3등급","20250228","M","170.5","76.5","24.5","85","99","158","46.2","47.6",,,"15.1",,,,,,"26.3","37",,,,,,,,,"62.2",,,,,,,,"96","42.1",,,"0.365","0.626",,,,,,
"1","스포원(금정)","성인","일반","21","관리자","참가","20250228","M","165.8","78.8","28.7",,"76","142","44.4","56.4",,,"13.5",,,,,,"28.7","51","38","9.6","220",,,,,,"71.6",,"40.8",,,,,,,,,,,,,,,,,
"1","창원마산회원","성인","일반","53","관리자","1등급","20250228","F","157.3","49.2","25.7","68.5","65","127","26.6","28.8",,,"25.1",,,,,,"19.9","26",,"13.15","150",,,,,,"58.5",,,,,,,,"103","35.1",,,,,,,,,,
"1","계룡","성인","일반","25","관리자","3등급","20250228","F","167.4","60.2","32.6",,"90","125","29.9","33.3",,,"9.5",,,,,,"21.5","34","23",,"163",,,,,,"55.3",,"33.7",,,,,,,,,,"0.365",,,,,,,
"1","태백","성인","일반","25","관리자","2등급","20250228","M","181.8","89.9","14.8","82","66","122","51.5","47.1",,,"19.7",,,,,,"27.2","59","55",,"240",,,,,,"57.3",,"42.5",,,,,,,,,,"0.338",,,,,,,
"1","사천","성인","일반","53","관리자","3등급","20250228","M","174.6","70.6","19.4","88.8","79","154","44.3","39.4",,,"22.1",,,,,,"23.2","30",,,"205",,,,,,"62.7",,,,,,,,"123","37.2",,,"0.339",,,,,,,
"1","사천","성인","일반","44","관리자","2등급","20250228","M","174.4","77","13.8","79","91","148","39.3","53.6",,,"13.5",,,,,,"25.3","45",,,"243",,,,,,"69.6",,,,,,,,"80","44.3",,,"0.310",,,,,,,
"3","순천","성인","일반","19","관리자","참가","20250228","M","175","72.1","18.7","83.5","77","120","44.8","45.6",,,"4",,,,,,"23.5","52",,,,,,,,,"63.2",,,,,,,,"101","48.5",,,"0.324","0.589",,,,,,
"4","태백","어르신","일반","65","관리자","1등급","20250228","M","173","81","32.8","95","90","154","39.9","46",,,"12.4",,,,,,"27.1",,,,,"25",,"128","4.50","20.06","56.8",,,,,,,,,,,,,,,,,,,"46.0"
"1","순천","성인","일반","20","관리자","참가","20250228","M","184.7","67.2","14.6","82","99","156","32.7","44.5",,,"19.5",,,,,,"19.7","39",,,,,,,,,"66.2",,,,,,,,"143","44.0",,,"0.326","0.613",,,,,,
"1","청주","성인","일반","26","관리자","참가","20250228","F","157.6","41.9","32.8","67","68","102","23.2","21.8",,,"-0.5",,,,,,"16.9","26",,,"143",,,,,,"55.4",,,,,,,,"136","37.9",,,"0.309",,,,,,,
"4","순천","성인","일반","22","관리자","2등급","20250228","F","165","58.2","28.8","82.4","94","123","31.1","31.7",,,"16.8",,,,,,"21.4","37",,,,,,,,,"54.5",,,,,,,,"120","37.3",,,"0.416","0.453",,,,,,
"2","세종","성인","일반","44","관리자","3등급","20250228","F","158.7","58.4","31.8","81.2","70","113","27.9","28.7",,,"20",,,,,,"23.2","20",,,"128",,,,,,"49.1",,,,,,,,"133","31.0",,,"0.311",,,,,,,
"5","충주","성인","일반","24","관리자","3등급","20250228","F","170.6","57.2","28.8","72","73","127","26.2","27.4",,,"18",,,,,,"19.7","23",,,"151",,,,,,"47.9",,,,,,,,"119","37.9",,,"0.387",,,,,,,
"2","전주","성인","일반","22","관리자","2등급","20250228","F","167.5","59.4","23.1","76","75","112","24.2","28",,,"15.4",,,,,,"21.2","37",,,,,,,,,"47.1",,,,,,,,"121","37.1",,,"0.335","0.411",,,,,,
"1","연제","성인","일반","28","관리자","참가","20250228","F","157.2","48.4","27.5",,"75","105","22.1","27.5",,,"20.4",,,,,,"19.6","21","14",,,,,,,,"56.8",,"32.5",,,,,,,,,,"0.369","0.494",,,,,,
"1","남구(울산)","어르신","일반","68","관리자","참가","20250228","M","173.3","67.6","20.2","82.2","80","124","34.1","32",,,"-3",,,,,,"22.5",,,,,"22",,"89","4.82","20.28","50.4",,,,,,,,,,,,,,,,,,,"34.1"
"2","창원","어르신","출장","66","관리자","1등급","20250228","F","152.1","46.3","31.8","73","70","112","19.3","20.1",,,"20.5",,,,,,"20.0",,,,,"36",,"147","5.39","18.75","43.4",,,,,,,,,,,,,,,,,,,"20.1"
"1","남구(울산)","어르신","일반","68","관리자","참가","20250228","M","173.1","70.3","29.3","88","93","157","33.6","34.9",,,"-5.9",,,,,,"23.5",,,,,"18",,"78","5.9","22.94","49.6",,,,,,,,,,,,,,,,,,,"34.9"
"4","순천","성인","일반","23","관리자","3등급","20250228","F","155.8","41.3","21.6","68.1","84","141","26","30.8",,,"19.7",,,,,,"17.0","28",,,,,,,,,"74.6",,,,,,,,"137","38.3",,,"0.352","0.403",,,,,,
"1","계룡","성인","일반","23","관리자","참가","20250228","F","169.4","55.2","27.9",,"66","125","24.2","27",,,"12.3",,,,,,"19.2","14",,,,,,,,,"48.9",,,,,,,,"125","37.7",,,"0.377","0.414",,,,,,
"1","KSPO광주","성인","일반","29","관리자","3등급","20250228","M","173.6","53.5","10.6","66.8","78","130","42.9","47.9",,,"14.3",,,,,,"17.8","44",,,,,,,,,"89.5",,,,,,,,"144","43.8",,,"0.310","0.601",,,,,,
"1","익산","성인","일반","59","관리자","참가","20250228","F","158.9","64","33.7","86","63","134","26.8","26.2",,,"3.3",,,,,,"25.3","23",,,"127",,,,,,"41.9",,,,,,,,"123","28.1",,,"0.424",,,,,,,
"3","창원","어르신","출장","68","관리자","1등급","20250228","F","146.9","51.3","26.6","73","75","121","19.1","20.9",,,"30",,,,,,"23.8",,,,,"38",,"142","5.25","19.35","40.7",,,,,,,,,,,,,,,,,,,"20.9"
"1","KSPO아산","성인","일반","29","관리자","참가","20250228","M","173.8","85.4","32.7","93.0","79","132","35.9","43.4",,,"2.3",,,,,,"28.3","22",,,"181",,,,,,"50.8",,,"95","133","159","141","42.7",,,,,"0.397",,,,,,,
"2","KSPO광주","성인","일반","26","관리자","1등급","20250228","F","167.7","54.4","22.5","67.5","69","116","29.3","28.5",,,"21.4",,,,,,"19.3","35",,,,,,,,,"53.9",,,"85","131","164",,"36.6",,,,,"0.328","0.482",,,,,,
"1","순천","성인","일반","19","관리자","3등급","20250228","M","165","59.6","11.4","73.4","81","116","35.8","45.7",,,"10.1",,,,,,"21.9","47",,,,,,,,,"76.7",,,,,,,,"117","48.2",,,"0.309","0.626",,,,,,
"1","진천","청소년","일반","18","관리자","참가","20250228","M","173.3","86.4","24.8","87.5","80","140","44.5","45.1",,"47","18.4","18.78","0.569","46.587","14","47.231","28.8",,,,,,,,,,"52.2",,,"103","141","157",,"41.1",,,,,,,,,,,,
"1","창원","어르신","출장","68","관리자","참가","20250228","F","154.9","62.8","38.8","86","72","113","23.8","27",,,"24",,,,,,"26.2",,,,,"21",,"123","7.11","26.52","43.0",,,,,,,,,,,,,,,,,,,"27.0"
"1","서구(광주)","성인","일반","58","관리자","참가","20250228","F","158.7","52.8","26.9","74","90","140","20.3","17",,,"17.4",,,,,,"21.0","6","12",,,,,,,,"38.4",,"30.1",,,,,,,,,,"0.463","0.403",,,,,,
"1","북구(광주)","성인","일반","22","관리자","3등급","20250228","M","174.3","67.0","11.8","76.9","62","117","41.6","48.1",,,"8.8",,,,,,"22.1","52",,"10.50","213",,,,,,"71.8",,,,,,,,"107","48.0",,,,,,,,,,
"7","경산","성인","일반","28","관리자","2등급","20250228","M","182.9","84.7","12.4","80","86","147","50.4","51.9",,,"23.1",,,,,,"25.3","48","65",,"257",,,,,,"61.3",,"45.3",,,,,,,,,,"0.336",,,,,,,
"8","경산","성인","일반","30","관리자","3등급","20250228","F","170.3","67.5","22.5","65","59","106","31.7","36.5",,,"22.7",,,,,,"23.3","29","16",,"154",,,,,,"54.1",,"30.2",,,,,,,,,,"0.406",,,,,,,
"1","KSPO아산","어르신","일반","71","관리자","3등급","20250228","M","140.8","50.8","33.6","86","75","150","18.3","23.9",,,"8.6",,,,,,"25.6",,,,,"33",,"113","5.38","22.65","47.0",,,,,,,,,,,,,,,,,,,"23.9"
"1","서구(광주)","어르신","일반","68","관리자","참가","20250228","F","152.2","55.6","32.9","87","89","126","18.6","15.6",,,"5.3",,,,,,"24.0",,,,,"19",,"95","4.88","20.19","33.5",,,,,,,,,,,,,,,,,,,"18.6"
"4","KSPO아산","어르신","일반","65","관리자","참가","20250228","M","168.6","78.8","28.5","89","64","154","46.5","42.1",,,"11.2",,,,,,"27.7",,,,,"20",,"86","5.35","22.32","59.0",,,,,,,,,,,,,,,,,,,"46.5"
"3","창원","어르신","출장","72","관리자","3등급","20250228","F","149.9","51.2","36.5","77","75","124","19.3","19.7",,,"15",,,,,,"22.8",,,,,"21",,"120","6.66","29.46","38.5",,,,,,,,,,,,,,,,,,,"19.7"
"1","순천","성인","일반","21","관리자","2등급","20250228","F","168.5","53.7","22.8","73.2","90","138","33","32.8",,,"27.4",,,,,,"18.9","31",,,,,,,,,"61.5",,,,,,,,"140","36.5",,,"0.346","0.477",,,,,,
"4","동구(광주)","성인","일반","23","관리자","1등급","20250228","F","164.2","63.4","27.9","63","90","120","31.5","35.3",,,"27.6",,,,,,"23.5","56","41",,"199",,,,,,"55.7",,"38.7",,,,,,,,,,"0.324",,,,,,,
"2","곡성","성인","일반","23","관리자","3등급","20250228","F","159.5","54.6","35.1","80.2","65","112","22.8","25",,,"28.7",,,,,,"21.5","23",,,"167",,,,,,"45.8",,,,,,,,"116","38.0",,,"0.296",,,,,,,
"1","창원","어르신","출장","82","관리자","참가","20250228","F","143.2","46.7","26.3","85","64","141","12.7","7.8",,,"-10",,,,,,"22.8",,,,,"15",,"105","12.14","41.63","27.2",,,,,,,,,,,,,,,,,,,"12.7"
"2","순천","성인","일반","41","관리자","참가","20250228","M","180","81.8","28.1","95.2","92","144","47.8","54",,,"25.5",,,,,,"25.2","45",,,,,,,,,"66.0",,,,,,,,"130","37.1",,,"0.360","0.613",,,,,,
"3","천안","성인","일반","28","관리자","참가","20250228","F","162.7","57.8","35.6",,"68","127","23.7","25.8",,,"19.8",,,,,,"21.8","19",,,"127",,,,,,"44.6",,,"73","115","141",,"38.1",,,,,"0.333",,,,,,,
"1","천안","성인","일반","31","관리자","참가","20250228","M","176.6","103.9","43",,"76","126","38.2","43.3",,,"-1",,,,,,"33.3","33",,,"187",,,,,,"41.7",,,"116","128","147","169","32.9",,,,,"0.294",,,,,,,
"1","북구(광주)","성인","일반","33","관리자","참가","20250228","M","176.5","94.7","28.2","98.1","91","158","51.7","49",,,"5.9",,,,,,"30.4","44","31",,"234",,,,,,"54.6",,"35.6",,,,,,,,,,"0.399",,,,,,,
"6","순천","성인","일반","54","관리자","3등급","20250228","F","158.2","55.7","33.1","77.7","68","113","23.9","25.6",,,"15.1",,,,,,"22.3","32",,,,,,,,,"46.0",,,,,,,,"100","33.8",,,"0.355","0.366",,,,,,
"1","KSPO대구","성인","일반","24","관리자","참가","20250228","M","178.4","86.2","35.5","97","93","144","40.2","39.7",,,"-16.3",,,,,,"27.1","33",,,"170",,,,,,"46.6",,,,,,,,"184","32.2",,,"0.375",,,,,,,
"4","춘천","성인","일반","23","관리자","3등급","20250228","F","170.4","53.7","23.3","70.6","72","119","27.8","30.6",,,"27.1",,,,,,"18.5","29",,,"152",,,,,,"57.0",,,"90","124","144",,"40.4",,,,,"0.350",,,,,,,
"3","곡성","성인","일반","20","관리자","3등급","20250228","M","177.9","74.1","11.3","80.4","75","147","41.7","39.1",,,"22",,,,,,"23.4","43",,,"271",,,,,,"56.3",,,"85","104","112","145","50.6",,,,,"0.281",,,,,,,
"2","진천","성인","일반","20","관리자","3등급","20250228","M","177.5","66.1","17.3","71","94","147","43","44.9",,,"17.2",,,,,,"21.0","56","51",,,,,,,,"67.9",,"45.5",,,,,,,,,,"0.286","0.637",,,,,,
"1","남구(울산)","성인","일반","64","관리자","1등급","20250228","M","166","67.6","26.7","87.5","80","154","35.2","38.4",,,"14.2",,,,,,"24.5","32",,,"175",,,,,,"56.8",,,,,,,,"107","36.9",,,"0.304",,,,,,,
"6","강릉","성인","출장","38","관리자","참가","20250228","M","178.5","99.5","34.9","117.4","89","129","16","10",,,"10.1",,,,,,"31.2","30","3",,"51",,,,,,"16.1",,"27.9",,,,,,,,,,"1.568",,,,,,,
"1","강릉","성인","출장","29","관리자","참가","20250228","M","167.3","75.6","31.3","94.3","80","120","11.6","9.7",,,"10.8",,,,,,"27.0","15","3",,"70",,,,,,"15.3",,"32.4",,,,,,,,,,"1.342",,,,,,,
"1","진천","성인","일반","25","관리자","3등급","20250228","F","167.6","54.5","28","67.8","96","141","29.6","30",,,"25",,,,,,"19.4","23","19",,"175",,,,,,"55.0",,"33.4",,,,,,,,,,"0.304",,,,,,,
"1","연제","어르신","일반","69","관리자","3등급","20250228","M","170.1","77.3","35.6",,"89","138","31.9","34.7",,,"10.2",,,,,,"26.7",,,,,"25",,"120","5.1","21.8","44.9",,,,,,,,,,,,,,,,,,,"34.7"
"1","삼척","성인","일반","29","관리자","참가","20250228","M","172.6","66.5","24.7",,"76","108","36.6","33.5",,,"9.5",,,,,,"22.3","34","36",,,,,,,,"55.0",,"41.3",,,,,,,,,,"0.320","0.525",,,,,,
"1","강릉","성인","출장","26","관리자","참가","20250228","M","159.9","44.7","15.3","68","82","120","21.7","23.7",,,"-8.7",,,,,,"17.5","19","7",,"132",,,,,,"53.0",,"38.2",,,,,,,,,,"0.357",,,,,,,
"7","강릉","성인","출장","36","관리자","참가","20250228","F","146.8","59","49.0","85.1","83","120","9.2","11.1",,,"2.0",,,,,,"27.4","0","0",,"0",,,,,,"18.8",,"26.0",,,,,,,,,,"1.99",,,,,,,
